g1 2 67 g6 2 114 0.377776 0.165649 1
g1 2 67 g6 2 114 0.37393 0.179165 1
g1 2 67 g6 2 114 0.378273 0.142754 1
g1 2 67 g1 2 67 0.374639 0.119709 1
g1 2 67 g2 2 55 0.372556 0.187077 1
g1 2 67 g1 2 67 0.374375 0.165407 1
g1 2 67 g1 2 67 0.37315 0.119751 1
g1 2 67 g1 2 67 0.374472 0.0927936 1
g1 2 67 g1 2 67 0.375099 0.160444 1
g1 2 67 g1 2 67 0.375308 0.110423 1
g1 2 67 g1 2 67 0.378817 0.124126 1
g1 2 67 g1 2 67 0.404419 0.102819 1
g1 2 67 g1 2 67 0.40946 0.0715699 1
g1 2 67 g1 2 67 0.392487 0.072535 1
g1 2 67 g1 2 67 0.374551 0.0703207 1
g1 2 67 g6 2 114 0.383707 0.170201 1
g1 2 67 g1 2 67 0.387559 0.0909301 1
g1 2 67 g6 2 114 0.395603 0.181142 1
g1 2 67 g6 2 114 0.413882 0.123653 1
g1 2 67 g6 2 114 0.402874 0.173738 1
g1 2 67 g6 2 114 0.398096 0.123339 1
g1 2 67 g6 2 114 0.402997 0.162807 1
g1 2 67 g2 2 55 0.390447 0.17264 1
g1 2 67 g1 2 67 0.386213 0.0788343 1
g1 2 67 g1 2 67 0.374904 0.0808019 1
g1 2 67 g1 2 67 0.383968 0.102556 1
g1 2 67 g1 2 67 0.383881 0.140772 1
g1 2 67 g1 2 67 0.383173 0.257183 1
g1 2 67 g1 2 67 0.380145 0.194554 1
g1 2 67 g1 2 67 0.378005 0.0974457 1
g1 2 67 g1 2 67 0.379738 0.106357 1
g1 2 67 g1 2 67 0.38661 0.173367 1
g1 2 67 g1 2 67 0.373082 0.065267 1
g1 2 67 g1 2 67 0.370521 0.229728 1
g1 2 67 g1 2 67 0.371975 0.231721 1
g1 2 67 g1 2 67 0.372625 0.150397 1
g1 2 67 g1 2 67 0.370554 0.150909 1
g1 2 67 g1 2 67 0.372449 0.136968 1
g1 2 67 g1 2 43 0.475408 0.147507 1
g1 2 67 g1 2 67 0.39253 0.122397 1
g1 2 67 g1 2 67 0.377812 0.142496 1
g1 2 67 g1 2 67 0.383126 0.19736 1
g1 2 67 g1 2 67 0.376872 0.183735 1
g1 2 67 g1 2 67 0.373741 0.182648 1
g1 2 67 g1 2 67 0.376809 0.180654 1
g1 2 67 g1 2 67 0.377747 0.236719 1
g1 2 67 g6 2 114 0.379542 0.20409 1
g1 2 67 g6 2 114 0.376268 0.168533 1
g1 2 67 g6 2 114 0.377705 0.167732 1
g1 2 67 g6 2 114 0.376513 0.124517 1
g1 2 67 g6 2 114 0.377187 0.173786 1
g1 2 67 g2 2 55 0.37756 0.252994 1
g1 2 67 g2 2 55 0.378834 0.163115 1
g1 2 67 g1 2 67 0.376607 0.0701101 1
g1 2 67 g1 2 67 0.381077 0.0599258 1
g1 2 67 g1 2 67 0.377951 0.0683293 1
g1 2 67 g1 2 67 0.37988 0.053183 1
g1 2 67 g1 2 67 0.38448 0.0567535 1
g1 2 67 g1 2 67 0.376482 0.050067 1
g1 2 67 g1 2 67 0.374775 0.0715854 1
g1 2 67 g1 2 67 0.377975 0.093088 1
g2 2 55 g2 2 26 0.319874 0.0833353 1
g2 2 55 g2 2 26 0.318704 0.0889018 1
g2 2 55 g2 2 55 0.319093 0.153641 1
g2 2 55 g2 2 26 0.316984 0.144368 1
g2 2 55 g2 2 26 0.319714 0.133777 1
g2 2 55 g2 2 55 0.317357 0.13957 1
g2 2 55 g2 2 26 0.317709 0.138468 1
g2 2 55 g2 2 26 0.331459 0.0983204 1
g2 2 55 g2 2 26 0.337924 0.154821 1
g2 2 55 g2 2 55 0.329476 0.132205 1
g2 2 55 g2 2 26 0.319102 0.0860466 1
g2 2 55 g2 2 26 0.326985 0.0854829 1
g2 2 55 g2 2 26 0.345357 0.110963 1
g2 2 55 g2 2 26 0.323099 0.109043 1
g2 2 55 g2 2 26 0.318123 0.165638 1
g2 2 55 g2 2 26 0.319958 0.135679 1
g2 2 55 g2 2 55 0.318116 0.264524 1
g2 2 55 g2 2 26 0.315449 0.0751852 1
g2 2 55 g2 2 26 0.312859 0.0865818 1
g2 2 55 g2 2 26 0.314943 0.131124 1
g2 2 55 g2 2 26 0.313948 0.12678 1
g2 2 55 g2 2 26 0.312756 0.1978 1
g2 2 55 g2 2 26 0.31387 0.135493 1
g2 2 55 g2 2 26 0.312683 0.08017 1
g2 2 55 g2 2 55 0.312728 0.163913 1
g2 2 55 g2 2 26 0.31247 0.148426 1
g2 2 55 g2 2 55 0.312542 0.223303 1
g2 2 55 g2 2 26 0.314441 0.146396 1
g2 2 55 g2 2 26 0.314517 0.123618 1
g2 2 55 g2 2 55 0.313158 0.119076 1
g2 2 55 g1 2 67 0.312725 0.216229 1
g2 2 55 g2 2 55 0.312877 0.120414 1
g2 2 55 g1 2 67 0.313732 0.260484 1
g2 2 55 g2 2 55 0.314748 0.107904 1
g2 2 55 g2 2 55 0.31394 0.108881 1
g2 2 55 g2 2 55 0.312786 0.119308 1
g2 2 55 g2 2 55 0.314406 0.0762519 1
g2 2 55 g2 2 55 0.311518 0.082663 1
g2 2 55 g2 2 55 0.315614 0.0774457 1
g2 2 55 g2 2 55 0.313841 0.0689755 1
g2 2 55 g2 2 55 0.315632 0.0581892 1
g2 2 55 g2 2 55 0.314181 0.0614777 1
g2 2 55 g2 2 55 0.313306 0.097755 1
g2 2 55 g2 2 55 0.314419 0.0716068 1
g2 2 55 g2 2 55 0.325856 0.073374 1
g2 2 55 g2 2 55 0.328036 0.136249 1
g2 2 55 g2 2 55 0.315596 0.109505 1
g2 2 55 g2 2 55 0.314407 0.0659705 1
g2 2 55 g2 2 55 0.3152 0.161775 1
g2 2 55 g2 2 55 0.313493 0.0824053 1
g2 2 55 g2 2 55 0.311502 0.0686319 1
g2 2 55 g1 2 67 0.312129 0.218364 1
g2 2 55 g2 2 55 0.31467 0.105332 1
g2 2 55 g2 2 55 0.312199 0.0774041 1
g2 2 55 g1 2 67 0.314273 0.120438 1
g2 2 55 g2 2 55 0.313965 0.0960329 1
g2 2 55 g1 2 67 0.311688 0.191301 1
g2 2 55 g2 2 55 0.314207 0.120964 1
g2 2 55 g2 2 55 0.315544 0.082005 1
g2 2 55 g2 2 55 0.314008 0.108101 1
g2 2 55 g2 2 55 0.313578 0.0860935 1
g2 2 55 g1 2 67 0.313592 0.30769 1
g2 2 55 g2 2 55 0.312236 0.1563 1
g2 2 55 g2 2 26 0.313158 0.130247 1
g2 2 55 g2 2 26 0.313933 0.13386 1
g2 2 55 g2 2 26 0.31351 0.0688099 1
g3 1 100 g3 1 100 0.536399 0.333472 1
g3 1 100 g3 1 100 0.535825 0.205367 1
g3 1 100 g3 1 100 0.53524 0.309966 1
g3 1 100 g3 1 100 0.53294 0.249197 1
g3 1 100 g1 2 67 0.534743 0.436557 0
g3 1 100 g3 1 100 0.540631 0.265316 1
g3 1 100 g3 1 100 0.560528 0.297298 1
g3 1 100 g3 1 100 0.535996 0.312237 1
g3 1 100 g3 1 100 0.533037 0.276985 1
g3 1 100 g4 2 76 0.53269 0.289646 1
g3 1 100 g3 1 100 0.535604 0.321188 0
g3 1 100 g3 1 100 0.535664 0.224875 1
g3 1 100 g3 1 100 0.5367 0.257971 1
g3 1 100 g3 1 100 0.536204 0.254566 1
g3 1 100 g3 1 100 0.532137 0.49949 0
g3 1 100 g3 1 100 0.535911 0.247809 1
g3 1 100 g3 1 100 0.535444 0.214525 1
g3 1 100 g1 2 67 0.533928 0.3733 1
g3 1 100 g3 1 100 0.535047 0.275465 1
g3 1 100 g3 1 100 0.53495 0.234877 1
g3 1 100 g3 1 100 0.532624 0.221968 1
g3 1 100 g3 1 100 0.537219 0.217721 1
g3 1 100 g3 1 100 0.534905 0.276088 1
g3 1 100 g3 1 100 0.534946 0.258107 1
g3 1 100 g3 1 100 0.552827 0.301114 1
g3 1 100 g3 1 100 0.547348 0.25447 1
g3 1 100 g3 1 100 0.532575 0.310024 1
g3 1 100 g3 1 100 0.53396 0.292201 1
g3 1 100 g3 1 100 0.533972 0.277617 1
g3 1 100 g3 1 100 0.534868 0.182684 1
g3 1 100 g3 1 100 0.53471 0.215567 1
g3 1 100 g3 1 100 0.532002 0.259332 1
g3 1 100 g3 1 100 0.532126 0.229659 1
g3 1 100 g3 1 100 0.535555 0.25725 1
g3 1 100 g3 1 100 0.535994 0.242645 1
g3 1 100 g3 1 100 0.534386 0.275075 1
g3 1 100 g3 1 100 0.534288 0.33318 1
g3 1 100 g3 1 100 0.531771 0.246767 1
g3 1 100 g3 1 100 0.533591 0.240371 1
g3 1 100 g3 1 100 0.532455 0.392419 0
g3 1 100 g3 1 100 0.533479 0.779993 0
g3 1 100 g3 1 100 0.53227 0.311063 0
g3 1 100 g3 1 100 0.535249 0.219351 1
g3 1 100 g3 1 100 0.561716 0.184611 1
g3 1 100 g3 1 100 0.539408 0.219822 1
g3 1 100 g3 1 100 0.53456 0.308578 0
g3 1 100 g3 1 100 0.536145 0.331857 0
g3 1 100 g3 1 100 0.534896 0.187893 1
g3 1 100 g3 1 100 0.534562 0.226028 1
g3 1 100 g3 1 100 0.534114 0.352779 0
g3 1 100 g3 1 100 0.534792 0.254399 1
g4 2 76 g4 2 76 0.413176 0.228625 1
g4 2 76 g4 2 76 0.412705 0.0686238 1
g4 2 76 g4 2 76 0.411771 0.157716 1
g4 2 76 g4 2 76 0.411963 0.158188 1
g4 2 76 g4 2 76 0.41406 0.114071 1
g4 2 76 g4 2 76 0.413181 0.138751 1
g4 2 76 g3 1 100 0.413655 0.220394 1
g4 2 76 g4 2 76 0.412721 0.15488 1
g4 2 76 g4 2 76 0.413219 0.139377 1
g4 2 76 g4 2 76 0.413789 0.153272 1
g4 2 76 g4 2 76 0.412888 0.139012 1
g4 2 76 g4 2 76 0.413578 0.113723 1
g4 2 76 g4 2 76 0.412364 0.0752853 1
g4 2 76 g4 2 76 0.415286 0.121669 1
g4 2 76 g4 2 76 0.430844 0.117353 1
g4 2 76 g4 2 76 0.419678 0.0767869 1
g4 2 76 g4 2 76 0.413908 0.0645157 1
g4 2 76 g4 2 76 0.412784 0.143413 1
g4 2 76 g4 2 76 0.414488 0.110537 1
g4 2 76 g4 2 76 0.416841 0.121021 1
g4 2 76 g4 2 76 0.413995 0.085455 1
g4 2 76 g4 2 76 0.412368 0.0992031 1
g4 2 76 g4 2 76 0.411661 0.148738 1
g4 2 76 g4 2 76 0.413279 0.110858 1
g4 2 76 g4 2 76 0.412803 0.0966831 1
g4 2 76 g4 2 76 0.414071 0.0501168 1
g4 2 76 g4 2 76 0.410458 0.0866998 1
g4 2 76 g4 2 76 0.410557 0.103817 1
g4 2 76 g4 2 76 0.412991 0.0957334 1
g4 2 76 g4 2 76 0.412464 0.107222 1
g4 2 76 g4 2 76 0.413873 0.102296 1
g4 2 76 g4 2 76 0.413436 0.107233 1
g4 2 76 g4 2 76 0.413506 0.0829137 1
g4 2 76 g4 2 76 0.413927 0.141992 1
g4 2 76 g4 2 76 0.413226 0.100986 1
g4 2 76 g4 2 76 0.414397 0.17228 1
g4 2 76 g4 2 76 0.412386 0.143942 1
g4 2 76 g4 2 76 0.417161 0.0697044 1
g4 2 76 g4 2 76 0.430581 0.0929186 1
g4 2 76 g4 2 76 0.421547 0.111202 1
g4 2 76 g4 2 76 0.412673 0.0665673 1
g4 2 76 g4 2 76 0.411507 0.101087 1
g5 2 98 g5 2 98 0.526969 0.0922765 1
g5 2 98 g5 2 98 0.524192 0.0812587 1
g5 2 98 g5 2 98 0.52727 0.104909 1
g5 2 98 g5 2 98 0.523863 0.110371 1
g5 2 98 g5 2 98 0.527191 0.158634 1
g5 2 98 g5 2 98 0.526099 0.0952882 1
g5 2 98 g4 2 76 0.526646 0.182717 1
g5 2 98 g5 2 98 0.525696 0.189073 1
g5 2 98 g5 2 98 0.524189 0.202748 1
g5 2 98 g5 2 98 0.524724 0.117562 1
g5 2 98 g5 2 98 0.52603 0.127856 1
g5 2 98 g5 2 98 0.523544 0.106789 1
g5 2 98 g4 2 76 0.52476 0.169544 1
g5 2 98 g4 2 76 0.527023 0.191188 1
g5 2 98 g5 2 98 0.524235 0.160085 1
g5 2 98 g5 2 98 0.531537 0.186125 1
g5 2 98 g5 2 98 0.547069 0.16977 1
g5 2 98 g5 2 98 0.524109 0.164618 1
g5 2 98 g5 2 98 0.524425 0.156849 1
g5 2 98 g5 2 98 0.526402 0.168748 1
g5 2 98 g5 2 98 0.525582 0.131002 1
g5 2 98 g4 2 76 0.524963 0.176012 1
g5 2 98 g4 2 76 0.524926 0.202881 1
g5 2 98 g5 2 98 0.525776 0.151345 1
g5 2 98 g5 2 98 0.525299 0.127853 1
g5 2 98 g5 2 98 0.523898 0.132746 1
g5 2 98 g4 2 76 0.523824 0.143715 1
g5 2 98 g5 2 98 0.524141 0.159028 1
g5 2 98 g5 2 98 0.523925 0.212536 1
g5 2 98 g5 2 98 0.526776 0.152206 1
g5 2 98 g4 2 76 0.524205 0.195818 1
g5 2 98 g5 2 98 0.526733 0.123245 1
g5 2 98 g5 2 98 0.524993 0.127628 1
g5 2 98 g5 2 98 0.527424 0.129904 1
g5 2 98 g5 2 98 0.532261 0.142281 1
g5 2 98 g5 2 98 0.548482 0.100888 1
g5 2 98 g5 2 98 0.52477 0.11696 1
g5 2 98 g5 2 98 0.525479 0.0934363 1
g5 2 98 g5 2 98 0.523618 0.0753445 1
g5 2 98 g5 2 98 0.527702 0.131013 1
g5 2 98 g5 2 98 0.528438 0.120346 1
g5 2 98 g5 2 98 0.528929 0.0873481 1
g5 2 98 g5 2 98 0.52814 0.096931 1
g5 2 98 g5 2 98 0.525677 0.0902899 1
g5 2 98 g5 2 98 0.528129 0.0742904 1
g6 2 114 g6 2 114 0.601202 0.0766849 1
g6 2 114 g6 2 114 0.603951 0.0888266 1
g6 2 114 g6 2 114 0.604597 0.0827937 1
g6 2 114 g6 2 114 0.601474 0.174536 1
g6 2 114 g6 2 114 0.606809 0.06874 1
g6 2 114 g6 2 114 0.604321 0.121035 1
g6 2 114 g6 2 114 0.603345 0.0917447 1
g6 2 114 g6 2 114 0.615373 0.123176 1
g6 2 114 g6 2 114 0.619334 0.0956719 1
g6 2 114 g6 2 114 0.603844 0.0973082 1
g6 2 114 g6 2 114 0.606193 0.153349 1
g6 2 114 g6 2 114 0.604659 0.0817207 1
g6 2 114 g6 2 114 0.605198 0.0819049 1
g6 2 114 g6 2 114 0.602275 0.116696 1
g6 2 114 g6 2 114 0.604683 0.15785 1
g6 2 114 g6 2 114 0.603188 0.0801336 1
g6 2 114 g6 2 114 0.605106 0.0905992 1
g6 2 114 g6 2 114 0.604266 0.086135 1
g6 2 114 g6 2 114 0.604927 0.0813 1
g6 2 114 g6 2 114 0.605247 0.131767 1
g6 2 114 g6 2 114 0.603147 0.0932769 1
g6 2 114 g6 2 114 0.600637 0.142732 1
g6 2 114 g6 2 114 0.607328 0.0951186 1
g6 2 114 g6 2 114 0.605364 0.113121 1
g6 2 114 g6 2 114 0.635547 0.116006 1
g6 2 114 g6 2 114 0.607943 0.232235 1
g6 2 114 g6 2 114 0.602448 0.105968 1
g6 2 114 g6 2 114 0.605128 0.0792454 1
g6 2 114 g6 2 114 0.603619 0.0908334 1
g6 2 114 g6 2 114 0.604683 0.0963968 1
g6 2 114 g6 2 114 0.603888 0.0736585 1
g6 2 114 g6 2 114 0.605755 0.100765 1
g6 2 114 g6 2 114 0.603451 0.348493 1
g6 2 114 g1 2 67 0.605716 0.242323 1
g6 2 114 g6 2 114 0.601856 0.0335258 1
g6 2 114 g6 2 114 0.601424 0.0777891 1
g6 2 114 g6 2 114 0.604252 0.0590721 1
g6 2 114 g6 2 114 0.605745 0.0594265 1
g6 2 114 g6 2 114 0.609344 0.0686025 1
g6 2 114 g6 2 114 0.606411 0.0647279 1
g6 2 114 g6 2 114 0.61859 0.0900726 1
g7 1 87 g7 1 87 0.485701 0.271936 1
g7 1 87 g7 1 87 0.470559 0.241029 1
g7 1 87 g7 1 87 0.470153 0.372529 1
g7 1 87 g7 1 87 0.471104 0.157257 1
g7 1 87 g7 1 87 0.469654 0.27962 1
g7 1 87 g7 1 87 0.469173 0.202149 1
g7 1 87 g7 1 87 0.472015 0.299325 1
g7 1 87 g7 1 87 0.468839 0.125199 1
g7 1 87 g7 1 87 0.471325 0.214439 1
g7 1 87 g7 1 87 0.470122 0.252818 1
g7 1 87 g7 1 87 0.468344 0.212841 1
g7 1 87 g7 1 87 0.469531 0.175435 1
g7 1 87 g7 1 87 0.469011 0.21984 1
g7 1 87 g7 1 87 0.468749 0.192519 1
g7 1 87 g7 1 87 0.469966 0.214835 1
g7 1 87 g7 1 87 0.468779 0.186221 1
g7 1 87 g7 1 87 0.468973 0.158571 1
g7 1 87 g7 1 87 0.470278 0.228814 1
g7 1 87 g7 1 87 0.467293 0.269976 1
g7 1 87 g7 1 87 0.471122 0.157406 1
g7 1 87 g7 1 87 0.47841 0.268676 1
g7 1 87 g7 1 87 0.490717 0.0365687 1
g7 1 87 g1 2 67 0.468803 0.621616 0
g7 1 87 g7 1 87 0.470527 0.233969 1
g7 1 87 g7 1 87 0.466294 0.332748 1
g7 1 87 g7 1 87 0.46979 0.35759 1
g7 1 87 g2 2 55 0.468496 0.468663 0
g7 1 87 g7 1 87 0.469997 0.160062 1
g7 1 87 g2 2 55 0.469623 0.66557 0
g7 1 87 g3 1 100 0.47013 0.626425 0
g7 1 87 g7 1 87 0.469162 0.204657 1
g7 1 87 g7 1 87 0.466951 0.29571 1
g7 1 87 g2 2 55 0.468936 0.425188 0
g7 1 87 g7 1 87 0.467642 0.224321 1
g7 1 87 g7 1 87 0.467776 0.205919 1
g7 1 87 g7 1 87 0.467929 0.307282 1
g7 1 87 g7 1 87 0.470107 0.259077 1
g7 1 87 g7 1 87 0.468858 0.231585 1
g7 1 87 g7 1 87 0.471792 0.305643 1
g7 1 87 g7 1 87 0.471664 0.224961 1
g7 1 87 g7 1 87 0.470383 0.280194 1
g7 1 87 g7 1 87 0.473389 0.183367 1
g7 1 87 g7 1 87 0.490092 0.29471 1
g7 1 87 g7 1 87 0.471253 0.265992 1
g7 1 87 g7 1 87 0.468083 0.343244 1
g7 1 87 g7 1 87 0.468991 0.191815 1
g7 1 87 g7 1 87 0.471242 0.157775 1
g7 1 87 g7 1 87 0.469942 0.259401 1
g7 1 87 g7 1 87 0.467441 0.186844 1
g7 1 87 g7 1 87 0.4695 0.235328 1
g7 1 87 g7 1 87 0.471052 0.303002 1
g7 1 87 g7 1 87 0.469859 0.211201 1
g7 1 87 g7 1 87 0.46826 0.160427 1
g7 1 87 g7 1 87 0.475198 0.258958 1
g7 1 87 g7 1 87 0.46988 0.24849 1
g7 1 87 g7 1 87 0.471115 0.361558 1
g7 1 87 g7 1 87 0.470981 0.227258 1
g7 1 87 g7 1 87 0.469669 0.232498 1
g7 1 87 g7 1 87 0.470614 0.157409 1
g7 1 87 g7 1 87 0.471723 0.209136 1
g7 1 87 g7 1 87 0.470443 0.147863 1
g7 1 87 g7 1 87 0.46881 0.182823 1
g7 1 87 g7 1 87 0.47406 0.166988 1
