g1 2 10 g6 2 16 0.01884 0.157618 1
g1 2 11 g6 2 16 0.019939 0.15844 1
g1 2 11 g6 2 16 0.020328 0.126041 1
g1 2 11 g1 2 11 0.020318 0.20497 1
g1 2 9 g6 2 11 0.018043 0.199406 1
g1 2 7 g1 2 8 0.01751 0.169592 1
g1 2 8 g1 2 9 0.016958 0.167604 1
g1 2 12 g1 2 10 0.021391 0.132292 1
g1 2 10 g1 2 8 0.019383 0.131856 1
g1 2 7 g1 2 8 0.018269 0.144445 1
g1 2 10 g1 2 10 0.019782 0.139959 1
g1 2 9 g1 2 8 0.018453 0.117326 1
g1 2 11 g1 2 12 0.020427 0.0750231 1
g1 2 10 g1 2 12 0.020104 0.0992185 1
g1 2 7 g1 2 8 0.016617 0.105191 1
g1 2 11 g6 2 16 0.019725 0.190121 1
g1 2 8 g1 2 8 0.017598 0.142571 1
g1 2 9 g6 2 17 0.017658 0.182853 1
g1 2 12 g6 2 14 0.021357 0.14243 1
g1 2 11 g6 2 16 0.01987 0.184154 1
g1 2 13 g6 2 14 0.021333 0.161939 1
g1 2 7 g6 2 16 0.01571 0.222073 1
g1 2 16 g2 2 12 0.025829 0.182052 1
g1 2 10 g1 2 12 0.020654 0.0942765 1
g1 2 11 g1 2 11 0.020297 0.0840587 1
g1 2 10 g1 2 11 0.020608 0.162046 1
g1 2 7 g1 2 11 0.018498 0.173088 1
g1 2 13 g1 2 14 0.02367 0.291838 1
g1 2 13 g1 2 13 0.022528 0.213079 1
g1 2 10 g1 2 13 0.020951 0.145387 1
g1 2 10 g1 2 9 0.019619 0.119064 1
g1 2 11 g1 2 11 0.020807 0.181976 1
g1 2 14 g1 2 9 0.024048 0.126911 1
g1 2 8 g1 2 11 0.017279 0.242062 1
g1 2 12 g1 2 11 0.022634 0.310429 0
g1 2 14 g1 2 11 0.024709 0.160977 1
g1 2 10 g1 2 11 0.019977 0.183319 1
g1 2 14 g1 2 11 0.023459 0.157408 1
g1 2 14 g1 2 8 0.025008 0.175185 1
g1 2 17 g1 2 11 0.025295 0.117327 1
g1 2 14 g1 2 14 0.024171 0.163102 1
g1 2 11 g1 2 11 0.023321 0.234287 1
g1 2 15 g1 2 13 0.025835 0.204541 1
g1 2 8 g1 2 11 0.018918 0.190941 1
g1 2 13 g1 2 11 0.022439 0.158493 1
g1 2 13 g1 2 11 0.022138 0.239329 1
g1 2 9 g6 2 19 0.018394 0.184657 1
g1 2 9 g6 2 15 0.018091 0.200904 1
g1 2 13 g6 2 16 0.022003 0.141175 1
g1 2 8 g6 2 15 0.017703 0.157401 1
g1 2 13 g6 2 16 0.021548 0.173629 1
g1 2 12 g6 2 16 0.021041 0.125778 1
g1 2 11 g2 2 9 0.019417 0.178048 1
g1 2 12 g1 2 12 0.020994 0.10554 1
g1 2 11 g1 2 12 0.021535 0.133346 1
g1 2 10 g1 2 12 0.02036 0.0929747 1
g1 2 12 g1 2 12 0.021224 0.0650529 1
g1 2 12 g1 2 12 0.022597 0.067527 1
g1 2 12 g1 2 12 0.021389 0.0672644 1
g1 2 14 g1 2 14 0.023567 0.0641153 1
g1 2 12 g1 2 12 0.021311 0.109873 1
g2 2 12 g2 2 3 0.020238 0.195867 1
g2 2 12 g2 2 3 0.021188 0.198563 1
g2 2 11 g2 2 9 0.02063 0.175519 1
g2 2 6 g2 2 3 0.015167 0.211609 1
g2 2 12 g2 2 3 0.020301 0.219968 1
g2 2 6 g2 2 9 0.015148 0.233942 1
g2 2 6 g2 2 3 0.016452 0.181621 1
g2 2 6 g2 2 3 0.016304 0.171158 1
g2 2 8 g2 2 3 0.019465 0.214172 1
g2 2 9 g2 2 7 0.017727 0.131914 1
g2 2 12 g2 2 3 0.02113 0.199409 1
g2 2 10 g2 2 3 0.019235 0.208318 1
g2 2 8 g2 2 3 0.019458 0.218427 1
g2 2 10 g2 2 3 0.019286 0.225361 1
g2 2 6 g2 2 9 0.017507 0.323906 1
g2 2 8 g2 2 3 0.017234 0.237275 1
g2 2 2 g2 2 11 0.009731 0.440987 0
g2 2 6 g2 2 3 0.016582 0.164525 1
g2 2 10 g2 2 3 0.01916 0.204015 1
g2 2 6 g2 2 9 0.017727 0.386171 1
g2 2 12 g2 2 3 0.02138 0.251326 1
g2 2 12 g2 2 9 0.021533 0.304409 1
g2 2 8 g2 2 3 0.017306 0.214016 1
g2 2 11 g2 2 3 0.021065 0.210273 1
g2 2 8 g2 2 9 0.018533 0.20472 1
g2 2 8 g2 2 3 0.019735 0.210441 1
g2 2 6 g2 2 9 0.015394 0.322291 1
g2 2 12 g2 2 3 0.021117 0.228096 1
g2 2 10 g2 2 3 0.020292 0.249058 1
g2 2 10 g2 2 7 0.018725 0.138287 1
g2 2 9 g1 2 7 0.018869 0.205108 1
g2 2 9 g2 2 9 0.01729 0.141563 1
g2 2 6 g2 2 9 0.015626 0.228545 1
g2 2 8 g2 2 9 0.017602 0.148153 1
g2 2 7 g1 2 6 0.01724 0.20974 1
g2 2 8 g2 2 7 0.017536 0.148152 1
g2 2 8 g2 2 9 0.018593 0.115211 1
g2 2 6 g2 2 5 0.015837 0.140989 1
g2 2 7 g2 2 9 0.017751 0.12078 1
g2 2 4 g2 2 5 0.013912 0.201897 1
g2 2 4 g2 2 5 0.014043 0.187615 1
g2 2 5 g2 2 5 0.015462 0.138559 1
g2 2 4 g1 2 10 0.014198 0.266329 1
g2 2 6 g2 2 5 0.015694 0.142334 1
g2 2 7 g1 2 7 0.016682 0.173413 1
g2 2 5 g2 2 6 0.01504 0.223354 1
g2 2 5 g2 2 5 0.014875 0.164291 1
g2 2 5 g2 2 9 0.015866 0.184949 1
g2 2 8 g2 2 7 0.017519 0.220461 1
g2 2 8 g2 2 9 0.017926 0.117269 1
g2 2 6 g2 2 6 0.016372 0.135468 1
g2 2 7 g1 2 9 0.016673 0.237608 1
g2 2 7 g2 2 9 0.018101 0.176318 1
g2 2 4 g2 2 6 0.014408 0.220279 1
g2 2 8 g1 2 7 0.016894 0.173612 1
g2 2 5 g2 2 5 0.015082 0.108302 1
g2 2 8 g2 2 14 0.017219 0.208825 1
g2 2 7 g2 2 7 0.017244 0.157838 1
g2 2 9 g2 2 7 0.018084 0.126766 1
g2 2 8 g2 2 7 0.017206 0.200453 1
g2 2 7 g2 2 9 0.015492 0.197812 1
g2 2 9 g1 2 7 0.018739 0.300585 1
g2 2 9 g2 2 9 0.018331 0.204858 1
g2 2 10 g2 2 3 0.01923 0.229057 1
g2 2 8 g2 2 3 0.01738 0.203097 1
g2 2 10 g2 2 3 0.018146 0.172054 1
g3 1 15 g1 2 8 0.02835 0.349403 1
g3 1 12 g3 1 9 0.026196 0.186616 1
g3 1 12 g3 1 19 0.024248 0.233544 1
g3 1 13 g3 1 12 0.024972 0.325222 1
g3 1 13 g1 2 8 0.027399 0.350083 1
g3 1 12 g3 1 10 0.025678 0.30305 1
g3 1 14 g3 1 7 0.025487 0.271761 1
g3 1 11 g3 1 11 0.023187 0.239368 1
g3 1 7 g3 1 15 0.023113 0.298378 1
g3 1 12 g3 1 10 0.023774 0.308547 1
g3 1 10 g3 1 15 0.023371 0.302385 1
g3 1 13 g3 1 12 0.025926 0.21809 1
g3 1 12 g3 1 16 0.024191 0.258445 1
g3 1 11 g2 2 8 0.023869 0.335268 1
g3 1 9 g3 1 15 0.022164 0.512484 0
g3 1 9 g3 1 11 0.023015 0.20098 1
g3 1 13 g3 1 13 0.025258 0.218583 1
g3 1 13 g3 1 15 0.026821 0.256783 1
g3 1 8 g3 1 14 0.021869 0.322115 1
g3 1 10 g3 1 14 0.0235 0.255606 1
g3 1 11 g3 1 11 0.025683 0.232375 1
g3 1 11 g3 1 15 0.024585 0.241572 1
g3 1 13 g3 1 18 0.025194 0.236274 1
g3 1 9 g3 1 10 0.022086 0.315032 1
g3 1 16 g3 1 15 0.027355 0.270501 1
g3 1 7 g3 1 11 0.019707 0.377269 0
g3 1 16 g3 1 13 0.027241 0.28131 1
g3 1 11 g3 1 13 0.025279 0.338399 1
g3 1 21 g3 1 14 0.032176 0.217996 1
g3 1 12 g3 1 12 0.025449 0.239711 1
g3 1 19 g3 1 14 0.029597 0.252497 1
g3 1 15 g3 1 11 0.028054 0.309004 1
g3 1 9 g3 1 12 0.023105 0.236332 1
g3 1 14 g3 1 11 0.026385 0.2222 1
g3 1 14 g3 1 10 0.026594 0.273797 1
g3 1 11 g3 1 11 0.023238 0.269697 1
g3 1 12 g3 1 17 0.025488 0.321792 1
g3 1 19 g3 1 20 0.028694 0.271889 1
g3 1 18 g3 1 20 0.02902 0.269061 1
g3 1 11 g3 1 14 0.023273 0.279002 1
g3 1 1 g3 1 11 0.016639 0.831063 0
g3 1 11 g3 1 14 0.022832 0.235385 1
g3 1 8 g3 1 10 0.022766 0.253385 1
g3 1 8 g3 1 9 0.023785 0.21427 1
g3 1 13 g3 1 14 0.025526 0.213998 1
g3 1 10 g3 1 12 0.023126 0.255906 1
g3 1 9 g3 1 12 0.024257 0.317775 0
g3 1 11 g3 1 9 0.024529 0.155777 1
g3 1 8 g3 1 9 0.022493 0.198223 1
g3 1 8 g3 1 11 0.025283 0.272362 1
g3 1 13 g3 1 9 0.026179 0.227991 1
g4 2 14 g4 2 13 0.023942 0.210009 1
g4 2 14 g4 2 16 0.024384 0.0949026 1
g4 2 15 g4 2 15 0.02554 0.183822 1
g4 2 15 g4 2 15 0.024114 0.181097 1
g4 2 17 g4 2 17 0.026801 0.13119 1
g4 2 15 g4 2 17 0.026589 0.169417 1
g4 2 14 g3 1 10 0.027116 0.320777 1
g4 2 15 g4 2 15 0.025343 0.174864 1
g4 2 17 g4 2 16 0.027647 0.148627 1
g4 2 17 g4 2 18 0.027882 0.15641 1
g4 2 17 g4 2 17 0.025988 0.193165 1
g4 2 17 g4 2 17 0.027527 0.141641 1
g4 2 17 g4 2 20 0.027899 0.0858509 1
g4 2 14 g4 2 14 0.023464 0.0906031 1
g4 2 15 g4 2 14 0.024934 0.130079 1
g4 2 13 g4 2 13 0.022423 0.0963054 1
g4 2 12 g4 2 14 0.021247 0.0880235 1
g4 2 16 g4 2 14 0.02466 0.159189 1
g4 2 14 g4 2 13 0.022747 0.104498 1
g4 2 13 g4 2 14 0.022423 0.114171 1
g4 2 14 g4 2 16 0.024289 0.0944011 1
g4 2 13 g4 2 15 0.023098 0.120368 1
g4 2 15 g4 2 16 0.024124 0.166271 1
g4 2 14 g4 2 13 0.022595 0.118371 1
g4 2 16 g4 2 15 0.0254 0.106282 1
g4 2 17 g4 2 15 0.025961 0.0740992 1
g4 2 15 g4 2 14 0.024094 0.0985207 1
g4 2 14 g4 2 14 0.023287 0.113637 1
g4 2 14 g4 2 13 0.023395 0.119813 1
g4 2 17 g4 2 15 0.026389 0.101679 1
g4 2 13 g4 2 13 0.023102 0.0952252 1
g4 2 16 g4 2 14 0.025179 0.089396 1
g4 2 14 g4 2 14 0.023047 0.092592 1
g4 2 13 g4 2 14 0.022476 0.122454 1
g4 2 16 g4 2 15 0.025833 0.0978335 1
g4 2 14 g4 2 15 0.024922 0.178262 1
g4 2 16 g4 2 15 0.02573 0.156801 1
g4 2 15 g4 2 13 0.024544 0.0882746 1
g4 2 16 g4 2 16 0.02571 0.0911929 1
g4 2 18 g4 2 15 0.027899 0.140083 1
g4 2 16 g4 2 16 0.026874 0.0878253 1
g4 2 14 g4 2 13 0.024311 0.121462 1
g5 2 16 g5 2 17 0.026101 0.142089 1
g5 2 15 g5 2 16 0.025528 0.122247 1
g5 2 15 g5 2 17 0.024969 0.142499 1
g5 2 15 g5 2 17 0.025476 0.167402 1
g5 2 14 g5 2 12 0.02153 0.18562 1
g5 2 20 g5 2 17 0.027914 0.122538 1
g5 2 18 g4 2 14 0.02728 0.223883 1
g5 2 18 g5 2 17 0.02819 0.208181 1
g5 2 15 g5 2 17 0.024654 0.220688 1
g5 2 11 g5 2 12 0.020071 0.146965 1
g5 2 14 g5 2 13 0.022532 0.167905 1
g5 2 18 g5 2 16 0.026385 0.152771 1
g5 2 15 g5 2 12 0.023068 0.166366 1
g5 2 14 g5 2 12 0.024352 0.205205 1
g5 2 18 g5 2 17 0.028201 0.184175 1
g5 2 17 g5 2 12 0.027013 0.220021 1
g5 2 14 g4 2 16 0.024197 0.254891 1
g5 2 13 g4 2 14 0.022949 0.215517 1
g5 2 14 g5 2 17 0.022514 0.188599 1
g5 2 15 g4 2 13 0.023708 0.181647 1
g5 2 17 g5 2 17 0.025577 0.198343 1
g5 2 14 g4 2 14 0.024318 0.183937 1
g5 2 16 g4 2 13 0.02763 0.19096 1
g5 2 13 g5 2 13 0.021971 0.18292 1
g5 2 19 g5 2 17 0.027661 0.163435 1
g5 2 18 g5 2 15 0.028938 0.171338 1
g5 2 14 g4 2 13 0.023431 0.157655 1
g5 2 18 g5 2 12 0.028394 0.203876 1
g5 2 17 g4 2 13 0.027473 0.240035 1
g5 2 18 g5 2 13 0.02828 0.168057 1
g5 2 17 g5 2 12 0.02654 0.19417 1
g5 2 12 g5 2 17 0.023474 0.1685 1
g5 2 14 g5 2 13 0.024228 0.170599 1
g5 2 16 g5 2 17 0.025382 0.144141 1
g5 2 18 g5 2 12 0.027874 0.18713 1
g5 2 17 g5 2 16 0.027596 0.126463 1
g5 2 17 g5 2 17 0.027882 0.160532 1
g5 2 19 g5 2 18 0.030732 0.124043 1
g5 2 13 g5 2 16 0.024307 0.107346 1
g5 2 14 g5 2 17 0.024014 0.165503 1
g5 2 16 g5 2 15 0.028864 0.121825 1
g5 2 16 g5 2 18 0.02765 0.123522 1
g5 2 15 g5 2 17 0.027622 0.16021 1
g5 2 18 g5 2 18 0.029338 0.120764 1
g5 2 16 g5 2 15 0.029096 0.0841605 1
g6 2 14 g6 2 17 0.02533 0.0975677 1
g6 2 17 g6 2 17 0.02886 0.114419 1
g6 2 18 g6 2 19 0.025492 0.110195 1
g6 2 18 g6 2 19 0.027776 0.168684 1
g6 2 20 g6 2 19 0.030862 0.107144 1
g6 2 17 g6 2 18 0.028667 0.114053 1
g6 2 20 g6 2 17 0.029606 0.112765 1
g6 2 19 g6 2 19 0.030647 0.118081 1
g6 2 19 g6 2 17 0.030386 0.118662 1
g6 2 22 g6 2 19 0.03433 0.145616 1
g6 2 18 g6 2 20 0.028956 0.159467 1
g6 2 17 g6 2 15 0.028864 0.105735 1
g6 2 16 g6 2 19 0.024698 0.0989274 1
g6 2 22 g6 2 19 0.033064 0.157713 1
g6 2 19 g6 2 21 0.028194 0.176898 1
g6 2 18 g6 2 21 0.02775 0.104892 1
g6 2 20 g6 2 19 0.030134 0.127613 1
g6 2 17 g6 2 19 0.027483 0.12186 1
g6 2 19 g6 2 19 0.028423 0.0992346 1
g6 2 20 g6 2 21 0.034222 0.153155 1
g6 2 16 g6 2 21 0.027177 0.122426 1
g6 2 17 g6 2 19 0.025665 0.146561 1
g6 2 21 g6 2 19 0.031468 0.119473 1
g6 2 22 g6 2 19 0.033736 0.118719 1
g6 2 18 g6 2 19 0.028813 0.136124 1
g6 2 23 g6 2 19 0.03204 0.217852 1
g6 2 17 g6 2 19 0.026029 0.133027 1
g6 2 19 g6 2 19 0.029647 0.12273 1
g6 2 18 g6 2 19 0.028501 0.131905 1
g6 2 22 g6 2 20 0.031593 0.14021 1
g6 2 22 g6 2 24 0.033602 0.0816978 1
g6 2 25 g6 2 24 0.036012 0.101143 1
g6 2 19 g2 2 14 0.028063 0.374036 1
g6 2 21 g1 2 12 0.032395 0.268844 1
g6 2 16 g6 2 16 0.027547 0.0641917 1
g6 2 16 g6 2 16 0.02571 0.0845007 1
g6 2 15 g6 2 15 0.024548 0.0767002 1
g6 2 16 g6 2 15 0.025688 0.0900916 1
g6 2 16 g6 2 17 0.027953 0.106629 1
g6 2 18 g6 2 20 0.0299 0.0734664 1
g6 2 18 g6 2 19 0.028395 0.154698 1
g7 1 9 g7 1 11 0.019916 0.304384 1
g7 1 14 g7 1 10 0.025427 0.229035 1
g7 1 10 g7 1 9 0.018509 0.341197 1
g7 1 10 g3 1 14 0.021314 0.34041 1
g7 1 11 g7 1 10 0.020775 0.323859 1
g7 1 13 g7 1 9 0.024153 0.317199 1
g7 1 9 g7 1 13 0.020672 0.26298 1
g7 1 5 g7 1 5 0.017955 0.183096 1
g7 1 14 g2 2 6 0.026257 0.360891 1
g7 1 12 g3 1 12 0.020188 0.347807 0
g7 1 9 g3 1 11 0.019595 0.435372 0
g7 1 9 g7 1 12 0.017621 0.189414 1
g7 1 9 g7 1 10 0.019469 0.21216 1
g7 1 5 g7 1 12 0.019345 0.204516 1
g7 1 5 g7 1 8 0.017824 0.281458 1
g7 1 10 g2 2 11 0.019343 0.411841 0
g7 1 4 g7 1 5 0.016523 0.169871 1
g7 1 6 g7 1 6 0.01879 0.199525 1
g7 1 12 g7 1 9 0.020774 0.306313 1
g7 1 9 g7 1 12 0.018371 0.178418 1
g7 1 6 g7 1 10 0.016542 0.294599 1
g7 1 3 g7 1 3 0.019793 0.368777 1
g7 1 8 g1 2 8 0.01886 0.487665 0
g7 1 10 g7 1 9 0.019334 0.250689 1
g7 1 10 g3 1 11 0.020676 0.472028 0
g7 1 15 g7 1 10 0.021801 0.296498 1
g7 1 7 g7 1 9 0.018204 0.193529 1
g7 1 8 g7 1 12 0.018941 0.197857 1
g7 1 7 g2 2 5 0.018154 0.438451 0
g7 1 10 g7 1 9 0.019911 0.223354 1
g7 1 13 g7 1 12 0.022098 0.218929 1
g7 1 12 g7 1 8 0.021666 0.421187 1
g7 1 7 g2 2 7 0.019999 0.357503 0
g7 1 11 g7 1 15 0.020455 0.22491 1
g7 1 14 g7 1 13 0.023144 0.225203 1
g7 1 20 g7 1 9 0.027782 0.388399 1
g7 1 14 g7 1 12 0.020059 0.303981 1
g7 1 8 g3 1 16 0.017913 0.348433 1
g7 1 12 g7 1 10 0.021272 0.285747 1
g7 1 10 g7 1 9 0.019472 0.291288 1
g7 1 11 g7 1 14 0.023277 0.250421 1
g7 1 9 g7 1 10 0.021069 0.19748 1
g7 1 11 g7 1 5 0.018475 0.298007 1
g7 1 14 g7 1 12 0.024342 0.226909 1
g7 1 5 g7 1 11 0.021702 0.350675 1
g7 1 10 g7 1 12 0.019528 0.238644 1
g7 1 6 g7 1 5 0.018742 0.169475 1
g7 1 9 g7 1 11 0.020063 0.26007 1
g7 1 6 g7 1 5 0.017985 0.177363 1
g7 1 11 g7 1 12 0.022342 0.209953 1
g7 1 12 g7 1 12 0.022266 0.304149 1
g7 1 1 g7 1 11 0.012586 0.276492 1
g7 1 10 g7 1 9 0.021607 0.18434 1
g7 1 16 g7 1 7 0.030234 0.344621 1
g7 1 14 g7 1 12 0.027891 0.275376 1
g7 1 14 g7 1 7 0.026975 0.374723 0
g7 1 12 g7 1 7 0.026095 0.253233 1
g7 1 1 g7 1 4 0.015416 0.424624 0
g7 1 13 g7 1 15 0.024668 0.182114 1
g7 1 14 g7 1 15 0.02411 0.261663 1
g7 1 15 g7 1 15 0.024988 0.162544 1
g7 1 10 g7 1 9 0.020505 0.235885 1
g7 1 11 g7 1 15 0.022659 0.204432 1
