g1 2 35 g6 2 58 0.114759 0.154562 1
g1 2 35 g6 2 58 0.114468 0.186649 1
g1 2 35 g6 2 57 0.115771 0.147553 1
g1 2 35 g1 2 35 0.116108 0.131549 1
g1 2 35 g2 2 29 0.115964 0.188918 1
g1 2 35 g1 2 35 0.114601 0.170933 1
g1 2 35 g1 2 35 0.114882 0.124054 1
g1 2 35 g1 2 35 0.115188 0.103263 1
g1 2 35 g1 2 35 0.116386 0.137326 1
g1 2 35 g1 2 35 0.114686 0.123234 1
g1 2 35 g1 2 35 0.11594 0.134296 1
g1 2 35 g1 2 35 0.1153 0.111331 1
g1 2 35 g1 2 35 0.118266 0.0736006 1
g1 2 35 g1 2 35 0.115715 0.119453 1
g1 2 35 g1 2 35 0.11494 0.0782439 1
g1 2 35 g6 2 58 0.116056 0.181112 1
g1 2 35 g1 2 35 0.114928 0.0939479 1
g1 2 35 g6 2 58 0.114712 0.188233 1
g1 2 35 g6 2 58 0.115546 0.124931 1
g1 2 35 g6 2 58 0.115641 0.17862 1
g1 2 35 g6 2 58 0.114702 0.128371 1
g1 2 35 g6 2 58 0.114574 0.169305 1
g1 2 35 g2 2 29 0.114832 0.179873 1
g1 2 35 g1 2 35 0.115358 0.0811677 1
g1 2 35 g1 2 35 0.114777 0.0863823 1
g1 2 35 g1 2 35 0.114666 0.111003 1
g1 2 35 g1 2 35 0.11468 0.141798 1
g1 2 35 g1 2 35 0.115414 0.26191 1
g1 2 35 g1 2 35 0.115488 0.196753 1
g1 2 35 g1 2 35 0.114721 0.105347 1
g1 2 35 g1 2 35 0.115233 0.084007 1
g1 2 35 g1 2 35 0.118023 0.178962 1
g1 2 35 g1 2 35 0.115667 0.0673731 1
g1 2 35 g1 2 35 0.114611 0.24163 1
g1 2 35 g1 2 35 0.114538 0.231874 1
g1 2 35 g1 2 35 0.1149 0.158599 1
g1 2 35 g1 2 35 0.114812 0.159319 1
g1 2 35 g1 2 35 0.115946 0.144919 1
g1 2 35 g1 2 23 0.114569 0.152743 1
g1 2 35 g1 2 35 0.114536 0.109868 1
g1 2 35 g1 2 35 0.114651 0.143871 1
g1 2 35 g1 2 35 0.119761 0.202352 1
g1 2 35 g1 2 35 0.120985 0.186803 1
g1 2 35 g1 2 35 0.11997 0.191266 1
g1 2 35 g1 2 35 0.11938 0.192165 1
g1 2 35 g1 2 35 0.121379 0.250756 1
g1 2 35 g6 2 58 0.11877 0.175605 1
g1 2 35 g6 2 58 0.114814 0.201635 1
g1 2 35 g6 2 58 0.114819 0.173163 1
g1 2 35 g6 2 58 0.114863 0.131447 1
g1 2 35 g6 2 57 0.11523 0.180854 1
g1 2 35 g2 2 29 0.115802 0.257088 1
g1 2 35 g2 2 29 0.115668 0.168769 1
g1 2 35 g1 2 35 0.114767 0.0755482 1
g1 2 35 g1 2 35 0.115262 0.0644334 1
g1 2 34 g1 2 34 0.113851 0.0690152 1
g1 2 34 g1 2 34 0.112829 0.0536467 1
g1 2 35 g1 2 34 0.114758 0.0608058 1
g1 2 35 g1 2 35 0.114989 0.0520477 1
g1 2 35 g1 2 35 0.115137 0.0723662 1
g1 2 34 g1 2 34 0.112932 0.0925825 1
g2 2 29 g2 2 14 0.098464 0.0941677 1
g2 2 29 g2 2 14 0.099075 0.10327 1
g2 2 29 g2 2 29 0.099049 0.155629 1
g2 2 28 g2 2 14 0.095427 0.156712 1
g2 2 29 g2 2 14 0.099279 0.146679 1
g2 2 28 g2 2 29 0.095396 0.140017 1
g2 2 28 g2 2 14 0.095603 0.150047 1
g2 2 29 g2 2 14 0.098361 0.118133 1
g2 2 29 g2 2 14 0.098266 0.169177 1
g2 2 29 g2 2 29 0.099662 0.146348 1
g2 2 29 g2 2 14 0.098281 0.102347 1
g2 2 29 g2 2 14 0.098656 0.0972765 1
g2 2 29 g2 2 14 0.099746 0.12546 1
g2 2 29 g2 2 14 0.099015 0.120292 1
g2 2 29 g2 2 14 0.098273 0.178835 1
g2 2 29 g2 2 14 0.099157 0.153612 1
g2 2 29 g2 2 29 0.099093 0.264235 1
g2 2 29 g2 2 14 0.098809 0.0886786 1
g2 2 29 g2 2 14 0.098302 0.102246 1
g2 2 29 g2 2 14 0.099053 0.142283 1
g2 2 29 g2 2 14 0.100536 0.137286 1
g2 2 29 g2 2 14 0.098467 0.21188 1
g2 2 28 g2 2 14 0.09628 0.14867 1
g2 2 29 g2 2 14 0.098162 0.0983325 1
g2 2 29 g2 2 29 0.098461 0.167045 1
g2 2 29 g2 2 14 0.099407 0.163893 1
g2 2 29 g2 2 29 0.098422 0.227201 1
g2 2 29 g2 2 14 0.098156 0.161497 1
g2 2 29 g2 2 14 0.098027 0.141354 1
g2 2 29 g2 2 29 0.099289 0.130732 1
g2 2 29 g2 2 29 0.098832 0.13936 1
g2 2 29 g2 2 29 0.099751 0.140718 1
g2 2 29 g1 2 35 0.100068 0.27341 1
g2 2 29 g2 2 29 0.098637 0.136048 1
g2 2 29 g2 2 29 0.098605 0.118532 1
g2 2 29 g2 2 29 0.098912 0.127426 1
g2 2 29 g2 2 29 0.099241 0.0815786 1
g2 2 29 g2 2 29 0.09862 0.085876 1
g2 2 29 g2 2 29 0.098407 0.0792617 1
g2 2 29 g2 2 29 0.098632 0.0771016 1
g2 2 29 g2 2 29 0.099446 0.0620643 1
g2 2 29 g2 2 29 0.098542 0.0679128 1
g2 2 29 g2 2 29 0.099372 0.110074 1
g2 2 29 g2 2 29 0.099523 0.0812109 1
g2 2 29 g2 2 29 0.098738 0.0826925 1
g2 2 29 g2 2 29 0.098076 0.152186 1
g2 2 29 g2 2 29 0.098661 0.127902 1
g2 2 29 g2 2 29 0.09924 0.0794917 1
g2 2 29 g2 2 29 0.099573 0.170501 1
g2 2 29 g2 2 29 0.098331 0.0957084 1
g2 2 29 g2 2 29 0.099585 0.0742549 1
g2 2 29 g1 2 35 0.098311 0.226185 1
g2 2 29 g2 2 29 0.099415 0.121573 1
g2 2 29 g2 2 29 0.100183 0.0904946 1
g2 2 29 g1 2 35 0.098694 0.127398 1
g2 2 29 g2 2 29 0.098529 0.101157 1
g2 2 29 g1 2 35 0.098174 0.198064 1
g2 2 29 g2 2 29 0.098461 0.136785 1
g2 2 29 g2 2 29 0.099371 0.0914669 1
g2 2 29 g2 2 29 0.098491 0.115392 1
g2 2 29 g2 2 29 0.099132 0.0883157 1
g2 2 29 g1 2 35 0.098605 0.323346 1
g2 2 29 g2 2 29 0.098374 0.162313 1
g2 2 29 g2 2 14 0.100083 0.143001 1
g2 2 28 g2 2 14 0.096665 0.146775 1
g2 2 29 g2 2 14 0.098901 0.0826217 1
g3 1 51 g3 1 51 0.159366 0.337015 1
g3 1 51 g3 1 51 0.160167 0.209523 1
g3 1 51 g3 1 51 0.160041 0.316445 1
g3 1 51 g3 1 51 0.159192 0.252957 1
g3 1 51 g1 2 35 0.16191 0.453066 0
g3 1 51 g3 1 51 0.159637 0.277251 1
g3 1 51 g3 1 51 0.159907 0.27933 1
g3 1 51 g3 1 51 0.166363 0.316527 1
g3 1 51 g3 1 51 0.166485 0.284563 1
g3 1 51 g4 2 39 0.168627 0.301148 1
g3 1 51 g3 1 51 0.168111 0.325155 0
g3 1 51 g3 1 51 0.160834 0.225739 1
g3 1 51 g3 1 51 0.160443 0.264142 1
g3 1 51 g3 1 51 0.160841 0.232372 1
g3 1 51 g3 1 51 0.158956 0.505543 0
g3 1 51 g3 1 51 0.160937 0.256894 1
g3 1 51 g3 1 51 0.159408 0.218643 1
g3 1 51 g3 1 51 0.161257 0.275642 1
g3 1 51 g3 1 51 0.160692 0.294497 1
g3 1 51 g3 1 51 0.15961 0.24357 1
g3 1 51 g3 1 51 0.158406 0.232029 1
g3 1 51 g3 1 51 0.161161 0.224559 1
g3 1 51 g3 1 51 0.159321 0.284057 1
g3 1 51 g3 1 51 0.1608 0.263179 1
g3 1 51 g3 1 51 0.160419 0.30327 1
g3 1 51 g3 1 51 0.158827 0.257757 1
g3 1 51 g3 1 51 0.15862 0.322038 1
g3 1 51 g3 1 51 0.159357 0.299452 1
g3 1 51 g1 2 35 0.161328 0.41651 0
g3 1 51 g3 1 51 0.160492 0.186776 1
g3 1 51 g3 1 51 0.160314 0.222996 1
g3 1 51 g3 1 51 0.159996 0.264793 1
g3 1 51 g3 1 51 0.159463 0.233395 1
g3 1 51 g3 1 51 0.159794 0.263587 1
g3 1 51 g3 1 51 0.161859 0.252408 1
g3 1 51 g3 1 51 0.160399 0.286704 1
g3 1 51 g3 1 51 0.160262 0.340172 1
g3 1 51 g3 1 51 0.159227 0.255655 1
g3 1 51 g3 1 51 0.160803 0.251908 1
g3 1 51 g3 1 51 0.158273 0.410299 0
g3 1 51 g3 1 51 0.158883 0.788825 0
g3 1 51 g3 1 51 0.15938 0.320991 0
g3 1 51 g3 1 51 0.159877 0.225175 1
g3 1 51 g3 1 51 0.159205 0.1904 1
g3 1 51 g3 1 51 0.159113 0.225069 1
g3 1 51 g3 1 51 0.158493 0.312065 0
g3 1 51 g3 1 51 0.15811 0.338496 0
g3 1 51 g3 1 51 0.160183 0.192284 1
g3 1 51 g3 1 51 0.160781 0.236146 1
g3 1 51 g3 1 51 0.159004 0.365802 0
g3 1 51 g3 1 51 0.158912 0.262333 1
g4 2 39 g4 2 39 0.125177 0.239463 1
g4 2 39 g4 2 39 0.125057 0.0786235 1
g4 2 39 g4 2 39 0.125185 0.163357 1
g4 2 39 g4 2 39 0.125769 0.163296 1
g4 2 39 g4 2 39 0.126624 0.121116 1
g4 2 39 g4 2 39 0.126041 0.147414 1
g4 2 39 g3 1 51 0.125221 0.225558 1
g4 2 39 g4 2 39 0.12555 0.164511 1
g4 2 39 g4 2 39 0.125806 0.149964 1
g4 2 39 g4 2 39 0.126461 0.158183 1
g4 2 39 g4 2 39 0.124889 0.147676 1
g4 2 39 g4 2 39 0.125877 0.121695 1
g4 2 39 g4 2 39 0.126803 0.0869431 1
g4 2 39 g4 2 39 0.125535 0.121284 1
g4 2 39 g4 2 39 0.124512 0.122474 1
g4 2 39 g4 2 39 0.128605 0.0839564 1
g4 2 39 g4 2 39 0.125228 0.0709159 1
g4 2 39 g4 2 39 0.125025 0.153812 1
g4 2 39 g4 2 39 0.124847 0.113894 1
g4 2 39 g4 2 39 0.12512 0.108452 1
g4 2 39 g4 2 39 0.126542 0.0911317 1
g4 2 39 g4 2 39 0.125885 0.103854 1
g4 2 39 g4 2 39 0.125994 0.156637 1
g4 2 39 g4 2 39 0.127803 0.115873 1
g4 2 39 g4 2 39 0.130492 0.104811 1
g4 2 39 g4 2 39 0.132154 0.0568222 1
g4 2 39 g4 2 39 0.132716 0.090766 1
g4 2 39 g4 2 39 0.129931 0.112244 1
g4 2 39 g4 2 39 0.129874 0.0999597 1
g4 2 39 g4 2 39 0.126485 0.114986 1
g4 2 39 g4 2 39 0.124737 0.107516 1
g4 2 39 g4 2 39 0.125132 0.111806 1
g4 2 39 g4 2 39 0.125533 0.0883592 1
g4 2 39 g4 2 39 0.126327 0.148704 1
g4 2 39 g4 2 39 0.12532 0.106138 1
g4 2 39 g4 2 39 0.125679 0.186052 1
g4 2 39 g4 2 39 0.126707 0.156274 1
g4 2 39 g4 2 39 0.126379 0.0747583 1
g4 2 39 g4 2 39 0.125268 0.103569 1
g4 2 39 g4 2 39 0.125939 0.117205 1
g4 2 39 g4 2 39 0.125743 0.0725424 1
g4 2 39 g4 2 39 0.126926 0.10706 1
g5 2 50 g5 2 50 0.156905 0.098726 1
g5 2 50 g5 2 50 0.157123 0.0845721 1
g5 2 50 g5 2 50 0.158377 0.111577 1
g5 2 50 g5 2 50 0.156675 0.118428 1
g5 2 50 g5 2 50 0.15658 0.165411 1
g5 2 50 g5 2 50 0.156483 0.102926 1
g5 2 50 g4 2 39 0.156691 0.186622 1
g5 2 50 g5 2 50 0.15677 0.200033 1
g5 2 50 g5 2 50 0.156644 0.206326 1
g5 2 50 g5 2 50 0.156387 0.123196 1
g5 2 50 g5 2 50 0.156387 0.131395 1
g5 2 50 g5 2 50 0.15569 0.111949 1
g5 2 50 g4 2 39 0.15819 0.175389 1
g5 2 50 g4 2 39 0.155818 0.1985 1
g5 2 50 g5 2 50 0.158156 0.165008 1
g5 2 50 g5 2 50 0.156207 0.191576 1
g5 2 50 g5 2 50 0.156488 0.17898 1
g5 2 50 g5 2 50 0.155996 0.17002 1
g5 2 50 g5 2 50 0.156575 0.162497 1
g5 2 50 g5 2 50 0.155435 0.173564 1
g5 2 50 g5 2 50 0.157093 0.139466 1
g5 2 50 g4 2 39 0.156326 0.181276 1
g5 2 50 g4 2 39 0.15555 0.210363 1
g5 2 50 g5 2 50 0.155952 0.158742 1
g5 2 50 g5 2 50 0.157052 0.135621 1
g5 2 50 g5 2 50 0.155829 0.138467 1
g5 2 50 g4 2 39 0.157764 0.147523 1
g5 2 50 g5 2 50 0.157603 0.162901 1
g5 2 50 g5 2 50 0.155727 0.223192 1
g5 2 50 g5 2 50 0.156484 0.158643 1
g5 2 50 g4 2 39 0.156553 0.200169 1
g5 2 50 g5 2 50 0.156251 0.130124 1
g5 2 50 g5 2 50 0.155961 0.131721 1
g5 2 50 g5 2 50 0.157402 0.145228 1
g5 2 50 g5 2 50 0.156798 0.151576 1
g5 2 50 g5 2 50 0.156481 0.108321 1
g5 2 50 g5 2 50 0.156246 0.125131 1
g5 2 50 g5 2 50 0.157638 0.0973862 1
g5 2 50 g5 2 50 0.15623 0.0813784 1
g5 2 50 g5 2 50 0.159256 0.12993 1
g5 2 50 g5 2 50 0.160567 0.129927 1
g5 2 50 g5 2 50 0.159405 0.100463 1
g5 2 50 g5 2 50 0.15838 0.10401 1
g5 2 50 g5 2 50 0.157318 0.102461 1
g5 2 50 g5 2 50 0.158771 0.080095 1
g6 2 58 g6 2 58 0.176553 0.081015 1
g6 2 58 g6 2 58 0.178356 0.091493 1
g6 2 58 g6 2 58 0.177874 0.0873669 1
g6 2 58 g6 2 58 0.18257 0.177921 1
g6 2 58 g6 2 58 0.184888 0.0713419 1
g6 2 58 g6 2 58 0.184596 0.123842 1
g6 2 58 g6 2 58 0.183941 0.0932224 1
g6 2 58 g6 2 58 0.178131 0.126899 1
g6 2 58 g6 2 58 0.179273 0.0968742 1
g6 2 58 g6 2 58 0.178765 0.0981069 1
g6 2 58 g6 2 58 0.178644 0.156384 1
g6 2 58 g6 2 58 0.17927 0.0864461 1
g6 2 58 g6 2 58 0.180492 0.0845576 1
g6 2 58 g6 2 58 0.176764 0.119271 1
g6 2 58 g6 2 58 0.176881 0.160124 1
g6 2 58 g6 2 58 0.177506 0.0813914 1
g6 2 58 g6 2 58 0.178797 0.0928225 1
g6 2 58 g6 2 58 0.176132 0.087839 1
g6 2 58 g6 2 58 0.18015 0.0847472 1
g6 2 58 g6 2 58 0.177789 0.133252 1
g6 2 58 g6 2 58 0.177386 0.0952842 1
g6 2 56 g6 2 58 0.171918 0.145038 1
g6 2 58 g6 2 58 0.177061 0.0982401 1
g6 2 58 g6 2 58 0.178824 0.115274 1
g6 2 58 g6 2 58 0.177189 0.119102 1
g6 2 58 g6 2 58 0.176734 0.242476 1
g6 2 58 g6 2 58 0.17666 0.109135 1
g6 2 58 g6 2 58 0.177028 0.0825506 1
g6 2 58 g6 2 58 0.176586 0.0929178 1
g6 2 58 g6 2 58 0.180449 0.0983585 1
g6 2 58 g6 2 58 0.177528 0.0767656 1
g6 2 58 g6 2 58 0.177435 0.103587 1
g6 2 58 g6 2 58 0.177734 0.351517 1
g6 2 58 g1 2 35 0.177409 0.248055 1
g6 2 58 g6 2 58 0.176302 0.0349009 1
g6 2 58 g6 2 58 0.178415 0.0796074 1
g6 2 58 g6 2 58 0.177201 0.064261 1
g6 2 58 g6 2 58 0.176354 0.063624 1
g6 2 58 g6 2 58 0.177146 0.0707067 1
g6 2 58 g6 2 58 0.177333 0.0703382 1
g6 2 58 g6 2 58 0.178269 0.0942823 1
g7 1 45 g7 1 45 0.143234 0.285798 1
g7 1 45 g7 1 45 0.142561 0.252107 1
g7 1 45 g7 1 45 0.142504 0.319862 1
g7 1 45 g7 1 45 0.142334 0.163457 1
g7 1 45 g7 1 45 0.141935 0.28892 1
g7 1 45 g7 1 45 0.142946 0.272135 1
g7 1 45 g7 1 45 0.143188 0.303624 1
g7 1 45 g7 1 45 0.142956 0.129081 1
g7 1 45 g7 1 45 0.140878 0.221497 1
g7 1 45 g7 1 45 0.142648 0.258277 1
g7 1 45 g7 1 45 0.141095 0.220689 1
g7 1 45 g7 1 45 0.141688 0.183882 1
g7 1 45 g7 1 45 0.141569 0.227524 1
g7 1 45 g7 1 45 0.14302 0.204263 1
g7 1 45 g7 1 45 0.141339 0.216012 1
g7 1 45 g7 1 45 0.141188 0.189379 1
g7 1 45 g7 1 45 0.140948 0.165132 1
g7 1 45 g7 1 45 0.142043 0.235574 1
g7 1 45 g7 1 45 0.140886 0.275708 1
g7 1 45 g7 1 45 0.140826 0.164322 1
g7 1 45 g7 1 45 0.143192 0.27736 1
g7 1 45 g7 1 45 0.142607 0.0391713 1
g7 1 45 g7 1 45 0.145184 0.246785 1
g7 1 45 g7 1 45 0.145758 0.236986 1
g7 1 45 g7 1 45 0.151137 0.338388 1
g7 1 45 g7 1 45 0.145924 0.373225 0
g7 1 45 g2 2 29 0.148051 0.48698 0
g7 1 45 g7 1 45 0.143305 0.168666 1
g7 1 45 g2 2 29 0.144578 0.695108 0
g7 1 45 g3 1 51 0.141667 0.642648 0
g7 1 45 g7 1 45 0.140522 0.202057 1
g7 1 45 g7 1 45 0.141425 0.307211 1
g7 1 45 g2 2 29 0.142764 0.452553 0
g7 1 45 g7 1 45 0.14145 0.228834 1
g7 1 45 g7 1 45 0.142204 0.20995 1
g7 1 45 g7 1 45 0.142378 0.316917 1
g7 1 45 g7 1 45 0.141779 0.369515 0
g7 1 45 g7 1 45 0.14137 0.245889 1
g7 1 45 g7 1 45 0.141669 0.32849 1
g7 1 45 g7 1 45 0.142242 0.227771 1
g7 1 45 g7 1 45 0.142594 0.288924 1
g7 1 45 g7 1 45 0.142996 0.196598 1
g7 1 45 g7 1 45 0.141362 0.300215 1
g7 1 45 g7 1 45 0.143033 0.190869 1
g7 1 43 g7 1 45 0.137026 0.353094 1
g7 1 45 g3 1 51 0.141623 0.514168 0
g7 1 45 g7 1 45 0.141856 0.161794 1
g7 1 45 g7 1 45 0.141892 0.269005 1
g7 1 45 g7 1 45 0.143031 0.224352 1
g7 1 45 g7 1 45 0.142638 0.244374 1
g7 1 45 g7 1 45 0.141625 0.313463 1
g7 1 45 g7 1 45 0.141737 0.220473 1
g7 1 45 g7 1 45 0.141828 0.16815 1
g7 1 45 g7 1 45 0.143856 0.270537 1
g7 1 45 g7 1 45 0.142526 0.254613 1
g7 1 45 g7 1 45 0.144719 0.379481 1
g7 1 45 g7 1 45 0.143536 0.234064 1
g7 1 37 g7 1 45 0.131987 0.244404 1
g7 1 45 g7 1 45 0.143039 0.166812 1
g7 1 45 g7 1 45 0.142972 0.223205 1
g7 1 45 g7 1 45 0.142739 0.163087 1
g7 1 45 g7 1 45 0.141871 0.189568 1
g7 1 45 g7 1 45 0.143185 0.172752 1
