g1 2 67 g6 2 114 0.389286 0.164164 1
g1 2 67 g6 2 114 0.380831 0.176327 1
g1 2 67 g6 2 114 0.369577 0.142011 1
g1 2 67 g1 2 67 0.372677 0.116376 1
g1 2 67 g2 2 55 0.375278 0.182336 1
g1 2 67 g1 2 67 0.370042 0.164842 1
g1 2 67 g1 2 67 0.36875 0.118265 1
g1 2 67 g1 2 67 0.370285 0.0945181 1
g1 2 67 g1 2 67 0.368667 0.158052 1
g1 2 67 g1 2 67 0.370988 0.108314 1
g1 2 67 g1 2 67 0.368268 0.120543 1
g1 2 67 g1 2 67 0.368822 0.0996823 1
g1 2 67 g1 2 67 0.369821 0.0696898 1
g1 2 67 g1 2 67 0.367951 0.115701 1
g1 2 67 g1 2 67 0.370738 0.0694191 1
g1 2 67 g6 2 114 0.372117 0.169602 1
g1 2 67 g1 2 67 0.369761 0.0845607 1
g1 2 67 g6 2 114 0.370821 0.180586 1
g1 2 67 g6 2 114 0.369791 0.119162 1
g1 2 67 g6 2 114 0.36841 0.169376 1
g1 2 67 g6 2 114 0.370764 0.11794 1
g1 2 67 g6 2 114 0.36938 0.16192 1
g1 2 67 g2 2 55 0.370348 0.170199 1
g1 2 67 g1 2 67 0.369663 0.0717618 1
g1 2 67 g1 2 67 0.368704 0.0768239 1
g1 2 67 g1 2 67 0.369379 0.0997192 1
g1 2 67 g1 2 67 0.374408 0.137014 1
g1 2 67 g1 2 67 0.385438 0.255717 1
g1 2 67 g1 2 67 0.376988 0.191714 1
g1 2 67 g1 2 67 0.370449 0.0957692 1
g1 2 67 g1 2 67 0.370927 0.0762007 1
g1 2 67 g1 2 67 0.368829 0.171749 1
g1 2 67 g1 2 67 0.369224 0.055792 1
g1 2 67 g1 2 67 0.370172 0.229157 1
g1 2 67 g1 2 67 0.368585 0.227938 1
g1 2 67 g1 2 67 0.369085 0.146826 1
g1 2 67 g1 2 67 0.37059 0.149186 1
g1 2 67 g1 2 67 0.36788 0.135273 1
g1 2 67 g1 2 43 0.369895 0.145315 1
g1 2 67 g1 2 67 0.370311 0.118823 1
g1 2 67 g1 2 67 0.368755 0.140326 1
g1 2 67 g1 2 67 0.369904 0.196247 1
g1 2 67 g1 2 67 0.369101 0.178948 1
g1 2 67 g1 2 67 0.368878 0.179308 1
g1 2 67 g1 2 67 0.371135 0.180098 1
g1 2 67 g1 2 67 0.370112 0.23579 1
g1 2 67 g6 2 114 0.368426 0.20301 1
g1 2 67 g6 2 114 0.370415 0.167912 1
g1 2 67 g6 2 114 0.369134 0.164338 1
g1 2 67 g6 2 114 0.369293 0.123326 1
g1 2 67 g6 2 114 0.370333 0.172523 1
g1 2 67 g2 2 55 0.368961 0.249388 1
g1 2 67 g2 2 55 0.371587 0.156924 1
g1 2 67 g1 2 67 0.375285 0.0636029 1
g1 2 67 g1 2 67 0.38514 0.0551023 1
g1 2 67 g1 2 67 0.378458 0.0653329 1
g1 2 67 g1 2 67 0.374658 0.0499485 1
g1 2 67 g1 2 67 0.369938 0.0555185 1
g1 2 67 g1 2 67 0.369958 0.0468523 1
g1 2 67 g1 2 67 0.369544 0.0539695 1
g1 2 67 g1 2 67 0.372606 0.0900809 1
g2 2 55 g2 2 26 0.30986 0.0771056 1
g2 2 55 g2 2 26 0.312084 0.0859253 1
g2 2 55 g2 2 55 0.310788 0.153562 1
g2 2 55 g2 2 26 0.311413 0.14128 1
g2 2 55 g2 2 26 0.312632 0.131241 1
g2 2 55 g2 2 55 0.315911 0.134142 1
g2 2 55 g2 2 26 0.313135 0.127638 1
g2 2 55 g2 2 26 0.311319 0.0985214 1
g2 2 55 g2 2 26 0.311469 0.151281 1
g2 2 55 g2 2 55 0.3132 0.132246 1
g2 2 55 g2 2 26 0.311835 0.0813107 1
g2 2 55 g2 2 26 0.311948 0.0813018 1
g2 2 55 g2 2 26 0.311861 0.107947 1
g2 2 55 g2 2 26 0.310663 0.10576 1
g2 2 55 g2 2 26 0.311063 0.165077 1
g2 2 55 g2 2 26 0.31236 0.137562 1
g2 2 55 g2 2 55 0.312363 0.258218 1
g2 2 55 g2 2 26 0.311879 0.0692732 1
g2 2 55 g2 2 26 0.312621 0.0838279 1
g2 2 55 g2 2 26 0.312032 0.124536 1
g2 2 55 g2 2 26 0.311752 0.123231 1
g2 2 55 g2 2 26 0.311127 0.196278 1
g2 2 55 g2 2 26 0.312661 0.138405 1
g2 2 55 g2 2 26 0.320304 0.0762851 1
g2 2 55 g2 2 55 0.32689 0.160588 1
g2 2 55 g2 2 26 0.315739 0.144926 1
g2 2 55 g2 2 55 0.309584 0.215008 1
g2 2 55 g2 2 26 0.312355 0.143342 1
g2 2 55 g2 2 26 0.313595 0.122494 1
g2 2 55 g2 2 55 0.311428 0.118834 1
g2 2 55 g1 2 67 0.313022 0.21951 1
g2 2 55 g2 2 55 0.312556 0.120054 1
g2 2 55 g1 2 67 0.311982 0.258246 1
g2 2 55 g2 2 55 0.31209 0.127628 1
g2 2 55 g2 2 55 0.312149 0.104089 1
g2 2 55 g2 2 55 0.310683 0.118859 1
g2 2 55 g2 2 55 0.312419 0.0737336 1
g2 2 55 g2 2 55 0.312477 0.0768383 1
g2 2 55 g2 2 55 0.312817 0.0739639 1
g2 2 55 g2 2 55 0.311726 0.0626457 1
g2 2 55 g2 2 55 0.311759 0.0569438 1
g2 2 55 g2 2 55 0.313528 0.0560341 1
g2 2 55 g2 2 55 0.310391 0.0935793 1
g2 2 55 g2 2 55 0.312412 0.0683617 1
g2 2 55 g2 2 55 0.312201 0.0757507 1
g2 2 55 g2 2 55 0.309887 0.139953 1
g2 2 55 g2 2 55 0.312042 0.115818 1
g2 2 55 g2 2 55 0.312623 0.0618968 1
g2 2 55 g2 2 55 0.313004 0.160844 1
g2 2 55 g2 2 55 0.310566 0.0804385 1
g2 2 55 g2 2 55 0.312486 0.0656425 1
g2 2 55 g1 2 67 0.311055 0.217187 1
g2 2 55 g2 2 55 0.310817 0.101 1
g2 2 55 g2 2 55 0.312069 0.0729188 1
g2 2 55 g1 2 67 0.311849 0.116872 1
g2 2 55 g2 2 55 0.324182 0.0914137 1
g2 2 55 g1 2 67 0.32714 0.189405 1
g2 2 55 g2 2 55 0.315583 0.119352 1
g2 2 55 g2 2 55 0.311421 0.107687 1
g2 2 55 g2 2 55 0.312668 0.107909 1
g2 2 55 g2 2 55 0.313607 0.0789184 1
g2 2 55 g1 2 67 0.310948 0.307539 1
g2 2 55 g2 2 55 0.311591 0.154942 1
g2 2 55 g2 2 26 0.311753 0.126829 1
g2 2 55 g2 2 26 0.31185 0.126672 1
g2 2 55 g2 2 26 0.309965 0.0653386 1
g3 1 100 g3 1 100 0.534907 0.333235 1
g3 1 100 g3 1 100 0.531473 0.203364 1
g3 1 100 g3 1 100 0.534304 0.309611 1
g3 1 100 g3 1 100 0.53163 0.247653 1
g3 1 100 g1 2 67 0.535151 0.436314 0
g3 1 100 g3 1 100 0.53294 0.265168 1
g3 1 100 g3 1 100 0.533732 0.298274 1
g3 1 100 g3 1 100 0.534878 0.307366 1
g3 1 100 g3 1 100 0.532782 0.27699 1
g3 1 100 g4 2 76 0.530565 0.289199 1
g3 1 100 g3 1 100 0.535328 0.319814 0
g3 1 100 g3 1 100 0.534768 0.225274 1
g3 1 100 g3 1 100 0.552751 0.257637 1
g3 1 100 g3 1 100 0.548181 0.254144 1
g3 1 100 g3 1 100 0.53039 0.498938 0
g3 1 100 g3 1 100 0.534769 0.247394 1
g3 1 100 g3 1 100 0.533383 0.213694 1
g3 1 100 g1 2 67 0.536946 0.37323 1
g3 1 100 g3 1 100 0.532702 0.274675 1
g3 1 100 g3 1 100 0.533436 0.234526 1
g3 1 100 g3 1 100 0.534642 0.221837 1
g3 1 100 g3 1 100 0.534585 0.217578 1
g3 1 100 g3 1 100 0.531093 0.27549 1
g3 1 100 g3 1 100 0.533447 0.257077 1
g3 1 100 g3 1 100 0.533089 0.299477 1
g3 1 100 g3 1 100 0.531998 0.252918 1
g3 1 100 g3 1 100 0.532854 0.309967 1
g3 1 100 g3 1 100 0.53247 0.291575 1
g3 1 100 g3 1 100 0.535997 0.277403 1
g3 1 100 g3 1 100 0.53223 0.180833 1
g3 1 100 g3 1 100 0.536338 0.215364 1
g3 1 100 g3 1 100 0.553675 0.25878 1
g3 1 100 g3 1 100 0.537586 0.229357 1
g3 1 100 g3 1 100 0.533702 0.255356 1
g3 1 100 g3 1 100 0.536365 0.242453 1
g3 1 100 g3 1 100 0.535109 0.274868 1
g3 1 100 g3 1 100 0.535488 0.332119 1
g3 1 100 g3 1 100 0.531302 0.247243 1
g3 1 100 g3 1 100 0.534077 0.239993 1
g3 1 100 g3 1 100 0.530906 0.392426 0
g3 1 100 g3 1 100 0.531723 0.779779 0
g3 1 100 g3 1 100 0.531035 0.310693 0
g3 1 100 g3 1 100 0.532022 0.218109 1
g3 1 100 g3 1 100 0.531745 0.183527 1
g3 1 100 g3 1 100 0.530969 0.217462 1
g3 1 100 g3 1 100 0.530902 0.308781 0
g3 1 100 g3 1 100 0.52951 0.330836 0
g3 1 100 g3 1 100 0.533023 0.187428 1
g3 1 100 g3 1 100 0.530592 0.22568 1
g3 1 100 g3 1 100 0.539349 0.350659 0
g3 1 100 g3 1 100 0.553941 0.253312 1
g4 2 76 g4 2 76 0.41223 0.229282 1
g4 2 76 g4 2 76 0.41287 0.0685636 1
g4 2 76 g4 2 76 0.413649 0.1577 1
g4 2 76 g4 2 76 0.411159 0.158115 1
g4 2 76 g4 2 76 0.411818 0.114075 1
g4 2 76 g4 2 76 0.413715 0.138959 1
g4 2 76 g3 1 100 0.411127 0.219847 1
g4 2 76 g4 2 76 0.411839 0.154923 1
g4 2 76 g4 2 76 0.412841 0.138922 1
g4 2 76 g4 2 76 0.41334 0.153107 1
g4 2 76 g4 2 76 0.412474 0.139789 1
g4 2 76 g4 2 76 0.411294 0.112758 1
g4 2 76 g4 2 76 0.414236 0.0745031 1
g4 2 76 g4 2 76 0.411205 0.121331 1
g4 2 76 g4 2 76 0.411302 0.115836 1
g4 2 76 g4 2 76 0.412944 0.0748572 1
g4 2 76 g4 2 76 0.412445 0.0626761 1
g4 2 76 g4 2 76 0.412054 0.142866 1
g4 2 76 g4 2 76 0.411403 0.108884 1
g4 2 76 g4 2 76 0.412155 0.120269 1
g4 2 76 g4 2 76 0.412282 0.0839462 1
g4 2 76 g4 2 76 0.412677 0.0997166 1
g4 2 76 g4 2 76 0.423401 0.148446 1
g4 2 76 g4 2 76 0.431678 0.109367 1
g4 2 76 g4 2 76 0.412571 0.0960071 1
g4 2 76 g4 2 76 0.414563 0.049734 1
g4 2 76 g4 2 76 0.410183 0.0857475 1
g4 2 76 g4 2 76 0.411884 0.103757 1
g4 2 76 g4 2 76 0.409848 0.0937765 1
g4 2 76 g4 2 76 0.413057 0.10652 1
g4 2 76 g4 2 76 0.41157 0.0998951 1
g4 2 76 g4 2 76 0.412745 0.106685 1
g4 2 76 g4 2 76 0.413564 0.0822568 1
g4 2 76 g4 2 76 0.412882 0.141688 1
g4 2 76 g4 2 76 0.414847 0.0999357 1
g4 2 76 g4 2 76 0.412693 0.172318 1
g4 2 76 g4 2 76 0.412478 0.143668 1
g4 2 76 g4 2 76 0.412251 0.0689169 1
g4 2 76 g4 2 76 0.412049 0.0927742 1
g4 2 76 g4 2 76 0.414533 0.110332 1
g4 2 76 g4 2 76 0.412247 0.0664022 1
g4 2 76 g4 2 76 0.412493 0.0989495 1
g5 2 98 g5 2 98 0.526189 0.0912718 1
g5 2 98 g5 2 98 0.526558 0.0794697 1
g5 2 98 g5 2 98 0.526584 0.104117 1
g5 2 98 g5 2 98 0.530901 0.10881 1
g5 2 98 g5 2 98 0.542337 0.156987 1
g5 2 98 g5 2 98 0.524533 0.0931409 1
g5 2 98 g4 2 76 0.523306 0.181908 1
g5 2 98 g5 2 98 0.524986 0.188782 1
g5 2 98 g5 2 98 0.523006 0.201922 1
g5 2 98 g5 2 98 0.521525 0.115645 1
g5 2 98 g5 2 98 0.520685 0.126049 1
g5 2 98 g5 2 98 0.524662 0.105949 1
g5 2 98 g4 2 76 0.522069 0.166819 1
g5 2 98 g4 2 76 0.521381 0.188221 1
g5 2 98 g5 2 98 0.523529 0.159428 1
g5 2 98 g5 2 98 0.521521 0.185556 1
g5 2 98 g5 2 98 0.522666 0.168721 1
g5 2 98 g5 2 98 0.522748 0.163484 1
g5 2 98 g5 2 98 0.523769 0.155326 1
g5 2 98 g5 2 98 0.522879 0.167448 1
g5 2 98 g5 2 98 0.524822 0.129739 1
g5 2 98 g4 2 76 0.522934 0.17494 1
g5 2 98 g4 2 76 0.531073 0.201797 1
g5 2 98 g5 2 98 0.544563 0.150492 1
g5 2 98 g5 2 98 0.524089 0.1267 1
g5 2 98 g5 2 98 0.525265 0.130953 1
g5 2 98 g4 2 76 0.523052 0.139176 1
g5 2 98 g5 2 98 0.52112 0.157973 1
g5 2 98 g5 2 98 0.52107 0.211927 1
g5 2 98 g5 2 98 0.522941 0.151933 1
g5 2 98 g4 2 76 0.523681 0.194496 1
g5 2 98 g5 2 98 0.523811 0.121369 1
g5 2 98 g5 2 98 0.524123 0.126579 1
g5 2 98 g5 2 98 0.524146 0.127904 1
g5 2 98 g5 2 98 0.522256 0.142004 1
g5 2 98 g5 2 98 0.523054 0.099671 1
g5 2 98 g5 2 98 0.524103 0.116773 1
g5 2 98 g5 2 98 0.524853 0.0905281 1
g5 2 98 g5 2 98 0.523099 0.0751456 1
g5 2 98 g5 2 98 0.531355 0.130678 1
g5 2 98 g5 2 98 0.528348 0.120018 1
g5 2 98 g5 2 98 0.536396 0.0864148 1
g5 2 98 g5 2 98 0.550184 0.0964318 1
g5 2 98 g5 2 98 0.526791 0.0903399 1
g5 2 98 g5 2 98 0.527165 0.0738297 1
g6 2 114 g6 2 114 0.599083 0.0747993 1
g6 2 114 g6 2 114 0.60022 0.0863732 1
g6 2 114 g6 2 114 0.601235 0.0808872 1
g6 2 114 g6 2 114 0.600782 0.17216 1
g6 2 114 g6 2 114 0.600781 0.0657569 1
g6 2 114 g6 2 114 0.600542 0.120032 1
g6 2 114 g6 2 114 0.598905 0.0888208 1
g6 2 114 g6 2 114 0.600218 0.121934 1
g6 2 114 g6 2 114 0.59902 0.0936446 1
g6 2 114 g6 2 114 0.60171 0.0940033 1
g6 2 114 g6 2 114 0.600432 0.150498 1
g6 2 114 g6 2 114 0.600718 0.0806711 1
g6 2 114 g6 2 114 0.601556 0.0807454 1
g6 2 114 g6 2 114 0.609392 0.115116 1
g6 2 114 g6 2 114 0.618669 0.156541 1
g6 2 114 g6 2 114 0.601296 0.0781707 1
g6 2 114 g6 2 114 0.599066 0.0883741 1
g6 2 114 g6 2 114 0.600523 0.0845712 1
g6 2 114 g6 2 114 0.601035 0.0781646 1
g6 2 114 g6 2 114 0.598778 0.130714 1
g6 2 114 g6 2 114 0.600624 0.0915864 1
g6 2 114 g6 2 114 0.598964 0.14149 1
g6 2 114 g6 2 114 0.602634 0.0927677 1
g6 2 114 g6 2 114 0.600766 0.111143 1
g6 2 114 g6 2 114 0.601243 0.113363 1
g6 2 114 g6 2 114 0.600315 0.233085 1
g6 2 114 g6 2 114 0.599619 0.104251 1
g6 2 114 g6 2 114 0.601571 0.0773885 1
g6 2 114 g6 2 114 0.60053 0.0887995 1
g6 2 114 g6 2 114 0.603435 0.093988 1
g6 2 114 g6 2 114 0.622838 0.0731564 1
g6 2 114 g6 2 114 0.607115 0.0973819 1
g6 2 114 g6 2 114 0.60095 0.348059 1
g6 2 114 g1 2 67 0.602808 0.241418 1
g6 2 114 g6 2 114 0.599297 0.0311899 1
g6 2 114 g6 2 114 0.600201 0.0616265 1
g6 2 114 g6 2 114 0.598306 0.0553662 1
g6 2 114 g6 2 114 0.600933 0.0572251 1
g6 2 114 g6 2 114 0.598996 0.0663668 1
g6 2 114 g6 2 114 0.60087 0.063149 1
g6 2 114 g6 2 114 0.601282 0.0883481 1
g7 1 87 g7 1 87 0.46904 0.269869 1
g7 1 87 g7 1 87 0.469412 0.239561 1
g7 1 87 g7 1 87 0.467317 0.372255 1
g7 1 87 g7 1 87 0.47008 0.155385 1
g7 1 87 g7 1 87 0.468654 0.279123 1
g7 1 87 g7 1 87 0.467883 0.201504 1
g7 1 87 g7 1 87 0.470516 0.298132 1
g7 1 87 g7 1 87 0.478457 0.12283 1
g7 1 87 g7 1 87 0.486463 0.212305 1
g7 1 87 g7 1 87 0.471686 0.251404 1
g7 1 87 g7 1 87 0.468217 0.213457 1
g7 1 87 g7 1 87 0.467859 0.174842 1
g7 1 87 g7 1 87 0.465988 0.219128 1
g7 1 87 g7 1 87 0.46648 0.191271 1
g7 1 87 g7 1 87 0.466163 0.212275 1
g7 1 87 g7 1 87 0.467015 0.185226 1
g7 1 87 g7 1 87 0.469902 0.156622 1
g7 1 87 g7 1 87 0.466374 0.227167 1
g7 1 87 g7 1 87 0.466259 0.267599 1
g7 1 87 g7 1 87 0.466005 0.156669 1
g7 1 87 g7 1 87 0.466022 0.267749 1
g7 1 87 g7 1 87 0.469952 0.0357375 1
g7 1 87 g7 1 87 0.465684 0.2382 1
g7 1 87 g7 1 87 0.467828 0.232213 1
g7 1 87 g7 1 87 0.467108 0.332901 1
g7 1 87 g7 1 87 0.468792 0.357443 1
g7 1 87 g2 2 55 0.465841 0.468194 0
g7 1 87 g7 1 87 0.467269 0.159136 1
g7 1 87 g2 2 55 0.473779 0.664833 0
g7 1 87 g3 1 100 0.484243 0.626912 0
g7 1 87 g7 1 87 0.46889 0.201486 1
g7 1 87 g7 1 87 0.468116 0.295521 1
g7 1 87 g2 2 55 0.466056 0.425181 0
g7 1 87 g7 1 87 0.466175 0.222614 1
g7 1 87 g7 1 87 0.466569 0.206498 1
g7 1 87 g7 1 87 0.468691 0.306047 1
g7 1 87 g7 1 87 0.467575 0.259218 1
g7 1 87 g7 1 87 0.467503 0.2312 1
g7 1 87 g7 1 87 0.470427 0.305553 1
g7 1 87 g7 1 87 0.467182 0.221979 1
g7 1 87 g7 1 87 0.470201 0.279856 1
g7 1 87 g7 1 87 0.468538 0.183369 1
g7 1 87 g7 1 87 0.468354 0.291821 1
g7 1 87 g7 1 87 0.469272 0.264691 1
g7 1 87 g7 1 87 0.465076 0.344286 1
g7 1 87 g7 1 87 0.467908 0.19239 1
g7 1 87 g7 1 87 0.468844 0.155155 1
g7 1 87 g7 1 87 0.469275 0.261514 1
g7 1 87 g7 1 87 0.468405 0.186533 1
g7 1 87 g7 1 87 0.468997 0.235035 1
g7 1 87 g7 1 87 0.484491 0.30067 1
g7 1 87 g7 1 87 0.47514 0.210032 1
g7 1 87 g7 1 87 0.468062 0.161113 1
g7 1 87 g7 1 87 0.474564 0.258441 1
g7 1 87 g7 1 87 0.469193 0.248085 1
g7 1 87 g7 1 87 0.471166 0.359572 1
g7 1 87 g7 1 87 0.471087 0.226693 1
g7 1 87 g7 1 87 0.470195 0.232258 1
g7 1 87 g7 1 87 0.470662 0.157225 1
g7 1 87 g7 1 87 0.470833 0.209171 1
g7 1 87 g7 1 87 0.470127 0.147926 1
g7 1 87 g7 1 87 0.469706 0.182767 1
g7 1 87 g7 1 87 0.472159 0.166666 1
