g1 2 35 g6 2 58 0.114746 0.15329 1
g1 2 35 g6 2 58 0.115815 0.18438 1
g1 2 35 g6 2 57 0.115286 0.146057 1
g1 2 35 g1 2 35 0.116338 0.128997 1
g1 2 35 g2 2 29 0.116083 0.185341 1
g1 2 35 g1 2 35 0.115107 0.170164 1
g1 2 35 g1 2 35 0.114922 0.124246 1
g1 2 35 g1 2 35 0.114804 0.102564 1
g1 2 35 g1 2 35 0.117718 0.164734 1
g1 2 35 g1 2 35 0.115298 0.122553 1
g1 2 35 g1 2 35 0.119394 0.12489 1
g1 2 35 g1 2 35 0.115264 0.107401 1
g1 2 35 g1 2 35 0.114909 0.0736692 1
g1 2 35 g1 2 35 0.115892 0.119923 1
g1 2 35 g1 2 35 0.115384 0.0777275 1
g1 2 35 g6 2 58 0.116352 0.180794 1
g1 2 35 g1 2 35 0.116973 0.0910119 1
g1 2 35 g6 2 58 0.114564 0.186843 1
g1 2 35 g6 2 58 0.11597 0.122578 1
g1 2 35 g6 2 58 0.11513 0.176182 1
g1 2 35 g6 2 58 0.114923 0.126423 1
g1 2 35 g6 2 58 0.114641 0.168088 1
g1 2 35 g2 2 29 0.115675 0.175123 1
g1 2 35 g1 2 35 0.114954 0.0772788 1
g1 2 35 g1 2 35 0.116668 0.0846351 1
g1 2 35 g1 2 35 0.11562 0.108733 1
g1 2 35 g1 2 35 0.115101 0.141522 1
g1 2 35 g1 2 35 0.11624 0.264209 1
g1 2 35 g1 2 35 0.114891 0.195432 1
g1 2 35 g1 2 35 0.114961 0.10391 1
g1 2 35 g1 2 35 0.115185 0.0834436 1
g1 2 35 g1 2 35 0.114676 0.177403 1
g1 2 35 g1 2 35 0.11678 0.0650363 1
g1 2 35 g1 2 35 0.11453 0.240541 1
g1 2 35 g1 2 35 0.115951 0.230491 1
g1 2 35 g1 2 35 0.116432 0.15414 1
g1 2 35 g1 2 35 0.120544 0.156917 1
g1 2 35 g1 2 35 0.1181 0.14116 1
g1 2 35 g1 2 23 0.121925 0.150013 1
g1 2 35 g1 2 35 0.119481 0.127928 1
g1 2 35 g1 2 35 0.120051 0.145065 1
g1 2 35 g1 2 35 0.117216 0.201447 1
g1 2 35 g1 2 35 0.115886 0.184044 1
g1 2 35 g1 2 35 0.114607 0.189126 1
g1 2 35 g1 2 35 0.114872 0.191777 1
g1 2 35 g1 2 35 0.11747 0.242489 1
g1 2 35 g6 2 58 0.117179 0.172976 1
g1 2 35 g6 2 58 0.114923 0.201195 1
g1 2 35 g6 2 58 0.114748 0.170822 1
g1 2 35 g6 2 58 0.114914 0.129779 1
g1 2 35 g6 2 57 0.116509 0.182269 1
g1 2 35 g2 2 29 0.116113 0.253098 1
g1 2 35 g2 2 29 0.115914 0.166571 1
g1 2 35 g1 2 35 0.115444 0.0716849 1
g1 2 35 g1 2 35 0.114793 0.0607128 1
g1 2 34 g1 2 34 0.113295 0.0688811 1
g1 2 34 g1 2 34 0.112605 0.0534929 1
g1 2 35 g1 2 34 0.114809 0.0617401 1
g1 2 35 g1 2 35 0.115583 0.0507523 1
g1 2 35 g1 2 35 0.114715 0.0711224 1
g1 2 34 g1 2 34 0.114304 0.0922419 1
g2 2 29 g2 2 14 0.09825 0.0957826 1
g2 2 29 g2 2 14 0.098608 0.103027 1
g2 2 29 g2 2 29 0.09876 0.154955 1
g2 2 28 g2 2 14 0.095016 0.155352 1
g2 2 29 g2 2 14 0.099436 0.145887 1
g2 2 28 g2 2 29 0.095897 0.135568 1
g2 2 28 g2 2 14 0.095264 0.148172 1
g2 2 29 g2 2 14 0.098436 0.116332 1
g2 2 29 g2 2 14 0.098044 0.169151 1
g2 2 29 g2 2 29 0.100498 0.147393 1
g2 2 29 g2 2 14 0.098368 0.104629 1
g2 2 29 g2 2 14 0.098007 0.0975787 1
g2 2 29 g2 2 14 0.098903 0.125836 1
g2 2 29 g2 2 14 0.099005 0.121609 1
g2 2 29 g2 2 14 0.100143 0.178451 1
g2 2 29 g2 2 14 0.099236 0.153439 1
g2 2 29 g2 2 29 0.0988 0.261628 1
g2 2 29 g2 2 14 0.09822 0.0897582 1
g2 2 29 g2 2 14 0.098333 0.102138 1
g2 2 29 g2 2 14 0.100503 0.142868 1
g2 2 29 g2 2 14 0.098976 0.137735 1
g2 2 29 g2 2 14 0.099036 0.211912 1
g2 2 28 g2 2 14 0.095295 0.148608 1
g2 2 29 g2 2 14 0.098805 0.0977902 1
g2 2 29 g2 2 29 0.097939 0.167113 1
g2 2 29 g2 2 14 0.099431 0.16294 1
g2 2 29 g2 2 29 0.097988 0.226472 1
g2 2 29 g2 2 14 0.098104 0.162496 1
g2 2 29 g2 2 14 0.098085 0.138674 1
g2 2 29 g2 2 29 0.099754 0.130201 1
g2 2 29 g2 2 29 0.099855 0.137846 1
g2 2 29 g2 2 29 0.099372 0.141224 1
g2 2 29 g1 2 35 0.098976 0.273952 1
g2 2 29 g2 2 29 0.099187 0.130074 1
g2 2 29 g2 2 29 0.098625 0.114929 1
g2 2 29 g2 2 29 0.099082 0.128254 1
g2 2 29 g2 2 29 0.099206 0.0786725 1
g2 2 29 g2 2 29 0.09842 0.0836727 1
g2 2 29 g2 2 29 0.098808 0.0763847 1
g2 2 29 g2 2 29 0.099834 0.0741331 1
g2 2 29 g2 2 29 0.098543 0.0614823 1
g2 2 29 g2 2 29 0.099372 0.0637805 1
g2 2 29 g2 2 29 0.098343 0.105694 1
g2 2 29 g2 2 29 0.098928 0.0796104 1
g2 2 29 g2 2 29 0.098653 0.0763804 1
g2 2 29 g2 2 29 0.098381 0.147478 1
g2 2 29 g2 2 29 0.099437 0.113034 1
g2 2 29 g2 2 29 0.098861 0.0717081 1
g2 2 29 g2 2 29 0.099496 0.169902 1
g2 2 29 g2 2 29 0.098627 0.0931533 1
g2 2 29 g2 2 29 0.099273 0.0718852 1
g2 2 29 g1 2 35 0.098194 0.226414 1
g2 2 29 g2 2 29 0.099679 0.116275 1
g2 2 29 g2 2 29 0.099114 0.0877144 1
g2 2 29 g1 2 35 0.098714 0.125002 1
g2 2 29 g2 2 29 0.09865 0.0969841 1
g2 2 29 g1 2 35 0.098298 0.196075 1
g2 2 29 g2 2 29 0.099264 0.135765 1
g2 2 29 g2 2 29 0.098874 0.0892606 1
g2 2 29 g2 2 29 0.099111 0.114743 1
g2 2 29 g2 2 29 0.099418 0.0861988 1
g2 2 29 g1 2 35 0.099014 0.322896 1
g2 2 29 g2 2 29 0.099021 0.162316 1
g2 2 29 g2 2 14 0.098179 0.144171 1
g2 2 28 g2 2 14 0.095957 0.144478 1
g2 2 29 g2 2 14 0.098228 0.0839697 1
g3 1 51 g3 1 51 0.159362 0.336557 1
g3 1 51 g3 1 51 0.159917 0.208061 1
g3 1 51 g3 1 51 0.159912 0.315279 1
g3 1 51 g3 1 51 0.164549 0.252443 1
g3 1 51 g1 2 35 0.168168 0.452009 0
g3 1 51 g3 1 51 0.168094 0.273849 1
g3 1 51 g3 1 51 0.165542 0.278776 1
g3 1 51 g3 1 51 0.162091 0.316085 1
g3 1 51 g3 1 51 0.160905 0.283574 1
g3 1 51 g4 2 39 0.158689 0.299979 1
g3 1 51 g3 1 51 0.158374 0.325345 0
g3 1 51 g3 1 51 0.161887 0.230794 1
g3 1 51 g3 1 51 0.159821 0.263606 1
g3 1 51 g3 1 51 0.160948 0.230129 1
g3 1 51 g3 1 51 0.158529 0.505016 0
g3 1 51 g3 1 51 0.161878 0.273189 1
g3 1 51 g3 1 51 0.160138 0.217936 1
g3 1 51 g3 1 51 0.16041 0.27529 1
g3 1 51 g3 1 51 0.160242 0.301426 1
g3 1 51 g3 1 51 0.159563 0.243112 1
g3 1 51 g3 1 51 0.157976 0.231747 1
g3 1 51 g3 1 51 0.160894 0.224514 1
g3 1 51 g3 1 51 0.159458 0.282694 1
g3 1 51 g3 1 51 0.159009 0.260368 1
g3 1 51 g3 1 51 0.159738 0.303239 1
g3 1 51 g3 1 51 0.15991 0.256517 1
g3 1 51 g3 1 51 0.158815 0.321591 1
g3 1 51 g3 1 51 0.160143 0.298509 1
g3 1 51 g1 2 35 0.16113 0.415482 0
g3 1 51 g3 1 51 0.158791 0.185272 1
g3 1 51 g3 1 51 0.16157 0.222709 1
g3 1 51 g3 1 51 0.158543 0.265909 1
g3 1 51 g3 1 51 0.159672 0.23276 1
g3 1 51 g3 1 51 0.160394 0.263116 1
g3 1 51 g3 1 51 0.160786 0.252128 1
g3 1 51 g3 1 51 0.160448 0.286801 1
g3 1 51 g3 1 51 0.160174 0.338077 1
g3 1 51 g3 1 51 0.15903 0.254222 1
g3 1 51 g3 1 51 0.159825 0.250794 1
g3 1 51 g3 1 51 0.159934 0.402158 0
g3 1 51 g3 1 51 0.158984 0.788245 0
g3 1 51 g3 1 51 0.158441 0.320063 0
g3 1 51 g3 1 51 0.159415 0.223411 1
g3 1 51 g3 1 51 0.159569 0.189534 1
g3 1 51 g3 1 51 0.1585 0.224372 1
g3 1 51 g3 1 51 0.158543 0.316417 0
g3 1 51 g3 1 51 0.15896 0.337609 0
g3 1 51 g3 1 51 0.158317 0.191557 1
g3 1 51 g3 1 51 0.158092 0.231755 1
g3 1 51 g3 1 51 0.159371 0.364465 0
g3 1 51 g3 1 51 0.15868 0.262503 1
g4 2 39 g4 2 39 0.124304 0.238641 1
g4 2 39 g4 2 39 0.125783 0.0777971 1
g4 2 39 g4 2 39 0.126202 0.163526 1
g4 2 39 g4 2 39 0.125682 0.163293 1
g4 2 39 g4 2 39 0.125665 0.120834 1
g4 2 39 g4 2 39 0.125318 0.144726 1
g4 2 39 g3 1 51 0.12666 0.224677 1
g4 2 39 g4 2 39 0.125381 0.16437 1
g4 2 39 g4 2 39 0.125478 0.149272 1
g4 2 39 g4 2 39 0.125551 0.157829 1
g4 2 39 g4 2 39 0.127362 0.146934 1
g4 2 39 g4 2 39 0.125604 0.120333 1
g4 2 39 g4 2 39 0.125265 0.0857003 1
g4 2 39 g4 2 39 0.12492 0.120778 1
g4 2 39 g4 2 39 0.12569 0.120695 1
g4 2 39 g4 2 39 0.12581 0.0798743 1
g4 2 39 g4 2 39 0.124687 0.0666312 1
g4 2 39 g4 2 39 0.124397 0.153306 1
g4 2 39 g4 2 39 0.128575 0.113058 1
g4 2 39 g4 2 39 0.130223 0.107004 1
g4 2 39 g4 2 39 0.130036 0.0907528 1
g4 2 39 g4 2 39 0.13062 0.105486 1
g4 2 39 g4 2 39 0.131002 0.155657 1
g4 2 39 g4 2 39 0.129044 0.114187 1
g4 2 39 g4 2 39 0.125631 0.104293 1
g4 2 39 g4 2 39 0.126532 0.0563075 1
g4 2 39 g4 2 39 0.126498 0.0911898 1
g4 2 39 g4 2 39 0.124528 0.112333 1
g4 2 39 g4 2 39 0.125433 0.0988853 1
g4 2 39 g4 2 39 0.126116 0.114632 1
g4 2 39 g4 2 39 0.12586 0.104185 1
g4 2 39 g4 2 39 0.125299 0.111515 1
g4 2 39 g4 2 39 0.125686 0.0871491 1
g4 2 39 g4 2 39 0.125321 0.147658 1
g4 2 39 g4 2 39 0.126969 0.107617 1
g4 2 39 g5 2 50 0.12584 0.187516 1
g4 2 39 g4 2 39 0.126204 0.155021 1
g4 2 39 g4 2 39 0.125757 0.0739757 1
g4 2 39 g4 2 39 0.126727 0.102698 1
g4 2 39 g4 2 39 0.125762 0.115915 1
g4 2 39 g4 2 39 0.125401 0.0722201 1
g4 2 39 g4 2 39 0.125821 0.106202 1
g5 2 50 g5 2 50 0.158258 0.0976199 1
g5 2 50 g5 2 50 0.156444 0.0840032 1
g5 2 50 g5 2 50 0.156897 0.111313 1
g5 2 50 g5 2 50 0.157241 0.116893 1
g5 2 50 g5 2 50 0.156637 0.164222 1
g5 2 50 g5 2 50 0.15675 0.102319 1
g5 2 50 g4 2 39 0.156923 0.185653 1
g5 2 50 g5 2 50 0.158522 0.201905 1
g5 2 50 g5 2 50 0.156068 0.205644 1
g5 2 50 g5 2 50 0.155903 0.119325 1
g5 2 50 g5 2 50 0.157241 0.130297 1
g5 2 50 g5 2 50 0.156039 0.110106 1
g5 2 50 g4 2 39 0.157477 0.173572 1
g5 2 50 g4 2 39 0.155104 0.194334 1
g5 2 50 g5 2 50 0.156773 0.164148 1
g5 2 50 g5 2 50 0.155613 0.192403 1
g5 2 50 g5 2 50 0.156236 0.174895 1
g5 2 50 g5 2 50 0.156397 0.169997 1
g5 2 50 g5 2 50 0.156742 0.162176 1
g5 2 50 g5 2 50 0.156871 0.171922 1
g5 2 50 g5 2 50 0.156141 0.13709 1
g5 2 50 g4 2 39 0.156139 0.179457 1
g5 2 50 g4 2 39 0.155863 0.207277 1
g5 2 50 g5 2 50 0.156251 0.157837 1
g5 2 50 g5 2 50 0.157489 0.134598 1
g5 2 50 g5 2 50 0.159891 0.137268 1
g5 2 50 g4 2 39 0.156052 0.14551 1
g5 2 50 g5 2 50 0.155895 0.165446 1
g5 2 50 g5 2 50 0.156419 0.221998 1
g5 2 50 g5 2 50 0.156598 0.158027 1
g5 2 50 g4 2 39 0.155777 0.198746 1
g5 2 50 g5 2 50 0.157058 0.127797 1
g5 2 50 g5 2 50 0.156945 0.129936 1
g5 2 50 g5 2 50 0.157494 0.146451 1
g5 2 50 g5 2 50 0.155595 0.150005 1
g5 2 50 g5 2 50 0.156865 0.107033 1
g5 2 50 g5 2 50 0.156953 0.124771 1
g5 2 50 g5 2 50 0.157172 0.0974238 1
g5 2 50 g5 2 50 0.161183 0.080842 1
g5 2 50 g5 2 50 0.15869 0.12927 1
g5 2 50 g5 2 50 0.158385 0.129388 1
g5 2 50 g5 2 50 0.158487 0.10008 1
g5 2 50 g5 2 50 0.159685 0.10447 1
g5 2 50 g5 2 50 0.15781 0.102478 1
g5 2 50 g5 2 50 0.162486 0.0790546 1
g6 2 58 g6 2 58 0.184894 0.0779244 1
g6 2 58 g6 2 58 0.18794 0.090298 1
g6 2 58 g6 2 58 0.1839 0.084943 1
g6 2 58 g6 2 58 0.180622 0.176708 1
g6 2 58 g6 2 58 0.177413 0.0686689 1
g6 2 58 g6 2 58 0.178429 0.122073 1
g6 2 58 g6 2 58 0.17728 0.0916309 1
g6 2 58 g6 2 58 0.176985 0.125288 1
g6 2 58 g6 2 58 0.177649 0.0953369 1
g6 2 58 g6 2 58 0.178531 0.097279 1
g6 2 58 g6 2 58 0.177088 0.155018 1
g6 2 58 g6 2 58 0.177474 0.0852218 1
g6 2 58 g6 2 58 0.177756 0.084973 1
g6 2 58 g6 2 58 0.176697 0.118284 1
g6 2 58 g6 2 58 0.177442 0.159625 1
g6 2 58 g6 2 58 0.178002 0.080032 1
g6 2 58 g6 2 58 0.177899 0.0907715 1
g6 2 58 g6 2 58 0.176799 0.0874507 1
g6 2 58 g6 2 58 0.178009 0.0817442 1
g6 2 58 g6 2 58 0.176986 0.131573 1
g6 2 58 g6 2 58 0.17755 0.0938503 1
g6 2 56 g6 2 58 0.172374 0.14478 1
g6 2 58 g6 2 58 0.17821 0.0970555 1
g6 2 58 g6 2 58 0.178972 0.114372 1
g6 2 58 g6 2 58 0.178145 0.117117 1
g6 2 58 g6 2 58 0.176625 0.237961 1
g6 2 58 g6 2 58 0.176877 0.107032 1
g6 2 58 g6 2 58 0.178142 0.0811062 1
g6 2 58 g6 2 58 0.177704 0.0905686 1
g6 2 58 g6 2 58 0.176939 0.0962162 1
g6 2 58 g6 2 58 0.178552 0.075756 1
g6 2 58 g6 2 58 0.177129 0.0998188 1
g6 2 58 g6 2 58 0.177111 0.351034 1
g6 2 58 g1 2 35 0.179243 0.247095 1
g6 2 58 g6 2 58 0.177934 0.0339665 1
g6 2 58 g6 2 58 0.176814 0.0769786 1
g6 2 58 g6 2 58 0.177099 0.0585922 1
g6 2 58 g6 2 58 0.176582 0.0607138 1
g6 2 58 g6 2 58 0.176876 0.068939 1
g6 2 58 g6 2 58 0.178591 0.068201 1
g6 2 58 g6 2 58 0.177011 0.0928242 1
g7 1 45 g7 1 45 0.142776 0.28507 1
g7 1 45 g7 1 45 0.14256 0.250879 1
g7 1 45 g7 1 45 0.141721 0.318917 1
g7 1 45 g7 1 45 0.142705 0.163608 1
g7 1 45 g7 1 45 0.142118 0.288343 1
g7 1 45 g7 1 45 0.143556 0.271125 1
g7 1 45 g7 1 45 0.14212 0.302261 1
g7 1 45 g7 1 45 0.141512 0.128662 1
g7 1 45 g7 1 45 0.140618 0.216849 1
g7 1 45 g7 1 45 0.143502 0.260415 1
g7 1 45 g7 1 45 0.141603 0.219916 1
g7 1 45 g7 1 45 0.142778 0.182266 1
g7 1 45 g7 1 45 0.142815 0.226287 1
g7 1 45 g7 1 45 0.141729 0.202324 1
g7 1 45 g7 1 45 0.140558 0.217341 1
g7 1 45 g7 1 45 0.140891 0.188448 1
g7 1 45 g7 1 45 0.1417 0.165907 1
g7 1 45 g7 1 45 0.141447 0.234106 1
g7 1 45 g7 1 45 0.144476 0.274917 1
g7 1 45 g7 1 45 0.146781 0.162083 1
g7 1 45 g7 1 45 0.15054 0.275507 1
g7 1 45 g7 1 45 0.147307 0.0397785 1
g7 1 45 g7 1 45 0.147557 0.24594 1
g7 1 45 g7 1 45 0.142437 0.235475 1
g7 1 45 g7 1 45 0.141647 0.339803 1
g7 1 45 g7 1 45 0.14131 0.37262 0
g7 1 45 g2 2 29 0.141796 0.486386 0
g7 1 45 g7 1 45 0.14135 0.167708 1
g7 1 45 g2 2 29 0.142096 0.693706 0
g7 1 45 g3 1 51 0.141119 0.640545 0
g7 1 45 g7 1 45 0.141213 0.200859 1
g7 1 45 g7 1 45 0.141437 0.306267 1
g7 1 45 g2 2 29 0.141402 0.451392 0
g7 1 45 g7 1 45 0.141707 0.228112 1
g7 1 45 g7 1 45 0.140729 0.209586 1
g7 1 45 g7 1 45 0.143234 0.31425 1
g7 1 45 g7 1 45 0.140874 0.361068 1
g7 1 45 g7 1 45 0.140874 0.244935 1
g7 1 45 g7 1 45 0.141831 0.329765 1
g7 1 45 g7 1 45 0.142294 0.226914 1
g7 1 45 g7 1 45 0.14325 0.288282 1
g7 1 45 g7 1 45 0.141839 0.194295 1
g7 1 45 g7 1 45 0.141114 0.299154 1
g7 1 45 g7 1 45 0.142845 0.189703 1
g7 1 43 g7 1 45 0.136252 0.35191 1
g7 1 45 g7 1 45 0.141518 0.198561 1
g7 1 45 g7 1 45 0.14224 0.159935 1
g7 1 45 g7 1 45 0.143524 0.26727 1
g7 1 45 g7 1 45 0.141837 0.193053 1
g7 1 45 g7 1 45 0.142079 0.243586 1
g7 1 45 g7 1 45 0.140749 0.309806 1
g7 1 45 g7 1 45 0.140847 0.219323 1
g7 1 45 g7 1 45 0.142596 0.165745 1
g7 1 45 g7 1 45 0.144259 0.269478 1
g7 1 45 g7 1 45 0.143689 0.253491 1
g7 1 45 g7 1 45 0.142365 0.378707 1
g7 1 45 g7 1 45 0.143981 0.233213 1
g7 1 37 g7 1 45 0.131818 0.244023 1
g7 1 45 g7 1 45 0.142619 0.165688 1
g7 1 45 g7 1 45 0.142194 0.22312 1
g7 1 45 g7 1 45 0.143809 0.162941 1
g7 1 45 g7 1 45 0.14382 0.189128 1
g7 1 45 g7 1 45 0.142986 0.172266 1
