g1 2 12 g6 2 17 0.023462 0.191644 1
g1 2 13 g6 2 16 0.026167 0.18847 1
g1 2 13 g6 2 18 0.02499 0.164857 1
g1 2 13 g1 2 13 0.024962 0.17061 1
g1 2 11 g6 2 18 0.023478 0.229093 1
g1 2 9 g1 2 10 0.021736 0.172163 1
g1 2 10 g1 2 10 0.02107 0.144209 1
g1 2 14 g1 2 9 0.026082 0.16704 1
g1 2 12 g1 2 10 0.023776 0.134988 1
g1 2 9 g1 2 10 0.021046 0.146696 1
g1 2 12 g1 2 12 0.023833 0.147279 1
g1 2 11 g1 2 10 0.022473 0.120341 1
g1 2 13 g1 2 14 0.024936 0.076266 1
g1 2 12 g1 2 14 0.024655 0.0998943 1
g1 2 9 g1 2 10 0.020385 0.0766447 1
g1 2 13 g6 2 17 0.023779 0.200342 1
g1 2 10 g1 2 10 0.021417 0.14029 1
g1 2 11 g6 2 17 0.021946 0.19616 1
g1 2 14 g6 2 16 0.025777 0.161737 1
g1 2 13 g6 2 17 0.024306 0.195882 1
g1 2 15 g6 2 16 0.025972 0.198303 1
g1 2 9 g6 2 19 0.0193 0.26439 1
g1 2 18 g2 2 12 0.030964 0.187527 1
g1 2 12 g1 2 13 0.026655 0.120788 1
g1 2 13 g1 2 13 0.025126 0.08918 1
g1 2 12 g1 2 13 0.025246 0.161311 1
g1 2 9 g1 2 13 0.023264 0.185341 1
g1 2 15 g1 2 16 0.028753 0.312991 1
g1 2 15 g1 2 13 0.027481 0.231949 1
g1 2 12 g1 2 13 0.025684 0.162307 1
g1 2 12 g1 2 11 0.023511 0.137699 1
g1 2 13 g1 2 13 0.025631 0.20943 1
g1 2 16 g1 2 12 0.02822 0.151463 1
g1 2 10 g1 2 13 0.021606 0.266901 1
g1 2 14 g1 2 13 0.026103 0.320646 0
g1 2 16 g1 2 13 0.031727 0.198696 1
g1 2 12 g1 2 13 0.024486 0.200838 1
g1 2 16 g1 2 13 0.028188 0.157853 1
g1 2 16 g1 2 10 0.029894 0.172293 1
g1 2 19 g1 2 13 0.029791 0.146765 1
g1 2 16 g1 2 16 0.029746 0.177171 1
g1 2 13 g1 2 13 0.027442 0.227752 1
g1 2 17 g1 2 15 0.030479 0.205998 1
g1 2 10 g1 2 13 0.024719 0.208243 1
g1 2 15 g1 2 13 0.027206 0.2095 1
g1 2 15 g1 2 13 0.026786 0.264826 1
g1 2 11 g6 2 17 0.022507 0.241986 1
g1 2 11 g6 2 18 0.022244 0.233752 1
g1 2 15 g6 2 15 0.026544 0.190491 1
g1 2 10 g6 2 17 0.021427 0.179568 1
g1 2 15 g6 2 18 0.025995 0.205249 1
g1 2 14 g6 2 18 0.025761 0.163499 1
g1 2 13 g2 2 11 0.024104 0.20056 1
g1 2 14 g1 2 14 0.025859 0.121934 1
g1 2 13 g1 2 16 0.024992 0.116365 1
g1 2 12 g1 2 14 0.024752 0.102594 1
g1 2 14 g1 2 14 0.025912 0.0800558 1
g1 2 14 g1 2 14 0.025799 0.0724751 1
g1 2 14 g1 2 14 0.025778 0.0718578 1
g1 2 16 g1 2 16 0.028256 0.0683074 1
g1 2 14 g1 2 14 0.025901 0.105741 1
g2 2 14 g2 2 5 0.025493 0.166685 1
g2 2 14 g2 2 5 0.025856 0.177202 1
g2 2 13 g2 2 11 0.02532 0.183263 1
g2 2 8 g2 2 5 0.019676 0.193074 1
g2 2 14 g2 2 5 0.025013 0.206457 1
g2 2 8 g2 2 11 0.019067 0.245521 1
g2 2 8 g2 2 5 0.02052 0.172927 1
g2 2 8 g2 2 5 0.020812 0.152029 1
g2 2 10 g2 2 5 0.023724 0.218662 1
g2 2 11 g2 2 9 0.021781 0.152417 1
g2 2 14 g2 2 5 0.025723 0.185954 1
g2 2 12 g2 2 5 0.023632 0.168433 1
g2 2 10 g2 2 5 0.023996 0.192556 1
g2 2 12 g2 2 5 0.02349 0.193245 1
g2 2 8 g2 2 5 0.021227 0.227781 1
g2 2 10 g2 2 5 0.021574 0.203271 1
g2 2 4 g2 2 11 0.015484 0.503508 0
g2 2 8 g2 2 5 0.021038 0.116331 1
g2 2 12 g2 2 5 0.023408 0.174646 1
g2 2 8 g2 2 5 0.0218 0.199229 1
g2 2 14 g2 2 5 0.025729 0.223505 1
g2 2 14 g2 2 5 0.025981 0.277731 1
g2 2 10 g2 2 5 0.022337 0.191325 1
g2 2 13 g2 2 5 0.024848 0.195595 1
g2 2 10 g2 2 11 0.023647 0.203862 1
g2 2 10 g2 2 5 0.024068 0.212082 1
g2 2 8 g2 2 11 0.019293 0.331216 1
g2 2 14 g2 2 5 0.025649 0.227656 1
g2 2 12 g2 2 5 0.024676 0.235131 1
g2 2 12 g2 2 9 0.022829 0.15174 1
g2 2 11 g2 2 11 0.021743 0.152082 1
g2 2 11 g2 2 11 0.021243 0.155342 1
g2 2 8 g2 2 11 0.019196 0.20413 1
g2 2 10 g2 2 11 0.021599 0.174781 1
g2 2 9 g1 2 9 0.02127 0.203209 1
g2 2 10 g2 2 9 0.021431 0.197561 1
g2 2 10 g2 2 11 0.022125 0.105238 1
g2 2 8 g2 2 7 0.019478 0.132267 1
g2 2 9 g2 2 11 0.021788 0.114115 1
g2 2 6 g2 2 7 0.017958 0.186342 1
g2 2 6 g2 2 7 0.017729 0.215143 1
g2 2 7 g2 2 7 0.019257 0.124448 1
g2 2 6 g1 2 12 0.017786 0.276358 1
g2 2 8 g2 2 7 0.019223 0.13864 1
g2 2 9 g2 2 11 0.020503 0.134529 1
g2 2 7 g2 2 8 0.018802 0.230946 1
g2 2 7 g2 2 7 0.019538 0.240632 1
g2 2 7 g2 2 11 0.019864 0.175001 1
g2 2 10 g2 2 9 0.021499 0.205957 1
g2 2 10 g2 2 11 0.021521 0.122456 1
g2 2 8 g2 2 8 0.020458 0.126559 1
g2 2 9 g1 2 9 0.020652 0.259038 1
g2 2 9 g2 2 8 0.02115 0.15764 1
g2 2 6 g2 2 7 0.017714 0.176485 1
g2 2 10 g1 2 9 0.020634 0.214539 1
g2 2 7 g2 2 7 0.019654 0.120153 1
g2 2 10 g1 2 12 0.021052 0.25514 1
g2 2 9 g2 2 9 0.021175 0.183066 1
g2 2 11 g2 2 11 0.022144 0.112828 1
g2 2 10 g2 2 9 0.021145 0.163978 1
g2 2 9 g2 2 11 0.019756 0.221253 1
g2 2 11 g1 2 9 0.022536 0.378893 0
g2 2 11 g2 2 11 0.02271 0.191218 1
g2 2 12 g2 2 5 0.023691 0.207009 1
g2 2 10 g2 2 5 0.021568 0.183959 1
g2 2 12 g2 2 5 0.022566 0.138073 1
g3 1 17 g3 1 19 0.033222 0.347195 1
g3 1 14 g3 1 12 0.031425 0.24764 1
g3 1 14 g3 1 21 0.029449 0.257173 1
g3 1 15 g3 1 12 0.030794 0.28213 1
g3 1 15 g1 2 10 0.033345 0.427499 0
g3 1 14 g3 1 12 0.031188 0.336121 1
g3 1 16 g3 1 13 0.030597 0.303038 1
g3 1 13 g3 1 13 0.028297 0.289667 1
g3 1 9 g3 1 20 0.027119 0.326896 1
g3 1 14 g3 1 12 0.029251 0.338943 1
g3 1 12 g3 1 17 0.027925 0.316448 1
g3 1 15 g3 1 14 0.02991 0.255594 1
g3 1 14 g3 1 18 0.0296 0.30352 1
g3 1 13 g3 1 17 0.028598 0.22975 1
g3 1 11 g3 1 17 0.026717 0.525067 0
g3 1 11 g3 1 15 0.027627 0.253072 1
g3 1 15 g3 1 15 0.029542 0.242129 1
g3 1 15 g3 1 17 0.031855 0.284449 1
g3 1 10 g3 1 16 0.026568 0.346282 0
g3 1 12 g3 1 16 0.028563 0.31897 1
g3 1 13 g3 1 13 0.031921 0.27666 1
g3 1 13 g3 1 17 0.029502 0.248327 1
g3 1 15 g3 1 16 0.030441 0.308898 1
g3 1 11 g3 1 12 0.027619 0.338833 1
g3 1 18 g3 1 16 0.032786 0.352152 0
g3 1 9 g3 1 14 0.024395 0.379102 0
g3 1 18 g3 1 15 0.032677 0.317855 1
g3 1 13 g3 1 15 0.030391 0.387179 1
g3 1 23 g3 1 16 0.037551 0.240582 1
g3 1 14 g3 1 14 0.030042 0.253742 1
g3 1 21 g3 1 16 0.035244 0.26854 1
g3 1 17 g3 1 19 0.032392 0.275033 1
g3 1 11 g3 1 14 0.027927 0.272928 1
g3 1 16 g3 1 13 0.031233 0.267886 1
g3 1 16 g3 1 12 0.032121 0.288628 1
g3 1 13 g3 1 13 0.028071 0.301176 1
g3 1 14 g3 1 21 0.030352 0.320537 1
g3 1 21 g3 1 22 0.036056 0.265921 1
g3 1 20 g3 1 19 0.034475 0.293038 1
g3 1 13 g3 1 16 0.02836 0.345331 0
g3 1 3 g3 1 13 0.024606 0.833277 0
g3 1 13 g3 1 16 0.027372 0.308906 1
g3 1 10 g3 1 12 0.027778 0.256929 1
g3 1 10 g3 1 11 0.028677 0.247451 1
g3 1 15 g3 1 16 0.030337 0.239345 1
g3 1 12 g3 1 14 0.027302 0.321676 0
g3 1 11 g3 1 14 0.029324 0.394598 0
g3 1 13 g3 1 11 0.029254 0.184552 1
g3 1 10 g3 1 11 0.027059 0.256847 1
g3 1 10 g3 1 17 0.029761 0.286642 1
g3 1 15 g3 1 11 0.030452 0.262631 1
g4 2 16 g4 2 15 0.027573 0.239134 1
g4 2 16 g4 2 18 0.028805 0.10125 1
g4 2 17 g4 2 19 0.030321 0.225114 1
g4 2 17 g4 2 17 0.029671 0.19284 1
g4 2 19 g4 2 19 0.03138 0.141147 1
g4 2 17 g4 2 19 0.030886 0.18072 1
g4 2 16 g3 1 12 0.032054 0.346497 1
g4 2 17 g4 2 17 0.030087 0.194806 1
g4 2 19 g4 2 18 0.032578 0.165223 1
g4 2 19 g4 2 20 0.03281 0.171864 1
g4 2 19 g4 2 19 0.030715 0.186639 1
g4 2 19 g4 2 19 0.032731 0.145337 1
g4 2 19 g4 2 22 0.032928 0.0966666 1
g4 2 16 g4 2 16 0.028281 0.133616 1
g4 2 17 g4 2 18 0.029474 0.136132 1
g4 2 15 g4 2 16 0.027005 0.129171 1
g4 2 14 g4 2 16 0.025739 0.0890408 1
g4 2 18 g4 2 17 0.029567 0.161124 1
g4 2 16 g4 2 15 0.02699 0.117453 1
g4 2 15 g4 2 16 0.027413 0.130996 1
g4 2 16 g4 2 18 0.029894 0.101854 1
g4 2 15 g4 2 17 0.027705 0.119553 1
g4 2 17 g4 2 18 0.028801 0.176278 1
g4 2 16 g4 2 15 0.027166 0.137184 1
g4 2 18 g4 2 16 0.030242 0.112383 1
g4 2 19 g4 2 17 0.030739 0.0802719 1
g4 2 17 g4 2 16 0.029056 0.110029 1
g4 2 16 g4 2 16 0.027643 0.1188 1
g4 2 16 g4 2 15 0.027992 0.119432 1
g4 2 19 g4 2 17 0.031431 0.115291 1
g4 2 15 g4 2 15 0.027949 0.117093 1
g4 2 18 g4 2 16 0.029753 0.103503 1
g4 2 16 g4 2 16 0.027645 0.0981552 1
g4 2 15 g4 2 16 0.027179 0.152034 1
g4 2 18 g4 2 17 0.030639 0.108013 1
g4 2 16 g4 2 17 0.02956 0.200831 1
g4 2 18 g4 2 17 0.03065 0.171617 1
g4 2 17 g4 2 15 0.030185 0.0923083 1
g4 2 18 g4 2 18 0.030941 0.106794 1
g4 2 20 g4 2 17 0.032666 0.136861 1
g4 2 18 g4 2 18 0.031993 0.0936688 1
g4 2 16 g4 2 15 0.028182 0.133771 1
g5 2 18 g5 2 17 0.0308 0.124232 1
g5 2 17 g5 2 16 0.03051 0.126437 1
g5 2 17 g5 2 19 0.029814 0.144796 1
g5 2 17 g5 2 20 0.029473 0.163105 1
g5 2 16 g5 2 19 0.026038 0.216106 1
g5 2 22 g5 2 19 0.033825 0.138663 1
g5 2 20 g4 2 15 0.032338 0.211151 1
g5 2 20 g5 2 19 0.033266 0.225469 1
g5 2 17 g5 2 19 0.030001 0.228005 1
g5 2 13 g5 2 15 0.024272 0.193674 1
g5 2 16 g5 2 15 0.027248 0.187366 1
g5 2 20 g5 2 18 0.031749 0.165785 1
g5 2 17 g5 2 12 0.030152 0.199662 1
g5 2 16 g4 2 16 0.029101 0.245665 1
g5 2 20 g5 2 19 0.033403 0.193519 1
g5 2 19 g5 2 20 0.03241 0.253687 1
g5 2 16 g5 2 19 0.028967 0.216107 1
g5 2 15 g5 2 19 0.026987 0.217895 1
g5 2 16 g5 2 19 0.027363 0.201433 1
g5 2 17 g5 2 17 0.027491 0.181366 1
g5 2 19 g5 2 20 0.03031 0.180973 1
g5 2 16 g5 2 17 0.029036 0.177514 1
g5 2 18 g5 2 20 0.030481 0.239363 1
g5 2 15 g5 2 19 0.025489 0.197454 1
g5 2 21 g5 2 19 0.031784 0.17333 1
g5 2 20 g5 2 17 0.03303 0.187739 1
g5 2 16 g4 2 15 0.027515 0.184502 1
g5 2 20 g5 2 20 0.031701 0.217581 1
g5 2 19 g5 2 19 0.031156 0.243536 1
g5 2 20 g5 2 22 0.033488 0.189084 1
g5 2 19 g4 2 16 0.033823 0.21581 1
g5 2 14 g5 2 19 0.02856 0.171107 1
g5 2 16 g5 2 15 0.028576 0.179887 1
g5 2 18 g5 2 19 0.030386 0.192451 1
g5 2 20 g5 2 20 0.031701 0.208475 1
g5 2 19 g5 2 18 0.03245 0.14326 1
g5 2 19 g5 2 19 0.033314 0.169665 1
g5 2 21 g5 2 20 0.036257 0.131684 1
g5 2 15 g5 2 18 0.028589 0.113821 1
g5 2 16 g5 2 19 0.031805 0.181455 1
g5 2 18 g5 2 17 0.033925 0.122979 1
g5 2 18 g5 2 20 0.033034 0.135578 1
g5 2 17 g5 2 16 0.033853 0.17387 1
g5 2 20 g5 2 20 0.034998 0.131666 1
g5 2 18 g5 2 19 0.032252 0.124925 1
g6 2 16 g6 2 19 0.03125 0.0971793 1
g6 2 19 g6 2 19 0.035294 0.122925 1
g6 2 20 g6 2 21 0.032836 0.123147 1
g6 2 20 g6 2 21 0.034065 0.191606 1
g6 2 22 g6 2 21 0.036599 0.120864 1
g6 2 19 g6 2 21 0.034071 0.138868 1
g6 2 22 g6 2 19 0.035346 0.131457 1
g6 2 21 g6 2 19 0.03629 0.147268 1
g6 2 21 g6 2 19 0.035821 0.128115 1
g6 2 24 g6 2 21 0.040102 0.166718 1
g6 2 20 g6 2 22 0.034079 0.185207 1
g6 2 19 g6 2 17 0.033704 0.110379 1
g6 2 18 g6 2 23 0.03058 0.105872 1
g6 2 24 g6 2 21 0.038374 0.156429 1
g6 2 21 g6 2 23 0.033615 0.192089 1
g6 2 20 g6 2 23 0.034118 0.116634 1
g6 2 22 g6 2 21 0.035576 0.140712 1
g6 2 19 g6 2 21 0.032485 0.127414 1
g6 2 21 g6 2 21 0.034138 0.113952 1
g6 2 22 g6 2 23 0.037278 0.185899 1
g6 2 18 g6 2 23 0.032078 0.130011 1
g6 2 19 g6 2 21 0.030665 0.145585 1
g6 2 23 g6 2 21 0.036937 0.130621 1
g6 2 24 g6 2 21 0.040071 0.156669 1
g6 2 20 g6 2 21 0.034031 0.15061 1
g6 2 25 g6 2 18 0.038784 0.23555 1
g6 2 19 g6 2 21 0.032198 0.145503 1
g6 2 21 g6 2 21 0.034609 0.134848 1
g6 2 20 g6 2 21 0.03253 0.139826 1
g6 2 24 g6 2 22 0.037387 0.154103 1
g6 2 24 g6 2 26 0.039137 0.0994391 1
g6 2 27 g6 2 26 0.04119 0.122758 1
g6 2 21 g1 2 9 0.033775 0.436402 1
g6 2 23 g1 2 10 0.03774 0.281776 1
g6 2 18 g6 2 18 0.031345 0.0721119 1
g6 2 18 g6 2 18 0.030745 0.0986264 1
g6 2 17 g6 2 17 0.029337 0.0818458 1
g6 2 18 g6 2 17 0.030483 0.0996086 1
g6 2 18 g6 2 19 0.033382 0.130772 1
g6 2 20 g6 2 22 0.035068 0.0912656 1
g6 2 20 g6 2 18 0.033977 0.117821 1
g7 1 11 g3 1 19 0.025233 0.461717 0
g7 1 16 g7 1 11 0.031113 0.331466 1
g7 1 12 g7 1 18 0.02265 0.348309 1
g7 1 12 g7 1 12 0.025744 0.224899 1
g7 1 13 g7 1 12 0.026042 0.338537 1
g7 1 15 g7 1 14 0.02798 0.295862 1
g7 1 11 g7 1 15 0.024379 0.365668 1
g7 1 7 g7 1 14 0.022105 0.247218 1
g7 1 16 g3 1 13 0.031557 0.440228 0
g7 1 14 g7 1 11 0.024436 0.297039 1
g7 1 11 g3 1 13 0.023871 0.49528 0
g7 1 11 g7 1 14 0.0221 0.194178 1
g7 1 11 g7 1 15 0.023998 0.265652 1
g7 1 7 g7 1 14 0.02336 0.235177 1
g7 1 7 g7 1 12 0.021882 0.259613 1
g7 1 12 g7 1 11 0.022653 0.2254 1
g7 1 6 g7 1 14 0.02049 0.311414 1
g7 1 8 g7 1 8 0.022947 0.23697 1
g7 1 14 g7 1 11 0.025373 0.335461 1
g7 1 11 g7 1 14 0.023635 0.197448 1
g7 1 8 g7 1 8 0.02023 0.286797 1
g7 1 5 g7 1 2 0.025048 0.170587 1
g7 1 10 g2 2 9 0.02321 0.617103 0
g7 1 12 g7 1 11 0.023529 0.269829 1
g7 1 12 g7 1 14 0.024821 0.388927 1
g7 1 17 g7 1 12 0.026342 0.372485 1
g7 1 9 g2 2 12 0.022286 0.538987 0
g7 1 10 g7 1 14 0.023271 0.196975 1
g7 1 9 g2 2 7 0.022197 0.609561 0
g7 1 12 g7 1 11 0.02442 0.26373 1
g7 1 15 g7 1 11 0.026744 0.261253 1
g7 1 14 g7 1 15 0.025765 0.357693 1
g7 1 9 g2 2 9 0.02336 0.467338 0
g7 1 13 g7 1 17 0.025237 0.250543 1
g7 1 16 g7 1 12 0.028574 0.245964 1
g7 1 22 g7 1 11 0.03168 0.351319 1
g7 1 16 g7 1 11 0.024707 0.316127 1
g7 1 10 g7 1 17 0.022282 0.323912 1
g7 1 14 g7 1 13 0.026282 0.335762 1
g7 1 12 g7 1 11 0.024686 0.29498 1
g7 1 13 g7 1 11 0.028552 0.300104 1
g7 1 11 g7 1 14 0.025623 0.281861 1
g7 1 13 g7 1 7 0.02307 0.359457 1
g7 1 16 g7 1 14 0.029489 0.239989 1
g7 1 7 g7 1 13 0.026027 0.374201 1
g7 1 12 g7 1 13 0.024079 0.245767 1
g7 1 8 g7 1 14 0.02322 0.19724 1
g7 1 11 g7 1 13 0.025083 0.275339 1
g7 1 8 g7 1 14 0.022604 0.223365 1
g7 1 13 g7 1 14 0.027095 0.300951 1
g7 1 14 g7 1 8 0.026662 0.381929 1
g7 1 3 g7 1 7 0.021514 0.334748 1
g7 1 12 g7 1 11 0.026097 0.190596 1
g7 1 18 g7 1 9 0.036472 0.360892 1
g7 1 16 g7 1 14 0.032975 0.281753 1
g7 1 16 g7 1 12 0.031006 0.481047 0
g7 1 14 g7 1 14 0.029978 0.260159 1
g7 1 3 g7 1 5 0.02337 0.397941 0
g7 1 15 g7 1 17 0.029288 0.193822 1
g7 1 16 g7 1 13 0.028461 0.256791 1
g7 1 17 g7 1 17 0.029727 0.192314 1
g7 1 12 g7 1 11 0.025828 0.252211 1
g7 1 13 g7 1 17 0.027147 0.203499 1
