g1 2 12 g6 2 18 0.023079 0.162818 1
g1 2 13 g6 2 16 0.024313 0.147769 1
g1 2 13 g6 2 18 0.02472 0.151282 1
g1 2 13 g1 2 13 0.025127 0.161011 1
g1 2 11 g6 2 18 0.022135 0.222242 1
g1 2 9 g1 2 10 0.021704 0.20349 1
g1 2 10 g1 2 11 0.021173 0.150374 1
g1 2 14 g1 2 9 0.02585 0.129289 1
g1 2 12 g1 2 12 0.024169 0.170494 1
g1 2 9 g1 2 11 0.020979 0.153748 1
g1 2 12 g1 2 12 0.023567 0.159011 1
g1 2 11 g1 2 11 0.02261 0.137941 1
g1 2 13 g1 2 14 0.025589 0.0697809 1
g1 2 12 g1 2 14 0.025285 0.100927 1
g1 2 9 g1 2 10 0.020395 0.107106 1
g1 2 13 g6 2 14 0.023811 0.216321 1
g1 2 10 g1 2 10 0.0214 0.141663 1
g1 2 11 g6 2 14 0.021917 0.199758 1
g1 2 14 g6 2 19 0.026866 0.137915 1
g1 2 13 g6 2 16 0.024432 0.176892 1
g1 2 15 g6 2 16 0.02589 0.170319 1
g1 2 9 g6 2 19 0.019377 0.225225 1
g1 2 18 g2 2 12 0.030564 0.200499 1
g1 2 12 g1 2 14 0.024997 0.0914637 1
g1 2 13 g1 2 14 0.024756 0.107705 1
g1 2 12 g1 2 13 0.024967 0.163515 1
g1 2 9 g1 2 13 0.022842 0.181581 1
g1 2 15 g1 2 16 0.028157 0.313044 1
g1 2 15 g1 2 13 0.026949 0.221652 1
g1 2 12 g1 2 15 0.026009 0.143679 1
g1 2 12 g1 2 11 0.023521 0.132828 1
g1 2 13 g1 2 13 0.025368 0.196052 1
g1 2 16 g1 2 12 0.028047 0.11553 1
g1 2 10 g1 2 13 0.021498 0.276526 1
g1 2 14 g1 2 13 0.026007 0.281113 1
g1 2 16 g1 2 13 0.03158 0.178578 1
g1 2 12 g1 2 13 0.024414 0.19547 1
g1 2 16 g1 2 14 0.027866 0.173716 1
g1 2 16 g1 2 10 0.031159 0.169874 1
g1 2 19 g1 2 13 0.029855 0.139437 1
g1 2 16 g1 2 16 0.028823 0.161029 1
g1 2 13 g1 2 13 0.025797 0.220113 1
g1 2 17 g1 2 15 0.028972 0.206448 1
g1 2 10 g1 2 13 0.023247 0.217582 1
g1 2 15 g1 2 13 0.026822 0.191467 1
g1 2 15 g1 2 13 0.026542 0.250459 1
g1 2 11 g6 2 14 0.022605 0.175386 1
g1 2 11 g6 2 17 0.0221 0.184276 1
g1 2 15 g6 2 15 0.026646 0.177545 1
g1 2 10 g6 2 17 0.021375 0.159923 1
g1 2 15 g6 2 20 0.026108 0.212249 1
g1 2 14 g6 2 18 0.025572 0.151864 1
g1 2 13 g2 2 11 0.02529 0.174834 1
g1 2 14 g1 2 14 0.025672 0.129579 1
g1 2 13 g1 2 14 0.02491 0.109992 1
g1 2 12 g1 2 14 0.024673 0.088337 1
g1 2 14 g1 2 14 0.025948 0.0796072 1
g1 2 14 g1 2 14 0.025622 0.0721851 1
g1 2 14 g1 2 14 0.027068 0.0667256 1
g1 2 16 g1 2 16 0.028011 0.0667387 1
g1 2 14 g1 2 14 0.025977 0.101279 1
g2 2 14 g2 2 5 0.024627 0.19656 1
g2 2 14 g2 2 5 0.025553 0.199384 1
g2 2 13 g2 2 11 0.024721 0.17772 1
g2 2 8 g2 2 5 0.019586 0.277535 1
g2 2 14 g2 2 5 0.024704 0.225139 1
g2 2 8 g2 2 11 0.019299 0.203659 1
g2 2 8 g2 2 5 0.020632 0.250897 1
g2 2 8 g2 2 5 0.020582 0.232125 1
g2 2 10 g2 2 5 0.024195 0.253675 1
g2 2 11 g2 2 9 0.021775 0.153127 1
g2 2 14 g2 2 5 0.02587 0.196417 1
g2 2 12 g2 2 5 0.023461 0.206436 1
g2 2 10 g2 2 5 0.024109 0.231034 1
g2 2 12 g2 2 5 0.023826 0.220656 1
g2 2 8 g2 2 5 0.02119 0.265594 1
g2 2 10 g2 2 5 0.021736 0.253557 1
g2 2 4 g2 2 11 0.015694 0.409003 0
g2 2 8 g2 2 5 0.020749 0.214284 1
g2 2 12 g2 2 5 0.023575 0.207766 1
g2 2 8 g2 2 5 0.022528 0.263584 1
g2 2 14 g2 2 5 0.025842 0.233937 1
g2 2 14 g2 2 5 0.026098 0.292923 1
g2 2 10 g2 2 5 0.021549 0.25045 1
g2 2 13 g2 2 5 0.024692 0.194525 1
g2 2 10 g2 2 11 0.022639 0.213825 1
g2 2 10 g2 2 5 0.023685 0.251523 1
g2 2 8 g2 2 11 0.019534 0.287285 1
g2 2 14 g2 2 11 0.025659 0.331379 1
g2 2 12 g2 2 5 0.024703 0.233856 1
g2 2 12 g2 2 9 0.022821 0.154273 1
g2 2 11 g2 2 11 0.021865 0.151188 1
g2 2 11 g2 2 11 0.021165 0.147086 1
g2 2 8 g2 2 11 0.019171 0.205527 1
g2 2 10 g2 2 11 0.021579 0.154239 1
g2 2 9 g1 2 8 0.022005 0.203987 1
g2 2 10 g2 2 9 0.021758 0.188796 1
g2 2 10 g2 2 11 0.022174 0.115945 1
g2 2 8 g2 2 11 0.019597 0.160281 1
g2 2 9 g2 2 11 0.02178 0.107516 1
g2 2 6 g2 2 11 0.017718 0.203272 1
g2 2 6 g2 2 7 0.01793 0.175772 1
g2 2 7 g2 2 11 0.01924 0.156708 1
g2 2 6 g2 2 11 0.018761 0.211345 1
g2 2 8 g2 2 11 0.01932 0.156542 1
g2 2 9 g2 2 11 0.020498 0.133668 1
g2 2 7 g2 2 8 0.018501 0.222486 1
g2 2 7 g2 2 7 0.018796 0.154186 1
g2 2 7 g2 2 11 0.019793 0.15095 1
g2 2 10 g2 2 9 0.021479 0.193727 1
g2 2 10 g2 2 11 0.021292 0.131339 1
g2 2 8 g2 2 10 0.02013 0.147695 1
g2 2 9 g1 2 11 0.020574 0.239588 1
g2 2 9 g2 2 11 0.021148 0.175925 1
g2 2 6 g2 2 8 0.017662 0.169904 1
g2 2 10 g1 2 9 0.020553 0.187503 1
g2 2 7 g2 2 7 0.018711 0.120867 1
g2 2 10 g1 2 12 0.021174 0.235417 1
g2 2 9 g2 2 9 0.021019 0.182987 1
g2 2 11 g2 2 9 0.022155 0.15085 1
g2 2 10 g2 2 9 0.021127 0.168613 1
g2 2 9 g2 2 11 0.019311 0.169377 1
g2 2 11 g1 2 9 0.022731 0.342187 1
g2 2 11 g2 2 11 0.022613 0.189464 1
g2 2 12 g2 2 5 0.023345 0.235088 1
g2 2 10 g2 2 5 0.021275 0.236792 1
g2 2 12 g2 2 5 0.022739 0.193566 1
g3 1 17 g3 1 19 0.033893 0.343779 1
g3 1 14 g3 1 14 0.031493 0.249712 1
g3 1 14 g3 1 21 0.029595 0.251903 1
g3 1 15 g3 1 12 0.030279 0.275124 1
g3 1 15 g1 2 10 0.032181 0.431236 0
g3 1 14 g3 1 17 0.030906 0.302958 1
g3 1 16 g3 1 13 0.030826 0.305472 1
g3 1 13 g3 1 13 0.02821 0.28781 1
g3 1 9 g3 1 17 0.027147 0.329544 1
g3 1 14 g3 1 12 0.028687 0.329728 1
g3 1 12 g3 1 17 0.027951 0.307194 1
g3 1 15 g3 1 15 0.030955 0.26025 1
g3 1 14 g3 1 18 0.028828 0.303688 1
g3 1 13 g3 1 17 0.028795 0.236985 1
g3 1 11 g3 1 17 0.026576 0.519176 0
g3 1 11 g3 1 14 0.02769 0.306181 1
g3 1 15 g3 1 15 0.029541 0.225766 1
g3 1 15 g3 1 17 0.031637 0.278464 1
g3 1 10 g3 1 16 0.027629 0.341068 0
g3 1 12 g3 1 16 0.028505 0.302884 1
g3 1 13 g3 1 13 0.031015 0.27804 1
g3 1 13 g3 1 17 0.029049 0.248069 1
g3 1 15 g3 1 16 0.029989 0.310527 1
g3 1 11 g3 1 12 0.027096 0.327656 1
g3 1 18 g3 1 16 0.032411 0.359275 0
g3 1 9 g3 1 15 0.024393 0.433882 0
g3 1 18 g3 1 15 0.032275 0.317632 1
g3 1 13 g3 1 14 0.03044 0.347165 1
g3 1 23 g3 1 16 0.037534 0.23031 1
g3 1 14 g3 1 14 0.029841 0.242009 1
g3 1 21 g3 1 16 0.035873 0.257049 1
g3 1 17 g3 1 19 0.032205 0.280264 1
g3 1 11 g3 1 12 0.027656 0.265931 1
g3 1 16 g3 1 13 0.031395 0.274535 1
g3 1 16 g3 1 12 0.032109 0.279838 1
g3 1 13 g3 1 13 0.029059 0.296158 1
g3 1 14 g3 1 16 0.030543 0.289436 1
g3 1 21 g3 1 22 0.034308 0.26164 1
g3 1 20 g3 1 18 0.034463 0.28811 1
g3 1 13 g3 1 16 0.027968 0.344544 0
g3 1 3 g3 1 13 0.024734 0.829231 0
g3 1 13 g3 1 16 0.027489 0.324992 0
g3 1 10 g3 1 12 0.027746 0.248101 1
g3 1 10 g3 1 11 0.028554 0.251595 1
g3 1 15 g3 1 16 0.030508 0.238731 1
g3 1 12 g3 1 14 0.028248 0.325959 0
g3 1 11 g3 1 13 0.028895 0.393473 0
g3 1 13 g3 1 11 0.029498 0.186153 1
g3 1 10 g3 1 11 0.026969 0.242913 1
g3 1 10 g3 1 13 0.029707 0.336529 0
g3 1 15 g3 1 13 0.030413 0.284627 1
g4 2 16 g4 2 15 0.02778 0.24245 1
g4 2 16 g4 2 18 0.029799 0.0973343 1
g4 2 17 g4 2 19 0.030321 0.222134 1
g4 2 17 g4 2 17 0.029406 0.197634 1
g4 2 19 g4 2 19 0.031297 0.13856 1
g4 2 17 g4 2 19 0.030706 0.175958 1
g4 2 16 g3 1 12 0.031918 0.337422 1
g4 2 17 g4 2 19 0.030282 0.174471 1
g4 2 19 g4 2 19 0.03263 0.26387 1
g4 2 19 g4 2 20 0.033092 0.171317 1
g4 2 19 g4 2 19 0.030721 0.180666 1
g4 2 19 g4 2 19 0.032707 0.144615 1
g4 2 19 g4 2 22 0.032651 0.0964939 1
g4 2 16 g4 2 16 0.028484 0.128517 1
g4 2 17 g4 2 18 0.02948 0.139102 1
g4 2 15 g4 2 16 0.026737 0.127791 1
g4 2 14 g4 2 16 0.025909 0.0974339 1
g4 2 18 g4 2 17 0.029546 0.161745 1
g4 2 16 g4 2 15 0.027852 0.120423 1
g4 2 15 g4 2 16 0.027179 0.13297 1
g4 2 16 g4 2 18 0.028264 0.102484 1
g4 2 15 g4 2 15 0.027582 0.124437 1
g4 2 17 g4 2 18 0.0287 0.172868 1
g4 2 16 g4 2 15 0.026813 0.115979 1
g4 2 18 g4 2 16 0.030468 0.113444 1
g4 2 19 g4 2 17 0.030709 0.0762353 1
g4 2 17 g4 2 16 0.028842 0.10707 1
g4 2 16 g4 2 16 0.02783 0.118467 1
g4 2 16 g4 2 15 0.028919 0.117224 1
g4 2 19 g4 2 16 0.03128 0.12651 1
g4 2 15 g4 2 15 0.027677 0.108307 1
g4 2 18 g4 2 16 0.02977 0.108663 1
g4 2 16 g4 2 16 0.027511 0.106146 1
g4 2 15 g4 2 16 0.027002 0.15435 1
g4 2 18 g4 2 16 0.030926 0.11766 1
g4 2 16 g4 2 17 0.02943 0.20081 1
g4 2 18 g4 2 17 0.031407 0.169664 1
g4 2 17 g4 2 15 0.029532 0.0897346 1
g4 2 18 g4 2 18 0.030559 0.106349 1
g4 2 20 g4 2 17 0.032553 0.134508 1
g4 2 18 g4 2 18 0.031403 0.0956046 1
g4 2 16 g4 2 16 0.028166 0.136993 1
g5 2 18 g5 2 18 0.030873 0.130233 1
g5 2 17 g5 2 16 0.030293 0.114284 1
g5 2 17 g5 2 17 0.030341 0.141781 1
g5 2 17 g5 2 20 0.029398 0.165922 1
g5 2 16 g5 2 14 0.029138 0.19631 1
g5 2 22 g5 2 19 0.034508 0.134882 1
g5 2 20 g4 2 15 0.033611 0.206893 1
g5 2 20 g5 2 19 0.034479 0.226951 1
g5 2 17 g5 2 19 0.030775 0.235058 1
g5 2 13 g5 2 14 0.02618 0.173234 1
g5 2 16 g5 2 14 0.029197 0.147955 1
g5 2 20 g5 2 18 0.033358 0.168175 1
g5 2 17 g4 2 17 0.029083 0.198215 1
g5 2 16 g4 2 16 0.031246 0.228496 1
g5 2 20 g5 2 19 0.034951 0.179776 1
g5 2 19 g4 2 16 0.033675 0.251585 1
g5 2 16 g4 2 17 0.030652 0.238618 1
g5 2 15 g4 2 16 0.028343 0.222056 1
g5 2 16 g5 2 19 0.029401 0.20323 1
g5 2 17 g5 2 17 0.02788 0.177769 1
g5 2 19 g5 2 20 0.031673 0.166135 1
g5 2 16 g5 2 17 0.030612 0.179103 1
g5 2 18 g4 2 15 0.032018 0.230072 1
g5 2 15 g5 2 19 0.027188 0.203446 1
g5 2 21 g5 2 19 0.032277 0.160462 1
g5 2 20 g5 2 20 0.032836 0.174021 1
g5 2 16 g4 2 15 0.027088 0.150445 1
g5 2 20 g5 2 17 0.032238 0.203699 1
g5 2 19 g4 2 15 0.031174 0.26392 1
g5 2 20 g5 2 17 0.032096 0.188699 1
g5 2 19 g4 2 16 0.030257 0.216941 1
g5 2 14 g5 2 19 0.027302 0.168173 1
g5 2 16 g5 2 19 0.027294 0.160161 1
g5 2 18 g5 2 17 0.028691 0.175453 1
g5 2 20 g5 2 19 0.030492 0.173859 1
g5 2 19 g5 2 18 0.031106 0.134959 1
g5 2 19 g5 2 19 0.031346 0.1506 1
g5 2 21 g5 2 20 0.034436 0.122406 1
g5 2 15 g5 2 18 0.026337 0.110923 1
g5 2 16 g5 2 19 0.028335 0.172957 1
g5 2 18 g5 2 17 0.032417 0.117708 1
g5 2 18 g5 2 20 0.031298 0.132037 1
g5 2 17 g5 2 16 0.03089 0.160984 1
g5 2 20 g5 2 21 0.033529 0.158836 1
g5 2 18 g5 2 17 0.032155 0.0874627 1
g6 2 16 g6 2 19 0.029669 0.104162 1
g6 2 19 g6 2 19 0.033662 0.116205 1
g6 2 20 g6 2 21 0.030503 0.115142 1
g6 2 20 g6 2 21 0.033684 0.185187 1
g6 2 22 g6 2 21 0.036449 0.108527 1
g6 2 19 g6 2 21 0.033889 0.131543 1
g6 2 22 g6 2 19 0.036078 0.116582 1
g6 2 21 g6 2 19 0.036349 0.142128 1
g6 2 21 g6 2 19 0.035932 0.120448 1
g6 2 24 g6 2 21 0.039915 0.149886 1
g6 2 20 g6 2 22 0.034176 0.174944 1
g6 2 19 g6 2 17 0.033499 0.115666 1
g6 2 18 g6 2 23 0.02971 0.106795 1
g6 2 24 g6 2 21 0.038166 0.14155 1
g6 2 21 g6 2 23 0.034223 0.175946 1
g6 2 20 g6 2 23 0.033286 0.107232 1
g6 2 22 g6 2 21 0.035523 0.112755 1
g6 2 19 g6 2 21 0.032484 0.110688 1
g6 2 21 g6 2 21 0.034097 0.103301 1
g6 2 22 g6 2 23 0.037125 0.151979 1
g6 2 18 g6 2 23 0.031994 0.112733 1
g6 2 19 g6 2 23 0.030699 0.135239 1
g6 2 23 g6 2 21 0.036761 0.125241 1
g6 2 24 g6 2 21 0.039478 0.12609 1
g6 2 20 g6 2 21 0.034051 0.137061 1
g6 2 25 g6 2 21 0.037536 0.23789 1
g6 2 19 g6 2 21 0.031126 0.140876 1
g6 2 21 g6 2 21 0.034584 0.11051 1
g6 2 20 g6 2 21 0.032997 0.11672 1
g6 2 24 g6 2 20 0.037982 0.147993 1
g6 2 24 g6 2 26 0.039672 0.0865707 1
g6 2 27 g6 2 26 0.040968 0.107137 1
g6 2 21 g1 2 9 0.033626 0.439637 1
g6 2 23 g1 2 15 0.037722 0.274743 1
g6 2 18 g6 2 18 0.032204 0.0615959 1
g6 2 18 g6 2 17 0.030516 0.105537 1
g6 2 17 g6 2 17 0.029096 0.0933226 1
g6 2 18 g6 2 17 0.03046 0.0956125 1
g6 2 18 g6 2 19 0.03312 0.101402 1
g6 2 20 g6 2 22 0.035097 0.0819978 1
g6 2 20 g6 2 18 0.033806 0.107054 1
g7 1 11 g3 1 19 0.024171 0.459499 0
g7 1 16 g7 1 12 0.030465 0.256403 1
g7 1 12 g7 1 18 0.022658 0.347135 1
g7 1 12 g7 1 15 0.025691 0.210964 1
g7 1 13 g7 1 17 0.026305 0.36022 1
g7 1 15 g7 1 14 0.028145 0.297891 1
g7 1 11 g7 1 15 0.024299 0.346205 1
g7 1 7 g7 1 14 0.022104 0.257658 1
g7 1 16 g7 1 12 0.031234 0.276268 1
g7 1 14 g7 1 11 0.02461 0.27876 1
g7 1 11 g7 1 7 0.023761 0.290435 1
g7 1 11 g7 1 14 0.02203 0.219574 1
g7 1 11 g7 1 15 0.023766 0.260743 1
g7 1 7 g7 1 14 0.023424 0.224797 1
g7 1 7 g7 1 12 0.021901 0.259638 1
g7 1 12 g7 1 11 0.02268 0.21958 1
g7 1 6 g7 1 14 0.020432 0.285699 1
g7 1 8 g7 1 8 0.02288 0.239957 1
g7 1 14 g7 1 11 0.025497 0.308185 1
g7 1 11 g7 1 14 0.02248 0.187197 1
g7 1 8 g7 1 8 0.020138 0.268358 1
g7 1 5 g7 1 3 0.023949 0.182352 1
g7 1 10 g1 2 10 0.023494 0.648103 0
g7 1 12 g7 1 11 0.023525 0.263952 1
g7 1 12 g7 1 10 0.025519 0.381685 1
g7 1 17 g7 1 17 0.02711 0.370636 1
g7 1 9 g2 2 9 0.022065 0.534862 0
g7 1 10 g7 1 14 0.023175 0.197571 1
g7 1 9 g1 2 12 0.022284 0.690481 0
g7 1 12 g7 1 13 0.024216 0.487176 0
g7 1 15 g7 1 15 0.026529 0.253268 1
g7 1 14 g7 1 15 0.025518 0.344998 1
g7 1 9 g2 2 9 0.024329 0.489756 0
g7 1 13 g7 1 17 0.024866 0.24778 1
g7 1 16 g7 1 12 0.027842 0.224605 1
g7 1 22 g7 1 11 0.031434 0.348656 1
g7 1 16 g7 1 11 0.024433 0.300264 1
g7 1 10 g7 1 17 0.022107 0.30583 1
g7 1 14 g7 1 13 0.025945 0.350494 1
g7 1 12 g7 1 12 0.023579 0.345257 1
g7 1 13 g7 1 11 0.027331 0.291986 1
g7 1 11 g7 1 14 0.025575 0.277486 1
g7 1 13 g7 1 7 0.022891 0.320486 1
g7 1 16 g7 1 14 0.029035 0.228236 1
g7 1 7 g7 1 13 0.025768 0.364338 1
g7 1 12 g7 1 16 0.02459 0.397879 1
g7 1 8 g7 1 14 0.023313 0.202651 1
g7 1 11 g7 1 12 0.024356 0.316869 1
g7 1 8 g7 1 12 0.022547 0.259531 1
g7 1 13 g7 1 14 0.026703 0.297179 1
g7 1 14 g7 1 7 0.026629 0.314457 1
g7 1 3 g7 1 13 0.020605 0.318646 0
g7 1 12 g7 1 11 0.026067 0.183123 1
g7 1 18 g7 1 9 0.035401 0.360612 1
g7 1 16 g7 1 14 0.032975 0.275268 1
g7 1 16 g7 1 12 0.030891 0.465741 1
g7 1 14 g7 1 14 0.029887 0.254483 1
g7 1 3 g7 1 7 0.023245 0.422698 0
g7 1 15 g7 1 17 0.029734 0.190946 1
g7 1 16 g7 1 13 0.028394 0.260162 1
g7 1 17 g7 1 17 0.029521 0.192655 1
g7 1 12 g7 1 11 0.025166 0.238101 1
g7 1 13 g7 1 17 0.027081 0.210012 1
