g1 2 33 g6 2 56 0.106358 0.166681 1
g1 2 33 g6 2 56 0.104699 0.178525 1
g1 2 33 g6 2 55 0.104988 0.139774 1
g1 2 33 g1 2 33 0.106015 0.130553 1
g1 2 33 g2 2 27 0.104981 0.19495 1
g1 2 33 g1 2 33 0.106525 0.168527 1
g1 2 33 g1 2 33 0.106226 0.123248 1
g1 2 33 g1 2 33 0.105272 0.101358 1
g1 2 33 g1 2 33 0.105467 0.162456 1
g1 2 33 g1 2 33 0.104753 0.12595 1
g1 2 33 g1 2 33 0.106129 0.12644 1
g1 2 33 g1 2 33 0.105603 0.105648 1
g1 2 33 g1 2 33 0.104899 0.0723723 1
g1 2 33 g1 2 33 0.107934 0.118374 1
g1 2 33 g1 2 33 0.105263 0.0790014 1
g1 2 33 g6 2 56 0.107479 0.17731 1
g1 2 33 g1 2 33 0.105041 0.092887 1
g1 2 33 g6 2 56 0.104712 0.177903 1
g1 2 33 g6 2 56 0.105409 0.140694 1
g1 2 33 g6 2 56 0.104448 0.17169 1
g1 2 33 g6 2 56 0.105534 0.127901 1
g1 2 33 g6 2 56 0.10538 0.161248 1
g1 2 33 g2 2 27 0.104821 0.17482 1
g1 2 33 g1 2 33 0.105088 0.0742437 1
g1 2 33 g1 2 33 0.105097 0.0811739 1
g1 2 33 g1 2 33 0.106487 0.108013 1
g1 2 33 g1 2 33 0.104727 0.14407 1
g1 2 33 g1 2 33 0.104974 0.254968 1
g1 2 33 g1 2 33 0.104806 0.194902 1
g1 2 33 g1 2 33 0.104691 0.10414 1
g1 2 33 g1 2 33 0.10549 0.0822829 1
g1 2 33 g1 2 33 0.104783 0.170311 1
g1 2 33 g1 2 33 0.105461 0.0624549 1
g1 2 33 g1 2 33 0.107352 0.236969 1
g1 2 33 g1 2 33 0.110981 0.233862 1
g1 2 33 g1 2 33 0.110016 0.151468 1
g1 2 33 g1 2 33 0.109814 0.152215 1
g1 2 33 g1 2 33 0.108819 0.14012 1
g1 2 33 g1 2 21 0.108713 0.152745 1
g1 2 33 g1 2 33 0.108184 0.108379 1
g1 2 33 g1 2 33 0.105936 0.14372 1
g1 2 33 g1 2 33 0.104793 0.20128 1
g1 2 33 g1 2 33 0.104875 0.236169 1
g1 2 33 g1 2 33 0.105375 0.183422 1
g1 2 33 g1 2 33 0.106349 0.180799 1
g1 2 33 g1 2 33 0.105853 0.23843 1
g1 2 33 g6 2 56 0.105151 0.203994 1
g1 2 33 g6 2 56 0.105045 0.159964 1
g1 2 33 g6 2 56 0.104768 0.150822 1
g1 2 33 g6 2 56 0.105169 0.127534 1
g1 2 33 g6 2 55 0.105843 0.174729 1
g1 2 33 g6 2 55 0.105011 0.160209 1
g1 2 33 g2 2 27 0.105598 0.16465 1
g1 2 33 g1 2 32 0.106513 0.11418 1
g1 2 33 g1 2 33 0.10491 0.0602438 1
g1 2 32 g1 2 32 0.102747 0.0674635 1
g1 2 32 g1 2 32 0.10237 0.0520172 1
g1 2 33 g1 2 32 0.104457 0.0583434 1
g1 2 33 g1 2 33 0.104852 0.0501893 1
g1 2 33 g1 2 33 0.104645 0.0565215 1
g1 2 32 g1 2 32 0.102719 0.0949804 1
g2 2 27 g2 2 12 0.088818 0.095883 1
g2 2 27 g2 2 12 0.088539 0.102008 1
g2 2 27 g2 2 27 0.089985 0.153102 1
g2 2 26 g2 2 12 0.086754 0.15362 1
g2 2 27 g2 2 12 0.088697 0.144121 1
g2 2 26 g2 2 27 0.086878 0.137044 1
g2 2 26 g2 2 12 0.08599 0.144091 1
g2 2 27 g2 2 12 0.088819 0.115246 1
g2 2 27 g2 2 12 0.088648 0.161357 1
g2 2 27 g2 2 27 0.089386 0.140509 1
g2 2 27 g2 2 12 0.088724 0.101916 1
g2 2 27 g2 2 12 0.089312 0.100821 1
g2 2 27 g2 2 12 0.088849 0.125965 1
g2 2 27 g2 2 12 0.088947 0.124293 1
g2 2 27 g2 2 12 0.089548 0.182435 1
g2 2 27 g2 2 12 0.088899 0.155374 1
g2 2 27 g2 2 27 0.08896 0.257073 1
g2 2 27 g2 2 12 0.090374 0.0916269 1
g2 2 27 g2 2 12 0.088374 0.104321 1
g2 2 27 g2 2 12 0.089065 0.142243 1
g2 2 27 g2 2 12 0.088741 0.140669 1
g2 2 27 g2 2 12 0.088611 0.211685 1
g2 2 26 g2 2 12 0.086193 0.146062 1
g2 2 27 g2 2 12 0.089529 0.0951947 1
g2 2 27 g2 2 27 0.088537 0.167053 1
g2 2 27 g2 2 12 0.089844 0.156037 1
g2 2 27 g2 2 27 0.0883 0.228549 1
g2 2 27 g2 2 12 0.088507 0.154894 1
g2 2 27 g2 2 12 0.089318 0.138278 1
g2 2 27 g2 2 27 0.089124 0.124003 1
g2 2 27 g1 2 33 0.089019 0.223774 1
g2 2 27 g2 2 27 0.089342 0.137851 1
g2 2 27 g1 2 33 0.089388 0.267792 1
g2 2 27 g2 2 27 0.089398 0.133122 1
g2 2 27 g2 2 27 0.088916 0.111434 1
g2 2 27 g2 2 27 0.089859 0.12642 1
g2 2 27 g2 2 27 0.090362 0.0814242 1
g2 2 27 g2 2 27 0.088822 0.0882576 1
g2 2 27 g2 2 27 0.088979 0.0779951 1
g2 2 27 g2 2 27 0.08905 0.0751758 1
g2 2 27 g2 2 27 0.088916 0.0575378 1
g2 2 27 g2 2 27 0.089841 0.0624938 1
g2 2 27 g2 2 27 0.089197 0.105617 1
g2 2 27 g2 2 27 0.088996 0.076949 1
g2 2 27 g2 2 27 0.089014 0.0770992 1
g2 2 27 g2 2 27 0.08855 0.145391 1
g2 2 27 g2 2 27 0.090244 0.124194 1
g2 2 27 g2 2 27 0.09002 0.0727694 1
g2 2 27 g2 2 27 0.090333 0.180042 1
g2 2 27 g2 2 27 0.088921 0.0907998 1
g2 2 27 g2 2 27 0.088971 0.0765225 1
g2 2 27 g1 2 33 0.08906 0.21998 1
g2 2 27 g2 2 27 0.088623 0.114932 1
g2 2 27 g2 2 27 0.089942 0.0897603 1
g2 2 27 g1 2 33 0.089627 0.121637 1
g2 2 27 g2 2 27 0.089007 0.0967289 1
g2 2 27 g1 2 33 0.088534 0.194374 1
g2 2 27 g2 2 27 0.088978 0.127309 1
g2 2 27 g2 2 27 0.089034 0.0878336 1
g2 2 27 g2 2 27 0.090644 0.117681 1
g2 2 27 g2 2 27 0.088888 0.086748 1
g2 2 27 g1 2 33 0.089028 0.302663 1
g2 2 27 g2 2 27 0.088754 0.167675 1
g2 2 27 g2 2 12 0.088546 0.143259 1
g2 2 26 g2 2 12 0.087285 0.14167 1
g2 2 27 g2 2 12 0.090182 0.0838797 1
g3 1 49 g3 1 49 0.147975 0.330701 1
g3 1 49 g3 1 49 0.147312 0.217274 1
g3 1 49 g3 1 49 0.148756 0.315258 1
g3 1 49 g3 1 49 0.147835 0.302331 1
g3 1 49 g3 1 49 0.148115 0.335854 1
g3 1 49 g3 1 49 0.148007 0.269522 1
g3 1 49 g3 1 49 0.148895 0.294349 1
g3 1 49 g3 1 49 0.148663 0.31636 1
g3 1 49 g3 1 49 0.152698 0.283664 1
g3 1 49 g4 2 37 0.153125 0.287781 1
g3 1 49 g3 1 49 0.155801 0.324121 0
g3 1 49 g3 1 49 0.152607 0.212523 1
g3 1 49 g3 1 49 0.150946 0.25712 1
g3 1 49 g3 1 49 0.149281 0.254958 1
g3 1 49 g3 1 49 0.148638 0.505198 0
g3 1 49 g3 1 49 0.151044 0.246755 1
g3 1 49 g3 1 49 0.149421 0.215682 1
g3 1 49 g3 1 49 0.149235 0.269261 1
g3 1 49 g3 1 49 0.147842 0.275638 1
g3 1 49 g3 1 49 0.147389 0.233881 1
g3 1 49 g3 1 49 0.146047 0.222527 1
g3 1 49 g3 1 49 0.148542 0.226475 1
g3 1 49 g3 1 49 0.148177 0.272186 1
g3 1 49 g3 1 49 0.147654 0.256986 1
g3 1 49 g3 1 49 0.147419 0.299502 1
g3 1 49 g3 1 49 0.147007 0.260855 1
g3 1 49 g3 1 49 0.147042 0.310445 1
g3 1 49 g3 1 49 0.147225 0.317513 1
g3 1 49 g3 1 49 0.148424 0.277343 1
g3 1 49 g3 1 49 0.147854 0.183312 1
g3 1 49 g3 1 49 0.148465 0.218051 1
g3 1 49 g3 1 49 0.146904 0.293036 1
g3 1 49 g3 1 49 0.148046 0.23132 1
g3 1 49 g3 1 49 0.147815 0.252824 1
g3 1 49 g3 1 49 0.148673 0.239327 1
g3 1 49 g3 1 49 0.14706 0.280139 1
g3 1 49 g3 1 49 0.151717 0.337163 1
g3 1 49 g3 1 49 0.147532 0.253943 1
g3 1 49 g3 1 49 0.14805 0.237707 1
g3 1 49 g3 1 49 0.146946 0.388943 0
g3 1 49 g3 1 49 0.146099 0.788733 0
g3 1 49 g3 1 49 0.146644 0.310289 0
g3 1 49 g3 1 49 0.146689 0.228895 1
g3 1 49 g3 1 49 0.149939 0.182015 1
g3 1 49 g3 1 49 0.147161 0.218549 1
g3 1 49 g3 1 49 0.14641 0.302786 0
g3 1 49 g3 1 49 0.146271 0.329989 0
g3 1 49 g3 1 49 0.147541 0.186134 1
g3 1 49 g3 1 49 0.146546 0.227942 1
g3 1 49 g3 1 49 0.147616 0.354264 0
g3 1 49 g3 1 49 0.146877 0.2603 1
g4 2 37 g4 2 37 0.115173 0.22913 1
g4 2 37 g4 2 37 0.114824 0.0759558 1
g4 2 37 g4 2 37 0.115242 0.162111 1
g4 2 37 g4 2 37 0.114842 0.159127 1
g4 2 37 g4 2 37 0.114991 0.116863 1
g4 2 37 g4 2 37 0.116464 0.175641 1
g4 2 37 g3 1 49 0.115085 0.219294 1
g4 2 37 g4 2 37 0.115986 0.155561 1
g4 2 37 g4 2 37 0.115403 0.143687 1
g4 2 37 g4 2 37 0.116264 0.1502 1
g4 2 37 g4 2 37 0.115011 0.151289 1
g4 2 37 g4 2 37 0.115205 0.118729 1
g4 2 37 g4 2 37 0.115954 0.081459 1
g4 2 37 g4 2 37 0.115787 0.108034 1
g4 2 37 g4 2 37 0.114431 0.122478 1
g4 2 37 g4 2 37 0.114548 0.0790731 1
g4 2 37 g4 2 37 0.11564 0.0670926 1
g4 2 37 g4 2 37 0.114666 0.149698 1
g4 2 37 g4 2 37 0.1156 0.108449 1
g4 2 37 g4 2 37 0.114759 0.104935 1
g4 2 37 g4 2 37 0.115862 0.08818 1
g4 2 37 g4 2 37 0.115308 0.106005 1
g4 2 37 g4 2 37 0.119072 0.151295 1
g4 2 37 g4 2 37 0.115113 0.113359 1
g4 2 37 g4 2 37 0.115861 0.0978435 1
g4 2 37 g4 2 37 0.114876 0.05436 1
g4 2 37 g4 2 37 0.114881 0.0859331 1
g4 2 37 g4 2 37 0.114514 0.108476 1
g4 2 37 g4 2 37 0.116284 0.106489 1
g4 2 37 g4 2 37 0.1152 0.110438 1
g4 2 37 g4 2 37 0.114615 0.0981882 1
g4 2 37 g4 2 37 0.119984 0.106155 1
g4 2 37 g4 2 37 0.119064 0.082789 1
g4 2 37 g4 2 37 0.120799 0.139069 1
g4 2 37 g4 2 37 0.122155 0.108872 1
g4 2 37 g4 2 37 0.120354 0.176961 1
g4 2 37 g4 2 37 0.119733 0.150176 1
g4 2 37 g4 2 37 0.115753 0.0724589 1
g4 2 37 g4 2 37 0.115462 0.0970967 1
g4 2 37 g4 2 37 0.115671 0.118799 1
g4 2 37 g4 2 37 0.114872 0.070194 1
g4 2 37 g4 2 37 0.116257 0.10715 1
g5 2 48 g5 2 48 0.145592 0.0975162 1
g5 2 48 g5 2 48 0.144897 0.0832539 1
g5 2 48 g5 2 48 0.145378 0.112681 1
g5 2 48 g5 2 48 0.145119 0.115209 1
g5 2 48 g5 2 48 0.144189 0.159301 1
g5 2 48 g5 2 48 0.144613 0.100179 1
g5 2 48 g4 2 37 0.144946 0.1837 1
g5 2 48 g5 2 48 0.145595 0.192324 1
g5 2 48 g5 2 48 0.144297 0.201664 1
g5 2 48 g5 2 48 0.144053 0.11949 1
g5 2 48 g5 2 48 0.144032 0.127738 1
g5 2 48 g5 2 48 0.145105 0.109891 1
g5 2 48 g4 2 37 0.143785 0.169163 1
g5 2 48 g4 2 37 0.144537 0.19797 1
g5 2 48 g5 2 48 0.144618 0.165076 1
g5 2 48 g4 2 37 0.144694 0.235378 1
g5 2 48 g5 2 48 0.1437 0.175071 1
g5 2 48 g5 2 48 0.1436 0.16561 1
g5 2 48 g5 2 48 0.14392 0.159742 1
g5 2 48 g4 2 37 0.14483 0.171922 1
g5 2 48 g5 2 48 0.146387 0.134426 1
g5 2 48 g5 2 48 0.143987 0.172353 1
g5 2 48 g4 2 37 0.144444 0.201128 1
g5 2 48 g5 2 48 0.144842 0.158838 1
g5 2 48 g5 2 48 0.144638 0.136262 1
g5 2 48 g5 2 48 0.143995 0.137027 1
g5 2 48 g4 2 37 0.14588 0.142936 1
g5 2 48 g5 2 48 0.144525 0.160994 1
g5 2 48 g5 2 48 0.14405 0.216707 1
g5 2 48 g5 2 48 0.144816 0.146521 1
g5 2 48 g4 2 37 0.14465 0.190511 1
g5 2 48 g5 2 48 0.144629 0.128274 1
g5 2 48 g5 2 48 0.144625 0.137326 1
g5 2 48 g5 2 48 0.144834 0.129058 1
g5 2 48 g5 2 48 0.14562 0.15175 1
g5 2 48 g5 2 48 0.144364 0.106794 1
g5 2 48 g5 2 48 0.145335 0.123568 1
g5 2 48 g5 2 48 0.152194 0.096398 1
g5 2 48 g5 2 48 0.14963 0.0806814 1
g5 2 48 g5 2 48 0.146668 0.131207 1
g5 2 48 g5 2 48 0.146471 0.121984 1
g5 2 48 g5 2 48 0.14692 0.0930525 1
g5 2 48 g5 2 48 0.147384 0.0996953 1
g5 2 48 g5 2 48 0.14816 0.0973206 1
g5 2 48 g5 2 48 0.145818 0.0780972 1
g6 2 56 g6 2 56 0.164638 0.0786338 1
g6 2 56 g6 2 56 0.164682 0.0884985 1
g6 2 56 g6 2 56 0.164934 0.0843714 1
g6 2 56 g6 2 56 0.164182 0.171362 1
g6 2 56 g6 2 56 0.165807 0.0692871 1
g6 2 56 g6 2 56 0.165221 0.120376 1
g6 2 56 g6 2 56 0.164741 0.0904346 1
g6 2 56 g6 2 56 0.165028 0.124258 1
g6 2 56 g6 2 56 0.164309 0.0940603 1
g6 2 56 g6 2 56 0.166601 0.0962626 1
g6 2 56 g6 2 56 0.165648 0.149924 1
g6 2 56 g6 2 56 0.16447 0.0877787 1
g6 2 56 g6 2 56 0.165404 0.0833419 1
g6 2 56 g6 2 56 0.171674 0.120267 1
g6 2 56 g6 2 56 0.171111 0.159223 1
g6 2 56 g6 2 56 0.172995 0.0808913 1
g6 2 56 g6 2 56 0.172864 0.0908611 1
g6 2 56 g6 2 56 0.164152 0.0875603 1
g6 2 56 g6 2 56 0.164785 0.081937 1
g6 2 56 g6 2 56 0.164751 0.131758 1
g6 2 56 g6 2 56 0.165257 0.0938367 1
g6 2 54 g6 2 56 0.160365 0.142426 1
g6 2 56 g6 2 56 0.164521 0.0966388 1
g6 2 56 g6 2 56 0.166595 0.114979 1
g6 2 56 g6 2 56 0.164279 0.117433 1
g6 2 56 g6 2 56 0.165006 0.220097 1
g6 2 56 g6 2 56 0.165337 0.106063 1
g6 2 56 g6 2 56 0.166068 0.0800952 1
g6 2 56 g6 2 56 0.164809 0.0927479 1
g6 2 56 g6 2 56 0.167192 0.0991453 1
g6 2 56 g6 2 56 0.165638 0.073562 1
g6 2 56 g6 2 56 0.164839 0.0979762 1
g6 2 56 g6 2 56 0.165123 0.347472 1
g6 2 56 g1 2 33 0.166871 0.247053 1
g6 2 56 g6 2 56 0.164046 0.0343923 1
g6 2 56 g6 2 56 0.164282 0.0761623 1
g6 2 56 g6 2 56 0.16473 0.06028 1
g6 2 56 g6 2 56 0.16469 0.0584423 1
g6 2 56 g6 2 56 0.164443 0.0680608 1
g6 2 56 g6 2 56 0.166044 0.0644937 1
g6 2 56 g6 2 56 0.16558 0.0931687 1
g7 1 43 g7 1 43 0.131706 0.272561 1
g7 1 43 g7 1 43 0.131726 0.26921 1
g7 1 43 g7 1 43 0.131948 0.311809 1
g7 1 43 g7 1 43 0.131284 0.162659 1
g7 1 43 g7 1 43 0.130853 0.28343 1
g7 1 43 g7 1 43 0.132203 0.204566 1
g7 1 43 g7 1 43 0.131903 0.299739 1
g7 1 43 g7 1 43 0.130517 0.125977 1
g7 1 43 g7 1 43 0.130463 0.219629 1
g7 1 43 g7 1 43 0.130712 0.254563 1
g7 1 43 g7 1 43 0.13085 0.217455 1
g7 1 43 g7 1 43 0.13148 0.1793 1
g7 1 43 g7 1 43 0.130066 0.220409 1
g7 1 43 g7 1 43 0.131072 0.194166 1
g7 1 43 g7 1 43 0.131185 0.213319 1
g7 1 43 g7 1 43 0.130405 0.185854 1
g7 1 43 g7 1 43 0.130534 0.159308 1
g7 1 43 g7 1 43 0.130008 0.230502 1
g7 1 43 g7 1 43 0.130648 0.270673 1
g7 1 43 g7 1 43 0.130237 0.161154 1
g7 1 43 g7 1 43 0.131673 0.272425 1
g7 1 43 g7 1 43 0.130601 0.0389376 1
g7 1 43 g7 1 43 0.131226 0.243916 1
g7 1 43 g7 1 43 0.130557 0.233022 1
g7 1 43 g7 1 43 0.131456 0.333899 1
g7 1 43 g7 1 43 0.130545 0.358789 0
g7 1 43 g2 2 27 0.131104 0.464621 0
g7 1 43 g7 1 43 0.130223 0.166924 1
g7 1 43 g2 2 27 0.132254 0.657535 0
g7 1 43 g7 1 43 0.130188 0.397234 1
g7 1 43 g7 1 43 0.130843 0.208078 1
g7 1 43 g7 1 43 0.130369 0.301138 1
g7 1 43 g2 2 27 0.130402 0.420959 0
g7 1 43 g7 1 43 0.133111 0.221733 1
g7 1 43 g7 1 43 0.130923 0.209848 1
g7 1 43 g7 1 43 0.130643 0.324338 1
g7 1 43 g7 1 43 0.131276 0.345738 1
g7 1 43 g7 1 43 0.131154 0.228881 1
g7 1 43 g7 1 43 0.131405 0.30281 1
g7 1 43 g7 1 43 0.130917 0.227057 1
g7 1 43 g7 1 43 0.132534 0.289953 1
g7 1 43 g7 1 43 0.137344 0.187525 1
g7 1 43 g7 1 43 0.136055 0.300574 1
g7 1 43 g7 1 43 0.139464 0.188341 1
g7 1 41 g7 1 43 0.130241 0.335054 1
g7 1 43 g7 1 43 0.135705 0.196151 1
g7 1 43 g7 1 43 0.132259 0.157019 1
g7 1 43 g7 1 43 0.131589 0.274405 1
g7 1 43 g7 1 43 0.130776 0.188584 1
g7 1 43 g7 1 43 0.131085 0.239436 1
g7 1 43 g7 1 43 0.130942 0.304761 1
g7 1 43 g7 1 43 0.130639 0.27846 1
g7 1 43 g7 1 43 0.130809 0.164818 1
g7 1 43 g7 1 43 0.133241 0.26754 1
g7 1 43 g7 1 43 0.132542 0.25315 1
g7 1 43 g7 1 43 0.13238 0.362166 1
g7 1 43 g7 1 43 0.132291 0.232568 1
g7 1 35 g7 1 43 0.12183 0.232495 1
g7 1 43 g7 1 43 0.13344 0.161856 1
g7 1 43 g7 1 43 0.131268 0.210066 1
g7 1 43 g7 1 43 0.131601 0.151996 1
g7 1 43 g7 1 43 0.131557 0.185515 1
g7 1 43 g7 1 43 0.133636 0.175179 1
