g1 2 65 g6 2 112 0.352319 0.161812 1
g1 2 65 g6 2 112 0.351162 0.173438 1
g1 2 65 g6 2 112 0.350958 0.137112 1
g1 2 65 g1 2 65 0.35707 0.117521 1
g1 2 65 g2 2 53 0.350403 0.188439 1
g1 2 65 g1 2 65 0.349221 0.163434 1
g1 2 65 g1 2 65 0.351979 0.118417 1
g1 2 65 g1 2 65 0.353434 0.0946396 1
g1 2 65 g1 2 65 0.350044 0.15611 1
g1 2 65 g1 2 65 0.352456 0.108527 1
g1 2 65 g1 2 65 0.357847 0.119704 1
g1 2 65 g1 2 65 0.367177 0.0970407 1
g1 2 65 g1 2 65 0.355974 0.0702447 1
g1 2 65 g1 2 65 0.349552 0.0726813 1
g1 2 65 g1 2 65 0.350769 0.0709306 1
g1 2 65 g6 2 112 0.352424 0.167786 1
g1 2 65 g1 2 65 0.349613 0.0862897 1
g1 2 65 g6 2 112 0.350293 0.175632 1
g1 2 65 g6 2 112 0.350614 0.13811 1
g1 2 65 g6 2 112 0.348947 0.167155 1
g1 2 65 g6 2 112 0.350715 0.120528 1
g1 2 65 g6 2 112 0.348795 0.158477 1
g1 2 65 g2 2 53 0.352819 0.169749 1
g1 2 65 g1 2 65 0.351268 0.0689892 1
g1 2 65 g1 2 65 0.349335 0.0741258 1
g1 2 65 g1 2 65 0.349181 0.099654 1
g1 2 65 g1 2 65 0.350812 0.137917 1
g1 2 65 g1 2 65 0.348093 0.252406 1
g1 2 65 g1 2 65 0.34858 0.191691 1
g1 2 65 g1 2 65 0.350899 0.0961726 1
g1 2 65 g1 2 65 0.348577 0.076906 1
g1 2 65 g1 2 65 0.350165 0.16909 1
g1 2 65 g1 2 65 0.350542 0.0552507 1
g1 2 65 g1 2 65 0.349821 0.22716 1
g1 2 65 g1 2 65 0.349725 0.229725 1
g1 2 65 g1 2 65 0.34903 0.145862 1
g1 2 65 g1 2 65 0.349498 0.148087 1
g1 2 65 g1 2 65 0.350519 0.134808 1
g1 2 65 g1 2 41 0.351041 0.146149 1
g1 2 65 g1 2 65 0.368809 0.116188 1
g1 2 65 g1 2 65 0.362203 0.141814 1
g1 2 65 g1 2 65 0.347979 0.19613 1
g1 2 65 g1 2 65 0.350816 0.180934 1
g1 2 65 g1 2 65 0.350796 0.178522 1
g1 2 65 g1 2 65 0.347913 0.174234 1
g1 2 65 g1 2 65 0.350318 0.233006 1
g1 2 65 g6 2 112 0.350743 0.199103 1
g1 2 65 g6 2 112 0.348337 0.165618 1
g1 2 65 g6 2 112 0.350347 0.147701 1
g1 2 65 g6 2 112 0.35072 0.121644 1
g1 2 65 g6 2 112 0.349696 0.168558 1
g1 2 65 g2 2 53 0.350623 0.253286 1
g1 2 65 g2 2 53 0.351711 0.15606 1
g1 2 65 g1 2 65 0.348185 0.0632303 1
g1 2 65 g1 2 65 0.350832 0.0547527 1
g1 2 65 g1 2 65 0.350044 0.0655741 1
g1 2 65 g1 2 65 0.349434 0.0515014 1
g1 2 65 g1 2 65 0.351942 0.0544297 1
g1 2 65 g1 2 65 0.350184 0.0462713 1
g1 2 65 g1 2 65 0.350522 0.0540093 1
g1 2 65 g1 2 65 0.351027 0.0915711 1
g2 2 53 g2 2 24 0.293165 0.0782685 1
g2 2 53 g2 2 24 0.295292 0.082707 1
g2 2 53 g2 2 53 0.294119 0.152774 1
g2 2 53 g2 2 24 0.294447 0.139136 1
g2 2 53 g2 2 24 0.295318 0.128682 1
g2 2 53 g2 2 53 0.294591 0.13561 1
g2 2 53 g2 2 24 0.294008 0.131293 1
g2 2 53 g2 2 24 0.299567 0.0908677 1
g2 2 53 g2 2 24 0.306927 0.145997 1
g2 2 53 g2 2 53 0.304792 0.128333 1
g2 2 53 g2 2 24 0.29356 0.0797842 1
g2 2 53 g2 2 24 0.294219 0.0812767 1
g2 2 53 g2 2 24 0.29503 0.105748 1
g2 2 53 g2 2 24 0.294678 0.106624 1
g2 2 53 g2 2 24 0.294567 0.164357 1
g2 2 53 g2 2 24 0.294824 0.131514 1
g2 2 53 g2 2 53 0.297113 0.255448 1
g2 2 53 g2 2 24 0.293778 0.0701461 1
g2 2 53 g2 2 24 0.294223 0.0821938 1
g2 2 53 g2 2 24 0.295644 0.126373 1
g2 2 53 g2 2 24 0.295045 0.125083 1
g2 2 53 g2 2 24 0.292757 0.195213 1
g2 2 53 g2 2 24 0.294332 0.129692 1
g2 2 53 g2 2 24 0.295018 0.0745533 1
g2 2 53 g2 2 53 0.292734 0.163946 1
g2 2 53 g2 2 24 0.294127 0.139894 1
g2 2 53 g2 2 53 0.294577 0.217763 1
g2 2 53 g2 2 24 0.293794 0.139 1
g2 2 53 g2 2 24 0.293203 0.120724 1
g2 2 53 g2 2 53 0.295737 0.115177 1
g2 2 53 g1 2 65 0.29502 0.216594 1
g2 2 53 g2 2 53 0.295687 0.117955 1
g2 2 53 g1 2 65 0.29704 0.255139 1
g2 2 53 g2 2 53 0.295925 0.130286 1
g2 2 53 g2 2 53 0.293196 0.104322 1
g2 2 53 g2 2 53 0.294748 0.117802 1
g2 2 53 g2 2 53 0.294809 0.0774442 1
g2 2 53 g2 2 53 0.29517 0.0773375 1
g2 2 53 g2 2 53 0.293808 0.0748174 1
g2 2 53 g2 2 53 0.295019 0.0639968 1
g2 2 53 g2 2 53 0.29587 0.0547467 1
g2 2 53 g2 2 53 0.301492 0.0563642 1
g2 2 53 g2 2 53 0.309643 0.0933418 1
g2 2 53 g2 2 53 0.302401 0.0672999 1
g2 2 53 g2 2 53 0.295023 0.0699683 1
g2 2 53 g2 2 53 0.295841 0.138007 1
g2 2 53 g2 2 53 0.295886 0.118029 1
g2 2 53 g2 2 53 0.295026 0.0628568 1
g2 2 53 g2 2 53 0.296105 0.168804 1
g2 2 53 g2 2 53 0.294098 0.0819536 1
g2 2 53 g2 2 53 0.295265 0.0672253 1
g2 2 53 g1 2 65 0.294032 0.214391 1
g2 2 53 g2 2 53 0.293995 0.100792 1
g2 2 53 g2 2 53 0.302882 0.0711427 1
g2 2 53 g1 2 65 0.296939 0.115847 1
g2 2 53 g2 2 53 0.295731 0.0921592 1
g2 2 53 g1 2 65 0.295152 0.189289 1
g2 2 53 g2 2 53 0.295709 0.115264 1
g2 2 53 g2 2 53 0.293162 0.104739 1
g2 2 53 g2 2 53 0.294083 0.109129 1
g2 2 53 g2 2 53 0.296076 0.0776364 1
g2 2 53 g1 2 65 0.293733 0.293446 1
g2 2 53 g2 2 53 0.293394 0.1597 1
g2 2 53 g2 2 24 0.293881 0.126627 1
g2 2 53 g2 2 24 0.29567 0.128294 1
g2 2 53 g2 2 24 0.294803 0.0629153 1
g3 1 98 g3 1 98 0.512694 0.36018 1
g3 1 98 g3 1 98 0.51175 0.211955 1
g3 1 98 g3 1 98 0.518509 0.309308 1
g3 1 98 g3 1 98 0.511767 0.246332 1
g3 1 98 g3 1 98 0.515872 0.335024 1
g3 1 98 g3 1 98 0.534476 0.262819 1
g3 1 98 g3 1 98 0.525201 0.293142 1
g3 1 98 g3 1 98 0.51267 0.307469 1
g3 1 98 g3 1 98 0.511412 0.277916 1
g3 1 98 g4 2 74 0.509319 0.28273 1
g3 1 98 g3 1 98 0.511726 0.295746 1
g3 1 98 g3 1 98 0.511128 0.212795 1
g3 1 98 g3 1 98 0.515577 0.254354 1
g3 1 98 g3 1 98 0.513816 0.250426 1
g3 1 98 g3 1 98 0.511269 0.499343 0
g3 1 98 g3 1 98 0.510984 0.242765 1
g3 1 98 g3 1 98 0.51307 0.214114 1
g3 1 98 g3 1 98 0.5122 0.264973 1
g3 1 98 g3 1 98 0.514061 0.271708 1
g3 1 98 g3 1 98 0.512742 0.22965 1
g3 1 98 g3 1 98 0.514084 0.21709 1
g3 1 98 g3 1 98 0.516631 0.219082 1
g3 1 98 g3 1 98 0.525951 0.270198 1
g3 1 98 g3 1 98 0.515045 0.25565 1
g3 1 98 g3 1 98 0.536712 0.297618 1
g3 1 98 g3 1 98 0.549058 0.258258 1
g3 1 98 g3 1 98 0.528874 0.304167 1
g3 1 98 g3 1 98 0.510337 0.313484 1
g3 1 98 g3 1 98 0.514582 0.272648 1
g3 1 98 g3 1 98 0.512874 0.180407 1
g3 1 98 g3 1 98 0.514507 0.213158 1
g3 1 98 g3 1 98 0.513485 0.286524 1
g3 1 98 g3 1 98 0.510291 0.229179 1
g3 1 98 g3 1 98 0.516659 0.249997 1
g3 1 98 g3 1 98 0.517008 0.236008 1
g3 1 98 g3 1 98 0.512799 0.272052 1
g3 1 98 g3 1 98 0.513484 0.33121 1
g3 1 98 g3 1 98 0.512449 0.246374 1
g3 1 98 g3 1 98 0.513797 0.233232 1
g3 1 98 g3 1 98 0.511619 0.385774 0
g3 1 98 g3 1 98 0.509681 0.779801 0
g3 1 98 g3 1 98 0.513664 0.305591 0
g3 1 98 g3 1 98 0.518753 0.2217 1
g3 1 98 g3 1 98 0.514341 0.179947 1
g3 1 98 g3 1 98 0.531031 0.21491 1
g3 1 98 g3 1 98 0.514108 0.305804 0
g3 1 98 g3 1 98 0.509519 0.331812 0
g3 1 98 g3 1 98 0.510599 0.184555 1
g3 1 98 g3 1 98 0.508559 0.222942 1
g3 1 98 g3 1 98 0.511783 0.345167 0
g3 1 98 g3 1 98 0.50926 0.252496 1
g4 2 74 g4 2 74 0.393133 0.223711 1
g4 2 74 g4 2 74 0.395329 0.0671851 1
g4 2 74 g4 2 74 0.394288 0.157133 1
g4 2 74 g4 2 74 0.392886 0.15629 1
g4 2 74 g4 2 74 0.393112 0.112086 1
g4 2 74 g4 2 74 0.392942 0.137239 1
g4 2 74 g3 1 98 0.392242 0.217043 1
g4 2 74 g4 2 74 0.393553 0.150237 1
g4 2 74 g4 2 74 0.394416 0.136085 1
g4 2 74 g4 2 74 0.39337 0.149141 1
g4 2 74 g4 2 74 0.393754 0.142135 1
g4 2 74 g4 2 74 0.393045 0.112578 1
g4 2 74 g4 2 74 0.394053 0.0724128 1
g4 2 74 g4 2 74 0.39159 0.105821 1
g4 2 74 g4 2 74 0.392395 0.118064 1
g4 2 74 g4 2 74 0.392655 0.0747759 1
g4 2 74 g4 2 74 0.40971 0.0641672 1
g4 2 74 g4 2 74 0.40396 0.140011 1
g4 2 74 g4 2 74 0.393696 0.106466 1
g4 2 74 g4 2 74 0.394433 0.117383 1
g4 2 74 g4 2 74 0.393174 0.0826002 1
g4 2 74 g4 2 74 0.394396 0.096624 1
g4 2 74 g4 2 74 0.393026 0.146057 1
g4 2 74 g4 2 74 0.39275 0.110663 1
g4 2 74 g4 2 74 0.393221 0.094165 1
g4 2 74 g4 2 74 0.393148 0.0490376 1
g4 2 74 g4 2 74 0.39272 0.083083 1
g4 2 74 g4 2 74 0.390314 0.102879 1
g4 2 74 g4 2 74 0.393008 0.0967487 1
g4 2 74 g4 2 74 0.394147 0.104358 1
g4 2 74 g4 2 74 0.391527 0.0972225 1
g4 2 74 g4 2 74 0.393173 0.103959 1
g4 2 74 g4 2 74 0.392202 0.0800047 1
g4 2 74 g4 2 74 0.395361 0.137668 1
g4 2 74 g4 2 74 0.393472 0.099329 1
g4 2 74 g4 2 74 0.394351 0.172436 1
g4 2 74 g4 2 74 0.394653 0.141097 1
g4 2 74 g4 2 74 0.393358 0.0681761 1
g4 2 74 g4 2 74 0.407269 0.0901587 1
g4 2 74 g4 2 74 0.396168 0.112178 1
g4 2 74 g4 2 74 0.393291 0.0652174 1
g4 2 74 g4 2 74 0.401896 0.0997791 1
g5 2 96 g5 2 96 0.526375 0.0910523 1
g5 2 96 g5 2 96 0.504545 0.0804548 1
g5 2 96 g5 2 96 0.506128 0.104936 1
g5 2 96 g5 2 96 0.505261 0.107929 1
g5 2 96 g5 2 96 0.503955 0.154209 1
g5 2 96 g5 2 96 0.506363 0.0920112 1
g5 2 96 g4 2 74 0.502999 0.181517 1
g5 2 96 g5 2 96 0.505568 0.185196 1
g5 2 96 g5 2 96 0.502224 0.199838 1
g5 2 96 g5 2 96 0.503106 0.11682 1
g5 2 96 g5 2 96 0.502215 0.125007 1
g5 2 96 g5 2 96 0.503097 0.105747 1
g5 2 96 g4 2 74 0.504084 0.163969 1
g5 2 96 g4 2 74 0.50273 0.192148 1
g5 2 96 g5 2 96 0.503206 0.160552 1
g5 2 96 g5 2 96 0.50283 0.184543 1
g5 2 96 g5 2 96 0.503745 0.168352 1
g5 2 96 g5 2 96 0.51575 0.160815 1
g5 2 96 g5 2 96 0.511862 0.153879 1
g5 2 96 g4 2 74 0.524878 0.168499 1
g5 2 96 g5 2 96 0.51784 0.128953 1
g5 2 96 g4 2 74 0.50935 0.174078 1
g5 2 96 g4 2 74 0.502783 0.201135 1
g5 2 96 g5 2 96 0.50317 0.150172 1
g5 2 96 g5 2 96 0.50423 0.126765 1
g5 2 96 g5 2 96 0.502475 0.131147 1
g5 2 96 g4 2 74 0.502819 0.138543 1
g5 2 96 g5 2 96 0.503752 0.156171 1
g5 2 96 g5 2 96 0.504572 0.209177 1
g5 2 96 g5 2 96 0.503789 0.150451 1
g5 2 96 g4 2 74 0.501446 0.182582 1
g5 2 96 g5 2 96 0.502566 0.121621 1
g5 2 96 g5 2 96 0.502633 0.126337 1
g5 2 96 g5 2 96 0.505642 0.124958 1
g5 2 96 g5 2 96 0.502779 0.143035 1
g5 2 96 g5 2 96 0.503889 0.100941 1
g5 2 96 g5 2 96 0.506074 0.115965 1
g5 2 96 g5 2 96 0.503685 0.090756 1
g5 2 96 g5 2 96 0.502479 0.0741767 1
g5 2 96 g5 2 96 0.534749 0.127096 1
g5 2 96 g5 2 96 0.514692 0.116368 1
g5 2 96 g5 2 96 0.509739 0.0830131 1
g5 2 96 g5 2 96 0.508366 0.094202 1
g5 2 96 g5 2 96 0.507734 0.0877415 1
g5 2 96 g5 2 96 0.506437 0.0730317 1
g6 2 112 g6 2 112 0.57751 0.0753277 1
g6 2 112 g6 2 112 0.579472 0.0862542 1
g6 2 112 g6 2 112 0.577764 0.0810127 1
g6 2 112 g6 2 112 0.578068 0.170093 1
g6 2 112 g6 2 112 0.577245 0.0664292 1
g6 2 112 g6 2 112 0.579956 0.119288 1
g6 2 112 g6 2 112 0.577858 0.088792 1
g6 2 112 g6 2 112 0.577698 0.122124 1
g6 2 112 g6 2 112 0.577984 0.0930379 1
g6 2 112 g6 2 112 0.578469 0.0937367 1
g6 2 112 g6 2 112 0.582785 0.148243 1
g6 2 112 g6 2 112 0.582 0.0828775 1
g6 2 112 g6 2 112 0.604883 0.0803883 1
g6 2 112 g6 2 112 0.580488 0.11667 1
g6 2 112 g6 2 112 0.578397 0.156634 1
g6 2 112 g6 2 112 0.579052 0.0797645 1
g6 2 112 g6 2 112 0.578848 0.0891681 1
g6 2 112 g6 2 112 0.578902 0.0848376 1
g6 2 112 g6 2 112 0.578726 0.0796534 1
g6 2 112 g6 2 112 0.579242 0.131192 1
g6 2 112 g6 2 112 0.579558 0.0918312 1
g6 2 112 g6 2 112 0.574883 0.141684 1
g6 2 112 g6 2 112 0.581267 0.0928005 1
g6 2 112 g6 2 112 0.578864 0.11205 1
g6 2 112 g6 2 112 0.578434 0.114038 1
g6 2 112 g6 2 112 0.57828 0.218631 1
g6 2 112 g6 2 112 0.579101 0.104222 1
g6 2 112 g6 2 112 0.583265 0.0771323 1
g6 2 112 g6 2 112 0.577609 0.0912054 1
g6 2 112 g6 2 112 0.605176 0.0956889 1
g6 2 112 g6 2 112 0.585188 0.0718754 1
g6 2 112 g6 2 112 0.580074 0.0960291 1
g6 2 112 g6 2 112 0.578647 0.346911 1
g6 2 112 g1 2 65 0.580365 0.241875 1
g6 2 112 g6 2 112 0.577663 0.0321338 1
g6 2 112 g6 2 112 0.577355 0.0748569 1
g6 2 112 g6 2 112 0.580365 0.0566425 1
g6 2 112 g6 2 112 0.57756 0.0559385 1
g6 2 112 g6 2 112 0.578243 0.0662579 1
g6 2 112 g6 2 112 0.578119 0.0614317 1
g6 2 112 g6 2 112 0.577916 0.0892859 1
g7 1 85 g7 1 85 0.448699 0.264863 1
g7 1 85 g7 1 85 0.44857 0.263468 1
g7 1 85 g7 1 85 0.446552 0.366212 1
g7 1 85 g7 1 85 0.449313 0.157043 1
g7 1 85 g7 1 85 0.446721 0.27646 1
g7 1 85 g7 1 85 0.447839 0.196883 1
g7 1 85 g7 1 85 0.451569 0.296688 1
g7 1 85 g7 1 85 0.466669 0.123668 1
g7 1 85 g7 1 85 0.452733 0.21502 1
g7 1 85 g7 1 85 0.447906 0.250412 1
g7 1 85 g7 1 85 0.446307 0.211277 1
g7 1 85 g7 1 85 0.446929 0.174325 1
g7 1 85 g7 1 85 0.446677 0.216302 1
g7 1 85 g7 1 85 0.445085 0.187429 1
g7 1 85 g7 1 85 0.444778 0.210315 1
g7 1 85 g7 1 85 0.445232 0.183139 1
g7 1 85 g7 1 85 0.445932 0.154067 1
g7 1 85 g7 1 85 0.446459 0.226232 1
g7 1 85 g7 1 85 0.447078 0.267037 1
g7 1 85 g7 1 85 0.446292 0.157309 1
g7 1 85 g7 1 85 0.445785 0.266882 1
g7 1 85 g7 1 85 0.448788 0.0352163 1
g7 1 85 g7 1 85 0.446098 0.237113 1
g7 1 85 g7 1 85 0.446019 0.23086 1
g7 1 85 g7 1 85 0.446707 0.327212 1
g7 1 85 g7 1 85 0.446149 0.351013 1
g7 1 85 g2 2 53 0.446514 0.456994 0
g7 1 85 g7 1 85 0.447281 0.15892 1
g7 1 85 g2 2 53 0.447438 0.646053 0
g7 1 85 g3 1 98 0.463647 0.625845 0
g7 1 85 g7 1 85 0.458476 0.205379 1
g7 1 85 g7 1 85 0.445687 0.292581 1
g7 1 85 g2 2 53 0.446981 0.408984 0
g7 1 85 g7 1 85 0.444247 0.220528 1
g7 1 85 g7 1 85 0.446686 0.207287 1
g7 1 85 g7 1 85 0.447591 0.314369 1
g7 1 85 g7 1 85 0.446667 0.259836 1
g7 1 85 g7 1 85 0.447032 0.222732 1
g7 1 85 g7 1 85 0.445977 0.297707 1
g7 1 85 g7 1 85 0.447482 0.22491 1
g7 1 85 g7 1 85 0.447306 0.281206 1
g7 1 85 g7 1 85 0.44813 0.17802 1
g7 1 85 g7 1 85 0.446567 0.294118 1
g7 1 85 g7 1 85 0.448692 0.26686 1
g7 1 85 g7 1 85 0.445214 0.328672 1
g7 1 85 g7 1 85 0.446869 0.192372 1
g7 1 85 g7 1 85 0.448109 0.154053 1
g7 1 85 g7 1 85 0.447637 0.264187 1
g7 1 85 g7 1 85 0.448813 0.18413 1
g7 1 85 g7 1 85 0.448717 0.233207 1
g7 1 85 g7 1 85 0.44715 0.297095 1
g7 1 85 g7 1 85 0.454514 0.209562 1
g7 1 85 g7 1 85 0.46522 0.160422 1
g7 1 85 g7 1 85 0.45232 0.257999 1
g7 1 85 g7 1 85 0.452645 0.247709 1
g7 1 85 g7 1 85 0.449655 0.350946 1
g7 1 85 g7 1 85 0.452396 0.226118 1
g7 1 85 g7 1 85 0.44685 0.226787 1
g7 1 85 g7 1 85 0.449394 0.155342 1
g7 1 85 g7 1 85 0.448915 0.202614 1
g7 1 85 g7 1 85 0.448998 0.142063 1
g7 1 85 g7 1 85 0.449882 0.181692 1
g7 1 85 g7 1 85 0.450609 0.168195 1
