gesture a06 hands 2
0.938574 0.482655 1.19935 0.925706 0.948372 1.06781
1.24788 0.949028 0.988469 0.972351 0.960191 1.01187
1.13385 1.31482 1.37619 1.04962 1.01395 0.93111
0.909392 1.57805 0.734559 0.964094 1.00581 0.908307
0.886695 1.1714 0.557135 0.925586 0.96752 0.960708
0.9848 0.518242 1.18043 0.931977 0.893951 1.17208
0.951819 0.549754 1.24479 0.972937 0.98359 1.08163
end
gesture a06 hands 2
0.928005 0.438638 1.2921 0.944393 0.981762 1.0923
1.18539 0.782681 1.01244 0.98733 1.01876 0.945502
1.14455 1.19493 1.31025 0.954469 0.960919 0.892363
0.924883 1.14694 1.39767 0.929264 0.903906 0.951144
0.959845 1.53792 0.87434 0.938357 0.926963 1.08499
0.977528 0.788806 0.690649 0.959628 0.910609 1.03431
0.913757 0.453041 1.15929 0.927279 0.964471 1.18594
end
gesture a06 hands 2
0.900299 0.601686 1.19998 0.952952 0.963518 1.11312
1.1604 1.32255 1.25797 0.958608 0.992517 0.897649
0.92954 1.36259 1.31301 0.944863 0.948182 0.928124
0.938423 1.68091 0.743175 0.942813 0.964628 1.15118
1.02056 0.732662 0.826144 0.957025 0.969686 1.13961
0.9271 0.616458 1.2635 0.93465 0.973862 0.995072
0.864143 0.587639 1.10772 0.983244 0.958858 0.983878
end
gesture a06 hands 2
0.898899 0.702814 1.11441 0.880229 0.871591 1.15114
1.07632 0.952841 1.17422 1.11891 1.01454 0.94457
1.18729 1.22394 1.26772 0.950328 0.946744 0.885845
0.907684 1.41477 0.93589 0.827403 1.38227 0.967365
1.04504 1.24347 0.697076 0.883122 1.37602 0.986096
1.04221 0.793891 0.834945 0.898703 0.873621 0.898194
0.94976 0.666836 1.16946 0.902964 0.796289 1.18704
end
gesture a06 hands 2
0.93438 0.688278 1.1938 0.879858 0.74611 1.17151
1.07467 1.04246 1.03666 1.13186 0.865422 0.943389
1.18561 1.44776 1.27562 1.05393 1.34769 1.09181
0.920987 1.48029 0.922683 1.05553 1.24427 0.979605
0.987622 1.1727 0.649354 0.840473 1.32585 0.898322
0.999803 0.746928 0.919817 0.929097 0.801083 0.951794
0.979188 0.696587 1.17101 0.95657 0.767995 1.14011
end
gesture a06 hands 2
0.984913 0.548524 1.10159 0.966586 0.812679 1.12243
1.01158 0.593316 1.07498 1.13696 1.0598 0.863952
1.26793 1.00003 1.07459 0.903307 0.96505 0.779479
0.88154 1.25273 0.826023 0.853987 1.38965 0.952183
1.35427 1.03555 1.1582 0.986514 1.28843 0.998545
0.972645 1.22864 1.03411 0.894146 0.849182 1.12995
0.84714 1.15832 1.09887 0.977747 0.82261 1.14476
end
gesture a06 hands 2
0.955261 0.493412 1.20319 1.02798 0.868767 1.02753
1.21878 1.48372 0.976341 0.751243 1.16348 0.58329
1.22702 1.19156 1.33907 0.822881 1.12584 1.18903
1.21849 1.57613 0.828234 1.06006 1.04119 1.32727
0.538353 1.64129 0.572034 0.927031 1.02067 1.41227
1.26957 0.756558 1.00875 1.01223 0.92497 0.922615
0.96274 0.500962 1.23593 1.02125 0.90458 0.990362
end
gesture a06 hands 2
1.01896 0.3993 1.35238 1.00058 0.90558 1.00935
1.32375 0.989024 1.3815 0.785197 1.02796 0.781552
0.843705 1.60663 0.646298 0.834677 1.02252 1.00128
0.652242 1.60191 0.638958 1.19075 1.00182 1.25522
1.1454 0.787799 0.891044 1.12425 0.949745 1.24391
1.07355 0.390735 1.2886 0.84286 0.962935 0.898322
1.01487 0.35828 1.39013 0.941655 0.959523 0.836878
end
gesture a06 hands 2
1.0266 0.481231 1.34075 1.01593 0.936819 1.03544
1.35321 0.763051 1.18951 0.891072 1.03314 1.06341
1.23137 1.21943 1.24371 1.11164 0.98189 1.18513
0.735289 1.65228 0.577103 0.768976 1.05029 1.17216
0.9992 0.943856 0.9417 0.876403 0.925579 0.993766
1.14529 0.812343 0.890505 0.947612 1.00053 0.844994
1.01449 0.471514 1.30444 1.00947 0.920295 1.07307
end
gesture a06 hands 2
1.01321 0.636498 1.1382 0.976539 0.947871 1.03295
1.15547 1.08087 1.01474 0.867131 1.02199 0.908794
0.968441 1.39517 1.30428 0.902324 0.990983 1.02248
0.914239 1.71924 1.02503 0.969267 0.891584 1.25501
0.839221 1.57832 0.685517 0.962892 0.908353 1.27149
0.81979 1.06067 0.729937 0.973825 1.00024 0.971187
1.04206 0.612733 1.2422 0.979632 0.947088 1.03467
end
gesture a06 hands 2
1.00849 0.603299 1.2385 0.952563 0.926765 1.06045
1.23636 0.931493 1.10453 0.924583 0.968797 0.922185
1.02474 1.28643 1.28284 0.958162 0.961015 1.05428
0.993564 1.51777 1.06654 0.940738 0.99228 0.936132
0.815549 1.47122 0.658551 0.973228 0.925682 1.20589
0.820214 0.896806 0.830732 0.955881 0.925404 1.24413
1.00846 0.600065 1.2398 0.92387 0.959731 0.993284
end
gesture a06 hands 2
1.0248 0.658038 1.22124 0.958196 0.955352 0.983806
1.25383 1.06001 1.19853 0.929637 1.04904 0.90796
1.06925 1.27235 1.37203 0.961462 0.99486 1.0258
0.939176 1.62573 1.04604 0.940034 1.02693 0.94536
0.802429 1.54665 0.639811 0.99764 0.930848 1.2287
0.95964 0.705169 1.0418 0.976531 0.973384 1.03918
1.02636 0.665356 1.22683 0.969159 0.941296 1.03956
end
gesture a06 hands 2
1.00558 0.367983 1.20558 0.960651 0.953341 1.03838
0.926625 1.36185 1.27852 0.965457 1.00615 1.02279
0.863795 1.34597 0.690099 0.984984 0.964386 1.05476
0.943923 1.43815 1.16381 0.982302 1.01701 1.05023
0.923497 1.38986 0.650636 0.957048 0.992794 1.01308
1.08149 0.413031 1.1952 1.00217 0.971632 1.06081
0.902569 0.484958 1.04923 0.948419 0.952266 1.04497
end
gesture a06 hands 2
1.01106 0.386817 1.20474 0.962045 0.964156 1.00152
0.936695 1.4418 0.719729 1.00628 0.961932 0.964801
0.964231 1.35106 1.1955 0.994902 0.932725 1.03223
0.927403 1.31271 1.2496 0.961764 0.999669 1.04118
0.866699 1.14539 0.523352 0.989826 0.997577 0.986982
1.13206 0.458914 1.52782 0.946527 0.945585 1.06336
0.976467 0.370308 1.21029 0.987342 0.969306 0.93982
end
gesture a06 hands 2
0.934385 0.386387 1.13392 0.969499 0.93759 1.07482
1.07271 0.594425 0.922034 0.961151 1.006 1.00974
1.05105 1.14366 1.08387 0.969249 0.962238 1.04071
0.925807 1.49646 0.717819 0.979476 0.962667 1.02925
0.900544 1.36489 1.07902 0.980567 0.919866 1.04691
1.16552 0.702826 1.01691 0.956172 0.997694 1.04133
0.939178 0.406136 1.12209 0.959003 0.965744 1.049
end
gesture a06 hands 2
0.93412 0.504427 1.1806 0.953143 0.944267 1.07119
1.08542 0.654041 1.04097 0.969103 0.933618 1.05828
1.10044 1.12592 1.08981 0.956672 0.991433 1.03175
0.888596 1.58549 0.947259 0.968482 0.948228 1.04668
0.925916 1.52224 0.802848 0.950549 0.999514 1.04611
0.994603 0.581823 1.10698 0.960153 0.949904 1.03203
0.927174 0.495217 1.19704 0.964794 0.932018 1.04465
end
gesture a06 hands 2
0.885489 0.465806 1.15264 0.966375 0.93501 1.06306
1.07139 0.93411 0.944876 0.961205 1.00363 1.03138
0.968881 1.19944 1.14214 0.955095 0.948799 1.07583
0.979189 1.5775 0.775796 0.962429 0.946464 1.06355
1.16623 0.670449 1.1531 0.962627 0.922921 1.09795
0.887667 0.465923 1.14627 0.963932 0.964163 1.03415
0.875979 0.449297 1.14613 0.96287 0.922086 1.09866
end
gesture a06 hands 2
0.95893 0.399252 1.19628 0.972753 0.94443 1.07364
1.09156 1.15166 1.12267 0.954407 1.00927 1.00739
0.918874 1.56392 1.11439 0.958312 0.988681 1.05028
0.954937 1.43938 0.602106 0.93013 0.903696 1.01608
1.00619 0.723992 1.00148 0.952707 0.989747 1.04946
1.00079 0.696529 0.900365 0.984121 0.98101 1.12189
0.979901 0.429664 1.22636 0.997856 0.98962 1.05351
end
gesture a06 hands 2
0.976591 0.494545 1.26651 0.974458 0.993958 1.05833
1.03225 1.23014 1.07903 0.952351 0.989041 1.03797
0.920502 1.52791 1.23355 0.947247 0.884148 0.985643
0.922938 1.68382 0.82939 0.981334 0.991095 1.04805
0.942989 0.878968 0.73523 0.969682 0.98181 1.1562
0.981035 0.477787 1.2691 0.940827 0.985696 1.06228
0.961737 0.500473 1.27471 0.979947 0.962497 1.03985
end
gesture a06 hands 2
0.953679 0.520025 1.24903 0.989489 0.97035 0.995739
1.04281 1.09315 1.18067 0.957138 0.985422 1.02531
1.05698 0.680491 1.08544 0.962115 0.901973 0.972953
0.913374 1.7066 1.0164 0.9895 1.00246 1.06036
0.887676 1.44013 0.510686 0.987598 0.959283 1.12605
1.00032 0.684199 0.928799 0.926141 0.963911 1.06518
0.970982 0.528446 1.31111 0.980926 1.00503 1.02581
end
gesture a06 hands 2
0.960498 0.395035 1.22449 0.956529 0.969592 1.05935
1.19515 1.0636 0.967191 0.952616 0.973464 0.981624
1.0758 1.35575 1.14302 0.97696 0.95676 1.02322
0.77653 1.23095 1.33232 0.951963 0.969819 0.973233
0.948127 1.49838 0.810202 1.00065 0.936409 1.05643
1.10163 0.768242 0.798962 0.960388 0.966284 1.05153
0.955704 0.396184 1.26723 0.945624 0.971294 1.09789
end
gesture a06 hands 2
0.966558 0.329468 1.31543 0.946438 0.966494 1.08175
1.09846 0.816765 0.970757 0.969573 0.945234 1.04094
1.07593 1.11845 1.11841 0.952773 0.970581 0.989146
0.957413 1.41893 1.14731 0.956485 0.952 1.08
0.91924 1.05921 0.730711 0.996629 0.909525 1.06565
0.983877 0.454455 0.980684 0.957722 0.945807 1.11028
0.962219 0.35257 1.25469 0.94206 0.98475 1.07999
end
gesture a06 hands 2
0.959965 0.454241 1.31966 0.948412 0.969923 1.06503
1.05211 0.55293 0.99828 0.953871 0.954168 1.01555
1.01509 1.15679 0.956612 0.952515 0.938357 1.03355
0.830446 1.32418 1.33516 0.957892 0.952754 1.00101
0.931208 1.58955 0.990099 0.982876 1.00621 1.08483
1.15406 0.917295 0.723234 0.976693 0.961601 1.06955
1.03985 0.48357 1.10736 0.988163 0.976477 1.04916
end
gesture a06 hands 2
0.981677 0.451286 1.3109 0.945155 0.942921 1.07674
1.15689 0.806429 1.02951 0.9555 0.948735 1.00659
1.0603 1.25126 1.19905 0.943667 0.949604 1.10512
0.900288 1.45569 0.75487 0.949137 0.950283 1.08998
0.952281 0.631057 0.942677 0.935191 0.950757 1.12718
0.964334 0.442268 1.29966 0.954607 0.950962 1.07484
0.96825 0.439572 1.34477 0.926715 0.95191 1.14925
end
gesture a06 hands 2
0.959482 0.42726 1.29373 0.929689 0.952635 1.12019
1.11909 1.11137 1.06325 0.941074 0.974729 1.03416
0.9294 1.3973 1.30523 0.948713 0.953413 1.05401
0.892836 1.59956 1.06605 0.956523 0.951911 1.06424
1.00078 1.17594 0.730918 0.976953 0.941537 1.02459
0.983989 0.596705 0.89369 0.962571 0.945094 1.10188
0.97045 0.47279 1.05805 0.951806 0.949438 1.08747
end
gesture a06 hands 2
0.961049 0.416514 1.26442 0.917127 0.940491 1.12664
1.06361 0.601103 1.04692 0.959383 0.972356 1.01605
1.08142 1.19641 1.10266 0.943748 0.957297 1.06616
0.886033 1.51785 1.16064 0.947091 0.953631 1.06857
0.865893 1.51724 0.852904 0.930066 0.94412 1.11001
0.971424 0.973498 0.746552 0.958253 0.957494 1.04593
0.957618 0.418392 1.17636 0.926169 0.924008 1.1492
end
gesture a15 hands 2
0.996703 0.920909 1.03304 1.04375 0.966964 1.0847
0.965594 0.984048 1.08516 1.02797 0.963007 1.06069
0.920431 0.976255 1.08788 0.910177 0.945342 1.07866
1.0621 1.07708 1.17565 0.772529 0.975089 1.04092
1.02681 1.04705 1.16222 0.921097 0.966262 0.976181
0.934726 0.971439 1.07529 1.048 0.949993 1.0387
0.961703 0.930547 0.974066 1.03126 0.966158 1.08138
end
gesture a15 hands 2
0.948947 0.958925 1.02848 1.00561 0.98008 1.09498
0.946355 0.996935 1.16922 0.840581 0.992861 0.9873
1.03767 1.13273 1.32629 0.82012 0.978424 0.971429
1.04251 1.06217 1.03231 0.951294 0.951502 1.01028
0.981536 0.934512 1.07483 0.836772 0.975356 0.962849
0.95093 0.973968 0.885399 1.01708 0.964323 1.06821
1.00067 0.946239 0.976347 1.06396 0.970452 0.984605
end
gesture a15 hands 2
0.869435 0.87674 0.980579 1.01967 0.961425 1.06448
1.05522 1.03957 1.0331 0.839622 0.966984 1.01649
1.03059 0.953978 1.02687 0.810437 1.0185 0.970352
1.32644 1.50176 1.09448 1.01994 0.937624 0.95183
1.31798 1.44659 1.09426 1.15201 0.995789 1.02301
0.901466 0.863702 1.06744 1.08638 0.987765 0.97838
0.825034 0.885019 1.05148 0.856663 0.959307 1.06843
end
gesture a15 hands 2
1.05766 0.895815 1.13403 0.979749 0.956037 1.10144
0.896254 0.951991 1.03064 0.986021 0.926429 1.06869
0.8537 0.979727 0.977861 0.822473 0.947405 1.13221
0.863654 0.991054 1.05699 0.807934 0.943208 1.06823
0.92423 0.981028 1.02054 0.85968 0.971446 0.962989
1.07993 0.897351 1.10313 1.01055 0.946014 1.03481
1.10148 0.885644 1.12326 1.00516 0.947911 1.11979
end
gesture a15 hands 2
1.07781 0.948645 1.05149 1.05826 0.976287 1.07286
0.974962 0.967526 1.03344 1.00467 0.974557 1.07874
0.996341 0.96236 1.10964 0.88374 0.991266 1.00047
0.913118 0.992126 0.944814 0.819393 0.950486 1.05246
0.885434 1.02899 0.94939 0.991042 0.976013 0.949841
1.02181 0.944801 1.10359 0.963392 0.977141 1.13545
1.03186 0.922789 1.1065 0.967399 0.961115 1.03237
end
gesture a15 hands 2
1.03689 0.896549 1.06544 1.09328 0.968837 1.03822
1.00582 0.87319 1.10674 0.865196 0.955226 1.09802
0.927922 1.03791 1.01335 0.713233 0.993346 1.22967
0.82807 1.08016 0.991014 0.787631 0.982266 0.948643
0.829534 1.03907 0.980348 0.823019 1.01498 1.03397
1.14859 0.916317 0.996087 1.11752 0.955856 1.03168
1.10768 0.895153 1.06176 1.17834 0.966967 0.995943
end
gesture a15 hands 2
1.09836 0.875281 1.07378 1.07552 0.984099 1.01602
1.01254 0.879841 1.05103 0.831468 1.0353 0.796666
1.05552 0.864826 1.09832 0.649166 1.03917 1.26649
1.02025 0.894376 1.03901 0.74377 1.01454 1.34969
0.88198 1.1618 0.961012 0.968285 0.991984 0.901424
1.00137 0.929391 1.08775 0.785795 0.974881 1.26176
1.09628 0.903441 1.02388 1.19451 0.977924 0.953444
end
gesture a15 hands 2
1.10432 0.908183 1.13991 1.18446 1.07747 1.12622
0.9645 0.874905 1.0314 0.902562 0.980669 0.82866
0.936935 1.11376 1.01436 0.661143 0.978884 1.18465
0.906876 1.13287 0.989254 0.725631 0.951169 1.16547
1.0903 1.0237 0.965396 1.08383 1.04489 0.736658
0.951594 1.01262 0.99658 0.828764 1.01648 0.995996
1.03514 0.963254 1.03891 0.898369 1.00749 0.994008
end
gesture a15 hands 2
0.950837 0.927744 1.05365 0.995904 0.969623 1.03134
1.07886 1.02619 1.04936 0.983959 0.946453 1.04146
1.22549 1.1566 1.07892 0.883905 1.0151 1.00715
1.14268 1.09775 1.06504 0.91559 0.982227 0.985623
0.912785 0.983383 1.07754 0.993789 0.962858 1.06953
0.908759 0.948873 0.956931 0.952443 0.965357 1.07973
0.911788 0.935128 0.993841 0.969243 0.95806 0.992687
end
gesture a15 hands 2
0.890713 0.905563 0.995741 0.960571 0.941428 1.01028
0.971563 0.954876 1.04818 0.922668 0.950732 1.05342
1.13181 1.15023 1.01701 0.919039 0.979176 1.03859
0.992997 0.94546 1.11466 0.953219 0.966475 1.00041
0.909684 0.908657 1.02804 1.00283 0.96046 1.11386
0.949058 0.913135 0.982824 1.00798 0.96347 1.03765
0.93955 0.892606 1.04387 1.02386 0.965466 1.10155
end
gesture a15 hands 2
0.925994 0.922238 1.00065 0.992071 0.966684 1.03462
0.926316 0.972861 1.0649 0.905242 0.99016 0.963646
1.02685 1.02172 1.04915 0.915059 0.98307 0.958406
1.15869 1.08452 1.21171 0.953659 0.960736 1.10729
1.02537 0.996829 1.17031 0.967875 0.956986 1.06916
0.91367 0.930413 0.943764 1.04223 0.978725 1.08146
0.957006 0.933926 1.00854 1.04437 0.966681 1.07413
end
gesture a15 hands 2
1.00425 0.937952 1.02353 1.03268 0.981665 1.01439
0.931525 0.965872 1.06093 1.01295 0.97272 1.04118
1.01124 1.02539 1.06524 1.00392 0.983749 1.02796
1.05795 1.05128 1.07127 0.987967 0.975968 1.06218
0.957241 1.04014 0.998789 0.927448 0.958683 1.0692
0.94147 0.971995 1.05909 0.942512 0.94975 1.06035
0.980102 0.938452 1.01398 1.00285 0.996534 0.980438
end
gesture a15 hands 2
0.915992 0.925812 0.996262 0.960623 0.994575 1.0302
0.898564 0.910937 1.01688 0.940979 0.952312 1.08404
0.992636 1.01671 1.02281 0.920826 0.966048 1.0685
1.06577 1.02175 1.1403 0.94734 0.927595 1.07983
1.04298 1.06129 1.19687 0.907034 0.955069 1.04876
0.939699 0.942042 1.0568 1.01969 0.977585 1.00737
0.978565 0.893707 0.989512 1.01718 0.978145 1.02259
end
gesture a15 hands 2
0.959339 0.915885 1.00586 1.01135 0.983124 1.04764
0.896786 0.941052 1.00193 1.0068 0.996114 1.00226
0.979339 1.0139 1.00289 0.997718 0.984207 1.04498
1.06725 1.00839 1.134 0.928115 0.933038 1.07531
1.06941 1.03631 1.20234 0.90627 0.954872 1.04166
1.02775 1.04648 1.14894 0.958757 0.943138 1.05503
0.953842 0.908088 0.996288 1.00831 0.980298 1.00509
end
gesture a15 hands 2
1.0738 0.909025 1.07918 1.02435 0.96585 1.03976
0.88449 1.06269 0.970021 0.934492 0.956652 1.01655
0.827835 1.00546 1.05536 0.89362 0.948125 1.11102
0.837197 1.00845 0.985065 0.965127 0.957496 1.06895
1.02113 0.935962 1.07042 0.902554 0.947159 1.13266
1.07321 0.919716 1.13959 0.99194 0.960297 1.06215
1.02136 0.903911 1.07121 0.984733 0.968191 1.04532
end
gesture a15 hands 2
1.06587 0.87615 1.10161 1.00041 0.954141 1.06928
0.94051 0.987429 1.01091 0.94831 0.982699 1.09992
0.860819 1.01266 1.04548 0.920071 0.977877 1.07424
0.873289 1.01441 1.00617 0.884375 0.910957 1.06676
0.889775 0.976997 1.06504 0.967213 0.923011 1.05047
1.01766 0.927744 1.10018 0.981374 0.947905 1.03316
1.01144 0.907685 1.07791 0.935807 0.945614 1.04879
end
gesture a15 hands 2
0.986091 0.923899 1.07861 0.931329 0.947615 1.03877
0.894643 1.01144 1.02112 0.930876 0.95669 1.07696
0.865852 1.0485 1.02186 0.934146 0.972052 1.05041
0.869535 1.00535 1.03106 0.939214 0.924282 1.05628
0.983771 0.946865 1.08052 1.0297 0.959363 1.07313
1.09892 0.900034 1.02436 1.04327 0.948482 1.07513
1.06563 0.898876 1.0155 1.01066 0.973074 1.04664
end
gesture a15 hands 2
1.00073 0.865209 1.09493 1.03578 0.931404 1.05734
0.939422 1.06099 0.976156 0.95486 0.969598 1.09056
0.922143 1.10939 0.958231 0.878212 0.969378 1.06795
0.951745 0.939509 1.04042 0.811635 0.978251 1.10244
0.976866 0.864492 1.16945 0.847739 0.961325 1.06656
0.969692 0.866287 1.20895 0.986435 0.934042 1.05972
0.956644 0.853782 1.14293 0.978687 0.920421 1.08953
end
gesture a15 hands 2
0.998854 0.851996 1.14985 1.02231 0.934733 1.0954
0.975721 0.909633 1.12231 1.01316 0.953772 1.12811
0.918166 1.01854 0.994494 1.04123 0.93489 1.07323
0.876696 1.07255 0.97248 0.873031 0.95396 1.04345
1.03898 0.884723 1.11036 0.865447 1.00145 0.997983
1.04355 0.856721 1.20565 0.969196 0.920379 1.13024
1.00714 0.844739 1.16669 1.03305 0.947124 1.07593
end
gesture a15 hands 2
1.00007 0.823437 1.16739 1.01801 0.929332 1.10846
0.958869 0.885518 1.12321 0.934556 0.913549 1.11493
0.902796 1.00424 1.00856 0.841484 0.958306 1.05127
0.865189 1.0414 0.979486 0.896388 0.930055 1.08487
0.902761 0.98972 1.00163 0.87403 0.965237 1.0152
1.05097 0.857872 1.21849 0.951292 0.901803 1.11846
1.05269 0.848333 1.23376 0.977591 0.909813 1.13395
end
gesture a16 hands 2
1.00996 0.848516 1.10376 0.946403 0.854442 1.07927
0.992575 1.05682 0.833319 1.03206 1.11477 0.828082
1.00439 0.921315 1.16207 0.985076 0.917132 1.02609
0.90739 1.18143 0.861205 1.04941 1.32873 0.877002
0.916726 1.04921 0.966146 0.999334 1.00267 1.03433
0.858244 1.24073 0.891965 1.00385 1.11228 0.829356
1.04913 0.861588 1.10462 0.952608 0.864254 1.15099
end
gesture a16 hands 2
1.07814 0.859543 1.08602 0.986229 0.861003 1.10318
0.880055 1.328 0.842211 1.08508 1.36358 0.84246
0.972085 1.02752 1.10897 1.0076 0.967664 0.990726
0.918232 1.066 0.954522 1.10592 1.37468 0.882016
0.88299 1.33485 0.863543 0.821514 0.834206 1.16616
0.979494 0.945561 1.09719 0.944301 0.963052 0.885382
1.01098 0.84414 1.10498 0.930095 0.857462 1.19778
end
gesture a16 hands 2
0.984861 0.852682 1.13404 0.892911 0.866037 1.09155
0.893154 1.1843 0.899813 0.844722 0.846612 1.21393
0.949318 1.05753 1.09046 0.959169 1.03885 1.05625
0.895306 1.2884 0.863162 1.05619 1.31279 0.887068
0.961605 1.06238 1.05153 0.995318 1.02215 1.06021
0.889734 1.3207 0.86945 1.04406 1.26236 0.873987
1.04766 0.847279 1.07162 0.978516 0.860766 1.08642
end
gesture a16 hands 2
1.01696 0.785095 1.17018 0.902097 0.764443 1.11878
0.869091 1.16355 0.874288 1.03903 1.08679 0.954205
1.05865 0.893363 1.16476 0.904518 0.797903 1.08543
0.899096 1.17963 0.86213 1.08426 1.21069 0.944277
1.01086 0.886643 1.12936 0.920822 0.986114 1.02934
0.915598 1.19646 0.906966 1.05949 1.23888 0.920866
0.942112 0.953706 1.01828 0.934661 0.820866 1.13848
end
gesture a16 hands 2
1.03166 0.806001 1.18903 0.958697 0.808769 1.20956
0.821177 1.1174 0.847852 1.08162 1.21447 0.91936
1.00804 0.978845 1.16203 0.949797 0.923111 1.16784
0.843496 1.24832 0.844323 1.06138 1.32635 0.921056
0.965394 0.953664 1.05437 0.864786 0.956067 1.08901
0.88847 1.25023 0.81707 1.06873 1.26066 0.796548
1.00382 0.834106 1.0126 0.943975 0.812496 1.10253
end
gesture a16 hands 2
0.977699 0.833104 1.08386 0.931391 0.786859 1.17539
0.811157 1.14534 0.851816 1.03407 1.20861 0.829299
1.04132 0.945024 1.0964 0.859692 0.934285 1.11092
0.851291 1.22011 0.860221 1.04108 1.33793 0.933405
1.08322 1.01596 1.11308 0.880636 0.9162 1.17804
0.864655 1.27056 0.815477 1.04618 1.21766 0.853442
1.03237 0.840886 1.03968 1.0042 0.805443 1.10442
end
gesture a16 hands 2
1.03207 0.859913 1.0825 0.961324 0.860367 1.10594
0.926279 1.24975 0.916285 1.01512 1.14289 0.892124
0.955564 1.03874 0.989633 1.00974 1.14916 0.800112
0.91374 1.05371 0.882238 0.989945 1.19341 0.901529
0.864561 1.21923 0.907461 1.02117 0.973391 1.00553
0.972539 0.887593 1.13907 1.00285 1.08753 1.04383
0.991162 0.891438 1.09456 0.977203 0.894196 1.10743
end
gesture a16 hands 2
1.02473 0.846648 1.12451 0.989325 0.838513 1.1446
0.883736 1.30351 0.908123 0.988387 1.21542 0.837099
0.955187 0.96626 1.07268 0.987913 1.3167 0.883816
0.918545 1.07518 0.916141 0.975757 1.06349 1.03014
0.8397 1.26431 0.922804 0.97912 1.30988 0.865563
0.950619 0.961344 1.06835 0.956833 0.94162 1.08497
1.05329 0.847078 1.07485 0.935551 0.845943 1.07382
end
gesture a16 hands 2
1.02683 0.824176 1.10294 0.921486 0.833837 1.09404
0.864984 1.17461 0.897544 0.98269 1.31017 0.858755
0.837537 1.31003 0.943046 0.960453 0.96768 1.0752
0.891357 1.01243 1.01433 0.993729 1.26897 0.853614
0.81899 1.2822 0.948248 1.02539 1.18574 0.905482
0.962528 0.934234 1.07134 1.01582 0.891591 1.05724
1.03205 0.822442 1.07422 0.952625 0.805142 1.13499
end
gesture a16 hands 2
1.01563 0.802492 1.14423 0.892288 0.783622 1.14317
1.02065 0.861643 1.16042 0.992898 1.24198 0.912383
0.900586 1.01355 0.927907 0.957913 1.04092 0.995808
0.890683 1.27003 0.920841 1.04445 1.04998 0.993342
0.918428 1.17745 0.891835 1.01317 1.07334 0.934353
1.04711 0.829395 1.15757 0.893945 0.809675 1.15596
1.04252 0.806205 1.15539 0.917501 0.792316 1.1624
end
gesture a16 hands 2
1.03788 0.775675 1.15162 0.906231 0.772571 1.11518
0.954649 0.974643 0.93228 0.939637 1.0106 0.902094
0.906831 1.25901 0.876823 0.968804 1.22167 0.899209
0.917001 1.03119 0.966996 0.985616 1.09251 0.967387
0.892848 1.18258 0.952952 1.02684 1.04385 0.974669
0.996204 0.918605 1.10877 0.889208 0.789337 1.23584
1.06239 0.76953 1.21549 0.903926 0.775181 1.25736
end
gesture a16 hands 2
1.04391 0.7997 1.18422 0.938709 0.808678 1.15693
0.907621 1.2539 0.881431 1.00514 1.20077 0.880976
0.951379 1.05712 0.965909 0.969194 1.04955 0.994761
0.876026 1.3 0.899051 1.06125 1.24831 0.898092
0.892228 1.21847 0.897473 0.928347 0.880996 1.10866
1.0328 0.891306 1.01358 0.919987 0.854462 1.25555
1.0427 0.817833 1.1404 0.956785 0.813771 1.1232
end
gesture a16 hands 2
1.11439 0.737082 1.23846 0.966488 0.774048 1.20807
0.933643 1.24079 0.931658 1.06001 1.34412 0.824865
1.02029 0.877908 1.07616 0.976536 0.886001 1.13433
0.976611 0.878737 0.993532 0.984225 1.23549 0.739082
0.814969 1.18231 0.790806 0.9573 0.893302 0.938415
0.898792 0.882049 0.941938 0.932138 1.27377 0.758119
1.13536 0.768335 1.14249 0.956744 0.806532 1.2454
end
gesture a16 hands 2
1.10876 0.752661 1.18385 0.915394 0.781363 1.22703
0.857112 1.22495 0.897061 0.880357 0.902485 1.16182
0.92017 0.871623 1.02666 1.00448 1.33112 0.829306
1.01648 0.906404 1.09983 0.964859 0.92727 1.05095
0.935337 1.0299 0.918633 1.03422 1.28684 0.840815
1.0736 0.732678 1.17624 1.03451 1.17084 0.800757
1.07909 0.735522 1.22172 0.927572 0.7824 1.23378
end
gesture a16 hands 2
1.0977 0.763891 1.25966 0.941231 0.796688 1.25075
0.916672 1.10307 0.933001 1.05559 1.35609 0.881484
1.00232 1.00144 1.06349 0.994088 0.995484 0.818993
0.93571 1.29478 0.971395 0.961258 0.996353 1.04342
0.872346 1.00946 0.849509 0.985968 1.31543 0.840175
1.1077 0.774654 1.23059 0.975154 0.856811 1.21792
0.996665 0.82314 1.0792 0.886866 0.810411 1.08454
end
gesture a16 hands 2
0.945769 0.939487 1.08627 0.959196 0.895455 1.10988
0.949332 0.914743 1.20019 0.946923 1.1423 0.764355
0.980254 1.04834 0.814462 0.936783 0.872321 1.24918
0.97578 1.03642 0.758772 0.917742 0.985098 1.31245
0.97178 0.953956 1.09288 0.878923 0.984802 0.800626
0.936844 0.945345 1.15416 0.935407 1.11388 0.721983
0.97523 0.957065 1.02954 0.983754 0.879703 1.09477
end
gesture a16 hands 2
1.01782 0.961042 1.10622 1.02697 0.948164 1.07757
1.00044 0.941667 1.04341 1.02101 1.08446 0.821636
0.997987 1.00538 0.843708 0.96584 0.904561 1.30462
0.992941 0.921075 1.14416 0.953343 1.05988 0.777254
0.988522 0.945953 0.912268 0.915684 0.922768 1.21623
0.947141 0.975384 1.08433 0.913239 1.05723 0.776225
0.99115 0.967023 1.04651 0.996644 0.919261 1.18157
end
gesture a16 hands 2
0.993545 0.982036 1.08032 1.00846 0.948303 1.09579
0.9702 0.934477 1.08953 1.02148 0.974663 1.30083
1.02274 1.00948 0.84398 0.927061 0.963647 0.797463
1.00741 0.935774 1.09908 0.949157 1.08566 0.727125
1.03034 0.952064 0.91208 0.9799 0.93914 1.26864
0.927947 0.993608 1.03704 0.851431 0.976529 0.860477
0.92333 0.974564 1.04698 0.950912 0.9461 1.0587
end
gesture a16 hands 2
1.0196 0.804472 1.14599 0.903228 0.832014 1.12686
0.856154 1.17 0.875803 0.974068 1.06681 0.958363
0.990652 0.996708 1.09079 1.00732 1.13132 0.844101
0.896926 1.14748 0.862784 1.01244 1.11123 0.987965
0.942936 1.00657 1.06301 0.943232 0.989136 1.0808
0.989399 1.0129 1.01454 0.982333 1.1217 0.985664
1.05535 0.851083 1.10751 0.949646 0.899451 1.08036
end
gesture a16 hands 2
1.04133 0.807389 1.18593 0.912658 0.840335 1.15596
0.876146 1.08978 0.90056 1.04236 1.14858 0.844306
1.03193 0.955242 1.13724 0.95425 0.972541 1.09693
0.952285 0.999799 1.0752 1.01164 1.09941 0.872129
0.946933 1.06586 0.882624 0.936571 0.979224 1.08814
1.03501 0.795344 1.2139 0.967092 0.954844 1.03043
1.02641 0.781386 1.21647 0.898923 0.8304 1.10357
end
gesture a16 hands 2
1.00037 0.829951 1.21919 0.907842 0.872802 1.1573
0.995703 0.832173 1.17685 0.940844 0.960695 1.10941
0.871952 1.16627 0.84376 1.04325 1.20942 0.8065
0.97573 1.00473 1.0408 0.93994 0.980921 1.05478
0.972964 1.10472 1.03988 1.01696 1.16494 0.869595
0.900548 1.15642 0.815233 0.985655 0.94636 1.01519
1.03879 0.840359 1.10563 0.964206 0.851392 1.12122
end
gesture a16 hands 2
1.04181 0.754303 1.16748 0.937485 0.795416 1.11153
0.869581 1.16889 0.855924 0.892844 0.924082 1.30755
1.0058 0.965858 1.16125 1.03708 1.09601 0.825038
0.890917 1.35849 0.869185 1.12537 1.20369 0.882826
1.04566 0.950663 1.19722 0.964913 0.95098 1.08727
0.901689 1.29953 0.857499 1.11668 1.34834 0.871608
1.04903 0.786749 1.23751 0.909355 0.840172 1.10557
end
gesture a16 hands 2
1.03885 0.786786 1.29228 0.911208 0.814337 1.18536
0.89783 1.17493 0.832252 0.964521 0.859572 1.44679
1.02037 0.97582 1.18873 1.03296 1.13796 0.79774
0.922929 1.25955 0.758312 1.0988 1.32208 0.774846
1.02609 0.879458 1.11733 0.969547 0.921361 1.07133
0.935128 1.29213 0.77158 1.06642 1.25978 0.754968
1.02909 0.788687 1.15368 0.896193 0.793575 1.15961
end
gesture a16 hands 2
1.00905 0.799935 1.17357 0.894926 0.738687 1.22711
0.910415 1.28525 0.818191 1.07549 1.27451 0.865527
1.01104 0.880092 1.15613 0.955539 0.865097 1.21523
1.00898 0.918989 1.18019 1.02159 0.894809 1.09328
0.888264 1.34971 0.781381 1.02338 1.18061 0.837717
0.944939 0.904504 1.11276 0.889418 0.761744 1.22953
0.976026 0.793862 1.11729 0.897371 0.772418 1.0471
end
gesture a16 hands 2
1.0786 0.717783 1.19795 0.961706 0.731418 1.21656
0.935662 0.976899 1.00764 0.950349 0.811391 1.05949
0.900719 1.10245 0.873958 0.993283 0.982049 1.04843
0.958392 1.03 1.0608 1.00355 1.16055 0.922916
0.899438 1.1617 0.874843 0.951471 1.11143 0.994393
1.00237 0.861309 1.05561 0.887835 0.893654 1.00156
1.02393 0.757066 1.19737 0.877126 0.731902 1.25204
end
gesture a16 hands 2
1.00391 0.798047 1.20169 0.886068 0.763987 1.25202
0.962488 1.05033 1.03136 0.902479 0.78283 1.14074
0.894522 1.19911 0.970261 0.969902 1.14607 0.861264
1.01443 0.985392 1.10904 0.990531 1.08117 0.99728
0.935382 1.26935 0.945069 1.0529 1.2184 0.929032
1.02299 0.883272 0.959339 1.01065 1.11734 0.947156
1.01799 0.806974 1.16056 0.895225 0.765416 1.10919
end
gesture a16 hands 2
1.01906 0.845096 1.24525 0.911459 0.822459 1.0981
0.923987 1.23023 0.856128 1.01437 1.27251 0.848247
0.983732 1.07727 1.07914 1.0029 1.16776 0.940012
0.942263 1.222 0.911331 1.02928 1.15639 0.852282
1.07804 0.922346 1.27202 0.939177 0.857545 1.20339
1.02509 0.899168 0.92071 0.936948 0.890382 0.954803
0.998482 0.838721 1.04427 0.939092 0.796369 1.1324
end
gesture a16 hands 2
0.926555 0.841805 1.10505 0.91831 0.76798 1.15665
0.939448 1.04907 0.899312 0.937094 1.30688 0.823592
1.00082 0.863165 1.32058 0.934084 1.16988 0.91749
0.933238 1.15049 0.853511 0.965633 0.880706 1.17082
0.918165 1.34048 0.896094 0.941355 1.24697 0.882066
0.954724 0.909381 1.11969 0.969225 1.15993 0.962751
0.964602 0.873731 1.04573 0.925424 0.80848 1.32946
end
gesture a16 hands 2
0.983373 0.842712 1.1057 0.968457 0.823203 1.25862
0.925948 1.42157 0.833455 0.99416 0.928453 1.43578
1.0323 0.856173 1.1572 0.901636 1.24115 0.755044
0.963134 1.14266 0.884392 0.967253 1.40548 0.847737
0.937397 1.42422 0.900966 0.995391 0.946215 1.10701
0.967015 0.841076 1.25064 0.961975 1.2555 0.803164
0.969424 0.835578 1.08237 0.977401 0.817821 1.14688
end
gesture a16 hands 2
0.959212 0.818429 1.11142 0.917698 0.823017 1.09036
0.896007 1.41102 0.868159 0.929155 0.991304 0.816548
0.988504 0.7996 1.1627 1.00937 1.44823 0.90253
0.942607 1.21967 0.79283 0.996814 0.834397 1.11272
0.908158 1.44049 0.874263 0.963371 1.19075 0.825788
1.08746 0.841376 1.26445 0.981396 0.81366 1.19627
1.00795 0.809869 1.13978 0.96017 0.837413 1.25165
end
gesture a17 hands 2
0.954801 0.770826 1.15445 0.945748 0.964227 1.27255
1.2233 1.28672 1.70162 1.07196 1.02818 0.984279
1.00174 0.984723 1.56201 1.01733 1.0091 0.928225
1.12155 0.924939 0.506725 0.851522 1.00711 0.803512
0.754202 1.6774 0.258798 0.914332 0.94506 0.832855
0.385821 1.50824 0.496955 1.00168 0.958252 1.1251
0.992242 0.76215 1.15509 0.986804 0.958917 1.15723
end
gesture a17 hands 2
0.858285 0.68176 0.964568 0.930028 0.991958 1.20485
1.20256 1.15358 0.88403 1.08653 1.01025 0.933065
1.04755 1.54483 1.21965 0.883546 0.840147 0.685313
1.32208 1.12398 0.906468 0.872172 0.807141 0.699833
0.818815 0.764014 0.654559 0.966462 0.898374 0.878752
0.925899 0.703262 1.09979 0.931395 1.01098 1.2156
0.855641 0.695646 0.957596 0.944546 0.993022 1.21227
end
gesture a17 hands 2
0.993358 0.699391 1.12508 0.951397 0.951409 1.16147
1.27265 1.29489 1.45658 1.31197 1.05661 0.768816
1.02988 0.597546 0.70244 1.2994 1.23105 0.723491
0.983053 1.0862 0.112247 0.899626 0.935912 0.602363
0.738094 1.71459 0.517121 0.974841 0.970851 0.765873
1.02073 0.758584 0.901991 0.808151 0.938905 1.22062
0.910014 0.714587 1.10804 0.916478 0.941852 1.16645
end
gesture a17 hands 2
0.960771 0.82414 1.09315 0.933629 0.931638 1.19706
1.16437 1.42629 1.50109 1.2066 0.970063 1.03939
1.06722 0.84368 1.33513 1.00618 1.01589 0.774462
0.83647 1.05163 0.470528 0.886404 1.1241 0.729905
0.767026 1.55611 0.435497 0.914172 1.02327 0.896197
0.97797 0.795198 1.23373 0.904641 1.03587 0.788019
0.93719 0.804769 1.12377 0.935119 0.933857 1.16254
end
gesture a17 hands 2
0.913671 0.747915 1.19201 0.882024 0.888322 1.20657
1.29337 1.5419 1.27623 1.27184 1.08758 1.14967
1.25287 1.32421 1.51409 1.2488 1.07257 1.14248
1.09839 0.757821 0.774188 0.965211 0.971584 0.844584
0.698074 1.28578 0.369681 0.902045 1.10663 0.721298
0.853185 0.902292 0.559848 0.802146 0.955422 0.845104
0.88138 0.750893 1.13041 0.980802 0.922461 1.18437
end
gesture a17 hands 2
0.870812 0.741977 1.19028 0.973143 0.910359 1.21267
1.27469 1.50062 1.47045 1.25872 1.06515 1.05716
1.19434 0.889433 1.48858 1.13735 0.995247 0.942375
0.924848 0.679156 0.674387 1.24603 1.10369 1.05249
0.693938 1.2973 0.420581 0.989332 0.952054 0.805233
1.1003 0.753434 0.98813 0.847661 1.02509 1.06125
0.934182 0.690892 1.23659 0.92581 0.877492 1.25673
end
gesture a17 hands 2
0.889373 0.686467 0.795023 0.98135 0.657838 1.15211
1.2342 1.32409 1.11056 1.0807 0.717104 0.984756
1.10384 1.18972 1.45479 1.02159 1.5882 0.899181
0.727005 0.922915 1.16612 0.854329 1.57347 1.16607
0.825806 1.22856 1.56471 0.704198 1.18506 0.852845
0.35017 0.65611 0.877445 1.21599 0.822874 0.866992
0.454471 0.694443 0.862382 1.33262 0.661789 1.14626
end
gesture a17 hands 2
0.641306 0.53886 1.21112 1.22539 0.809209 1.04823
1.2586 0.701041 1.24367 1.00203 0.881713 0.84194
1.38581 1.20245 1.54934 1.17265 0.901137 0.719722
1.52296 1.22757 1.357 0.739423 0.9239 0.836973
1.38099 0.370973 1.16354 0.657231 1.1549 1.15555
0.855165 1.3033 0.619051 0.95431 1.17576 1.50917
0.941283 0.596996 0.932688 0.850544 0.889483 1.0614
end
gesture a17 hands 2
1.02754 0.764323 0.990904 0.979121 0.856321 1.04734
1.32018 1.19586 1.39393 1.48483 1.21632 0.649169
1.20433 1.01718 1.57151 0.990632 1.03928 0.719247
1.3982 0.74216 1.35331 0.646241 1.15492 1.29141
1.06873 1.05239 0.595471 0.823495 1.14602 1.53409
0.51559 1.26729 0.68801 0.851518 0.84 0.960485
1.0292 0.786701 1.07443 0.947096 0.803667 1.04912
end
gesture a17 hands 2
0.917655 0.589273 1.12176 0.858118 0.906748 1.19402
1.14147 1.61746 1.18672 1.21999 1.1098 0.816783
1.1105 1.54401 1.64463 1.20031 1.0227 0.838709
1.37037 0.672543 1.18999 1.26826 1.01661 0.779184
1.08056 0.826587 0.542234 1.0716 0.871381 0.949777
0.40224 1.47849 0.789299 0.927336 1.07898 1.01106
0.773541 0.674496 0.899031 0.834522 0.898643 1.16413
end
gesture a17 hands 2
1.01816 0.585282 1.07646 0.86495 0.933731 1.10224
1.10447 0.767693 0.831564 1.01217 0.950411 0.966087
1.23246 1.62695 1.29984 1.10974 0.938231 0.901451
1.49619 0.616831 1.31748 1.01763 0.95424 0.997391
0.626169 1.35193 0.727178 1.18475 0.949548 0.900709
1.0251 0.55747 1.12519 0.961141 1.07339 1.04043
0.972722 0.583029 1.05876 0.902582 0.948049 1.09427
end
gesture a17 hands 2
0.915087 0.62216 1.13133 0.900991 0.961174 1.09271
1.15098 1.44311 0.95583 1.05381 0.95137 0.970842
1.00534 1.71845 1.49368 0.934564 0.969742 1.05337
1.31172 0.63576 1.52478 1.15802 0.946937 0.981549
0.897619 1.28834 0.535621 1.03395 1.02175 0.929301
0.746059 1.37575 0.576267 1.00484 1.06109 1.03106
0.940619 0.637995 1.11818 0.891303 0.994581 1.06122
end
gesture a17 hands 2
0.947325 0.792994 1.0678 1.012 0.908978 1.04058
1.2251 1.23585 1.42646 0.93336 0.956224 0.991955
1.20211 1.07381 1.52877 0.976546 0.943114 1.01483
0.910087 0.943296 0.758004 0.84546 0.997496 0.991644
0.642037 1.2537 0.696405 0.869495 1.00223 1.08401
0.918981 0.793137 1.02144 0.973307 0.922041 1.15937
1.02205 0.769915 1.17739 0.997749 0.888756 1.06903
end
gesture a17 hands 2
1.00335 0.807574 1.20479 0.985852 0.902956 1.07608
1.2119 1.25832 1.11989 0.954641 0.996077 0.964694
1.24018 1.05529 1.4708 0.842535 1.0162 1.00272
1.19181 0.830261 1.19263 0.899191 0.988237 1.06905
0.769818 1.13939 0.670058 0.896638 1.03418 1.00972
0.904034 0.810982 1.10894 0.905337 0.964444 1.14088
0.929526 0.806808 1.08849 1.03903 0.92554 1.13866
end
gesture a17 hands 2
0.970553 0.803819 1.14845 1.02268 0.916522 1.0711
0.969891 1.22563 0.946488 1.02089 0.932445 1.0035
1.20878 1.44823 1.23103 1.00392 0.929329 1.1104
1.22631 0.765583 1.37202 0.900594 0.996184 0.969039
0.914546 0.910799 0.821862 0.886872 1.02725 1.01205
0.77773 1.06662 0.731787 0.953338 0.956877 1.11839
0.974927 0.779672 1.08162 0.939334 0.925218 1.06668
end
gesture a17 hands 2
0.87424 0.654607 1.02079 0.943764 0.927839 1.08072
1.07402 1.27892 1.63532 1.0204 0.959553 1.01058
1.16758 0.565889 1.2071 0.908715 0.999691 0.866144
0.876545 0.946762 0.527563 0.908906 1.05136 1.05533
0.77715 1.63582 0.684309 1.03122 1.02548 1.09602
1.08661 0.820576 0.772285 0.956574 0.940951 1.02563
0.89033 0.641541 1.08847 0.972291 0.970681 0.911032
end
gesture a17 hands 2
0.911489 0.61256 1.18517 0.984835 0.959472 0.979912
1.18922 1.12143 0.800874 0.995921 0.926654 1.1135
1.21175 1.35823 1.41326 0.959687 0.956038 1.00252
1.05059 0.451495 1.37117 0.923454 0.985423 0.891534
0.795688 1.41657 0.54914 1.03646 1.00651 1.12172
0.96386 0.649857 1.00658 0.897819 0.920565 0.978689
0.847977 0.601793 1.24611 0.915898 0.955711 0.946564
end
gesture a17 hands 2
0.878946 0.685028 1.16763 0.919242 0.955192 0.967865
1.2402 1.24524 0.790514 0.975165 0.90929 1.18788
1.212 1.45166 1.37063 1.05392 0.922414 1.08127
1.02185 0.504446 1.10112 0.933178 1.01362 0.86975
0.789507 1.49184 0.519676 0.883792 0.959653 0.99183
0.931879 0.684417 1.40639 0.91866 0.95119 1.0828
0.876429 0.670947 1.22007 0.916866 0.950407 1.01902
end
gesture a17 hands 2
0.915468 0.576277 1.08993 0.936549 0.924815 1.07224
1.06363 1.33601 1.5788 1.08431 0.984951 0.926633
0.968861 0.672477 1.53077 0.961714 0.995156 0.979868
0.892549 0.909785 0.544337 0.931065 0.997708 0.993177
0.804441 1.6353 0.689581 1.08708 0.987468 0.938406
0.769818 1.15149 0.475181 0.911471 1.05271 1.03151
0.934379 0.584713 1.08509 0.948615 0.928647 1.08684
end
gesture a17 hands 2
0.97689 0.694515 1.18507 0.974464 0.91892 1.05861
1.24875 1.14433 1.59133 1.02178 1.01351 0.933917
0.954012 0.615011 1.22272 0.989889 0.967636 0.94676
0.834721 1.20362 0.629387 0.921053 1.03091 0.989091
0.823596 1.5277 0.624755 0.923896 1.02269 1.0915
0.950843 0.697591 1.12712 0.962249 1.02472 1.06918
0.960729 0.699227 1.1527 0.959243 0.930799 1.03544
end
gesture a17 hands 2
0.93364 0.61386 1.13465 0.952402 0.930101 1.03066
1.36001 1.37311 1.45292 1.03137 1.04879 0.905979
0.931169 0.600558 1.03949 1.0071 1.01484 0.935771
0.845272 1.41093 0.638834 1.05373 0.983128 0.927114
0.770335 1.385 0.627469 0.975192 0.997525 1.02489
0.961789 0.624925 1.11686 0.992133 1.02767 1.08195
0.945998 0.616013 1.14133 0.960998 0.930725 1.03996
end
gesture a17 hands 2
0.914098 0.624545 1.01227 0.953504 0.965326 0.986104
1.31861 1.32448 1.3608 1.06097 0.980604 0.933491
1.23718 0.872336 1.54722 0.910381 0.981187 1.14683
1.00026 1.08297 0.407713 0.930016 0.97219 1.20662
0.457587 1.53195 1.00591 0.958528 0.959965 1.04145
0.536308 1.19517 0.850442 0.92611 0.961292 1.08736
0.958576 0.63637 0.967332 1.00984 0.964402 0.980462
end
gesture a17 hands 2
1.00666 0.569783 1.07007 0.983774 0.95583 0.980582
1.3012 1.34376 1.09189 0.942354 0.974014 1.0241
1.34916 1.19159 1.60516 0.985869 0.968511 0.957925
1.27735 0.655469 0.836771 0.905552 1.00148 1.14892
0.778624 1.27143 0.520848 0.892914 0.996923 1.16
0.656017 1.47877 1.00359 0.983788 0.969206 1.05322
0.947547 0.647177 1.01491 0.984012 0.957896 1.03571
end
gesture a17 hands 2
1.00782 0.663999 1.01377 1.00743 0.97567 1.01674
1.24231 1.48828 1.01455 0.982996 0.974673 1.0515
1.36691 0.874938 1.57577 1.00864 0.982967 0.937717
1.01415 1.18908 0.471855 1.03789 0.971637 0.894273
0.569502 1.45339 1.06053 0.965892 0.974614 1.02028
0.999845 0.622673 1.11469 0.964556 0.976295 1.10685
0.978392 0.627629 1.05089 0.936789 0.964932 1.06743
end
gesture a17 hands 2
0.924204 0.58346 1.01725 0.948192 0.929311 1.07394
1.22988 1.10854 1.65584 1.02981 0.986297 0.913758
1.09816 0.61107 1.15814 0.998471 0.983693 0.985874
0.913096 0.892131 0.548874 0.974968 0.981741 1.03996
0.678305 1.61365 0.70693 1.02331 0.98367 0.92667
0.993736 0.995956 0.626673 0.954277 0.96935 1.10344
0.888356 0.596009 1.17543 0.926586 0.958637 1.10111
end
gesture a17 hands 2
0.927279 0.59667 1.1947 0.928265 0.961259 1.09806
1.27941 1.32059 1.35733 0.964813 0.973704 1.03437
1.22862 1.03371 1.6676 0.933679 0.963033 1.0856
0.935131 0.943374 0.494781 0.951983 0.973639 1.05597
0.589189 1.48268 0.71933 1.00136 0.986149 0.970684
1.02188 0.61865 0.914121 0.962139 0.95991 1.11445
0.934705 0.581677 1.23756 0.936318 0.96503 1.05375
end
gesture a17 hands 2
0.906684 0.498686 1.20058 0.932475 0.964042 1.04655
1.27355 1.2129 1.27875 0.98038 0.989414 0.956198
1.26751 0.957335 1.59988 0.965901 0.988305 0.991668
0.960513 0.773633 0.535367 1.00403 0.988728 0.944948
0.574597 1.45063 0.647822 0.975402 0.950604 1.08563
1.01377 0.915208 0.60553 0.943896 0.950975 1.12537
0.896459 0.491315 1.21441 0.937043 0.966783 1.07968
end
gesture a17 hands 2
0.899281 0.511459 1.16291 0.984485 0.968844 1.02987
1.32821 1.03001 1.56749 0.977062 0.964113 1.05324
0.951666 0.435835 0.827377 0.961703 0.915986 1.05209
0.712823 1.15617 0.471158 0.97278 0.954535 1.03666
0.735193 1.62715 0.961169 0.949198 0.874243 1.062
0.814796 1.11408 0.641565 0.971353 0.951343 1.03113
0.862232 0.506135 1.22132 0.90328 0.96216 1.0798
end
gesture a17 hands 2
0.888462 0.588774 1.35398 0.905492 0.962223 1.10335
1.33749 1.24955 1.458 0.932136 0.933145 1.06609
0.898033 0.515037 0.756113 0.955449 0.907701 1.03348
0.731641 1.24236 0.412317 0.982087 0.982326 0.999979
0.795431 1.59043 0.949841 0.95878 0.904066 1.02882
0.928622 0.713594 0.776405 0.984591 0.991325 1.01744
0.914436 0.56129 1.27861 0.937838 0.97487 1.13149
end
gesture a17 hands 2
0.915835 0.543871 1.30655 0.947188 0.980068 1.102
1.2818 1.34197 1.1112 0.938092 0.927743 1.07834
1.3516 1.26283 1.54081 0.962931 0.972571 1.06082
0.840673 0.585901 0.718372 0.928996 0.875418 1.05468
0.704811 1.57171 0.749263 0.978674 0.965075 1.01965
0.739194 1.38664 0.739106 0.968125 0.96927 1.05938
0.905991 0.562536 1.17029 0.93493 0.940381 1.14661
end
gesture a18 hands 2
0.904767 0.568831 1.06985 0.783028 0.693099 1.19009
1.33157 1.04356 1.20888 0.93861 0.658157 0.937076
0.969856 1.38792 1.49964 1.14997 1.21322 0.602456
0.877339 1.69953 0.882219 1.19135 1.80912 0.990775
0.758616 1.63464 0.54825 1.36893 1.01978 1.16083
0.968383 0.733043 0.733907 1.0958 1.16946 0.85922
0.952999 0.601057 1.16519 0.776493 0.71427 1.37109
end
gesture a18 hands 2
0.938368 0.631959 1.23931 0.807686 0.80461 1.40428
1.27594 0.841082 1.10514 1.00207 1.23357 0.961246
1.2172 1.16624 1.48508 1.02863 1.01181 0.721877
0.829906 1.76641 0.753064 1.14359 1.74061 0.738493
0.749458 1.72514 0.539646 1.17093 1.83658 0.965372
0.99415 1.03643 0.530508 1.28951 1.06551 0.871367
0.95193 0.654404 1.06892 0.850905 0.795505 1.23667
end
gesture a18 hands 2
0.950384 0.795123 1.15195 0.872011 0.769618 1.2738
1.21369 1.38764 1.55935 0.877142 0.75108 1.0773
0.774731 1.79852 0.510107 1.20987 1.68565 0.74618
0.5917 1.25315 0.189264 1.40189 1.54702 0.983518
0.6018 1.02034 0.281515 0.786748 0.994423 0.683097
1.01067 0.737004 1.19236 0.873446 0.691261 1.1474
0.942671 0.752228 1.08538 0.947099 0.794111 1.09259
end
gesture a18 hands 2
0.973706 0.660326 1.14049 0.947996 0.75253 1.24232
1.31102 1.40193 1.35761 1.04655 1.01249 0.744128
0.964107 1.55674 1.40239 1.09435 1.52157 0.681805
0.723283 1.50845 0.403366 1.29131 1.71524 0.883177
0.723577 1.35248 0.454106 0.807965 1.02752 0.86138
0.968653 0.750862 0.86794 0.936417 0.780913 1.24889
1.01373 0.634921 1.21866 0.954855 0.754647 1.2023
end
gesture a18 hands 2
1.06082 0.643628 1.238 0.962739 0.762811 1.25293
1.36291 1.10818 1.29414 1.13468 1.54506 0.789282
1.01143 1.61086 1.36875 1.25641 1.38305 0.889626
0.688662 1.56387 0.331035 1.27096 1.69964 0.880351
0.551849 1.36128 0.281493 1.0795 1.10827 0.864668
0.877468 0.816544 0.742183 0.80538 0.95914 0.86441
1.07126 0.641974 1.21475 0.929164 0.751094 1.2516
end
gesture a18 hands 2
1.02256 0.676875 1.18669 0.886406 0.734937 1.23795
1.03404 1.6241 1.3012 1.1693 1.07146 0.755779
0.722417 1.51634 0.547097 1.27824 1.68859 0.868142
0.990676 1.79087 0.778168 1.29461 1.42683 0.919178
0.582249 1.41286 0.263168 0.82323 1.07913 0.725207
1.03903 0.722091 0.96953 0.917849 0.74543 1.21681
0.930495 0.714179 1.0047 0.895354 0.712041 1.3281
end
gesture a18 hands 2
1.0886 0.785273 1.11996 0.873721 0.734888 1.2689
1.193 1.6569 1.38746 1.01009 1.1555 0.49061
0.853013 2.00618 0.43046 1.03017 1.95381 0.721371
0.384418 1.07776 0.292766 0.815728 0.875616 0.671797
0.606548 0.791613 1.13964 1.00414 0.831263 1.42183
0.443253 0.918798 0.74803 0.968613 1.16593 1.08899
0.74324 0.808085 1.08735 1.24689 0.747202 1.19286
end
gesture a18 hands 2
0.854711 1.24681 0.59665 0.661171 0.856111 1.08418
0.92143 1.21402 0.680146 0.645311 0.942731 0.976237
0.994006 0.979178 0.990095 0.734934 1.07736 0.843444
0.916016 0.834407 1.18008 0.886037 0.962148 1.00635
0.951163 0.811854 1.27512 0.872811 1.02173 0.902894
0.952007 0.795566 1.27496 1.03714 0.846936 1.16926
0.933555 0.793438 1.2633 1.03395 0.822307 1.32542
end
gesture a18 hands 2
1.10922 0.806267 1.2371 0.952063 0.71868 1.20962
1.03734 1.8419 1.11093 1.01501 1.4324 0.500292
0.767018 1.91262 0.342814 1.02794 1.80783 0.683729
0.394337 0.671367 1.08211 0.782721 0.738555 1.04066
0.50405 0.925494 0.343624 1.39642 1.03715 1.22437
1.12028 1.35243 0.639602 0.89686 1.52194 0.951613
1.13745 0.781834 1.19991 1.00022 0.714264 1.13434
end
gesture a18 hands 2
1.00661 0.667514 0.993589 0.942271 0.629649 1.21017
1.29404 1.11954 1.69573 1.06149 1.73014 0.726375
1.12401 1.99316 1.33046 0.906333 0.90629 0.569115
0.852022 1.98557 0.659402 0.968923 0.807044 1.51917
0.681513 1.33608 0.772609 1.24746 1.1827 1.00478
0.818313 1.36725 0.958565 0.886745 0.63548 1.12539
1.00359 0.681935 1.03743 0.958248 0.632825 1.17782
end
gesture a18 hands 2
1.05188 0.787512 1.0701 1.01079 0.813638 1.06127
1.31834 1.5711 1.74402 0.945954 1.22994 0.566169
0.886905 2.13898 0.858991 0.97568 0.747892 1.01947
0.609764 1.3725 0.58298 1.02167 1.90365 0.611437
0.607445 0.760896 0.856348 1.04822 1.81264 0.54957
0.822712 1.05678 0.639286 1.03066 0.812187 1.38204
1.0493 0.776075 1.10212 0.976702 0.807631 1.0538
end
gesture a18 hands 2
1.04129 0.789338 1.07504 0.96038 0.737041 1.10191
1.4222 1.50175 1.68515 0.966122 1.01549 0.594169
1.15508 2.09664 1.20558 1.01217 1.79405 0.578986
0.767399 1.65344 0.799255 1.08565 1.59878 0.483755
1.02445 2.23671 0.936391 0.955618 0.907793 0.672583
0.518966 0.718873 0.827969 1.02168 0.935825 1.34492
1.09034 0.775322 1.06617 0.993092 0.742537 1.03494
end
gesture a18 hands 2
1.06933 0.70405 1.14446 0.943578 0.86448 1.15618
1.11948 1.35683 1.2611 1.01033 0.94211 0.829413
0.987253 1.3025 1.41321 1.18314 1.63292 0.611114
0.791744 1.42846 0.594926 1.03637 1.26635 0.542332
0.747559 1.25713 0.592132 0.898325 0.818169 1.33801
1.03569 0.716802 1.11512 0.911389 0.926971 1.01839
1.09797 0.693656 1.25291 0.958657 0.870672 1.09356
end
gesture a18 hands 2
1.06045 0.692945 1.19504 0.956291 0.875044 1.15124
1.15255 1.29148 1.17425 0.950532 0.828898 1.11378
0.944947 1.61044 1.06432 1.12775 1.32222 0.633884
0.745938 1.44526 0.535263 1.05526 1.41852 0.481754
0.697253 1.26819 0.549197 0.853325 0.893901 1.10133
1.02399 0.710281 1.06718 0.947261 0.866082 1.25055
1.075 0.708709 1.15877 0.966895 0.872694 1.08321
end
gesture a18 hands 2
1.05226 0.73054 1.16005 0.959814 0.869999 1.0539
1.05354 0.787287 1.07792 1.05801 1.26948 0.849981
1.13351 1.27852 1.18273 1.09178 1.16515 0.587358
0.945577 1.57402 0.986948 1.18304 1.70287 0.615072
0.746403 1.12911 0.557488 0.87571 0.930152 0.875956
0.977932 0.748841 1.04086 0.939777 0.841027 1.2609
1.01759 0.714466 1.13681 0.910972 0.859787 1.10353
end
gesture a18 hands 2
0.899147 0.808071 1.051 0.829826 0.68632 1.20432
0.972529 0.67929 1.06828 0.829508 0.577537 1.26845
1.20963 1.10873 1.02187 1.0822 0.838511 0.754873
1.04707 1.62408 1.19102 1.12836 1.51014 0.707189
0.928343 1.58981 1.22436 1.08926 1.52573 0.79905
0.501273 0.898217 0.818352 1.18365 0.810353 0.96936
0.939804 0.868746 0.804689 0.829802 0.691494 1.2628
end
gesture a18 hands 2
0.990655 0.728537 1.05787 0.943284 0.753961 1.40541
0.974931 0.594761 1.13244 0.868089 0.745687 1.32111
1.27364 1.14436 1.06864 0.609884 0.865566 1.09988
0.979793 1.42746 1.26569 1.16763 0.640265 0.910624
0.876058 1.68648 0.55009 1.28508 1.6583 0.788477
0.758018 1.41956 0.48989 1.04421 1.02499 0.788331
0.9303 0.829884 0.759347 0.95678 0.817125 1.20864
end
gesture a18 hands 2
0.952877 0.862699 0.900816 0.972522 0.878208 1.17552
1.15311 1.04147 0.920676 1.00764 0.632212 0.930013
1.0725 1.41666 1.46678 1.34851 1.64571 0.678861
1.04577 1.85008 0.695414 1.24624 1.84697 0.836632
0.734392 1.10999 0.528922 0.910252 0.892434 0.832614
1.07845 0.854692 1.20011 0.987241 0.878064 1.42371
0.946332 0.838563 1.02467 1.00094 0.859773 1.17827
end
gesture a18 hands 2
0.925647 0.7488 1.04239 0.869617 0.868747 1.17535
1.23097 1.57853 1.24912 1.10798 0.93345 0.78905
0.921512 1.6404 1.43163 1.24292 1.6471 0.592196
0.917089 1.44347 0.862654 1.25357 1.44348 0.490659
0.788829 1.56967 0.516708 0.897112 0.994301 0.773398
0.661337 1.07084 0.661828 0.833123 1.01866 1.05877
0.987306 0.746935 1.02101 0.932809 0.891024 1.19007
end
gesture a18 hands 2
0.989173 0.737325 1.09145 0.951979 0.878442 1.13257
1.01724 1.62482 1.4233 1.1042 1.43791 0.499824
0.95852 1.79674 0.921299 1.16056 1.87192 0.626606
0.723324 1.30038 0.666922 1.32678 1.55708 0.583244
0.88839 1.76225 0.648618 0.887916 0.911627 0.989296
0.679706 1.22455 0.591628 0.930622 0.851741 1.35246
0.963102 0.732024 1.06937 0.872944 0.847682 1.11529
end
gesture a18 hands 2
0.956707 0.744114 1.03065 0.888721 0.873396 1.1398
1.0428 1.61602 1.36838 1.13848 1.47067 0.513681
0.818146 1.41782 0.731735 1.24739 1.77604 0.595288
0.780703 1.38479 0.625628 1.35302 1.41135 0.52704
1.14206 1.87132 1.02464 0.885756 0.920184 0.956168
0.743261 1.35176 0.51952 0.915489 0.906538 1.44161
0.969794 0.753834 1.04928 0.911776 0.86472 1.11471
end
gesture a18 hands 2
0.906403 0.768307 0.995379 0.758638 0.711543 1.22038
1.08309 1.77779 1.23653 1.06746 1.11952 0.599844
0.849504 1.2953 0.829166 1.17773 1.69058 0.673319
0.802608 1.24976 0.728918 1.24477 1.8092 0.976368
1.0353 1.98709 1.04241 1.29617 1.53956 1.0658
0.755712 1.20423 0.628671 0.967391 0.90768 1.01182
0.95362 0.783181 1.02407 0.809974 0.818861 1.04806
end
gesture a18 hands 2
0.928321 0.760432 1.07848 0.783933 0.709707 1.17962
1.08818 1.72403 1.18307 0.752117 0.641594 1.35594
0.944173 1.35688 0.947277 0.845734 0.651967 0.983259
1.01676 2.00601 0.984009 1.15025 1.59414 0.611064
0.728746 1.27172 0.512414 1.23066 1.74219 0.932946
0.791928 0.889439 0.786148 0.917618 0.841362 1.07024
0.940203 0.751593 1.10045 0.813296 0.704074 1.19112
end
gesture a18 hands 2
0.948687 0.818977 1.06636 0.836176 0.753721 1.22089
1.19033 0.977794 1.02762 1.055 1.37586 0.776141
1.25608 1.33001 1.52202 1.0595 1.41321 0.556967
0.933244 1.69906 0.789507 1.19205 1.81523 0.815181
0.855587 1.01625 0.749471 1.30214 1.67347 1.02417
0.869426 0.951478 0.816436 1.20484 1.03946 0.912244
0.938604 0.805748 1.09008 0.874071 0.791088 1.09555
end
gesture a18 hands 2
0.933825 0.637323 1.09581 0.867071 0.737389 1.2483
1.31493 1.21362 1.31996 0.971072 1.10187 0.581566
1.02029 1.61524 1.3961 1.10714 1.52896 0.594357
0.894423 1.90626 0.909493 1.14326 1.47864 0.55415
0.761615 1.25582 0.336298 0.999969 1.07469 0.6562
1.00169 0.647364 1.01948 0.907801 0.743134 1.27922
0.950463 0.647105 1.04817 0.8977 0.73889 1.2126
end
gesture a18 hands 2
0.955434 0.663552 1.10107 0.902171 0.704177 1.26643
1.21819 1.20511 1.52227 1.0971 1.31407 0.5851
0.990913 1.65951 1.32462 1.193 1.64553 0.702309
0.746171 1.48395 0.349718 0.973371 1.21986 0.80074
0.659158 0.822798 0.561804 0.878262 1.27457 0.688342
1.08731 0.677926 1.08104 0.919493 0.753013 1.28987
0.962057 0.666719 1.2483 0.897562 0.686517 1.28032
end
gesture a18 hands 2
0.975456 0.654565 1.20056 0.968081 0.710413 1.23391
1.18235 1.4022 1.43283 1.10824 1.28929 0.570294
0.949953 1.92662 0.832335 1.16903 1.7722 0.719212
0.739264 0.723145 0.752966 0.796746 0.956604 0.826495
0.83745 0.974105 0.56725 0.93484 0.73452 1.41077
1.09813 0.679526 1.18519 0.95838 0.817043 1.03624
0.992311 0.654978 1.32336 0.869299 0.744724 1.43061
end
gesture a18 hands 2
0.981948 0.6456 1.08439 0.899803 0.640182 1.31748
1.3246 1.11355 1.17155 0.911417 0.57707 1.20623
0.826609 1.62596 1.30495 0.942782 0.882499 0.708277
0.823889 1.80196 0.931728 1.05051 1.69507 0.837512
0.767075 1.38769 0.480717 0.98385 0.98331 0.847559
0.763013 0.877089 0.654504 0.914657 0.611155 1.28376
0.980681 0.63272 1.11707 0.876704 0.649303 1.43265
end
gesture a18 hands 2
0.97113 0.652309 1.19451 0.865684 0.631743 1.42814
1.30125 1.04731 1.13196 1.0043 0.973252 0.726494
1.1616 1.50046 1.2676 1.03326 1.60124 0.836841
0.825151 1.77696 1.11468 1.06967 1.621 0.905553
0.782308 1.64311 0.612059 1.05317 1.24869 0.728259
0.796687 1.10165 0.510735 0.871555 0.712361 1.12102
0.989261 0.63062 1.17962 0.8893 0.607482 1.39641
end
gesture a18 hands 2
0.983199 0.680486 1.11888 0.914997 0.70031 1.2818
1.20676 1.48272 1.28925 0.973275 0.958915 0.698475
0.86696 1.68418 0.948255 1.04133 1.60831 0.644452
0.804627 1.8359 1.14707 1.0718 1.7916 0.838487
0.785852 1.30955 0.445314 1.04192 1.22368 0.642868
1.00921 0.678901 1.3809 0.870711 0.745737 1.25667
1.01688 0.650099 1.16776 0.92811 0.743497 1.11533
end
gesture a20 hands 2
0.978462 0.837615 1.1963 1.02367 1.05158 1.01688
0.885867 0.396446 0.965238 1.12894 0.554686 1.15183
1.2742 1.138 0.962398 0.906968 0.870047 1.35944
1.04442 1.61691 1.30482 1.09846 0.625674 1.43102
0.924801 1.82162 0.486293 0.737407 1.00974 1.33471
0.822784 1.74531 0.414189 1.02258 1.03757 0.885139
1.02748 0.836225 1.35888 0.972789 1.03979 1.1293
end
gesture a20 hands 2
1.03019 0.745768 1.36717 0.937715 1.08063 1.14568
0.859044 0.343834 1.17827 1.04579 0.633372 1.21323
1.26358 1.16638 1.04427 1.05436 0.73012 1.1518
1.05977 1.52372 1.34552 0.985246 0.609471 1.15571
0.938485 1.74579 0.530293 1.01897 0.880268 1.10297
1.02611 0.891332 0.793275 0.907297 1.08661 0.798552
1.01027 0.765635 1.24659 0.960316 1.09571 1.08646
end
gesture a20 hands 2
1.024 0.843099 1.25447 0.972247 1.06611 1.08589
0.809725 0.218845 1.10939 1.03715 0.63123 1.15992
1.28361 1.2606 1.01966 1.01351 1.03848 1.10371
1.0388 1.54893 1.30444 0.942734 1.06618 0.642768
0.94315 1.80973 0.502002 0.837859 1.00996 0.696664
1.04576 0.819371 1.35445 0.933907 1.02798 1.16672
1.05952 0.834374 1.41148 0.978399 1.07377 1.09089
end
gesture a20 hands 2
0.949611 0.836859 1.05946 1.08527 0.888567 0.981181
1.26772 0.397287 1.32982 1.37084 1.32166 0.690198
1.45137 1.00283 1.46367 0.928176 1.2436 0.424369
0.876682 1.67282 0.416186 0.618266 0.992848 1.05705
0.258608 1.44252 0.559452 0.952735 0.928361 1.58818
1.00591 0.751053 1.0917 0.728325 0.928737 0.823995
1.09723 0.723183 1.1799 0.964116 0.791104 1.05478
end
gesture a20 hands 2
1.00969 0.72011 1.17838 0.890546 0.855661 1.14325
1.12687 0.194383 1.38432 1.27698 1.04268 0.800635
1.22136 0.400293 1.47079 0.736643 1.20038 0.589256
1.35238 1.39888 1.30514 0.6361 0.942564 1.32792
0.603144 1.61952 0.394803 1.06155 0.903507 1.21599
0.417746 1.46196 0.500488 0.726601 0.84746 1.2906
0.938707 1.03522 0.794895 0.665984 0.865895 1.09869
end
gesture a20 hands 2
0.977362 0.958588 0.893301 0.765032 0.891617 1.05139
1.14425 0.303729 1.30566 0.893879 1.20988 0.777006
1.36235 1.16029 1.36132 1.07418 0.994669 1.50808
1.28732 1.69303 0.765737 0.984583 1.13247 0.749003
0.621333 1.72263 0.330356 0.719809 0.822533 1.36624
0.478521 1.16871 0.569611 1.29709 0.886013 1.30027
1.09499 0.809577 1.18209 1.29603 0.905069 1.28796
end
gesture a20 hands 2
1.01059 0.992291 1.14579 0.976271 1.04811 1.01635
0.938236 0.284327 1.02007 1.06151 0.759815 1.0321
1.0322 1.09116 1.15729 0.898997 1.08723 0.892309
0.997742 1.09449 1.19034 0.893546 1.0364 0.968645
0.780017 1.88749 0.505015 0.912024 1.02446 1.24379
1.03555 0.953061 1.19917 0.908101 1.02615 0.997363
1.03853 0.972124 1.21761 0.945848 1.01082 1.06179
end
gesture a20 hands 2
1.04137 0.776676 1.24106 0.912832 1.02208 1.09121
0.970844 0.155535 0.968064 0.843209 0.799156 1.14305
0.934795 0.93368 0.930209 1.03335 0.774723 0.974206
1.04069 1.967 1.23566 0.72402 0.816978 1.28785
0.845002 1.38729 0.537107 1.19135 1.1714 0.817128
1.03156 0.771578 1.22494 0.919171 0.991762 1.16353
1.04315 0.781351 1.26594 0.912976 1.01558 1.082
end
gesture a20 hands 2
1.05413 0.755272 1.26417 0.951947 1.03531 1.06937
0.87258 0.121921 1.07876 0.970251 1.02186 1.06934
1.48327 0.887376 1.14614 1.0084 0.53013 0.9396
0.999486 1.99735 1.07643 1.05209 1.06918 0.870184
0.542231 1.37905 0.476334 0.921639 1.06222 1.27085
1.029 0.740167 1.18212 0.921352 1.04878 1.27007
1.03372 0.73206 1.25712 0.935802 1.03173 1.03364
end
gesture a20 hands 2
1.18034 0.777126 1.18645 1.0073 0.990984 1.02671
0.780978 0.360511 1.01775 0.823959 0.646487 1.32832
1.07912 1.43313 1.08592 0.843365 0.61752 1.14915
0.980885 1.57656 1.25566 1.09004 1.13355 0.746131
0.860589 1.6988 0.768956 1.04173 1.21647 0.700963
0.989025 0.823629 0.966964 0.931226 0.964825 1.27633
1.0782 0.739218 1.2371 0.903786 0.957986 1.15123
end
gesture a20 hands 2
1.11965 0.763646 1.31183 0.946527 1.003 1.04596
0.821172 0.358067 1.05276 0.931198 0.773759 1.16873
1.1016 1.41387 1.07074 0.865925 0.614979 1.18406
1.01947 1.66554 1.19806 0.965398 0.991567 0.86809
0.84866 1.63647 0.783743 1.00307 1.12275 0.828829
0.97367 0.838395 1.03387 0.953406 1.01366 1.16227
1.04808 0.780799 1.14505 0.952092 1.01034 1.09129
end
gesture a20 hands 2
1.06907 0.7821 1.12645 0.938198 1.02209 1.08177
0.835281 0.434103 1.01288 0.893164 0.70629 1.28679
1.08151 1.44924 1.14397 0.899476 0.681015 0.980893
0.992746 1.69186 1.26111 1.13606 1.13354 0.674316
0.854617 1.4064 0.624163 1.15184 1.17312 0.669166
0.996735 0.834028 0.999935 0.975493 1.01406 1.38678
1.18979 0.779648 1.36948 0.916494 1.00703 1.0352
end
gesture a20 hands 2
0.954625 0.86623 1.19138 0.904088 1.04533 1.1143
0.987275 0.144961 0.905451 0.975568 0.796493 0.92794
0.922783 0.259547 0.958223 1.0404 0.805166 0.733451
1.38528 1.4534 1.28754 1.01857 0.739021 1.01519
0.93733 1.76115 1.24036 0.96734 0.81779 1.04899
0.602424 1.66063 0.619081 1.03338 1.13337 0.91456
0.62904 1.25386 0.673403 0.922086 1.06457 1.27001
end
gesture a20 hands 2
0.837531 1.07026 0.867617 0.812049 1.11388 0.993376
0.988626 0.89784 1.24728 1.00608 0.627877 0.938837
0.8151 0.223579 0.955012 1.0054 0.579104 0.918669
1.28828 1.35027 0.996378 0.948863 1.15325 0.892069
1.01176 1.67715 1.33364 1.06237 1.0818 1.22329
0.844457 1.38447 0.537547 0.799987 1.11059 0.865686
0.959879 0.890159 1.27817 0.989777 1.05393 0.919696
end
gesture a20 hands 2
0.989617 0.695548 1.6988 0.830598 0.735393 1.7366
1.0209 0.424925 1.71601 0.974809 0.163338 1.53661
0.948007 1.01679 -0.721243 1.21087 1.07888 -0.695103
0.979984 0.919944 0.435068 1.21087 1.07888 -0.695103
0.948007 1.01679 -0.721243 0.936659 0.933635 1.50932
1.00918 1.50369 1.94468 0.683558 1.60864 1.337
1.00317 0.709773 1.71246 0.831694 0.769732 1.62314
end
gesture a20 hands 2
0.934898 0.742595 1.17839 0.941399 1.05453 0.984999
0.877393 0.150062 0.964669 1.11889 0.504066 0.920329
0.863698 0.323162 0.985057 1.04558 0.401919 1.1534
1.22325 1.22128 1.17033 1.015 0.68399 1.14169
0.954452 1.54555 1.39069 1.01319 0.379374 1.13804
1.10475 1.4901 0.660174 0.984685 1.13662 0.943801
1.05285 0.855288 1.00071 0.945891 1.09833 1.04643
end
gesture a20 hands 2
1.05417 0.717043 1.35171 0.908715 0.929545 1.34669
0.878387 0.434303 1.30363 1.26023 1.20085 -1.12834
0.892438 0.955152 -0.939462 1.0234 1.01406 0.63026
0.892438 0.955152 -0.939462 1.14181 1.10746 -0.24904
1.12172 1.36832 1.54037 0.983928 0.982934 0.92336
0.945535 1.74541 1.13238 1.26023 1.20085 -1.12834
0.95682 0.65721 1.458 0.928711 0.908526 1.3543
end
gesture a20 hands 2
0.982259 0.947216 1.16135 0.908914 1.0295 1.06499
0.890098 0.195216 0.952127 1.12334 0.701454 1.0578
0.933838 0.841872 0.729329 0.850256 0.842703 1.08728
0.994693 1.95294 1.12978 0.767797 1.19358 0.788797
0.871977 1.73625 0.6411 1.04363 1.18991 1.04676
0.974501 1.97574 0.643824 1.07853 0.880116 0.881763
0.93023 1.15083 0.789984 0.91346 1.0246 1.1548
end
gesture a20 hands 2
1.08703 0.788541 1.13846 0.877991 0.985908 0.867462
0.92305 0.48221 0.958855 1.01373 0.669493 1.21141
0.965675 1.06262 0.839078 0.935941 0.726772 1.26701
1.04352 0.849003 0.817166 0.88386 0.755992 1.30087
1.21019 1.44326 1.25898 1.12 1.44947 0.612782
0.893929 1.87454 0.79146 0.870701 1.03026 1.00092
0.880054 0.956761 0.760749 0.748915 0.911923 1.35261
end
gesture a20 hands 2
0.93462 0.836778 0.909669 0.742348 0.910343 1.33168
1.00005 0.617374 0.939598 0.986023 0.866004 1.12288
0.91041 0.198373 0.981098 0.908098 0.600421 1.23095
1.1461 1.43409 1.04814 1.20844 1.42867 0.705749
0.858181 1.59645 1.45238 1.13168 1.43229 0.556311
0.947791 1.73433 0.589243 0.894285 1.00752 0.910871
0.950897 0.893137 0.799004 0.856877 0.91604 1.23193
end
gesture a20 hands 2
0.947193 0.825233 0.925711 0.892784 0.975977 1.18668
0.961109 0.195061 0.904233 0.939523 0.792154 1.24246
0.803031 0.708282 1.00086 1.20866 1.00549 1.18399
0.931501 2.04872 0.988051 1.00097 0.9938 1.00303
0.976874 1.02592 0.587841 1.04009 1.20987 0.60978
1.1032 1.03476 1.58025 0.891053 1.00987 1.28223
1.16247 0.802485 1.31194 0.907235 1.00259 0.894769
end
gesture a20 hands 2
1.00405 0.692827 1.26856 0.990891 1.02754 0.906685
0.982553 -0.0549012 1.08152 0.853759 0.680914 1.35621
1.04008 0.953625 0.921378 1.01341 0.833861 1.0671
0.901658 1.68396 1.19013 1.3213 1.1605 1.25925
0.896104 1.91793 0.945409 0.957244 0.927327 1.05215
1.00015 1.28228 0.734196 0.957524 1.10442 0.862421
0.932207 0.721414 1.17775 0.927316 1.03187 1.04302
end
gesture a20 hands 2
1.06313 0.640359 1.2326 0.94056 1.15901 1.06949
1.06471 0.140129 1.06248 1.06615 0.451489 1.11849
0.699228 0.772464 1.05651 0.914957 0.808597 0.990246
0.651354 0.651192 1.09982 1.10131 0.579237 1.1815
0.957409 1.67311 1.18286 0.954015 1.19565 0.780222
1.02059 1.58476 0.656098 0.941197 1.17203 1.05121
1.04936 0.96667 0.731503 0.924089 1.16566 1.02947
end
gesture a20 hands 2
1.13204 1.12851 0.853706 0.76668 0.758292 0.973982
1.15393 1.04379 1.13442 0.638372 0.760763 1.29109
1.1864 0.710715 0.946176 0.640505 0.611233 1.17022
1.1179 0.903481 1.1029 1.30947 0.978573 1.01848
0.740122 1.08112 0.983522 1.30858 1.35516 0.851663
0.758814 1.06661 1.16682 1.32961 1.30178 1.07804
1.13862 1.0834 0.981011 0.78749 0.75803 1.05511
end
