gesture cancelar hands 1
258.062 310.919 1461.71
256.711 309.929 1462.11
257.417 312.008 1462.74
256.055 308.432 1461.32
255.417 303.264 1463.6
255.16 299.199 1463.33
255.363 298.796 1463.15
254.728 299.063 1460.03
253.362 298.545 1458.81
252.297 298.466 1458.17
250.836 297.376 1458.04
248.748 294.901 1457.41
248.111 291.378 1457.51
247.506 289.409 1455.24
244.104 287.896 1448.42
235.951 281.07 1433.94
224.205 271.107 1418.53
202.254 219.499 1398.22
179.819 190.143 1375.19
150.639 157.638 1348.81
121.269 107.718 1323.92
86.4347 54.863 1303.29
48.2789 -11.0919 1291.92
12.7459 -56.2252 1286.06
-21.6376 -103.322 1286.67
-51.0822 -134.877 1292.46
-78.31 -158.831 1299.18
-97.863 -173.524 1310.11
-109.614 -174.38 1317.86
-120.286 -162.995 1321.65
-137.261 -144.128 1316.95
-155.345 -116.425 1308.99
-167.208 -76.4834 1304.59
-167.783 -32.132 1309.68
-174.605 15.0712 1312.49
-172.727 62.7802 1319.89
-177.553 116.761 1325.45
-178.765 165.281 1332.59
-170.917 204.42 1340.54
-150.863 221.711 1353.95
-136.401 242.629 1361.04
-123.444 257.731 1362.8
-106.515 260.88 1362.05
-88.8663 261.565 1357.67
-55.2136 240.067 1350.02
-25.9682 218.045 1336.08
-1.65407 195.597 1322.77
29.5242 166.983 1307.11
68.1624 123.936 1305.89
97.6107 88.8538 1300.09
125.322 48.2806 1299.15
150.064 10.6361 1297.62
170.497 -26.4703 1304.24
187.65 -55.527 1307.6
202.352 -81.7249 1312.66
210.091 -101.316 1318.68
216.297 -116.991 1324.27
218.177 -128.126 1329.78
217.753 -135.458 1335.1
217.43 -138.522 1338.91
217.596 -141.16 1339.05
217.496 -140.751 1339.04
217.645 -141.584 1338
216.578 -143.852 1335.41
220.328 -144.82 1336.06
220.03 -145.123 1336.2
221.454 -146.205 1339.08
218.801 -144.253 1337.86
end
gesture cancelar hands 1
205.777 297.793 1387.52
205.133 295.787 1386.04
205.054 295.543 1386.73
204.84 293.799 1386.22
204.243 295.129 1387.03
203.74 295.122 1386.65
202.704 295.714 1386.81
202.614 296.142 1386.67
202.295 295.136 1386.71
201.664 295.782 1386.2
202.51 298.301 1391.23
202.01 298.6 1388.73
200.81 299.285 1387.69
200.696 300.941 1389.12
201.791 301.733 1389.08
200.456 302.722 1387.6
200.017 302.381 1386.95
200.138 302.706 1386.86
200.238 302.502 1387.16
200.04 302.527 1387.58
200.496 302.61 1387.42
200.775 302.699 1388.09
201.788 304.05 1387.7
201.249 303.671 1389.11
201.917 303.465 1389.38
203.953 305.05 1389.34
203.639 305.6 1389.75
203.942 305.89 1389.08
205.589 305.247 1389.6
204.884 304.324 1389.96
204.697 305.59 1389.97
205.347 304.883 1390.23
205.756 305.171 1390.1
205.043 304.802 1390.16
205.366 305.492 1390.24
204.507 305.801 1389.59
205.103 305.391 1389.85
204.862 303.709 1388.89
204.417 303.529 1388.69
205.51 303.581 1387.85
205.804 303.107 1387.75
205.353 302.424 1386.71
205.081 302.802 1386.5
203.946 302.539 1384.56
202.199 302.625 1383.77
200.534 302.772 1379.67
195.169 298.893 1374.24
189.296 290.908 1367.26
178.7 277.121 1356.59
163.19 264.315 1341.6
150.12 248.662 1322.9
130.719 230.028 1306.34
105.748 206.376 1287.29
73.8762 170.41 1272.24
47.3417 139.156 1254.91
17.7788 109.936 1235.71
-17.6835 59.9122 1223.67
-50.7856 27.3564 1214.85
-81.579 -6.21169 1209.74
-115.665 -38.3165 1209.13
-144.485 -66.7557 1214.88
-171.791 -88.8737 1221.95
-195.299 -104.582 1227.93
-216.181 -115.116 1233.01
-232.106 -121.627 1237.74
-245.735 -117.915 1241.51
-257.372 -106.04 1239.56
-262.891 -86.5178 1238.16
-269.933 -62.5912 1235.85
-275.183 -34.8772 1230.3
-280.094 -0.556281 1224.96
-287.181 39.523 1217.26
-284.526 73.4125 1215.24
-287.512 113.073 1214.24
-285.585 150.081 1213.35
-278.574 181.762 1215.15
-272.802 210.55 1218.17
-264.441 235.578 1221.85
-256.73 258.051 1227.07
-248.001 278.466 1232.56
-241.314 297.097 1236.93
-232.047 311.865 1242.3
-215.957 311.736 1245.82
-204.123 312.363 1245.24
-190.894 316.445 1246.38
-172.642 316.962 1245
-145.483 294.918 1244.55
-123.017 275.912 1243.93
-100.151 260.823 1240.32
-82.3147 245.623 1235.87
-60.077 224.342 1235.69
-31.8476 196.915 1235.96
-8.02119 175.391 1238.75
17.6048 154.858 1241.86
40.6602 130.82 1245.5
60.0859 103.751 1253.67
82.7864 78.318 1262.04
102.459 59.907 1266.21
118.448 47.5905 1268.01
136.132 37.7786 1270.03
147.313 26.1879 1274.07
157.026 14.8853 1279.76
164.429 5.51429 1283.04
169.75 -1.31565 1285.79
176.025 -5.36506 1287.22
178.795 -5.29229 1288.03
178.979 -6.67242 1288.57
177.376 -8.45117 1290.09
179.297 -9.24735 1290.67
179.232 -10.062 1291.42
180.029 -9.92257 1290.48
179.196 -10.2024 1290.76
178.964 -10.4409 1290.68
end
gesture cancelar hands 1
229.478 320.531 1397.32
228.577 322.501 1396.55
226.834 322.922 1392.24
225.702 321.87 1390.59
223.102 322.012 1390.09
221.983 315.657 1388.57
219.682 306.048 1390.4
215.805 298.788 1388.21
206.998 290.17 1379.1
203.992 281.75 1376.9
189.412 268.263 1364.37
174.553 252.656 1356.33
152.522 220.101 1341.79
126.782 181.991 1330.42
102.263 143.363 1312.12
71.8608 105.61 1295.87
38.3345 41.6187 1289.76
3.71342 -2.43017 1284.91
-32.1796 -47.3366 1284.61
-63.427 -84.1289 1290.11
-94.3546 -115.56 1297.04
-115.057 -134.993 1308.22
-132.59 -147.937 1317.48
-150.565 -145.931 1321.19
-164.044 -135.262 1321.18
-176.278 -112.514 1317.85
-179.847 -80.088 1319.38
-186.694 -43.1251 1317.81
-194.29 3.42 1316.74
-202.308 52.7849 1316.1
-221.318 120.429 1315.5
-212.719 162.447 1326.8
-202.356 213.263 1334.91
-191.638 247.232 1342.72
-169.065 268.834 1349.68
-146.62 277.064 1352.27
-126.38 284.336 1349.88
-106.888 285.638 1343.04
-78.4847 279.825 1329.39
-49.6891 254.434 1317.11
-18.5754 228.688 1303.98
9.4452 192.33 1290
44.6021 151.046 1280.17
76.6599 115.276 1273.17
106.514 64.0447 1271.06
129.436 19.6692 1271.97
147.103 -16.4417 1274.52
164.748 -50.2872 1279.74
177.105 -75.1875 1284.12
190.19 -96.9865 1291.5
199.366 -113.364 1295.5
204.687 -125.077 1301.11
209.653 -132.525 1308.09
208.42 -137.448 1313.95
211.629 -140.598 1315.34
214.582 -140.965 1315.51
214.819 -141.886 1317.12
215.26 -141.187 1317.31
215.124 -141.862 1317.97
216.003 -142.275 1318.23
215.728 -142.81 1318.6
214.381 -143.839 1319.89
end
gesture cancelar hands 1
183.777 335.25 1349.8
183.436 334.707 1350.47
182.868 333.703 1349.66
183.979 333.509 1350.08
184.14 332.95 1350.37
184.805 331.574 1349.94
186.806 330.582 1354.87
185.967 327.396 1352.71
185.082 325.199 1349.94
186.149 323.218 1350.22
187.502 320.926 1351.94
186.765 320.061 1352.29
188.475 320.964 1352.85
190.165 323.015 1352.9
192.278 327.894 1355.26
192.881 330.806 1353.98
192.707 333.542 1353.3
191.908 336.829 1352.5
189.567 334.199 1351.4
188.195 328.572 1351.63
182.966 321.027 1347.58
175.267 307.683 1341.89
167.031 295.309 1335.19
156.959 286.896 1323.66
143.159 279.062 1312.05
128.183 262.743 1297.68
108.16 229.986 1287.21
83.8998 202.523 1272.83
54.8879 172.191 1256.91
29.3732 143.818 1240.8
1.01403 117.209 1228.53
-33.2327 78.0548 1218
-62.2281 45.337 1214.71
-94.1953 12.7938 1212.26
-125.469 -14.5819 1214.64
-155.311 -38.1764 1221.68
-184.064 -57.7577 1228.67
-206.857 -77.7331 1237.61
-230.44 -90.2679 1246.96
-250.599 -92.4922 1251.33
-265.355 -89.7847 1251.92
-276.13 -76.0375 1249.05
-274.956 -55.6343 1245.3
-277.373 -29.15 1237.49
-277.183 1.84472 1229.94
-281.957 40.0819 1221.11
-284.47 76.7519 1214.8
-282.26 119.371 1212.62
-276.433 158.68 1210.23
-267.604 196.327 1210.83
-258.039 232.296 1215.23
-246.983 259.446 1217.77
-235.485 283.698 1223.27
-225.182 304.28 1227.58
-213.369 311.682 1231.37
-199.295 317.038 1233.75
-186.667 321.191 1233.37
-170.467 324.83 1229.29
-152.431 322.257 1225.05
-124.024 290.437 1226.03
-102.506 269.84 1221.04
-80.8904 250.495 1214.39
-62.0377 232.237 1206.59
-33.1422 197.252 1208.41
-8.67794 165.118 1210.21
15.8773 133.808 1215.79
38.3131 104.211 1220.32
58.3498 75.1146 1224.69
74.6113 53.1263 1228.53
93.6723 30.881 1233.02
111.6 10.4601 1238.08
124.05 -8.53085 1244.13
133.321 -24.1 1249.75
140.78 -36.7194 1255.12
146.558 -47.4174 1262.4
151.709 -55.5117 1265.59
155.8 -58.4659 1267.42
160.364 -60.6124 1269.76
160.669 -60.5564 1271.4
160.071 -61.7304 1273.36
160.13 -62.2588 1275.03
158.064 -61.5832 1274.95
160.51 -61.5485 1275.66
160.346 -60.8636 1274.38
163.697 -61.8882 1274.79
end
gesture circulo hands 2
288.751 532.734 1911.18
287.45 531.358 1913.09
289.33 531.806 1912.59
289.29 531.57 1911.67
287.164 533.02 1910.63
289.201 533.216 1911.15
286.07 532.253 1911.62
286.719 533.144 1911.34
286.397 531.867 1911.96
285.782 532.085 1911.65
286.193 531.138 1911.06
284.521 532.228 1908.07
283.38 531.906 1908.37
281.812 538.459 1908.67
280.876 541.375 1908.49
282.239 547.419 1906.09
291.257 550.634 1904.3
288.568 564.715 1901.89
293.346 580.221 1904.68
294.172 581.848 1904.99
301.825 596.293 1901.23
308.066 596.846 1901.51
319.559 603.014 1901.18
330.985 607.888 1899.14
342.19 613.962 1895.68
353.124 617.019 1893.69
366.648 620.127 1890.01
378.056 619.612 1887.94
392.661 615.733 1881.74
405.494 613.145 1884.75
417.374 598.22 1879.57
422.577 593.585 1881.09
430.839 590.369 1879.52
443.674 584.949 1877.81
455.53 564.186 1873.72
464.043 544.908 1874.69
470.151 531.767 1872.58
475.768 519.622 1870.26
480.705 501.581 1868.34
486.441 476.492 1866.13
490.946 452.958 1865.33
497.054 430.708 1860.93
497.503 410.723 1856.01
501.515 389.491 1852.28
504.299 366.152 1848.64
502.249 339.485 1841.34
501.29 314.324 1834.87
499.337 291.286 1831.25
494.838 268.129 1826.14
487.637 246.625 1820.21
482.456 222.312 1817.84
474.788 197.873 1816.06
471.42 177.941 1813.78
455.314 155.971 1814.15
440.413 137.825 1810.47
427.043 120.718 1808.37
412.917 110.32 1801.41
404.347 92.9977 1799.58
369.246 66.6833 1809.88
350.06 55.785 1808.54
327.244 43.7023 1808.99
306.34 34.9587 1808.08
282.551 27.8397 1808.15
252.87 25.4111 1809.97
230.257 26.1751 1806.97
205.244 24.6826 1810.6
183.638 27.1902 1810.91
161.432 37.2961 1808.41
139.728 51.4964 1808.16
122.974 66.3123 1806.37
104.239 87.6879 1799.75
91.0119 109.017 1800.51
87.4438 127.217 1801.01
82.5775 151.96 1799.94
73.1262 192.583 1786.21
67.3142 233.824 1775.77
64.2698 272.294 1771.95
66.178 305.958 1766.86
69.5509 342.027 1768.15
74.1045 374.848 1770.18
82.6323 406.8 1771.82
96.2225 440.36 1774.41
107.218 470.726 1776.21
118.915 492.281 1779.5
131.646 508.312 1787.17
147.161 525.313 1792.09
166.117 537.017 1795.74
185.672 545.714 1799.72
204.547 548.405 1805.37
225.747 555.381 1810.55
239.522 565.412 1816.98
261.337 567.2 1820.32
277.592 572.725 1824.67
298.237 574.824 1830.04
311.413 576.806 1837.02
327.38 580.044 1840.37
338.32 577.289 1848.3
349.858 574.248 1852.36
359.286 568.935 1858.92
368.422 566.528 1860.52
373.641 565.741 1860.22
378.068 559.305 1861.21
383.938 557.444 1864.04
386.697 560.617 1866.65
389.366 561.039 1866.79
394.985 557.526 1866.9
396.029 554.595 1870.55

-264.393 510.314 1981.74
-262.604 510.688 1981.45
-264.43 510.156 1981.01
-261.675 508.841 1980.24
-261.88 507.405 1980.3
-259.97 509.686 1981.23
-260.32 510.863 1980.59
-257.608 509.325 1979.32
-256.578 511.511 1977.84
-262.54 508.881 1979.02
-257.51 508.674 1974.46
-259.151 513.859 1973.71
-255.636 519.34 1974.47
-254.721 518.19 1969.19
-252.833 518.135 1967.66
-259.586 527.638 1965.68
-264.584 535.524 1965.93
-273.842 542.954 1965.74
-275.479 550.457 1965.5
-280.426 558.465 1966.23
-288.865 558.938 1966.14
-301.953 569.147 1969.04
-309.879 573.578 1970.71
-324.394 579.508 1975.98
-328.913 585.107 1976.77
-346.171 581.599 1983.65
-358.464 581.107 1989.51
-370.521 575.54 1993.44
-376.926 569.8 1997.91
-387.65 556.828 1997.79
-395.669 545.831 1997.49
-400.449 536.128 2001.86
-409.703 524.833 1998.42
-424.649 512.332 2002.97
-428.723 499.852 2003.99
-436.568 486.809 2002.41
-444.111 472.887 2004.1
-449.685 456.816 2001.02
-457.688 444.372 2000.99
-456.781 429.495 1999.56
-463.084 415.304 1998.47
-463.586 396.251 1994.1
-462.509 379.406 1990.9
-462.061 361.064 1985.46
-461.713 344.446 1978.56
-462.083 329.461 1977.35
-457.522 313.567 1972.77
-451.31 300.663 1963.88
-450.227 283.146 1961.93
-444.819 264.262 1960.14
-439.076 246.143 1954.87
-433.415 235.357 1950.87
-422.083 219.952 1948.9
-415.686 204.435 1946.2
-405.564 192.793 1941.1
-394.089 177.193 1932.35
-378.207 165.179 1924.62
-363.454 149.965 1916.34
-343.904 134.952 1907.92
-318.181 123.574 1900.53
-294.948 110.829 1893.66
-266.746 95.5849 1890.15
-245.316 90.7079 1884.04
-226.461 87.0772 1879.29
-202.212 82.2666 1875.34
-186.155 86.5715 1864.99
-167.252 92.394 1861.73
-156.2 97.9001 1852.6
-143.002 102.794 1850.22
-126.549 114.798 1847.47
-118.19 128.107 1841.13
-108.803 145.24 1839.74
-103.304 168.176 1833.66
-100.777 192.279 1828.85
-97.9317 207.221 1828.86
-101.262 238.99 1823.89
-103.98 274.662 1815.85
-109.424 307.837 1813.83
-112.294 337.745 1816.5
-119.934 365.343 1820.88
-130.599 392.838 1821.68
-142.191 427.453 1827.39
-151.25 453.092 1832.67
-163.68 466.15 1842.98
-176.471 485.818 1851.78
-188.299 503.013 1862.53
-202.345 515.177 1871.57
-217.218 530.003 1882.53
-230.881 538.105 1888.53
-239.921 541.455 1900.01
-255.785 543.284 1909.2
-267.97 550.184 1916.1
-286.364 549.851 1921.45
-295.312 548.983 1928.49
-305.398 542.491 1932.49
-317.537 541.235 1941.33
-324.556 541.214 1945.83
-336.717 540.529 1952.2
-346.257 534.566 1954.35
-347.43 528.24 1954.64
-357.994 531.285 1958.62
-358.509 527.445 1959.51
-363.079 522.001 1959.72
-366.129 519.818 1961.8
-368.419 513.978 1963.93
-370.66 512.14 1963.56
-370.953 513.238 1963.27
end
gesture circulo hands 2
318.81 584.646 1866.94
322.691 588.449 1866.47
324.295 592.594 1867.24
323.959 595.431 1868.93
328.168 596.64 1870.94
332.278 596.824 1870.73
335.421 598.138 1872.36
336.656 599.824 1875.06
336.066 602.173 1875.53
336.7 605.233 1876.19
337.969 606.234 1876.3
344.24 607.951 1877.16
348.366 611.657 1878.94
349.833 609.294 1881.34
354 606.826 1877.52
362.878 606.821 1881.93
369.333 608.197 1882.55
378.64 604.201 1890.21
387.712 604.58 1891.5
398.782 602.061 1893.46
409.101 595.354 1893.75
419.664 586.668 1897.76
426.429 581.013 1900.4
439.052 575.198 1901.92
448.588 560.668 1901.66
459.643 549.976 1899
468.483 534.218 1896.78
480.697 515.534 1893.7
491.006 495.73 1890.66
497.447 471.909 1890.72
503.202 445.855 1886.81
504.216 421.803 1883.34
505.332 394.115 1879.77
507.393 372.284 1876.39
511.613 343.664 1867.47
510.789 300.907 1866.52
508.669 269.226 1859.72
495.823 231.6 1849.5
485.301 194.138 1847.52
472.046 162.688 1843.95
457.335 135.66 1834.87
435.466 108.764 1828.89
400.483 74.2483 1833
366.577 51.3799 1837.06
336.289 38.7433 1833.74
311.497 24.9585 1832.49
280.079 16.229 1831.06
244.625 10.3929 1832.19
213.834 12.2456 1835.37
190.351 12.6453 1835.85
168.366 16.3225 1837.77
143.1 29.2797 1840.48
122.02 43.1642 1843.1
101.78 64.5936 1836.45
88.3024 87.8121 1832.81
73.1241 111.835 1830.01
75.6959 138.346 1823.55
71.7887 167.411 1821.16
61.0884 211.297 1809.86
51.7186 255.25 1803.56
53.5616 290.357 1799.96
56.7592 333.505 1797.24
62.5368 370.193 1799.38
69.1694 401.39 1801.12
81.7324 431.705 1802.61
95.014 464.452 1805.37
111.503 491.741 1811.65
123.402 511.922 1814.82
139.037 521.188 1822.76
158.288 536.091 1828.86
174.02 548.989 1834.58
195.596 562.52 1838
219.62 577.569 1844.12
237.389 585.854 1847.56
257.321 593.85 1858.37
270.728 600.795 1862.53
287.272 603.021 1871.73
310.521 604.273 1874.78
325.775 608.314 1883.82
341.492 608.869 1885.38
354.127 607.07 1894.83
366.941 605.775 1900.89
380.448 598.068 1908.88
389.162 589.3 1908.68
399.482 587.188 1910.83
408.465 586.371 1912.85
411.269 580.127 1910.33
413.832 575.983 1909.73
418.723 573.549 1910.53
418.896 572.466 1908.96
419.517 571.701 1911.45
418.523 570.464 1913.15
418.143 566.482 1907.99
416.961 565.299 1908.19
416.915 565.564 1908.33
418.357 560.725 1906.13
415.995 566.385 1908.17
417.875 565.385 1909.39
417.009 564.872 1910.28
417.638 563.972 1909.82
416.98 564.162 1908.12
418.832 564.015 1907.19
417.93 564.459 1907.68
417.829 564.976 1908.42

-312.777 552.997 1949.54
-318.557 554.127 1951.83
-321.371 557.978 1953.96
-323.185 562.074 1954.44
-325.127 562.879 1954.87
-328.352 565.372 1955.86
-328.544 566.44 1954.97
-334.5 563.693 1955.82
-333.941 564.29 1958.77
-337.16 567.835 1960.4
-335.77 570.307 1961.32
-334.998 573.696 1963.09
-334.796 561.366 1960.34
-336.875 556.898 1960.17
-340.289 557.332 1964.09
-343.073 560.833 1968.46
-357.019 559.348 1973.25
-366.524 559.858 1978.11
-374.198 553.049 1983.83
-380.036 542.762 1983.24
-390.316 538.747 1988.03
-399.568 529.484 1993.56
-404.461 521.676 1994.24
-417.505 505.141 1999.17
-425.156 489.238 2000.97
-431.221 477.6 2000.6
-442.331 461.779 2004.24
-448.723 444.295 2004.57
-456.889 423.082 2006.91
-461.922 398.551 2006.96
-466.598 381.147 2007.56
-472.303 359.797 2005.55
-473.97 334.641 2006.47
-473.333 307.805 2004.12
-474.42 287.151 2001.36
-469.736 259.327 1996.4
-462.456 233.082 1987.4
-460.308 211.919 1987.13
-447.523 190.627 1980.99
-435.683 167.157 1973.78
-415.737 141.602 1968.58
-392.399 122.465 1957.9
-364.985 100.284 1947.63
-337.687 80.9323 1936.05
-308.886 68.7037 1921.36
-279.065 56.9587 1911.84
-251.896 43.9717 1909.78
-224.522 37.5056 1900.83
-199.358 39.0202 1892.31
-176.677 46.2782 1884.54
-160.932 57.517 1872.68
-146.981 65.5814 1868.93
-133.156 78.7694 1869.12
-122.717 96.1617 1861.9
-116.771 118.474 1856.07
-110.159 142.897 1851.4
-111.439 170.021 1847.1
-112.462 195.761 1846.56
-118.985 223.417 1845.47
-118.141 265.986 1841.8
-122.357 309.225 1840.23
-125.403 335.694 1842.94
-131.006 364.598 1847.76
-143.562 398.285 1849.3
-153.017 426.414 1852.84
-160.779 450.687 1862.95
-174.159 461.548 1872.79
-185.012 488.405 1877.53
-193.532 499.637 1886.06
-203.762 510.593 1894.44
-220.219 528.267 1904.13
-229.548 539.917 1911.27
-242.726 546.33 1921.79
-260.038 548.342 1923.94
-268.991 555.854 1932.98
-281.837 559.248 1943.87
-298.501 562.758 1952.74
-306.162 563.916 1957.71
-320.855 560.587 1967.08
-329.091 557.446 1970.39
-335.502 549.793 1976.27
-347.668 547.755 1983.96
-355.726 541.486 1991.69
-368.374 540.646 1997.34
-374.699 538.085 1999.96
-378.581 533.161 1999.28
-378.103 530.827 2000.32
-381.67 526.212 1999.21
-382.693 519.743 1999.35
-377.312 519.61 1996.18
-377.923 519.529 1998.58
-382.794 524.482 1999.41
-378.567 528.267 1997.3
-379.46 525.471 1997.07
-380.177 526.953 1998.71
-376.855 524.605 1997.43
-376.557 523.395 1994.52
-377.671 521.334 1995.31
-376.899 523.49 1994.63
-379.56 525.168 1996.05
-380.92 527.217 1997.3
-381.251 522.04 1994.39
-382.843 521.754 1995.52
-381.868 521.036 1994.27
end
gesture circulo hands 2
382.767 583.642 1887.09
382.82 584.867 1887.41
382.093 584.786 1885.05
383.372 585.273 1886.31
383.277 584.432 1887.27
380.052 583.89 1885.42
383.969 582.219 1886.52
384.822 582.44 1885.41
382.998 582.182 1885.25
385.197 581.901 1886.91
386.365 582.891 1885.35
385.626 584.027 1889.13
393.411 584.04 1890.91
396.182 581.454 1892.06
405.416 578.557 1888.78
412.716 572.336 1892.25
416.773 568.713 1894.21
425.181 562.994 1896.68
437.276 542.492 1896.87
445.86 534.344 1894.01
451.238 523.094 1895.53
460.503 513.746 1893.58
467.47 496.522 1892.36
473.06 474.771 1895.77
482.596 453.491 1892.41
489.575 429.424 1888.72
498.949 403.585 1885.56
502.238 377.881 1881.85
500.079 349.242 1876.56
497.019 313.182 1869.88
495.05 278.162 1866.85
490.065 247.255 1867.13
477.567 210.941 1864.1
468.306 177.994 1860.13
458.647 151.523 1851.5
446.737 120.634 1850.76
418.186 85.1627 1851.58
386.211 56.5838 1853.33
358.013 38.1669 1850.63
330.713 24.373 1849.72
301.284 11.1517 1850.3
268.883 8.53943 1843.1
235.828 5.0286 1848.53
205.247 8.41198 1848.21
182.874 11.3278 1848.14
155.114 21.2184 1850.28
135.202 37.6407 1835.1
107.465 58.1558 1835.71
94.175 75.2703 1834.02
80.574 100.372 1832.18
70.7114 130.832 1823.7
63.7087 158.141 1818.91
57.5751 194.743 1811.07
49.632 236.783 1799.12
43.2355 279.348 1796.42
46.892 315.662 1788.36
49.6673 346.762 1793.07
61.44 373.913 1791.17
68.3545 407.352 1792.49
79.2629 442.545 1791.78
93.0205 477.078 1791.06
106.603 497.481 1795.92
120.647 516.327 1799.08
139.655 535.525 1805.69
156.958 541.14 1813.57
181.93 556.587 1816.58
200.872 570.111 1822.62
224.628 582.595 1826.87
247.757 589.097 1832.81
266.641 595.099 1836.62
292.767 594.671 1841.33
311.314 596.694 1848.85
331.436 596.959 1851.21
347.955 595.083 1854.1
366.343 590.916 1860.23
377.479 581.953 1863.83
387.712 575.766 1864.1
395.241 571.027 1871.31
402.836 563.643 1869.37
407.384 557.319 1868.28
409.512 552.836 1873.05
413.722 555.054 1874.09
418.026 554.713 1874.61
420.086 552.858 1875.48
419.712 551.626 1874.9
419.832 554.844 1873.23
417.518 556.846 1873.03
417.133 557.222 1872.08
416.234 557.059 1872.47
415.92 551.884 1870.82
412.301 551.07 1871.48
412.063 550.52 1872.19
411.932 549.891 1870.42
410.675 550.865 1870.13
411.86 550.128 1870.09
409.857 550.491 1870.37
409.147 551.896 1870.64
408.649 550.242 1871.69
408.335 552.549 1869.77
409.155 551.956 1870.99
408.616 551.831 1871.57
409.709 551.509 1871.26
410.251 552.524 1871.56

-355.72 551.005 1967.3
-357.849 554.274 1969.08
-357.873 554.841 1967.82
-358.205 554.593 1968.8
-358.52 554.663 1967.78
-359.694 555.097 1968.01
-358.538 554.39 1966.35
-358.517 554.336 1967.28
-357.933 552.842 1966.68
-358.367 554.487 1968.45
-358.191 552.869 1968.47
-362.583 529.36 1967.98
-361.878 547.526 1967.93
-366.022 541.837 1969.61
-369.032 534.932 1972.52
-381.134 522.164 1974.06
-386.251 521.679 1978.44
-393.096 513.772 1979.76
-397.081 505.503 1980.67
-412.554 495.179 1986.29
-415.876 479.768 1988.79
-422.403 464.384 1991.45
-434.775 449.45 1995.29
-443.108 429.267 1993.08
-452.372 402.873 1993.74
-461.12 380.499 1994.2
-465.356 356.156 1992.92
-474.357 332.152 1996.02
-470.966 304.772 1995.12
-464.939 278.388 1992.35
-456.007 254.854 1987.29
-450.04 231.894 1983.7
-438.654 207.845 1980.37
-424.365 184.155 1972.65
-412.65 163.784 1967.69
-386.455 136.996 1955.88
-364.8 116.118 1947.8
-337.621 94.9656 1935.33
-309.424 75.3329 1928.06
-279.794 66.0121 1918.22
-249.64 55.0874 1911.39
-225.93 50.8039 1900.94
-200.058 50.0923 1894.82
-177.117 52.7391 1885.87
-159.956 60.3325 1873.56
-144.672 68.873 1868.04
-130.692 80.368 1863.34
-119.712 96.5415 1857.99
-109.47 115.889 1853.4
-103.526 137.86 1850.94
-100.875 159.913 1850.55
-102.736 184.43 1848.22
-105.089 212.961 1841.68
-113.617 245.074 1838.14
-113.176 287.551 1832.9
-119.844 326.038 1829.54
-125.103 356.366 1830.11
-139.098 388.314 1835.23
-152.58 416.448 1836.85
-160.106 441.188 1844.8
-175.398 466.535 1855.05
-186.396 487.061 1863.02
-200.73 505.774 1871.42
-214.072 524.663 1881.45
-229.043 538.373 1887.98
-235.298 536.381 1905.07
-255.476 554.817 1912.91
-267.43 563.46 1918.91
-279.812 566.698 1927.03
-296.9 566.884 1936.97
-308.297 565.186 1948.07
-322.213 559.662 1956.03
-332.768 554.132 1963.41
-347.089 556.878 1970.45
-359.239 552.279 1975.67
-367.503 545.901 1978.77
-376.596 533.976 1980.27
-384.642 527.214 1985.06
-388.347 517.613 1986.71
-393.29 522.757 1992.2
-390.607 520.825 1987.8
-391.661 513.627 1986.28
-391.934 511.569 1987.66
-392.293 511.443 1985.68
-393.231 510.703 1985.27
-392.89 510.051 1983.16
-391.001 511.221 1983.05
-392.383 512.02 1983.78
-393.757 510.01 1983.11
-392.853 510.3 1983.41
-391.719 513.292 1981.32
-391.894 514.599 1980.82
-392.314 513.62 1981.08
-391.568 515.422 1980.75
-392.437 515.718 1982.05
-394.01 517.946 1982.91
-394.413 520.91 1983.59
-394.145 521.84 1983.19
-393.681 518.872 1982.62
-393.335 518.364 1983.49
-394.907 515.155 1983.43
-390.718 514.068 1980.05
-392.95 513.164 1978.99
end
gesture circulo hands 2
387.809 564.919 1865.59
388.239 567.236 1865.79
388.775 571.371 1865.96
389.538 572.966 1865.8
390.809 573.353 1866.69
391.42 574.565 1869.8
393.015 573.416 1866.53
401.431 573.063 1869.69
406.774 569.686 1870.04
414.176 566.025 1869.14
422.562 559.415 1869.42
433.01 550.252 1867.79
442.503 538.034 1868.86
450.297 524.852 1867.85
459.114 506.129 1867.31
468.171 492.572 1866.97
475.858 478.507 1864.94
486.377 458.86 1868.39
494.861 428.672 1865.63
502.491 394.431 1864.79
505.272 357.252 1860.19
497.961 316.599 1854.66
494.419 281.997 1852.06
490.253 250.218 1844.49
473.716 208.598 1842.65
459.147 172.14 1839.59
443.201 138.882 1837
428.76 102.341 1831.52
399.3 66.153 1832.38
367.819 32.8686 1836.84
337.267 11.8844 1833.24
305.953 -6.53477 1834.89
276.941 -17.162 1829.68
236.77 -27.7097 1839.38
211.279 -29.2423 1834.31
180.368 -25.1784 1831.52
146.489 -15.8842 1832.84
118.975 -2.79857 1833.77
106.559 14.9539 1832.97
91.0603 34.1708 1836.76
80.3757 64.2418 1827.01
74.0645 99.7453 1813.07
70.9116 132.575 1808.02
69.0489 170.915 1799.89
61.2268 217.183 1791.21
58.6785 267.105 1778.86
61.43 318.404 1768.57
71.3751 360.732 1766.64
79.3121 396.407 1771.4
96.5471 432 1773.28
110.611 465.928 1777.66
127.954 495.697 1784.85
145.044 519.75 1792.97
169.608 530.366 1802.45
194.411 538.522 1807.53
220.411 553.372 1813.14
240.063 565.561 1818.79
263.38 576.821 1825.07
288.26 584.085 1831.61
307.382 589.053 1839.76
327.786 590.051 1843.47
343.249 592.373 1847.48
354.273 591.89 1852.02
367.102 583.848 1858.44
374.733 580.763 1860.41
381.024 573.297 1859.58
387.975 570.617 1863.11
392.651 566.368 1859.03
393.169 564.197 1862.51
396.972 563.981 1862.02
394.749 562.409 1865.6
397.46 563.816 1863.46
397.887 566.073 1864.15
398.755 569.497 1861.76
398.239 569.326 1860.26
398.217 569.328 1860.62
397.553 568.5 1861.07
395.06 566.302 1862.19
395.178 566.978 1860.51
395.927 566.059 1861.84
393.633 566.704 1862.11
394.848 564.653 1860.42
394.94 564.82 1862.59
397.65 565.968 1863.82
398.624 567.111 1862.79
401.955 569.836 1861.75
399.154 568.076 1863.84
398.317 566.871 1864.46
397.659 567.441 1862.51
401.42 571.948 1863.21
401.657 568.387 1862.89

-380.894 526.392 1969.44
-377.508 525.95 1966.44
-379.97 525.338 1967.17
-378.362 526.911 1967.84
-380.678 527.47 1968.88
-383.283 528.371 1970.06
-383.517 531.999 1970.72
-387.688 536.626 1974.07
-395.669 537.075 1975.44
-399.45 528.888 1975.01
-404.826 520.321 1975.11
-416.801 508.037 1979.3
-425.835 496.22 1981.85
-438.148 482.131 1984.88
-445.028 465.076 1981.55
-452.542 442.286 1983.13
-458.193 424.341 1984.05
-468.449 400.111 1986.51
-473.915 377.179 1985.93
-481.496 347.527 1987.43
-483.065 318.908 1984.36
-483.457 281.991 1982.36
-476.176 248.907 1977.84
-461.306 212.165 1970.7
-448.368 178.748 1963.96
-429.678 144.644 1960.64
-409.768 113.895 1950.87
-382.922 85.9855 1942.92
-355.693 58.399 1936.68
-326.793 38.6779 1926.75
-293.339 19.9415 1918.56
-264.384 7.06741 1909.42
-232.365 -5.02399 1903.67
-200.615 -11.9516 1901.81
-174.219 -6.42622 1881.14
-152.159 -6.16941 1873.55
-129.964 5.8234 1858.18
-118.993 14.0316 1855.58
-108.893 33.3271 1848.22
-106.413 56.769 1837.21
-103.199 87.0365 1831.6
-101.583 115.368 1827.49
-105.847 148.863 1824.66
-118.903 181.923 1823.31
-125.927 220.605 1819.96
-134.132 261.638 1819.1
-144.954 307.736 1817.23
-152.928 354.635 1816.14
-164.58 394.573 1818.61
-179.163 422.574 1831.49
-194.297 453.504 1840.04
-211.287 480.243 1851.38
-222.795 501.557 1864.28
-236.434 519.826 1875.69
-253.259 534.22 1886.95
-267.144 546.662 1903.57
-290.132 553.164 1914.35
-301.789 553.449 1921.97
-312.113 557.246 1932.42
-326.474 558.559 1945.58
-344.004 558.937 1955.97
-355.105 558.617 1963.85
-367.929 560.028 1968.9
-377.944 547.851 1976.99
-382.391 544.336 1979.35
-386.889 538.682 1983.99
-392.663 536.193 1989.42
-396.274 529.467 1992.7
-399.799 527.612 1991.11
-399.857 530.119 1987.76
-398.227 528.439 1989.28
-397.103 526.902 1993.05
-393.618 529.54 1990.62
-389.086 525.324 1985.49
-390.122 529.281 1986.69
-388.273 529.53 1983.15
-391.378 524.432 1982.02
-390.802 524.847 1984.46
-391.464 523.935 1983.53
-391.166 522.425 1981.31
-392.476 522.299 1982.06
-393.088 524.536 1983.93
-393.12 525.844 1985.82
-391.592 522.536 1981.92
-392.727 522.616 1981.84
-395.163 521.791 1982.64
-395.145 521.585 1979.88
-392.704 521.084 1979.72
-394.106 521.462 1979.81
-393.518 524.015 1979.33
-394.774 523.41 1979.5
end
gesture circulo hands 2
423.614 562.686 1867.16
423.969 563.257 1865.87
424.877 563.061 1863.95
427.111 559.936 1864.82
428.927 556.401 1863.62
430.753 554.443 1862.66
434.832 551.491 1859.12
436.088 549.807 1862.9
439.838 547.978 1865.33
440.378 544.72 1864.11
439.016 541.171 1867.84
437.718 541.542 1863.05
442.59 544.101 1863.83
448.165 541.393 1861.16
451.588 531.662 1860.34
453.556 523.365 1860.89
454.712 512.087 1857.89
459.881 496.965 1854.02
464.066 477.643 1848.98
466.25 454.492 1844.79
467.766 427.304 1839.43
470.679 394.946 1832.62
467.648 348.774 1829.56
461.229 302.037 1824.92
455.544 261.859 1821.58
443.265 218.867 1818.61
435.489 174.399 1814.49
421.828 134.447 1808.54
386.268 87.1407 1818.28
363.846 53.5857 1820.59
333.979 26.7846 1822.29
308.443 3.13748 1822.88
276.704 -9.44813 1823.79
242.383 -26.4785 1830.24
217.247 -28.1156 1831.11
188.331 -30.0346 1832.02
167.692 -21.3893 1831.03
141.194 -13.5503 1837.27
123.809 2.11253 1833.95
111.072 19.9909 1834.19
98.0474 52.576 1813.49
85.5256 79.3256 1811.25
78.7225 111.392 1804.97
73.2169 139.563 1800.43
68.4308 177.562 1789.58
61.8482 222.416 1776.51
62.2661 268.493 1768.9
68.7319 319.945 1758.51
75.3917 360.572 1761.23
87.7263 396.04 1767.12
103.288 438.79 1767.61
120.244 466.271 1774.78
136.208 493.458 1782.05
156.213 514.77 1789.37
181.99 530.596 1795.45
208.365 542.55 1796.37
233.397 557.398 1802.63
251.655 568.632 1806.81
275.071 573.029 1808.03
294.464 578.635 1811.36
311.209 580.932 1820.82
325.779 577.006 1824.05
341.787 575.513 1825.48
356.345 572.935 1831.36
368.885 568.748 1835.32
378.98 565.073 1837.76
387.083 563.938 1840.03
392.963 565.946 1841.98
406.706 567.082 1847.33
395.605 556.1 1841.77
397.8 557.212 1841.28
397.897 556.968 1840.34
397.114 557.888 1840.66
399.964 557.122 1840.58
396.762 557.674 1842.01
394.482 556.667 1841.01
394.159 557.189 1841.09
397.898 557.756 1841.11
398.814 557.689 1839.53
396.176 557.203 1839.41
395.341 555.325 1839.62
394.267 555.016 1841.68
395.26 555.797 1840.51
396.178 556.244 1838.31
396.249 553.741 1839.86
397.626 554.832 1839.93
398.124 558.009 1839.54
400.877 561.526 1841.47
403.35 561.367 1840.07
401.046 563.302 1841.74
401.339 562.41 1839.7
404.571 560.867 1840.49
401.763 556.88 1840.74
398.648 557.553 1840.99

-397.896 524.823 1973.77
-398.527 524.923 1971.12
-400.449 525.009 1972.2
-402.875 525.567 1971.28
-404.264 520.982 1970.98
-404.437 520.441 1971.41
-404.102 521.769 1971.16
-401.636 521.899 1971.46
-402.428 519.907 1971.67
-402.024 523.53 1969.01
-405.165 520.86 1970.25
-406.009 519.377 1970.12
-408.655 517.782 1973.28
-412.502 514.635 1973.65
-415.622 504.827 1971.93
-422.069 499.266 1969.97
-429.834 489.06 1970.85
-433.928 476.768 1968.47
-440.817 458.155 1965.92
-445.698 434.304 1963.77
-446.204 409.951 1959.76
-452.69 383.737 1956.87
-444.256 349.681 1950.95
-437.563 311.09 1945.48
-430.108 273.111 1942.78
-412.321 241.468 1933.54
-391.949 199.802 1929.39
-371.729 159.065 1923.18
-346.362 120.205 1916.22
-317.863 87.3927 1910.89
-288.458 57.9152 1901.78
-257.73 33.0353 1894.37
-225.122 13.3777 1888.46
-195.752 -0.136099 1890.98
-175.573 -1.73323 1881.01
-161.492 3.05173 1870.09
-142.663 13.7064 1857.04
-128.564 30.566 1849.18
-118.865 47.4518 1845.94
-110.784 68.6119 1845.27
-106.604 97.3837 1836.66
-103.415 123.327 1840.66
-105.368 151.725 1839.25
-111.728 181.586 1837.2
-117.195 215.327 1833.06
-121.607 267.787 1825.55
-133.41 312.432 1820.63
-145.157 354.956 1820.28
-153.532 387.385 1830.27
-166.807 415.719 1837.5
-178.818 444.165 1845.48
-190.908 468.125 1860.61
-208.65 492.444 1869.2
-223.303 510.267 1878.71
-237.135 521.1 1887.1
-255.523 532.016 1896.96
-268.112 543.301 1906.42
-286.224 548.356 1912.68
-297.782 544.963 1917.1
-310.229 541.882 1925.07
-320.553 541.493 1934.92
-339.871 545.048 1943.88
-352.396 544.578 1951.48
-363.932 542.949 1959.32
-379.512 534.565 1964.59
-384.504 529.485 1969.34
-392.384 524.405 1975.71
-395.046 527.399 1977.21
-401.613 523.865 1974.94
-402.514 518.85 1970.5
-406.655 516.662 1975
-406.912 514.544 1977.93
-411.616 512.259 1977.31
-409.83 513.579 1977.95
-406.213 513.944 1974.92
-409.514 516.806 1976.49
-409.024 518.671 1975.27
-409.08 518.648 1974.67
-407.848 519.449 1974.74
-407.945 518.052 1973.22
-405.627 514.386 1972.49
-407.412 513.252 1975.67
-408.647 516.312 1974.8
-407.274 517.636 1973.43
-409.041 518.351 1973.32
-408.078 517.975 1976.06
-408.227 517.003 1974.97
-409.188 517.161 1974.87
-407.91 517.517 1976.22
-410.491 515.143 1976.59
-408.094 519.357 1975.57
-408.058 516.146 1976.37
-407.614 514.354 1977.35
-407.311 514.759 1978.68
end