gesture g7 hands 1
-0.0151105 -0.119722 -0.213113 0.804641 0.900655 0.819108
0.0133608 -0.111383 -0.256408 0.805811 0.89588 0.827046
-0.0369792 -0.119917 -0.213184 0.776752 0.883184 0.825157
-0.0605609 -0.0913698 -0.226313 0.788087 0.873423 0.816574
-0.0199487 -0.0810879 -0.242534 0.798675 0.899723 0.822033
0.00126459 -0.0465815 -0.276206 0.816951 0.910306 0.835299
-0.0370021 -0.0913335 -0.243052 0.799109 0.893886 0.836675
-0.00869563 -0.0107217 -0.290546 0.81407 0.906085 0.847341
0.00676428 -0.0270137 -0.301364 0.824665 0.915913 0.831264
-0.0256412 -0.0422242 -0.294827 0.82912 0.928386 0.845707
-0.0223881 0.0586967 -0.318062 0.830171 0.931093 0.84348
0.0177328 -0.010194 -0.336843 0.853423 0.939351 0.853583
-0.00325195 0.116888 -0.307289 0.838349 0.937397 0.84826
-0.0405134 0.111104 -0.343618 0.842952 0.938558 0.885517
0.0329038 0.176487 -0.351909 0.835887 0.928821 0.854032
0.0151989 0.102392 -0.344886 0.858965 0.955848 0.887816
0.0538316 0.16545 -0.383784 0.873344 0.981982 0.922608
0.0860579 0.187124 -0.38666 0.844205 0.936828 0.853944
0.0695949 0.211508 -0.393148 0.863439 0.952732 0.898824
0.0715906 0.177564 -0.382969 0.851632 0.95205 0.87208
0.11393 0.153057 -0.394571 0.841648 0.947916 0.853327
0.0933569 0.187752 -0.387358 0.843948 0.95239 0.862719
0.0546896 0.1163 -0.380748 0.810529 0.923769 0.827166
-0.00408264 0.0830714 -0.353791 0.790458 0.909608 0.788758
-0.0043974 0.13476 -0.354894 0.773333 0.901424 0.727161
0.0629952 0.140809 -0.377945 0.774313 0.913228 0.775163
0.0778329 0.141391 -0.373264 0.756795 0.88972 0.723974
0.0197558 0.0339919 -0.331841 0.751919 0.88381 0.714828
0.0548115 0.0882448 -0.355699 0.73792 0.874793 0.693111
0.0360178 0.0105831 -0.302346 0.686898 0.808155 0.647294
-0.00825795 -0.068717 -0.245224 0.647731 0.778386 0.588723
0.0253158 -0.0515499 -0.290825 0.627574 0.757367 0.590277
0.05342 -0.068226 -0.269521 0.599292 0.721823 0.551382
-0.0560661 -0.142255 -0.20268 0.53989 0.673409 0.503443
-0.0716806 -0.127439 -0.169684 0.493665 0.624676 0.484632
-0.0576783 -0.0908215 -0.154884 0.439856 0.561327 0.434924
-0.0790323 -0.0887963 -0.104491 0.370747 0.494909 0.424963
-0.167212 -0.112304 -0.0418484 0.322448 0.433887 0.3959
-0.232865 -0.177476 -0.0135743 0.253086 0.36358 0.367366
-0.321841 -0.208713 0.0348563 0.200938 0.300431 0.345949
-0.383563 -0.327976 0.116201 0.119771 0.233987 0.321714
-0.427103 -0.357085 0.198925 0.0703115 0.167558 0.305634
-0.481144 -0.330222 0.238203 -0.0265149 0.106035 0.292589
-0.606616 -0.409448 0.31262 -0.0740942 0.0395229 0.273272
-0.670628 -0.430432 0.37293 -0.153896 -0.016118 0.27509
-0.716412 -0.533544 0.423053 -0.227253 -0.0742179 0.266067
-0.77863 -0.674047 0.489371 -0.28892 -0.127962 0.252539
-0.833624 -0.632716 0.570966 -0.367055 -0.183298 0.22444
-0.880954 -0.752275 0.633104 -0.440029 -0.230389 0.186737
-0.869518 -0.813642 0.693904 -0.511081 -0.282801 0.157648
-0.877832 -0.845743 0.736149 -0.581174 -0.303817 0.114601
-1 -0.768245 0.792612 -0.648122 -0.317178 0.0668199
-0.972092 -0.825318 0.794875 -0.710589 -0.318375 0.019291
-0.953146 -0.708381 0.844465 -0.76716 -0.308599 -0.0348553
-0.900664 -0.850705 0.885509 -0.816417 -0.289097 -0.0806179
-0.934358 -0.951161 0.903083 -0.861558 -0.253884 -0.123771
-0.926668 -0.866972 0.922788 -0.89625 -0.206472 -0.161656
-0.912807 -0.846925 0.954869 -0.930899 -0.150618 -0.202892
-0.935371 -0.897509 0.962642 -0.947929 -0.0719153 -0.223144
-0.939468 -1 1 -0.968702 0.0135445 -0.268791
-0.941286 -0.928785 0.996285 -0.980399 0.111092 -0.323144
-0.895443 -0.881038 0.993336 -0.989896 0.219885 -0.360895
-0.912558 -0.783149 0.994708 -0.997999 0.328821 -0.407545
-0.882363 -0.809779 0.995101 -1 0.437989 -0.443969
-0.858192 -0.71279 0.953785 -0.998005 0.54412 -0.471387
-0.794213 -0.780485 0.934717 -0.995375 0.647073 -0.490481
-0.708292 -0.64299 0.920102 -0.987567 0.741722 -0.502455
-0.655775 -0.508929 0.879178 -0.974963 0.827648 -0.505678
-0.59991 -0.528459 0.836155 -0.958781 0.896391 -0.497498
-0.532771 -0.447414 0.800522 -0.936676 0.947904 -0.48556
-0.535946 -0.435437 0.738699 -0.911925 0.982811 -0.477081
-0.465317 -0.392752 0.69494 -0.877639 1 -0.480445
-0.41668 -0.344323 0.639718 -0.839231 0.992946 -0.501683
-0.369837 -0.203636 0.577196 -0.790605 0.963022 -0.556679
-0.292423 -0.0822602 0.506913 -0.73206 0.913998 -0.628614
-0.278556 0.00606773 0.442625 -0.663894 0.844999 -0.708844
-0.201435 0.143008 0.371631 -0.583409 0.759769 -0.800608
-0.231978 0.102976 0.293219 -0.491509 0.656909 -0.885117
-0.191049 0.156437 0.200895 -0.380394 0.532655 -0.959549
-0.201124 0.165122 0.131197 -0.262402 0.400702 -0.986611
-0.210249 0.207371 0.0472243 -0.13483 0.25701 -1
-0.207311 0.302474 -0.0196376 -0.00171499 0.110342 -0.979036
-0.228571 0.293871 -0.119526 0.129912 -0.0348556 -0.914478
-0.17577 0.296237 -0.238411 0.26633 -0.183464 -0.805565
-0.19082 0.331636 -0.348035 0.394252 -0.324525 -0.649537
-0.175371 0.342388 -0.427139 0.515826 -0.455075 -0.468539
-0.111332 0.291588 -0.457071 0.63381 -0.580956 -0.256056
-0.130603 0.34427 -0.515678 0.730124 -0.683622 -0.0365246
-0.0676128 0.45184 -0.554932 0.810639 -0.772289 0.20087
0.0181588 0.440347 -0.591365 0.873185 -0.843162 0.403275
0.154334 0.51427 -0.649465 0.918632 -0.896842 0.581332
0.273849 0.501136 -0.724365 0.952621 -0.936796 0.724984
0.471376 0.70745 -0.767125 0.975309 -0.964903 0.834975
0.661305 0.775622 -0.849202 0.990516 -0.984787 0.914725
0.798105 0.809933 -0.917098 0.996041 -0.995565 0.968387
0.926978 0.93929 -0.973217 0.999067 -0.999563 0.988537
1 1 -1 1 -1 1
end
gesture g1 hands 2
-0.223335 -0.836742 0.814805 0.166187 -0.861228 0.85938
-0.220376 -0.833637 0.812722 0.16707 -0.860271 0.861383
-0.232064 -0.836019 0.815078 0.169457 -0.859922 0.861122
-0.224094 -0.845006 0.823636 0.163528 -0.871924 0.873903
-0.221285 -0.840154 0.820397 0.17087 -0.872501 0.873707
-0.218881 -0.827793 0.809427 0.155483 -0.852239 0.856099
-0.232524 -0.870927 0.849349 0.170437 -0.894651 0.896476
-0.236688 -0.829371 0.807633 0.167854 -0.846108 0.848423
-0.218306 -0.886727 0.872997 0.151805 -0.913973 0.921167
-0.225133 -0.860121 0.846569 0.159682 -0.896521 0.903179
-0.234046 -0.847847 0.850439 0.156375 -0.879016 0.883669
-0.220682 -0.886966 0.889316 0.141902 -0.909256 0.919478
-0.218292 -0.932457 0.939246 0.136966 -0.96719 0.981447
-0.199391 -0.935009 0.932352 0.139779 -0.939718 0.950712
-0.197467 -0.971693 0.976086 0.127242 -0.971046 0.983491
-0.218341 -0.949492 0.952831 0.167205 -0.951268 0.95284
-0.21143 -0.982191 0.97499 0.145628 -0.980582 0.98854
-0.203678 -0.985539 0.971916 0.16177 -0.97734 0.98525
-0.213092 -0.992949 0.985809 0.156597 -0.99279 0.999292
-0.201667 -0.990422 0.987867 0.17284 -0.993449 1
-0.230199 -0.999278 0.981177 0.185962 -0.982253 0.984863
-0.216515 -1 1 0.185362 -0.999217 0.999377
-0.208974 -0.984426 0.983737 0.201701 -0.984469 0.985134
-0.226395 -0.995197 0.997666 0.224359 -0.995223 0.99174
-0.234457 -0.99589 0.996661 0.240277 -1 0.988497
-0.267865 -0.970374 0.968931 0.278368 -0.980095 0.959288
-0.260545 -0.963199 0.96151 0.292831 -0.970384 0.937563
-0.296601 -0.974871 0.968937 0.341922 -0.995832 0.947467
-0.302522 -0.945075 0.93186 0.361348 -0.957088 0.898207
-0.339448 -0.926705 0.907082 0.414156 -0.934076 0.855405
-0.371277 -0.939333 0.913017 0.440393 -0.958722 0.878036
-0.408938 -0.885278 0.849262 0.496401 -0.918585 0.819712
-0.455407 -0.892294 0.851929 0.532326 -0.909166 0.803742
-0.486609 -0.890964 0.840258 0.565832 -0.916329 0.798707
-0.557872 -0.81763 0.753126 0.636865 -0.83946 0.705415
-0.582532 -0.80631 0.734953 0.664549 -0.818782 0.682797
-0.665423 -0.747099 0.661443 0.736003 -0.743419 0.596283
-0.687595 -0.713341 0.624245 0.761989 -0.699848 0.554344
-0.738336 -0.652467 0.554936 0.814568 -0.625828 0.478463
-0.801351 -0.571227 0.458128 0.865607 -0.526766 0.381045
-0.83565 -0.505588 0.38015 0.900133 -0.451195 0.306732
-0.893599 -0.413394 0.295734 0.941058 -0.354422 0.211557
-0.938355 -0.316392 0.204491 0.974256 -0.251432 0.112466
-0.980742 -0.205325 0.0970149 0.998825 -0.138128 0.00189866
-1 -0.112518 -0.00624715 1 -0.0399364 -0.0933178
-0.994128 0.00341103 -0.110134 0.989255 0.0718531 -0.19786
-0.975265 0.116828 -0.220463 0.952827 0.187458 -0.311131
-0.928623 0.223498 -0.321367 0.896041 0.294033 -0.411925
-0.859985 0.32797 -0.433765 0.820187 0.402603 -0.515027
-0.770195 0.437281 -0.533351 0.715796 0.506449 -0.613883
-0.644168 0.544354 -0.625003 0.583525 0.603504 -0.702945
-0.497048 0.640221 -0.708671 0.432835 0.692071 -0.783022
-0.330501 0.725351 -0.780888 0.261661 0.770627 -0.85072
-0.155778 0.793622 -0.838367 0.0801855 0.839458 -0.905105
0.0327574 0.860256 -0.885812 -0.100988 0.89622 -0.946928
0.219879 0.90875 -0.923417 -0.28931 0.941414 -0.975956
0.393034 0.945143 -0.956661 -0.457033 0.972759 -0.993949
0.538459 0.956147 -0.975159 -0.602653 0.988138 -1
0.667078 0.982965 -0.984888 -0.727275 0.996286 -0.998502
0.771941 0.992218 -0.987012 -0.825762 1 -0.994243
0.86068 1 -1 -0.901366 0.998742 -0.989046
0.914725 0.998531 -0.991161 -0.952749 0.993335 -0.984475
0.97097 0.996941 -0.997458 -0.982073 0.986028 -0.978089
1 0.984877 -0.997661 -1 0.978295 -0.973645
end
gesture g2 hands 2
-1 -0.394856 0.864682 0.888304 -0.504278 0.826406
-0.908707 -0.400221 0.842823 0.835073 -0.506032 0.793683
-0.903861 -0.390055 0.864088 0.879089 -0.511847 0.845978
-0.90564 -0.411579 0.893425 0.939977 -0.510232 0.87925
-0.833997 -0.404646 0.878687 0.914592 -0.505185 0.863789
-0.981112 -0.403582 0.893725 0.934201 -0.515681 0.896554
-0.891873 -0.418557 0.903679 0.920559 -0.505723 0.877024
-0.852228 -0.433872 0.932496 0.940034 -0.510189 0.902212
-0.917899 -0.429643 0.948834 0.978605 -0.515666 0.953351
-0.885623 -0.437112 0.961939 0.982095 -0.517182 0.95762
-0.838307 -0.445057 0.969569 0.982804 -0.510432 0.955381
-0.827044 -0.443944 0.957532 1 -0.525818 0.971776
-0.673469 -0.435523 0.965284 0.975094 -0.524134 0.960957
-0.745858 -0.47774 0.969787 0.96687 -0.539438 0.958452
-0.698802 -0.462127 0.970656 0.958391 -0.546289 0.956265
-0.7617 -0.481978 1 0.976631 -0.554442 0.992728
-0.75525 -0.50149 0.917108 0.939351 -0.593834 0.951096
-0.750005 -0.512343 0.992823 0.966279 -0.582736 1
-0.592216 -0.54026 0.944925 0.91598 -0.630261 0.977083
-0.684534 -0.559866 0.978641 0.922703 -0.635712 0.98892
-0.546876 -0.583484 0.987881 0.916756 -0.669869 0.992177
-0.603511 -0.603787 0.951265 0.875159 -0.703498 0.951848
-0.483122 -0.650912 0.951667 0.840478 -0.73671 0.930555
-0.361173 -0.676935 0.90446 0.747516 -0.777713 0.8787
-0.280311 -0.738493 0.888041 0.65827 -0.823275 0.843232
-0.15641 -0.7677 0.83589 0.582635 -0.849132 0.772262
-0.106016 -0.805437 0.770751 0.478988 -0.857943 0.689135
-0.129342 -0.856884 0.720829 0.396459 -0.905349 0.631343
-0.0762722 -0.896458 0.651417 0.28692 -0.931377 0.542294
-0.141645 -0.954445 0.625724 0.227666 -0.98553 0.505184
-0.103692 -0.989344 0.531436 0.114202 -1 0.403736
-0.139505 -0.992495 0.422839 -0.0105656 -0.992945 0.291541
-0.113302 -1 0.32672 -0.13412 -0.994649 0.194795
-0.105807 -0.984217 0.214353 -0.25207 -0.957843 0.0726902
-0.101643 -0.949002 0.0982894 -0.391959 -0.920735 -0.0353467
-0.0778556 -0.889754 -0.0260349 -0.536818 -0.85509 -0.152938
0.0289813 -0.81303 -0.151192 -0.676033 -0.768846 -0.275399
0.047932 -0.713886 -0.271176 -0.786097 -0.661458 -0.391385
0.16112 -0.591972 -0.385455 -0.884019 -0.532943 -0.500954
0.278316 -0.45475 -0.495062 -0.945559 -0.392492 -0.601167
0.400949 -0.30152 -0.587133 -0.985234 -0.237953 -0.694148
0.444905 -0.137068 -0.67046 -1 -0.077198 -0.776898
0.516813 0.0450108 -0.768115 -0.963746 0.0862661 -0.844194
0.607258 0.197542 -0.833017 -0.873202 0.250695 -0.900323
0.406516 0.350058 -0.883638 -0.756139 0.400309 -0.942608
0.246591 0.487866 -0.921308 -0.637729 0.535643 -0.972573
0.0876492 0.612907 -0.945839 -0.5224 0.657707 -0.990902
0.0988705 0.729455 -0.970429 -0.420751 0.76264 -0.998778
0.0964576 0.815962 -0.98083 -0.344811 0.844102 -1
0.237729 0.882353 -0.969836 -0.297091 0.903459 -0.99694
0.395114 0.920547 -0.980227 -0.274974 0.945258 -0.991987
0.520929 0.964176 -0.982742 -0.257396 0.971479 -0.986934
0.837093 0.962054 -0.983539 -0.263153 0.986958 -0.981856
0.869759 1 -1 -0.262363 0.996822 -0.976047
1 0.988138 -0.988232 -0.268774 1 -0.970299
end
gesture g3 hands 2
0.627397 -0.548126 -0.210371 0.259129 -0.873916 0.876875
0.639851 -0.544383 -0.262104 0.260824 -0.885316 0.89264
0.607426 -0.494731 -0.252513 0.264881 -0.865553 0.87115
0.590538 -0.58256 -0.234425 0.268145 -0.862072 0.868723
0.601143 -0.57024 -0.270074 0.260094 -0.848317 0.85516
0.639939 -0.627955 -0.299406 0.264022 -0.887119 0.881959
0.62257 -0.588634 -0.310482 0.269684 -0.872604 0.871783
0.538722 -0.528068 -0.314806 0.285236 -0.840513 0.833972
0.593795 -0.569992 -0.349452 0.28423 -0.863879 0.84333
0.567269 -0.625694 -0.355687 0.299622 -0.809633 0.808195
0.619263 -0.633975 -0.377227 0.313329 -0.833918 0.822499
0.545969 -0.642128 -0.382971 0.315597 -0.800234 0.789337
0.583427 -0.642358 -0.406861 0.338912 -0.792836 0.781534
0.547526 -0.675748 -0.402399 0.362673 -0.76521 0.760986
0.534161 -0.662 -0.396666 0.387212 -0.710836 0.716094
0.536488 -0.65241 -0.410955 0.40135 -0.663421 0.683064
0.493114 -0.645961 -0.382461 0.428233 -0.63748 0.662338
0.504087 -0.531556 -0.392006 0.447176 -0.57226 0.616941
0.472425 -0.622934 -0.369534 0.477329 -0.527801 0.583915
0.470399 -0.546474 -0.368048 0.508259 -0.476167 0.544449
0.381823 -0.543266 -0.316904 0.539395 -0.402608 0.481112
0.395495 -0.447235 -0.321305 0.57221 -0.359275 0.450116
0.35304 -0.402284 -0.293718 0.614165 -0.283281 0.388423
0.351563 -0.338168 -0.268711 0.642671 -0.218182 0.335621
0.391933 -0.324562 -0.265319 0.680374 -0.16903 0.288324
0.349384 -0.306254 -0.242134 0.715051 -0.113134 0.231889
0.320148 -0.225029 -0.225875 0.753612 -0.0406006 0.161947
0.298748 -0.16399 -0.219672 0.809887 0.00728335 0.11029
0.303309 -0.101289 -0.192147 0.84005 0.0538683 0.0654127
0.304714 -0.0137615 -0.177963 0.877245 0.107814 0.0126561
0.269123 0.0530328 -0.112904 0.91389 0.168412 -0.0430797
0.262064 0.126561 -0.0898592 0.940933 0.218643 -0.0829065
0.246296 0.233904 -0.0568657 0.962784 0.271048 -0.1235
0.21497 0.226713 -0.00916793 0.98045 0.319336 -0.16042
0.189993 0.297458 0.013407 0.992369 0.366113 -0.193507
0.147553 0.27979 0.0657145 1 0.395428 -0.214479
0.126115 0.278783 0.134131 0.992666 0.450337 -0.258191
0.142606 0.197971 0.14768 0.990419 0.450227 -0.259359
0.148184 0.284531 0.176733 0.973849 0.495328 -0.302463
0.106328 0.263319 0.215627 0.950792 0.522806 -0.336778
0.087034 0.287037 0.202214 0.919903 0.492183 -0.318785
0.109928 0.256131 0.203418 0.866556 0.568187 -0.399414
0.15302 0.108001 0.225785 0.822365 0.505455 -0.358086
0.18827 0.14584 0.213347 0.754308 0.54256 -0.412203
0.173754 0.0863865 0.226843 0.704343 0.544702 -0.44349
0.324889 0.0845083 0.17491 0.632441 0.469361 -0.391012
0.331715 -0.0457554 0.19999 0.555597 0.463145 -0.408558
0.410053 -0.0316299 0.190181 0.478547 0.46689 -0.445791
0.48343 0.0777303 0.103289 0.378603 0.409139 -0.415384
0.492527 0.235862 0.132002 0.299819 0.421563 -0.448405
0.458415 0.301464 0.0745741 0.200982 0.410059 -0.45735
0.428034 0.32581 0.0596704 0.110407 0.416968 -0.480884
0.357831 0.430043 0.0511742 0.0203701 0.448912 -0.52421
0.325167 0.480618 0.0761767 -0.0498887 0.460057 -0.552928
0.234308 0.553295 0.103318 -0.114052 0.500815 -0.604707
0.125702 0.688838 0.166055 -0.167381 0.549438 -0.666477
-0.0275393 0.741553 0.233163 -0.208999 0.620875 -0.736835
-0.146056 0.840201 0.331781 -0.235506 0.701852 -0.809576
-0.308836 0.902114 0.440581 -0.258806 0.775229 -0.868646
-0.437492 0.890391 0.559204 -0.288689 0.853211 -0.916811
-0.573693 1 0.66821 -0.322876 0.927809 -0.953814
-0.698693 0.919465 0.805792 -0.369712 0.968787 -0.973961
-0.83099 0.817195 0.89387 -0.43126 0.992934 -0.986181
-0.941565 0.784834 0.950415 -0.509256 1 -0.993536
-1 0.682954 0.96782 -0.599697 0.993366 -1
-0.94378 0.604747 0.999269 -0.699903 0.976191 -0.996727
-0.848514 0.55726 0.984768 -0.800205 0.951162 -0.978589
-0.802244 0.463252 1 -0.892057 0.924745 -0.930052
-0.730268 0.368827 0.990964 -0.952731 0.884087 -0.858809
-0.722914 0.339953 0.985178 -0.992141 0.844688 -0.763696
-0.727557 0.186088 0.936674 -1 0.788501 -0.658992
-0.717683 0.0662872 0.928135 -0.981552 0.716361 -0.544615
-0.737275 0.116293 0.852284 -0.937251 0.628926 -0.422904
-0.744423 0.0576071 0.748253 -0.87338 0.526256 -0.30507
-0.755594 -0.13309 0.668687 -0.794392 0.41465 -0.189644
-0.734588 -0.336556 0.497195 -0.709574 0.294687 -0.0771518
-0.669582 -0.516879 0.408296 -0.613821 0.161975 0.040525
-0.590905 -0.668234 0.229849 -0.51575 0.0283638 0.152529
-0.467264 -0.903944 0.0501814 -0.410175 -0.120912 0.266419
-0.3576 -0.914428 -0.160331 -0.311464 -0.261059 0.367307
-0.196224 -1 -0.361197 -0.211361 -0.400813 0.469309
-0.0573336 -0.883639 -0.595736 -0.128567 -0.526347 0.565913
0.106672 -0.844693 -0.728005 -0.0618895 -0.626783 0.652581
0.277337 -0.76146 -0.860544 -0.00698318 -0.713931 0.734445
0.45833 -0.63766 -0.95073 0.0369544 -0.790417 0.804841
0.668811 -0.643556 -0.975875 0.0743415 -0.858975 0.871716
0.727889 -0.686994 -1 0.103634 -0.913473 0.92572
0.912281 -0.683545 -0.969201 0.122845 -0.960482 0.966707
1 -0.631856 -0.994493 0.135811 -1 1
end
gesture g4 hands 2
0.843284 -0.821377 0.728945 -0.88003 -0.849369 0.774146
0.804113 -0.802763 0.735394 -0.829463 -0.842032 0.78972
0.825528 -0.819074 0.724202 -0.863657 -0.853016 0.776066
0.812085 -0.810303 0.712587 -0.851894 -0.835161 0.759201
0.813341 -0.848255 0.727004 -0.840152 -0.876328 0.800849
0.799406 -0.839748 0.701378 -0.834527 -0.868167 0.77221
0.780853 -0.851238 0.689695 -0.823126 -0.871455 0.76827
0.78262 -0.843459 0.650217 -0.81751 -0.880789 0.761225
0.780023 -0.876365 0.643341 -0.83389 -0.876099 0.713847
0.759989 -0.853239 0.572292 -0.806427 -0.861972 0.685184
0.794669 -0.872835 0.542295 -0.837479 -0.856018 0.640998
0.783264 -0.851095 0.489703 -0.80956 -0.843381 0.615807
0.771103 -0.838421 0.430752 -0.78414 -0.795482 0.542578
0.830216 -0.826116 0.366917 -0.85634 -0.770414 0.480256
0.830868 -0.789356 0.291824 -0.863021 -0.729849 0.408609
0.838364 -0.748974 0.217 -0.883875 -0.709292 0.361976
0.856638 -0.701003 0.129673 -0.883146 -0.634106 0.258782
0.846621 -0.657194 0.0428781 -0.906441 -0.586539 0.18148
0.875715 -0.597857 -0.0559584 -0.934453 -0.530374 0.0882517
0.903273 -0.538249 -0.15057 -0.949896 -0.467151 -0.00157824
0.899482 -0.460374 -0.241354 -0.957264 -0.399067 -0.0913479
0.898924 -0.382848 -0.346813 -0.985333 -0.296272 -0.221743
0.92778 -0.282297 -0.451165 -0.957446 -0.20828 -0.319373
0.919338 -0.214069 -0.512679 -1 -0.139074 -0.392796
0.92368 -0.169325 -0.535177 -0.980284 -0.0852028 -0.437544
0.8964 -0.0785009 -0.597803 -0.980503 -0.00312717 -0.507888
0.847857 0.0267993 -0.65963 -0.930136 0.0994586 -0.578688
0.835999 0.0931825 -0.700109 -0.930335 0.140749 -0.587678
0.791362 0.177569 -0.735422 -0.859132 0.237238 -0.650664
0.720623 0.252146 -0.76809 -0.826552 0.293673 -0.676556
0.682006 0.30325 -0.777945 -0.783386 0.336339 -0.690993
0.626976 0.395475 -0.825875 -0.713956 0.418207 -0.735793
0.569195 0.456844 -0.839996 -0.663464 0.472978 -0.760214
0.506093 0.524912 -0.864709 -0.600927 0.5336 -0.789098
0.439453 0.589202 -0.869543 -0.537667 0.583417 -0.813223
0.367138 0.6467 -0.911393 -0.476075 0.64764 -0.853934
0.295357 0.705942 -0.920429 -0.400209 0.71043 -0.888449
0.185119 0.774566 -0.963816 -0.309281 0.782023 -0.92815
0.10943 0.814892 -0.983045 -0.238742 0.825451 -0.953438
0.042702 0.868211 -1 -0.143089 0.881962 -0.981911
-0.0645501 0.921009 -0.998631 -0.044133 0.936377 -1
-0.185256 0.967207 -0.986965 0.0697343 0.979681 -0.992206
-0.312731 0.991216 -0.948971 0.203565 1 -0.953552
-0.433173 1 -0.871678 0.344473 0.998094 -0.886396
-0.579723 0.969615 -0.790582 0.49456 0.974443 -0.798405
-0.707111 0.909634 -0.673719 0.643519 0.909922 -0.682018
-0.8164 0.820591 -0.540464 0.776161 0.829672 -0.54729
-0.909568 0.711424 -0.40378 0.880106 0.720587 -0.395526
-0.970602 0.587395 -0.23888 0.954338 0.599932 -0.231755
-1 0.425814 -0.0686555 1 0.459247 -0.0741195
-0.985039 0.259777 0.0913414 0.993911 0.306936 0.0871933
-0.934037 0.0978865 0.256022 0.950386 0.144838 0.245325
-0.842839 -0.0706866 0.411241 0.868616 -0.0193774 0.399649
-0.723524 -0.221516 0.537187 0.754481 -0.174741 0.533145
-0.579439 -0.367314 0.649634 0.615038 -0.31166 0.645138
-0.416154 -0.510875 0.751677 0.455893 -0.432291 0.74104
-0.24792 -0.63419 0.827402 0.279736 -0.548426 0.81569
-0.0768014 -0.749815 0.887979 0.0945109 -0.657056 0.87413
0.0926319 -0.836122 0.927302 -0.0806117 -0.742305 0.914646
0.249438 -0.911553 0.951944 -0.247419 -0.817869 0.947621
0.399742 -0.943843 0.97414 -0.39663 -0.875888 0.972143
0.537688 -0.988983 0.961177 -0.538673 -0.918953 0.982356
0.644133 -0.9818 0.986271 -0.649857 -0.947389 0.990716
0.774357 -1 1 -0.746072 -0.976245 0.994593
0.842564 -0.967753 0.973305 -0.832796 -0.990716 0.998126
0.958274 -0.949104 0.953995 -0.89556 -1 1
1 -0.931564 0.935473 -0.940533 -0.998845 0.996438
end
gesture g5 hands 2
0.990464 -0.870408 0.83341 -0.683425 -0.82097 0.769923
0.945969 -0.865663 0.825679 -0.64575 -0.810997 0.766147
0.937412 -0.875923 0.824387 -0.635542 -0.829803 0.775159
0.896609 -0.882611 0.826697 -0.607661 -0.828073 0.771885
0.83905 -0.883534 0.822904 -0.564399 -0.834676 0.773357
0.837251 -0.912713 0.837971 -0.551918 -0.853144 0.787777
0.777816 -0.89855 0.819144 -0.50456 -0.838325 0.766267
0.734529 -0.916641 0.829401 -0.46946 -0.854226 0.776978
0.637244 -0.888858 0.799921 -0.388471 -0.823261 0.743284
0.581132 -0.868881 0.77434 -0.331878 -0.808726 0.728159
0.551941 -0.91314 0.810917 -0.322738 -0.83111 0.74386
0.416465 -0.838068 0.733432 -0.216736 -0.767416 0.679311
0.408799 -0.873975 0.757474 -0.190521 -0.791778 0.700714
0.332332 -0.847791 0.728351 -0.132187 -0.759587 0.66911
0.264644 -0.834367 0.710194 -0.0812586 -0.748166 0.658657
0.152715 -0.762774 0.639948 -0.00389213 -0.668122 0.582025
0.106454 -0.751761 0.617586 0.0547913 -0.652723 0.562173
0.0582359 -0.719468 0.578948 0.0706683 -0.619766 0.52962
-0.0287776 -0.691466 0.545342 0.130186 -0.597498 0.50525
-0.095982 -0.606285 0.45994 0.170933 -0.506138 0.41732
-0.122467 -0.586732 0.443193 0.191579 -0.4855 0.398796
-0.158457 -0.547691 0.404644 0.217918 -0.440641 0.352511
-0.203628 -0.478992 0.335796 0.25153 -0.375526 0.286581
-0.221582 -0.427494 0.288725 0.255336 -0.316089 0.233557
-0.248626 -0.367059 0.230404 0.265101 -0.256361 0.171653
-0.258001 -0.299356 0.164877 0.269335 -0.191082 0.108438
-0.256731 -0.238905 0.109076 0.260592 -0.126242 0.0431656
-0.244351 -0.181002 0.0551548 0.240203 -0.069172 -0.014022
-0.243163 -0.0850178 -0.0355115 0.231567 0.0152605 -0.101144
-0.213737 -0.0450013 -0.07832 0.188886 0.0576117 -0.144842
-0.177422 0.0234219 -0.141048 0.152016 0.114691 -0.205137
-0.128383 0.0804459 -0.192589 0.114221 0.172999 -0.26281
-0.0934311 0.149758 -0.257422 0.0592316 0.231819 -0.326632
-0.0213854 0.203739 -0.306019 -0.0107706 0.287941 -0.380582
0.0417881 0.256213 -0.353694 -0.0768679 0.341075 -0.434868
0.109876 0.31616 -0.408826 -0.145892 0.399878 -0.495484
0.183304 0.354415 -0.442422 -0.227598 0.444699 -0.536057
0.246516 0.436423 -0.521885 -0.289586 0.506217 -0.603006
0.370317 0.466346 -0.546312 -0.396063 0.54458 -0.637563
0.465489 0.539474 -0.612464 -0.484984 0.600866 -0.692527
0.551716 0.573515 -0.653737 -0.556462 0.634269 -0.731008
0.676093 0.501504 -0.56385 -0.687084 0.548217 -0.636225
0.734108 0.537578 -0.594209 -0.755377 0.589202 -0.67659
0.780409 0.535333 -0.600975 -0.796585 0.575486 -0.670678
0.85995 0.56197 -0.613356 -0.893678 0.598096 -0.677566
0.957929 0.538495 -0.580735 -0.967611 0.577328 -0.643602
0.991007 0.557548 -0.600868 -0.986623 0.591398 -0.652649
1 0.552465 -0.595524 -1 0.589671 -0.636047
0.961112 0.568856 -0.616588 -0.953589 0.628554 -0.668683
0.892386 0.590315 -0.641353 -0.889504 0.638066 -0.671716
0.819357 0.610317 -0.663633 -0.815305 0.6589 -0.686438
0.716511 0.638 -0.702661 -0.708729 0.684954 -0.720993
0.590845 0.680824 -0.758168 -0.599495 0.716209 -0.762175
0.469356 0.715789 -0.804086 -0.488984 0.749603 -0.812118
0.356026 0.755979 -0.854479 -0.373635 0.789779 -0.863218
0.25443 0.807231 -0.905044 -0.277849 0.834437 -0.912288
0.173855 0.861377 -0.951011 -0.194549 0.881615 -0.954897
0.122322 0.9118 -0.982885 -0.131826 0.929199 -0.985453
0.108894 0.955943 -1 -0.110687 0.971225 -1
0.0810353 0.981934 -0.992982 -0.088046 0.99493 -0.988771
0.0685892 1 -0.972264 -0.0687913 1 -0.961166
0.0199674 0.99474 -0.934016 -0.0140354 0.986885 -0.915886
-0.0352351 0.965905 -0.879757 0.0527675 0.954409 -0.851985
-0.129405 0.910683 -0.80582 0.150593 0.89874 -0.770643
-0.240439 0.835431 -0.718954 0.266195 0.826411 -0.676235
-0.364388 0.744017 -0.617629 0.388708 0.734547 -0.570662
-0.504336 0.644954 -0.508294 0.530346 0.634552 -0.456031
-0.633744 0.545665 -0.420061 0.674472 0.516931 -0.329161
-0.782682 0.422575 -0.282291 0.800702 0.394849 -0.205504
-0.895375 0.2945 -0.153806 0.91008 0.25978 -0.07435
-0.972881 0.156594 -0.0207812 0.977488 0.114954 0.0541195
-1 0.0111077 0.117393 1 -0.0312561 0.182924
-0.968165 -0.135689 0.252926 0.970244 -0.176827 0.30787
-0.884555 -0.276889 0.381262 0.898421 -0.320138 0.425741
-0.761209 -0.408421 0.497833 0.785675 -0.451283 0.532596
-0.618626 -0.532852 0.60404 0.643281 -0.575874 0.631261
-0.413479 -0.64914 0.702398 0.466852 -0.686479 0.715829
-0.22505 -0.745201 0.780419 0.291277 -0.77595 0.786431
-0.0403386 -0.822961 0.842341 0.118376 -0.847625 0.843565
0.132806 -0.883196 0.891308 -0.0519184 -0.902938 0.890891
0.288194 -0.926742 0.924936 -0.205719 -0.940387 0.92596
0.433404 -0.953718 0.950199 -0.337794 -0.96525 0.952087
0.548052 -0.97017 0.969645 -0.443861 -0.979679 0.972227
0.647154 -0.986184 0.986035 -0.526597 -0.99048 0.987611
0.724623 -1 1 -0.589147 -1 1
end
gesture g6 hands 2
0.571942 -0.827502 0.809832 -0.576074 -0.812379 0.789385
0.56745 -0.823304 0.801555 -0.572409 -0.808497 0.780959
0.569816 -0.827869 0.80998 -0.57585 -0.812508 0.789847
0.569053 -0.827789 0.810007 -0.575793 -0.812566 0.790064
0.567597 -0.827828 0.810034 -0.575428 -0.812629 0.790233
0.570298 -0.828254 0.811426 -0.578678 -0.813859 0.792705
0.554939 -0.822198 0.799141 -0.565933 -0.811843 0.787755
0.562189 -0.826784 0.809674 -0.577838 -0.810346 0.78768
0.559183 -0.828221 0.809764 -0.575275 -0.81264 0.789027
0.563525 -0.826706 0.809226 -0.575496 -0.815886 0.794987
0.561864 -0.828005 0.812565 -0.573868 -0.81723 0.798307
0.560426 -0.824715 0.803761 -0.573488 -0.814376 0.790428
0.55732 -0.827237 0.805313 -0.570573 -0.816283 0.790952
0.55893 -0.826848 0.809937 -0.569236 -0.81981 0.801315
0.558261 -0.82624 0.809017 -0.56739 -0.814166 0.791671
0.552987 -0.827465 0.811923 -0.567315 -0.819653 0.800616
0.551766 -0.823135 0.802358 -0.560944 -0.818512 0.796596
0.551168 -0.826332 0.809576 -0.565357 -0.818781 0.797977
0.552307 -0.8285 0.812431 -0.562706 -0.82076 0.800423
0.547072 -0.826085 0.801292 -0.562372 -0.81301 0.788214
0.550482 -0.831464 0.809487 -0.56653 -0.819142 0.796876
0.55241 -0.834154 0.812947 -0.560132 -0.823384 0.804063
0.548348 -0.827367 0.80273 -0.55809 -0.818332 0.791956
0.564156 -0.833011 0.807102 -0.56487 -0.830574 0.812118
0.565661 -0.836815 0.810326 -0.574794 -0.830401 0.813992
0.568008 -0.836903 0.809571 -0.570674 -0.827546 0.810194
0.574782 -0.837179 0.804062 -0.578089 -0.831891 0.809718
0.571726 -0.832177 0.810236 -0.571097 -0.82339 0.81037
0.590792 -0.846086 0.822912 -0.586978 -0.83996 0.827285
0.587426 -0.845341 0.823147 -0.58085 -0.842399 0.835065
0.59697 -0.855968 0.839057 -0.589329 -0.839359 0.831284
0.58935 -0.8453 0.820684 -0.576263 -0.838899 0.82878
0.606641 -0.849421 0.826639 -0.587544 -0.85248 0.848226
0.609898 -0.840743 0.84474 -0.585571 -0.851001 0.844226
0.623766 -0.843047 0.830581 -0.597145 -0.857035 0.857504
0.613522 -0.862312 0.849271 -0.591549 -0.871244 0.868172
0.62954 -0.866096 0.863896 -0.606541 -0.870324 0.86836
0.632286 -0.885943 0.887562 -0.581392 -0.894712 0.906146
0.649202 -0.897525 0.903831 -0.598962 -0.912233 0.920545
0.606004 -0.851678 0.856973 -0.562142 -0.873924 0.883053
0.636694 -0.920725 0.93085 -0.592164 -0.934571 0.952832
0.617526 -0.894586 0.906404 -0.565964 -0.91534 0.928816
0.61677 -0.940234 0.954267 -0.557252 -0.958761 0.979264
0.585965 -0.909655 0.915085 -0.515038 -0.925656 0.930217
0.571534 -0.952462 0.967231 -0.508928 -0.95597 0.96307
0.581762 -0.950891 0.960471 -0.512474 -0.972453 0.974927
0.519796 -0.93629 0.941076 -0.450233 -0.943541 0.945034
0.53935 -0.980957 0.996024 -0.473 -1 1
0.488954 -0.949996 0.941932 -0.398972 -0.951573 0.931575
0.492485 -1 1 -0.419186 -0.99704 0.978124
0.457553 -0.98711 0.977338 -0.378143 -0.979345 0.942504
0.435943 -0.988928 0.96646 -0.369338 -0.968668 0.919142
0.385495 -0.979201 0.94547 -0.32486 -0.955439 0.888708
0.36941 -0.977521 0.934062 -0.315854 -0.954032 0.875332
0.320313 -0.966702 0.903644 -0.285763 -0.94235 0.845331
0.290583 -0.954914 0.878069 -0.26095 -0.926435 0.812658
0.26195 -0.964602 0.877356 -0.2424 -0.925291 0.797312
0.218611 -0.92912 0.81499 -0.205089 -0.894394 0.739135
0.18668 -0.933403 0.806059 -0.1841 -0.888877 0.717193
0.150056 -0.922827 0.786846 -0.167451 -0.885895 0.698668
0.101776 -0.87486 0.715909 -0.141396 -0.852262 0.639631
0.0596994 -0.849842 0.672068 -0.111583 -0.82153 0.586969
0.0136007 -0.846325 0.649339 -0.0858082 -0.818331 0.566435
-0.0121999 -0.813967 0.595116 -0.0639277 -0.77932 0.502976
-0.0453961 -0.775068 0.5366 -0.0579002 -0.754117 0.457033
-0.0787442 -0.759711 0.509903 -0.0367534 -0.738128 0.422378
-0.112441 -0.710069 0.419698 -0.0242244 -0.678459 0.333978
-0.107655 -0.694442 0.386147 -0.0142014 -0.680336 0.32246
-0.1317 -0.658832 0.327758 -0.0303777 -0.642535 0.261581
-0.142917 -0.619656 0.260046 -0.0270153 -0.605707 0.201742
-0.141402 -0.572053 0.19243 -0.0425127 -0.562621 0.135883
-0.125372 -0.537429 0.135171 -0.0563495 -0.525858 0.0793184
-0.0930648 -0.501717 0.07539 -0.0858915 -0.489106 0.0227461
-0.0616868 -0.454919 0.004248 -0.113445 -0.444616 -0.0444025
-0.0269652 -0.410942 -0.0657861 -0.149849 -0.40155 -0.111148
0.0146483 -0.36213 -0.137028 -0.187941 -0.356389 -0.177433
0.0593356 -0.30891 -0.206281 -0.230615 -0.308921 -0.245387
0.119027 -0.257596 -0.27945 -0.277754 -0.262213 -0.310445
0.187127 -0.204922 -0.346214 -0.332534 -0.216008 -0.373405
0.260726 -0.157397 -0.413617 -0.396436 -0.170861 -0.437156
0.352318 -0.111131 -0.474241 -0.470132 -0.128977 -0.497937
0.443768 -0.0653896 -0.523712 -0.551458 -0.0908962 -0.554956
0.561657 -0.0106352 -0.585606 -0.638868 -0.0541528 -0.608019
0.672602 0.0207947 -0.629865 -0.73218 -0.0206232 -0.656571
0.787259 0.0470151 -0.668033 -0.825258 0.00571066 -0.696135
0.880417 0.0736235 -0.697969 -0.909203 0.0276005 -0.728942
0.955347 0.0891972 -0.718587 -0.969797 0.0480343 -0.756171
0.992149 0.111995 -0.728867 -1 0.0675917 -0.778797
1 0.130091 -0.759965 -0.989078 0.0922283 -0.800766
0.972179 0.155798 -0.782864 -0.940232 0.120509 -0.821604
0.893311 0.197144 -0.816999 -0.849137 0.167872 -0.853646
0.7813 0.2592 -0.859233 -0.726489 0.225403 -0.886173
0.655987 0.31209 -0.88509 -0.582677 0.300488 -0.920089
0.495054 0.377331 -0.918539 -0.421785 0.367359 -0.951107
0.337809 0.445921 -0.946661 -0.251518 0.441883 -0.974178
0.177612 0.521926 -0.974796 -0.0817076 0.51986 -0.986603
0.0151349 0.591511 -0.989411 0.0865284 0.599589 -1
-0.146015 0.663476 -1 0.251331 0.678841 -0.999681
-0.29754 0.726246 -0.997574 0.405192 0.750741 -0.995869
-0.440245 0.792301 -0.993758 0.53761 0.811286 -0.986439
-0.577576 0.847709 -0.976961 0.65749 0.86476 -0.97296
-0.68769 0.903293 -0.970954 0.763584 0.910627 -0.950723
-0.786408 0.93332 -0.956263 0.847824 0.944496 -0.934179
-0.872407 0.969599 -0.945279 0.914407 0.970862 -0.912201
-0.934587 0.981141 -0.915318 0.963234 0.986854 -0.887758
-1 1 -0.906227 1 1 -0.870107
end
