Normal

   128   114   177    94   138   116    95
    12     6     0     1     0     0     3
     0     0     0     0     0     0    18
     0     0     0     0     0     0     0


Laplacian

   128   113   177    94   138   116    94
    12     7     0     1     0     0     2
     0     0     0     0     0     0    20
     0     0     0     0     0     0     0


Curvature

   128   117   177    94   138   116    94
    12     3     0     1     0     0     1
     0     0     0     0     0     0    21
     0     0     0     0     0     0     0


DouglasPeucker

   128   119   177    94   138   116    93
    12     1     0     1     0     0     6
     0     0     0     0     0     0    17
     0     0     0     0     0     0     0


Laplacian + Curvature

   128   117   177    94   138   116    93
    12     3     0     1     0     0     2
     0     0     0     0     0     0    21
     0     0     0     0     0     0     0


Laplacian + DouglasPeucker

   128   117   177    94   138   116    95
    12     3     0     1     0     0    10
     0     0     0     0     0     0    11
     0     0     0     0     0     0     0
