Normal

    60    38    74    40    58    49    30
     0    13     0     0     1     0    17
     0     0     1     0     0     0     2
     0     0     0     0     0     0     0


Laplacian

    60    36    73    40    58    49    30
     0    15     0     0     1     0    18
     0     0     2     0     0     0     1
     0     0     0     0     0     0     0


Curvature

    60    34    73    40    58    49    28
     0    17     0     0     1     0    15
     0     0     2     0     0     0     6
     0     0     0     0     0     0     0


DouglasPeucker

    60    46    75    40    58    49    21
     0     4     0     0     1     0    11
     0     1     0     0     0     0    17
     0     0     0     0     0     0     0


Laplacian_Curvature

    60    39    75    40    57    49    17
     0     6     0     0     2     0     2
     0     6     0     0     0     0    30
     0     0     0     0     0     0     0


Laplacian + DouglasPeucker

    60    18    72    39    59    49    19
     0    29     0     1     0     0     6
     0     4     3     0     0     0    24
     0     0     0     0     0     0     0
