Normal

   131    91   175    94   136   116    90
     9    29     0     1     2     0    22
     0     0     2     0     0     0     4
     0     0     0     0     0     0     0


Laplacian

   130    89   174    94   136   116    90
    10    31     0     1     2     0    24
     0     0     3     0     0     0     2
     0     0     0     0     0     0     0


Curvature

   130    87   174    94   136   116    86
    10    33     0     1     2     0    22
     0     0     3     0     0     0     8
     0     0     0     0     0     0     0


DouglasPeucker

   130   108   177    94   136   116    63
    10    11     0     1     2     0    17
     0     1     0     0     0     0    36
     0     0     0     0     0     0     0


Laplacian + Curvature

   129    97   172    94   136   116    56
    10    17     0     1     2     0     4
     1     6     5     0     0     0    56
     0     0     0     0     0     0     0


Laplacian + DouglasPeucker

   127    66   164    92   138   116    55
    12    50     0     3     0     0    14
     1     4    13     0     0     0    47
     0     0     0     0     0     0     0
