Normal

    60    51    75    40    59    49    48
     0     0     0     0     0     0     1
     0     0     0     0     0     0     0
     0     0     0     0     0     0     0


Laplacian

    60    51    75    40    59    49    48
     0     0     0     0     0     0     1
     0     0     0     0     0     0     0
     0     0     0     0     0     0     0


Curvature

    60    51    75    40    59    49    47
     0     0     0     0     0     0     0
     0     0     0     0     0     0     2
     0     0     0     0     0     0     0


DouglasPeucker

    60    51    75    40    59    49    49
     0     0     0     0     0     0     0
     0     0     0     0     0     0     0
     0     0     0     0     0     0     0


Laplacian + Curvature

    60    51    75    40    59    49    48
     0     0     0     0     0     0     0
     0     0     0     0     0     0     1
     0     0     0     0     0     0     0


Laplacian + DouglasPeucker

    60    51    75    40    59    49    48
     0     0     0     0     0     0     0
     0     0     0     0     0     0     1
     0     0     0     0     0     0     0
