Normal

   128   118   177    94   138   116    93
    12     2     0     1     0     0     1
     0     0     0     0     0     0    22
     0     0     0     0     0     0     0


Laplacian

   128   118   177    94   138   116    93
    12     2     0     1     0     0     1
     0     0     0     0     0     0    22
     0     0     0     0     0     0     0


Curvature

   128   118   177    94   138   116    92
    12     2     0     1     0     0     1
     0     0     0     0     0     0    23
     0     0     0     0     0     0     0


DouglasPeucker

   128   119   177    94   138   116    93
    12     1     0     1     0     0     6
     0     0     0     0     0     0    17
     0     0     0     0     0     0     0


Laplacian + Curvature

   128   119   177    94   138   116    92
    12     1     0     1     0     0     1
     0     0     0     0     0     0    23
     0     0     0     0     0     0     0


Laplacian + DouglasPeucker

   128   115   177    94   138   116    96
    12     5     0     1     0     0     8
     0     0     0     0     0     0    12
     0     0     0     0     0     0     0
