gesture a02 hands 2
1.39257 0.871516 1.23905 0.859922 0.976057 1.13791
1.22255 0.964788 1.09929 0.928591 0.968841 1.10653
1.15582 1.08003 0.959513 0.888034 0.970232 1.13021
1.00559 1.05858 0.924094 0.968862 0.952415 1.05441
1.01801 0.908761 1.07282 0.956551 0.968193 1.0443
1.01655 0.873273 1.11756 1.00392 0.962157 0.969819
end
gesture a02 hands 2
0.984167 0.703912 1.37226 1.012 0.960805 0.986313
1.1409 0.768392 1.29581 0.975348 0.95546 1.06043
1.02039 0.890203 1.16002 0.941539 0.983796 1.06492
1.05607 0.986332 1.03409 0.971199 0.966119 1.04049
0.930098 1.04199 0.943276 0.940222 0.986864 1.06427
1.01814 0.949973 1.02593 0.98884 0.969342 1.015
end
gesture a02 hands 2
1.02816 0.678478 1.37124 1.01386 0.965995 0.982125
1.08716 0.772245 1.23132 0.933181 0.968172 1.10396
0.997318 0.870921 1.14526 0.938948 0.963495 1.07671
1.06517 0.979901 1.04067 0.943272 0.959987 1.05628
0.943476 1.03725 0.946791 0.922875 0.975618 1.09626
0.97207 0.915391 1.05433 0.97178 0.969924 1.03104
end
gesture a02 hands 2
0.926431 0.544745 1.39639 0.98631 0.933989 1.04337
1.09192 0.616255 1.34203 1.00394 0.916492 1.02656
1.01637 0.750879 1.23083 0.976878 0.964694 1.0368
0.93917 0.990425 1.02911 0.954626 1.00531 1.04309
1.02442 1.0399 0.974719 0.970457 0.981622 1.00843
1.04307 0.952275 1.0327 0.948664 1.00106 1.01238
end
gesture a02 hands 2
0.909647 0.460245 1.41854 1.00994 0.903563 1.03434
1.01322 0.569253 1.32276 0.930755 1.02366 1.05706
0.999365 0.608646 1.29183 0.970654 0.980299 1.05829
0.906851 0.940496 1.0697 0.992754 1.00781 0.970312
0.992803 0.963144 1.02539 0.940314 1.0123 0.993591
1.00757 0.839475 1.11871 0.953713 0.969275 1.01632
end
gesture a02 hands 2
0.91862 0.517166 1.38062 1.023 0.909301 1.03634
1.03358 0.623414 1.28844 0.980014 0.95451 1.06325
1.02442 0.667404 1.25837 0.915476 1.02781 0.945858
0.963774 1.02416 0.997061 0.939087 0.996545 1.06408
1.04428 0.970162 0.999063 0.903405 1.01461 1.00286
1.01955 0.865265 1.08591 0.994963 0.948275 1.03429
end
gesture a02 hands 2
1.01289 0.675543 1.3423 0.974042 0.975974 1.01923
1.10832 0.717927 1.25911 0.935892 0.923422 1.04429
1.04836 0.808784 1.15963 0.953249 0.928046 1.09885
0.896494 0.958114 1.05183 0.959723 0.972313 1.03388
1.03024 1.00786 0.984923 0.953427 0.982122 1.08311
1.07428 0.954516 1.01966 0.985973 0.976379 1.02206
end
gesture a02 hands 2
1.02159 0.647948 1.41187 0.976205 0.972637 1.01798
1.12222 0.71236 1.2679 0.952127 0.953272 1.13054
1.08468 0.782415 1.19536 0.94976 0.928741 1.15845
0.885378 0.925488 1.10192 0.952695 0.958895 1.04699
1.01749 1.01076 0.988886 0.955797 0.985087 0.957889
1.07452 0.896227 1.089 0.963336 0.980943 0.986241
end
gesture a02 hands 2
1.04436 0.657102 1.39302 0.983876 0.973301 1.02636
1.10041 0.725024 1.23848 0.963707 0.965658 1.0638
1.0832 0.758541 1.2089 0.958208 0.972025 1.01106
0.92173 0.923331 1.09374 0.938263 0.947287 1.09837
0.994652 1.02382 0.986493 0.955681 0.976942 1.01161
1.06679 0.887564 1.0938 0.981296 0.971731 1.02559
end
gesture a02 hands 2
0.983922 0.848176 1.12701 0.983112 0.980755 0.983641
1.04397 0.885339 1.07008 0.963798 0.969844 1.05919
0.953611 1.01394 0.96709 0.965951 0.97516 1.02779
0.95212 1.04838 0.929009 0.959523 0.970654 1.08622
1.06474 1.08811 0.899266 0.961317 0.962688 1.05051
1.045 1.00129 1.01052 0.961915 0.960033 1.03861
end
gesture a02 hands 2
0.989894 0.758898 1.23176 0.968161 0.946764 1.00238
1.03681 0.863371 1.08856 0.938573 0.957181 1.08493
0.959191 0.930515 1.04365 0.962752 0.965383 1.04078
0.947135 0.967969 1.00973 0.93434 0.959731 1.08451
1.01014 1.04342 0.962089 0.973717 0.957999 1.03086
1.03235 0.956779 1.0413 0.966388 0.959882 1.05966
end
gesture a02 hands 2
1.01983 0.767257 1.21764 0.964191 0.938396 1.02841
1.03524 0.881455 1.07603 0.955688 0.943284 1.00018
0.958273 0.939955 1.03999 0.928675 0.95626 1.10964
0.990829 1.0206 0.975581 0.928546 0.957893 1.08258
1.03027 0.996314 0.990606 0.913461 0.965161 1.10818
1.02445 0.831712 1.1471 0.959739 0.949771 1.0289
end
gesture a02 hands 2
0.965778 0.693187 1.28452 0.926388 0.951405 1.01335
1.09607 0.746967 1.25799 0.958645 0.936718 1.01038
0.97998 0.876473 1.1528 0.966169 0.952434 1.02733
1.03664 0.988657 1.00778 0.973263 0.974202 1.04824
0.915341 1.03503 0.954458 0.972948 0.99204 1.02462
1.05477 0.932954 1.04752 0.972833 0.980254 1.0522
end
gesture a02 hands 2
1.02463 0.765787 1.25182 0.974218 0.955072 1.04597
1.08387 0.791735 1.1964 0.947853 0.955705 1.03197
0.973865 0.916255 1.09228 0.987429 0.942731 1.04517
0.901658 1.0336 0.968785 0.967556 0.980607 1.00487
0.934774 1.04903 0.932572 0.966559 0.976139 1.0626
1.04731 0.947246 1.05608 0.967399 0.980905 1.00456
end
gesture a02 hands 2
1.02782 0.708088 1.2869 0.985713 0.961755 1.00358
1.03878 0.946839 1.02183 0.961826 0.986744 1.06013
0.945562 0.999308 1.00516 0.985767 0.989127 1.01176
0.902114 1.08508 0.93139 0.969078 0.973645 1.06543
0.950101 1.11891 0.890414 0.983243 0.991998 1.01142
1.03492 0.963799 1.03455 0.975934 0.967748 1.03828
end
gesture a02 hands 2
0.853014 0.632643 1.32691 0.968482 0.974865 1.0373
1.0227 0.737423 1.28369 0.957291 1.00293 1.03125
0.939583 0.824276 1.18745 1.00215 0.947792 1.01053
0.970204 1.00234 1.03081 0.970908 0.972481 1.03612
1.09674 1.11552 0.94229 1.02393 0.931174 0.989985
1.05517 0.932732 1.02465 0.970758 0.972609 1.0362
end
gesture a02 hands 2
0.89319 0.605803 1.35254 0.968189 0.954154 1.04253
1.05588 0.683394 1.3092 0.991519 0.943935 1.02719
1.00407 0.823969 1.17854 0.95969 0.993549 1.03407
0.958293 1.00864 1.03318 0.992163 0.947144 1.01647
1.05517 1.07268 0.940488 0.966672 0.999567 1.02289
1.02767 0.881394 1.06371 0.967307 0.975584 1.04074
end
gesture a02 hands 2
0.923951 0.622394 1.35342 0.973803 0.963976 1.02119
1.00042 0.834067 1.1497 0.969088 0.961433 1.05058
0.957867 1.02316 1.01046 0.974584 0.966129 1.04236
1.03505 1.11148 0.90031 0.975124 0.949331 1.03696
1.04572 1.05596 0.907219 0.970388 0.968354 1.02952
1.00105 0.8543 1.08711 0.975227 0.942291 1.04294
end
gesture a02 hands 2
0.955356 0.580198 1.3078 0.985153 1.0226 0.989021
1.00852 0.874061 1.06017 1.00406 0.995174 1.08572
1.10501 0.92529 1.04672 0.976918 0.99903 1.00043
1.13095 1.09311 0.940287 0.989368 0.969818 1.06037
0.925744 1.10938 0.932398 0.976644 0.913999 0.992068
0.941695 0.890413 1.08637 1.01997 0.960688 0.969413
end
gesture a02 hands 2
0.981275 0.53329 1.34298 0.964423 0.913723 1.0351
1.02407 0.855777 1.09689 0.861916 0.927682 1.03669
1.09462 1.17444 0.875213 0.931681 0.971936 1.07085
0.995387 1.06076 0.949502 0.919352 1.00077 1.03443
1.03262 1.10994 0.923854 1.03214 1.08958 0.940631
0.896153 0.947083 1.02379 1.11987 1.04718 0.979781
end
gesture a02 hands 2
0.54255 0.509785 1.2654 1.32545 0.960406 1.11986
0.834888 0.814246 1.1478 1.34012 0.979319 1.01699
0.794952 0.969183 1.04689 0.905712 0.978393 1.03106
0.992847 1.03944 0.973582 0.909202 0.980322 1.07192
0.835875 1.07325 1.00397 0.877007 0.9875 0.986036
0.884038 0.962018 0.956168 0.901585 0.987222 1.00314
end
gesture a02 hands 2
0.930097 0.791682 1.1884 0.961384 0.971627 1.00437
1.14455 0.886749 1.19796 0.975775 0.968635 1.05428
1.02131 0.944625 1.05858 0.954298 0.972426 1.01734
1.16634 0.996535 1.09268 0.959495 0.979109 1.02355
0.976454 1.02592 0.951737 0.974905 0.963878 1.07204
0.969692 0.945887 1.0308 0.961227 0.981337 1.02562
end
gesture a02 hands 2
0.950144 0.78489 1.29072 0.975867 0.973487 1.02379
1.09653 0.898663 1.11885 0.974294 0.955689 1.05637
1.03856 0.981969 1.00853 0.969196 0.971544 1.04386
1.14194 1.01632 1.00333 0.97984 0.949629 1.06366
0.982435 1.01236 1.00225 0.969645 0.981338 1.03864
0.994828 0.850118 1.1606 0.962951 0.968167 1.0514
end
gesture a02 hands 2
0.945452 0.764969 1.27882 0.954239 0.979482 1.07058
1.09793 0.834125 1.2208 0.945678 0.975418 1.04212
1.00351 0.902007 1.12617 0.971961 0.964433 1.04427
1.12135 0.996588 1.02787 0.946276 0.962944 1.04166
0.96935 1.01393 0.989577 0.981373 0.953083 1.04638
0.998038 0.881264 1.13367 0.945868 0.96292 1.04161
end
gesture a02 hands 2
1.00025 0.62111 1.36371 0.976543 0.971072 1.03503
1.02438 0.640661 1.28677 0.957153 0.965127 1.06052
0.975757 0.80252 1.1594 0.947609 0.962334 1.04463
0.92917 1.00242 1.02375 0.945152 0.962993 1.042
1.01096 1.02928 0.982752 0.958272 0.970181 1.06736
1.0231 0.943289 1.04552 0.944801 0.963087 1.04162
end
gesture a02 hands 2
0.998641 0.560128 1.4619 0.946485 0.956759 1.05135
0.968369 0.740636 1.24566 0.954926 0.964205 1.0417
0.999989 0.858736 1.13941 0.950126 0.960502 1.04258
0.935545 0.935444 1.09325 0.952857 0.96331 1.036
0.98951 0.975302 1.03294 0.963368 0.971651 1.03205
1.02015 0.889181 1.09035 0.953767 0.964246 1.03381
end
gesture a02 hands 2
0.995402 0.495665 1.50801 0.946244 0.960379 1.03376
1.0334 0.583598 1.3467 0.947328 0.952634 1.06239
0.990092 0.709223 1.25511 0.96424 0.962169 1.06991
1.01884 0.790629 1.18645 0.955118 0.949074 1.08168
0.937055 0.915309 1.11441 0.941113 0.966177 1.07997
0.998716 0.898241 1.09029 0.953815 0.947203 1.08336
end
gesture a03 hands 2
0.940637 0.743649 1.1719 0.920653 0.969585 1.10773
1.10157 0.969928 1.18719 1.0311 0.990383 1.03275
1.08793 0.998512 1.15424 0.995486 0.994862 0.988574
0.963821 0.948734 0.983901 0.888514 0.937964 1.01758
0.939611 0.906656 0.957034 0.974883 0.962542 0.979715
0.999811 0.730807 1.1743 0.995295 0.979017 1.09572
end
gesture a03 hands 2
0.946817 0.700017 1.21139 0.954966 0.981357 1.12775
1.07792 0.864691 1.23704 1.02931 1.00207 1.00446
1.06576 0.944782 1.2024 1.0113 0.988198 0.953363
0.943828 0.893524 0.970262 0.909954 0.910312 1.0212
0.949314 0.840543 0.986581 0.955515 0.952191 1.00208
0.968631 0.735051 1.15627 0.960446 0.977535 1.12927
end
gesture a03 hands 2
0.911036 0.63507 1.19886 0.950641 0.961432 1.04759
1.01419 0.712346 1.19649 1.00581 0.970477 1.03736
1.03687 0.805272 1.22035 0.954757 0.965501 0.949446
1.02326 0.885921 1.19051 0.924387 0.937708 0.982636
0.928736 0.882547 0.998974 0.910385 0.945647 1.0916
0.976556 0.777847 1.07942 0.959884 0.97335 1.12385
end
gesture a03 hands 2
0.941394 0.670353 1.29803 0.96972 0.887068 1.20693
1.05496 0.781802 1.28217 1.00081 0.956572 1.02646
1.05545 0.882847 1.25511 1.03469 0.988572 0.982714
0.980819 0.939008 1.05783 0.9421 0.935907 0.999452
0.960588 0.918914 1.01467 0.898712 1.00411 0.94661
0.956635 0.87066 1.04279 0.870094 1.06307 0.982651
end
gesture a03 hands 2
0.985173 0.811752 1.18505 0.886931 1.03343 1.01916
1.00736 0.807162 1.24992 0.991686 0.900482 1.14856
0.879581 0.699243 1.24515 1.08185 0.991218 1.00609
0.940607 0.908461 1.19443 0.996637 0.927119 0.992745
0.933297 0.942783 1.00035 0.880397 1.01314 0.94105
0.958121 0.865975 1.05395 0.907808 1.02632 1.01439
end
gesture a03 hands 2
0.973271 0.777835 1.19347 0.997462 0.959153 1.07932
0.965855 0.778686 1.25961 0.951309 0.927678 0.981006
1.01716 0.959902 1.23527 0.79185 1.07451 0.968634
0.971679 1.00295 0.985111 0.946003 0.964766 1.10059
0.975435 0.836509 1.11676 0.82655 1.08908 0.999445
0.941996 0.791425 1.17325 0.985009 0.89787 1.13786
end
gesture a03 hands 2
1.03137 0.79088 1.21122 0.966868 0.965069 1.0115
1.07035 0.840223 1.15617 0.94431 0.985623 0.911816
1.08777 0.947447 1.13867 0.993579 0.970149 1.12063
1.06352 1.0017 1.0728 0.984939 0.944913 1.16607
0.89486 0.924565 0.961586 0.937515 0.935554 1.13609
0.957209 0.846145 1.05811 0.91732 0.957912 0.995378
end
gesture a03 hands 2
1.08051 0.705478 1.31341 0.890486 0.961137 0.836595
1.12605 0.93255 1.17515 0.888913 0.957983 1.02794
1.08614 0.967048 1.10279 0.903322 0.958697 1.05327
0.898988 0.906647 1.01106 1.03562 0.98052 1.19843
0.915862 0.905866 0.963493 1.03583 0.962106 1.24192
0.984021 0.857421 1.03066 0.94352 0.928584 1.09759
end
gesture a03 hands 2
1.05441 0.735744 1.30803 0.959494 0.977047 0.925554
1.104 0.968403 1.15871 0.930679 0.948571 1.05245
0.936904 0.930452 1.03841 1.06088 0.986001 1.23578
0.892712 0.942799 0.941304 0.977687 0.9677 1.13947
0.939502 0.956586 0.916186 0.98778 0.962857 1.21286
0.996956 0.902849 1.02077 0.952363 0.969242 1.02128
end
gesture a03 hands 2
1.10562 0.723181 1.17455 0.902916 0.925723 1.03703
1.09071 0.751231 1.15594 1.03873 1.01179 0.92315
1.071 0.943008 1.12839 1.04064 0.999024 0.91573
1.05784 0.987087 1.10526 0.931517 0.951991 1.02977
0.895462 0.923312 0.963898 0.934697 0.92792 1.14039
0.902103 0.865078 0.979459 0.883767 0.929178 1.07233
end
gesture a03 hands 2
1.09312 0.785869 1.12827 0.828413 0.91431 1.00774
0.976525 0.878106 0.999933 0.947818 0.941841 0.915449
1.06197 0.922719 1.04107 1.11649 1.07424 0.939239
1.03327 1.06642 1.05407 1.13933 1.12668 0.934801
0.906182 0.948174 0.968149 1.02736 1.02097 1.03465
0.913953 0.826241 1.02654 0.841636 0.886887 1.06083
end
gesture a03 hands 2
0.87006 0.81552 0.997965 0.988633 0.969123 0.980226
0.865081 0.826232 0.970397 0.98055 0.958895 1.06733
0.958018 0.834534 1.0221 0.925547 0.976588 0.967081
0.980789 1.01011 1.04985 0.909905 1.01084 0.921746
0.845391 0.895137 0.929675 0.966224 0.942636 1.12883
1.00708 0.80029 1.05927 0.947816 0.96241 0.9744
end
gesture a03 hands 2
1.01184 0.729859 1.16561 0.996312 0.974901 1.01631
1.03941 1.01866 1.03142 0.979077 1.00477 1.02992
0.969115 1.21906 0.889841 0.987749 0.9716 1.0366
0.890541 1.1257 0.809253 0.947217 0.975972 0.997204
0.955596 1.0485 0.847847 1.00286 0.966226 1.01556
1.00489 0.7526 1.13998 0.975727 0.967367 1.00308
end
gesture a03 hands 2
0.987944 0.616037 1.31494 0.980649 0.923318 1.04197
1.04665 0.746612 1.23078 0.955295 0.958487 1.02078
0.997069 0.832353 1.10868 0.926747 0.992039 0.982031
0.975743 0.949603 1.04304 0.949035 0.958426 1.08145
0.900679 0.91581 0.960416 0.9765 0.972108 1.03171
0.941484 0.807687 1.04001 0.978013 0.951381 1.05306
end
gesture a03 hands 2
1.02638 0.615266 1.29495 0.948287 0.943593 1.02452
1.02128 0.975235 1.08417 0.960571 1.00203 1.02862
0.96218 0.982694 0.991168 0.988385 0.988338 1.01626
0.957756 1.14412 0.887059 0.962499 1.00015 1.0577
0.959263 0.931128 0.913828 0.994803 0.985178 1.01341
0.978277 0.828326 1.03731 0.961086 0.952233 1.00463
end
gesture a03 hands 2
0.978968 0.558618 1.31263 0.965255 0.92803 1.05536
1.0314 0.802912 1.21725 0.967762 0.996607 1.04521
1.02343 0.845992 1.18559 0.96553 0.967045 1.04288
0.961924 0.956321 1.0234 0.956177 0.965227 1.03714
0.982045 0.919913 0.964064 0.960016 1.02423 1.04141
0.98841 0.834285 1.03339 0.955553 0.965106 1.03676
end
gesture a03 hands 2
0.989287 0.540314 1.2798 0.958427 0.944972 1.04516
1.02985 0.803135 1.21455 0.958655 0.971077 1.04366
1.01994 0.842275 1.17622 0.9677 0.949863 1.01709
0.967474 0.977156 1.02626 0.958687 0.974806 1.04345
0.960204 0.949242 0.973733 0.968309 0.977115 1.06155
0.968461 0.860191 1.04027 0.959817 0.942397 1.05169
end
gesture a03 hands 2
1.00546 0.532952 1.3734 0.962877 0.942212 1.04198
1.04722 0.659714 1.27005 0.958646 0.956774 1.04698
1.03789 0.815415 1.25021 0.97222 0.949044 1.01448
0.957836 0.991875 0.996775 0.954414 0.971336 1.05198
0.967074 0.91268 0.975518 0.964188 0.978669 1.04848
0.976688 0.829221 1.05161 0.95892 0.949694 1.05315
end
gesture a03 hands 2
0.990876 0.648427 1.32831 0.971097 0.967606 1.0202
0.988417 0.649611 1.24514 0.944872 0.975389 1.00847
0.994312 0.734046 1.17517 0.953349 0.947145 1.1084
0.986797 0.896854 1.14356 0.953129 0.96042 1.08047
0.944793 0.837419 0.993981 0.950616 0.936033 1.1342
0.960241 0.756743 1.02822 0.97437 0.95767 1.02411
end
gesture a03 hands 2
0.973863 0.695954 1.26441 0.984342 0.946362 1.04032
0.958461 0.692313 1.22305 0.944037 0.942234 1.06697
0.969506 0.888403 1.14086 0.985493 0.960475 1.11612
0.968352 0.932227 1.12114 0.958953 0.956744 1.09216
0.953637 0.788268 1.04807 0.933315 0.943387 1.1391
0.989876 0.734634 1.07731 0.959787 0.976304 0.978919
end
gesture a03 hands 2
0.926575 0.631468 1.31883 0.9561 0.958575 1.01076
0.959596 0.712739 1.21523 0.96663 0.939871 1.10792
0.961297 0.861642 1.19077 0.957537 0.944323 1.10546
0.95509 0.753052 1.07661 0.964153 0.951198 1.03218
0.974327 0.826637 0.993533 0.948444 0.948774 1.103
0.981498 0.786449 1.0379 0.9638 0.952816 1.02136
end
gesture a03 hands 2
0.961807 0.558292 1.35929 0.956076 0.952932 1.04764
0.986891 0.739066 1.25116 0.947663 0.967339 1.07248
0.973037 0.807158 1.11563 0.952768 0.963654 1.05359
0.969974 0.908753 1.11184 0.957713 0.960084 1.03529
0.96976 0.913204 0.940635 0.950322 0.964629 1.0631
0.979468 0.829827 0.9913 0.957873 0.959969 1.0347
end
gesture a03 hands 2
0.96682 0.644627 1.27324 0.961322 0.962615 1.03095
0.98851 0.728591 1.12919 0.963866 0.982222 1.04796
0.984652 0.882252 1.11014 0.958583 0.974817 1.07536
0.980457 1.06453 0.971434 0.969018 0.990209 1.02266
0.963825 0.92006 0.968451 0.963983 0.978553 1.08344
0.97153 0.80525 1.09708 0.971171 0.965434 1.02788
end
gesture a03 hands 2
0.965576 0.559812 1.33135 0.957692 0.963612 1.02207
0.987255 0.627266 1.22494 0.96391 0.972661 1.09267
0.981529 0.780653 1.21844 0.971109 0.975995 1.1488
1.01362 0.766004 0.98461 0.952206 0.959215 1.04304
1.00919 0.911031 0.988994 0.954495 0.973354 0.992742
0.98659 0.813542 1.02297 0.934015 0.967582 1.09768
end
gesture a03 hands 2
1.06419 0.565483 1.39535 0.957945 0.975996 1.03181
1.04894 0.754744 1.26356 0.955617 0.969457 1.00289
1.00871 0.822887 1.12887 0.957843 1.01253 1.04207
0.989848 0.979091 1.11549 0.976745 0.949833 1.03416
0.95404 0.884305 0.917764 0.958515 0.989682 1.028
0.976551 0.747007 1.00766 0.971277 0.951568 1.06197
end
gesture a03 hands 2
1.0283 0.556952 1.306 0.95666 0.950323 1.06962
1.03426 0.55833 1.2778 0.959981 0.976913 1.034
1.02362 0.742154 1.20287 0.958996 0.977947 1.05061
0.963414 1.00061 1.02554 0.964901 0.995853 1.03042
0.954825 0.949254 0.92005 0.970671 0.953734 1.05053
0.97696 0.84063 0.977723 0.963728 0.958118 1.07938
end
gesture a03 hands 2
1.01093 0.624074 1.32146 0.947801 0.959728 1.06806
1.02378 0.644551 1.18973 0.961247 0.988817 1.03895
1.00963 0.788494 1.158 0.97461 0.962151 1.04014
0.972706 0.973624 1.03622 0.958401 1.01894 1.03825
0.972901 0.945808 0.907664 0.981865 0.942762 1.05445
0.987966 0.843246 0.99231 0.956337 0.944821 1.08097
end
gesture a05 hands 2
1.00111 0.738733 1.23425 0.944198 0.915344 1.08156
0.991215 1.00361 1.04539 1.03052 1.08339 0.942319
0.969581 1.05458 0.952982 0.965386 1.11602 0.964965
0.995498 0.927446 1.04456 0.940652 1.06284 0.961427
0.970282 1.01114 0.932458 0.942227 0.951602 1.0949
0.996598 0.802205 1.15519 0.96285 0.929954 1.07427
end
gesture a05 hands 2
1.00705 0.7064 1.23717 0.95808 0.942936 1.05596
0.973247 1.00233 0.948351 1.0553 1.0846 0.906969
1.00648 0.711344 1.21035 1.00985 1.14671 0.948565
1.00139 1.0016 1.04641 0.960995 0.996885 1.03445
0.997558 0.990108 0.978625 1.00848 0.973084 0.986006
1.00339 0.805078 1.15971 0.979685 0.95419 1.02964
end
gesture a05 hands 2
0.970763 0.656113 1.31541 0.962098 0.950605 1.04938
0.974297 0.918552 1.12457 0.961119 0.960893 1.08717
0.963022 0.966393 1.03054 0.957708 1.00758 1.11985
0.969402 0.915568 1.03821 0.958013 0.957486 1.09235
1.00455 0.811679 1.16254 0.946566 0.962242 0.974889
0.94059 0.680992 1.22906 0.950014 0.953973 1.01214
end
gesture a05 hands 2
0.956241 0.773678 1.24866 0.933792 0.902381 1.19499
1.06018 0.882971 1.17644 1.0314 1.0117 1.00074
1.06091 1.04347 1.05975 0.987021 1.03057 0.862885
1.01133 1.10706 0.921076 0.913578 0.958936 0.915679
1.00816 1.06379 0.896378 0.947858 0.943246 1.10961
1.01202 0.890396 1.11137 0.99742 0.94662 1.14687
end
gesture a05 hands 2
1.0287 0.773734 1.29445 1.01659 0.91943 1.16201
1.03137 0.914718 1.20305 1.01157 0.944043 1.13147
0.976502 1.01942 0.97141 1.06205 1.01441 0.981917
0.983365 0.920953 1.05622 0.944278 0.982981 0.916799
0.992754 0.967606 0.967902 0.901071 0.99707 1.02663
0.990227 0.822483 1.14102 0.959808 0.92912 1.17364
end
gesture a05 hands 2
0.979415 0.736058 1.15438 0.967762 0.803807 1.16479
1.04652 0.876925 1.13195 1.02125 0.864113 1.01499
1.05132 0.835745 1.13813 0.996969 0.819863 1.12022
0.999192 1.14873 1.01336 1.01472 0.929082 0.850737
1.00902 1.06285 0.954947 0.983951 1.09519 0.868019
0.925867 0.860079 1.05463 0.920356 0.922823 1.1173
end
gesture a05 hands 2
1.08091 0.544624 1.40858 0.928692 0.971301 1.01232
1.09636 0.581959 1.34259 0.869111 1.03324 0.950866
1.09877 0.690001 1.3157 0.848321 1.01414 0.982569
0.991184 0.895508 1.0975 1.01305 0.933204 1.12076
0.980721 0.946456 1.06955 0.9686 0.95423 1.1122
1.034 0.870876 1.12811 0.934439 0.977121 1.0043
end
gesture a05 hands 2
1.06329 0.599931 1.39769 0.970455 0.98532 0.986656
1.12348 0.723794 1.28683 0.897598 1.00882 1.00911
0.99955 0.925112 1.07613 1.0036 0.946687 1.12551
0.997996 0.958972 1.03444 0.950268 0.946757 1.16828
1.03005 0.929579 1.03006 0.924448 0.953295 1.0581
1.05406 0.805427 1.17861 0.988285 0.970321 1.00546
end
gesture a05 hands 2
1.07249 0.578375 1.46449 0.986888 0.955167 0.910781
1.13458 0.608641 1.41585 0.910729 0.928512 0.904528
1.14484 0.693196 1.35497 0.941263 0.945112 1.03644
1.03276 0.842875 1.18803 0.909069 0.956724 0.954078
1.03973 0.894309 1.11099 0.971798 0.961713 1.16834
1.06318 0.77255 1.21347 0.963029 0.971192 0.920612
end
gesture a05 hands 2
1.06856 0.550797 1.35215 0.939006 0.938108 0.962985
1.04192 0.616736 1.31177 0.929276 0.963901 0.951511
0.989998 0.831669 1.16499 0.950017 0.957178 1.12602
0.958318 0.956032 1.05802 0.922313 0.951568 1.14093
0.95416 0.944724 1.03798 0.940122 0.950908 1.08846
0.975539 0.877172 1.08863 0.967887 0.938556 1.06387
end
gesture a05 hands 2
1.05334 0.69149 1.26269 0.944277 0.942505 1.01836
0.978777 0.921673 1.07157 0.972174 0.94844 1.00966
1.0126 0.79674 1.17631 0.952201 0.983402 1.02309
0.976452 0.919355 1.06667 0.962515 0.962282 1.11468
0.927881 1.09222 0.935444 0.948243 0.967243 1.05982
0.940305 1.04197 0.957021 0.958449 0.960502 1.08687
end
gesture a05 hands 2
1.06865 0.723725 1.30539 0.925371 0.945686 1.02795
0.973024 0.947 1.04301 0.94235 0.953527 1.013
0.985158 0.916839 1.09482 0.956522 0.991748 0.991311
0.973008 0.942792 1.05817 0.956087 0.978863 1.04876
0.932616 1.07475 0.940433 0.962272 0.953749 1.16275
0.960858 0.968745 1.02153 0.949565 0.945131 1.04752
end
gesture a05 hands 2
1.0935 0.487248 1.37113 1.00624 0.958925 0.986334
1.02572 0.843472 1.12932 0.996482 0.964585 1.07463
0.987405 1.02848 1.11241 0.951379 1.00425 1.05295
0.954744 1.13219 1.07327 0.950292 1.00464 1.05374
0.941962 1.10534 0.87866 0.989529 0.975608 1.07394
0.9799 0.934105 0.993752 0.955431 0.956895 0.975277
end
gesture a05 hands 2
1.06931 0.493405 1.34462 0.971717 0.944509 1.02194
1.01537 0.855858 1.19257 0.99678 0.975824 1.07999
0.944582 1.15094 0.986392 0.969 0.986841 1.02031
0.946521 1.1919 1.08177 0.988958 0.977582 1.07396
0.948512 1.07665 0.888889 0.975279 0.958107 0.97278
0.983849 0.851715 1.05277 0.938488 0.964874 0.979341
end
gesture a05 hands 2
1.03213 0.614507 1.31877 0.971547 0.933417 1.03343
1.00366 0.826661 1.19369 0.961431 0.961498 1.04432
0.96878 0.968905 1.03943 0.96441 0.959075 1.01986
0.963269 1.01288 1.00562 0.959502 0.96117 1.04554
0.967278 1.0612 1.01132 0.951315 0.98958 1.05521
1.00199 0.858315 1.17027 0.9588 0.961469 1.04921
end
gesture a05 hands 2
1.01631 0.635274 1.30578 0.963811 0.966243 1.04086
1.02276 0.705315 1.26462 0.959522 0.965358 1.04004
1.00898 0.801692 1.21434 0.956529 0.977296 1.04836
0.976271 0.942853 1.07296 0.959216 0.965295 1.03998
0.972618 1.04041 1.03135 0.953536 0.989234 1.05668
1.00312 0.843413 1.13958 0.958909 0.965231 1.03993
end
gesture a05 hands 2
1.01734 0.682538 1.22808 0.959749 0.954046 1.05561
1.03104 0.707734 1.21199 0.965595 0.953834 1.04194
0.950982 1.10002 0.956922 0.969924 0.956338 1.04067
0.960122 1.09027 0.997937 0.978827 0.958344 1.0276
0.97802 0.991424 1.0536 0.971441 0.953622 1.02828
1.01043 0.801148 1.17946 0.980098 0.958631 1.02574
end
gesture a05 hands 2
0.994463 0.671419 1.2718 0.985989 0.959784 1.01106
1.0248 0.697558 1.18907 0.919835 0.917359 1.02218
0.992994 0.900322 1.11566 0.974716 0.964223 1.03159
0.959174 1.08984 0.956021 0.968864 0.98771 1.1002
0.948701 1.08453 0.951983 0.960654 0.946734 1.03509
0.996569 0.826655 1.16264 0.997061 0.971511 1.04069
end
gesture a05 hands 2
1.0367 0.60237 1.35862 0.979647 0.963267 1.0592
1.00607 0.671195 1.23863 0.938655 0.981948 1.01612
0.993305 0.882947 1.17219 0.942693 0.971149 1.0644
0.962164 1.00711 1.00743 0.946731 0.96035 1.11269
0.9633 0.913303 0.999837 0.955445 0.912261 1.04984
0.975801 0.821975 1.10788 0.958551 0.961647 1.02787
end
gesture a05 hands 2
0.994688 0.654739 1.34335 0.989364 0.967606 1.05275
0.99704 0.84485 1.22545 0.94487 1.02578 1.05267
0.992142 0.893827 1.20576 0.947614 0.988013 1.09357
0.980809 1.00124 1.10052 0.930802 0.919568 1.04251
0.96303 1.01257 1.00199 0.983824 0.927113 1.03991
0.984131 0.849936 1.06298 0.975548 0.935661 1.03544
end
gesture a05 hands 2
0.999846 0.556552 1.33658 0.932583 0.95103 1.05668
0.986976 0.605714 1.2691 0.948594 0.957579 1.02716
0.993556 0.654508 1.23601 0.964 0.940878 1.14039
0.984102 0.817155 1.21812 0.953259 0.947786 1.11544
0.963251 0.961078 1.06122 0.962347 0.917306 1.11633
0.964009 0.949647 1.0404 0.942519 0.954694 1.09048
end
gesture a05 hands 2
0.959025 0.641535 1.23462 0.943072 0.965377 1.04582
0.972519 0.642451 1.32324 0.941949 0.961836 1.01504
1.00019 0.71017 1.23911 0.970813 0.959096 1.12479
0.987508 0.867988 1.1953 0.937999 0.970961 1.08903
0.970062 0.990813 1.01791 0.957672 0.93619 1.08277
0.976224 0.90606 1.04469 0.933312 0.972656 1.08392
end
gesture a05 hands 2
0.980564 0.69923 1.27743 0.947692 0.983664 1.05516
0.999711 0.871507 1.17404 0.995873 0.913447 1.04402
0.980751 1.01823 1.03186 0.974543 0.969169 1.03797
0.976372 1.04206 0.978631 0.974579 0.952956 1.08233
0.989652 0.946125 1.0066 0.967434 0.987742 1.03595
0.976743 0.759833 1.18105 0.961225 0.972243 1.03501
end
gesture a05 hands 2
1.03071 0.675741 1.27085 0.949715 0.951526 1.04141
1.03286 0.682889 1.24207 0.944216 0.9796 1.04963
1.01795 0.770073 1.18114 0.947099 0.991475 1.08579
0.97585 0.93188 1.07382 0.951942 0.96623 1.07088
0.975111 0.926054 1.03965 0.953958 0.943132 1.08541
0.984978 0.879554 1.07198 0.956785 0.940985 1.05597
end
gesture a05 hands 2
1.01714 0.603024 1.35165 0.936296 0.931975 1.06083
1.02486 0.646664 1.27799 0.934304 0.9497 1.08493
0.988731 0.820738 1.15777 0.932788 0.950089 1.08334
0.975395 0.866309 1.12977 0.937987 0.938772 1.06365
0.971766 0.857554 1.11027 0.941459 0.92112 1.08338
0.986195 0.795503 1.16519 0.93972 0.934999 1.05709
end
gesture a05 hands 2
1.05271 0.660138 1.3507 0.949306 0.949372 1.0467
1.018 0.683899 1.27679 0.937206 0.961229 1.1018
1.00423 0.767978 1.20979 0.937197 0.945433 1.11208
0.966879 0.915776 1.08503 0.939455 0.948578 1.08317
0.973981 0.864779 1.08802 0.937188 0.929637 1.12236
0.984147 0.813126 1.153 0.937364 0.944723 1.03647
end
gesture a06 hands 2
0.938574 0.482655 1.19935 0.925706 0.948372 1.06781
1.02596 0.598187 1.09 1.03648 0.999748 0.977401
1.02985 0.855856 1.16269 1.0337 1.03134 0.934541
0.982365 1.00101 1.0248 0.930169 0.966332 0.965584
0.973893 1.0066 0.973165 0.924535 0.920619 1.1292
0.974741 0.904012 0.993646 0.978801 0.98008 1.08803
end
gesture a06 hands 2
0.928005 0.438638 1.2921 0.944393 0.981762 1.0923
0.939543 0.483584 1.15237 0.967577 0.971049 1.10747
0.978891 0.730142 1.21002 1.00207 1.00007 1.00849
0.978353 0.776332 1.19495 0.954961 0.975398 0.918324
0.953782 0.92527 1.05566 0.928591 0.906472 0.978519
0.95379 0.861167 1.0074 0.93255 0.963084 1.16681
end
gesture a06 hands 2
0.900299 0.601686 1.19998 0.952952 0.963518 1.11312
1.00584 0.716813 1.05756 1.01679 1.02019 0.925781
1.00413 0.909704 1.10516 0.973523 1.00283 0.899545
0.994496 1.0383 0.973412 0.962197 0.947878 1.08971
0.993246 0.98881 0.971722 0.961104 0.970762 1.144
0.928795 0.717334 1.06236 0.97289 0.962306 0.994091
end
gesture a06 hands 2
0.898899 0.702814 1.11441 0.880229 0.871591 1.15114
0.971413 0.711751 1.1441 0.990961 0.843851 1.12349
0.975561 0.721659 1.08941 0.983147 1.10669 0.887218
0.983699 0.950862 1.04059 0.965209 1.20319 0.931366
0.983527 1.08598 0.937015 0.957728 1.15102 0.939087
0.970284 0.861496 1.03762 0.941164 0.945902 1.07555
end
gesture a06 hands 2
0.93438 0.688278 1.1938 0.879858 0.74611 1.17151
1.0072 0.775018 1.09048 0.991834 0.791891 1.09481
0.983546 1.01911 1.00465 0.983442 1.09213 1.01275
0.978669 0.938444 1.02338 0.954113 1.13531 0.98978
0.9881 1.02221 0.951158 0.950032 1.08345 0.975931
0.973792 0.85778 1.0421 0.947689 0.877832 1.07193
end
gesture a06 hands 2
0.984913 0.548524 1.10159 0.966586 0.812679 1.12243
1.04664 0.697103 1.07117 1.06813 0.951814 0.959102
0.99504 0.949987 0.973308 1.00634 0.974677 0.873039
1.09168 1.0299 0.962219 0.992 1.02939 0.870514
1.01038 1.0988 1.00445 0.934673 1.20795 0.989505
0.835383 1.15207 1.09571 0.965688 0.846989 1.13775
end
gesture a06 hands 2
0.955261 0.493412 1.20319 1.02798 0.868767 1.02753
1.07844 0.537549 1.19492 0.92103 0.986634 0.835373
1.1026 0.633749 1.22376 0.893789 1.03523 0.821128
1.06648 0.842723 1.134 0.946847 1.01336 1.15607
1.04996 0.974465 1.03205 0.951165 0.979422 1.1092
1.0578 0.861922 1.07206 1.00893 0.919469 0.997384
end
gesture a06 hands 2
1.01896 0.3993 1.35238 1.00058 0.90558 1.00935
1.11317 0.528877 1.32806 0.927185 0.955751 0.892967
1.09037 0.61575 1.27087 0.874807 0.996445 0.934279
1.114 0.572822 1.30949 1.00544 0.982665 1.11421
1.02058 0.796063 1.15956 0.932874 1.00019 1.19611
1.04324 0.755838 1.12158 0.899547 0.987453 1.039
end
gesture a06 hands 2
1.0266 0.481231 1.34075 1.01593 0.936819 1.03544
1.12047 0.648229 1.27978 0.890744 0.99405 0.941255
1.02645 0.872544 1.11746 0.99878 0.990182 1.12899
1.02767 0.647837 1.19897 0.904592 0.998727 1.17725
1.05244 0.829574 1.08106 0.884083 0.977219 1.03929
1.02594 0.614224 1.21688 1.00323 0.925209 1.05261
end
gesture a06 hands 2
1.01321 0.636498 1.1382 0.976539 0.947871 1.03295
1.02634 0.806575 1.13945 0.876056 1.01151 0.915772
0.97606 0.962345 1.01823 0.932729 0.94569 1.12942
0.972902 0.866187 1.04107 0.935554 0.952383 1.13037
0.962247 0.891574 1.00348 0.969978 0.973109 1.02249
0.992048 0.786334 1.0981 0.980977 0.949312 1.02912
end
gesture a06 hands 2
1.00849 0.603299 1.2385 0.952563 0.926765 1.06045
1.01596 0.63533 1.14557 0.960744 0.928696 1.07929
1.04414 0.686264 1.14716 0.94425 0.999486 0.896771
1.02491 0.875027 1.12871 0.955502 0.948436 1.1248
0.984879 0.93524 1.0408 0.943462 0.954884 1.09691
0.962458 0.8308 1.05188 0.928477 0.960708 1.03949
end
gesture a06 hands 2
1.0248 0.658038 1.22124 0.958196 0.955352 0.983806
1.02729 0.687058 1.11813 0.969219 0.946925 1.06884
1.06164 0.835227 1.15696 0.932501 0.963875 0.9603
1.00625 0.988212 1.04726 0.920218 1.0324 0.916061
0.979621 1.00643 1.00056 0.961555 0.957167 1.12576
0.975697 0.889242 1.03782 0.968967 0.964556 1.03837
end
gesture a06 hands 2
1.00558 0.367983 1.20558 0.960651 0.953341 1.03838
1.09175 0.617443 1.19401 0.969242 0.988969 0.982831
1.03656 0.791381 1.07728 0.980424 0.981482 1.00971
1.00216 0.999996 1.10187 0.961535 0.992067 0.996619
0.963555 1.09233 0.973816 0.989784 0.999881 1.05339
0.976395 0.80967 1.02392 0.970345 0.955008 1.04598
end
gesture a06 hands 2
1.01106 0.386817 1.20474 0.962045 0.964156 1.00152
1.06217 0.545829 1.17021 0.999021 0.94239 1.01536
1.01227 0.842199 1.10183 0.949203 1.00496 1.02212
0.97478 1.09959 1.06529 0.977859 0.970743 0.998426
0.949406 1.0699 0.925354 0.962408 0.955393 1.0893
0.977722 0.855793 1.05452 0.968808 0.954985 0.981748
end
gesture a06 hands 2
0.934385 0.386387 1.13392 0.969499 0.93759 1.07482
0.985511 0.595863 1.08616 0.967429 0.967766 1.04884
0.973962 0.70932 1.10033 0.976515 0.947657 1.04778
0.954554 0.909966 1.02643 0.96536 0.997942 1.02287
0.968026 1.06229 1.05716 0.98464 0.919963 1.04236
1.02235 0.871302 1.06502 0.956303 0.978159 1.04901
end
gesture a06 hands 2
0.93412 0.504427 1.1806 0.953143 0.944267 1.07119
0.996465 0.741944 1.13905 0.95799 0.979509 1.03966
0.982972 0.937793 1.04354 0.970316 0.929275 1.05208
1.00339 0.933326 0.998129 0.958683 0.984544 1.03516
1.00607 0.877872 1.00832 0.964324 0.989385 1.03979
0.974248 0.705971 1.09988 0.959171 0.95185 1.03455
end
gesture a06 hands 2
0.885489 0.465806 1.15264 0.966375 0.93501 1.06306
0.951501 0.552408 1.06931 0.963568 0.965015 1.03599
0.949461 0.700227 1.08794 0.971802 0.948739 1.0373
0.969079 0.997325 1.03534 0.965106 0.958632 1.04271
1.04425 0.947338 1.06431 0.960762 0.995021 1.00893
0.997059 0.765637 1.09992 0.960606 0.928147 1.09323
end
gesture a06 hands 2
0.95893 0.399252 1.19628 0.972753 0.94443 1.07364
0.957706 0.418413 1.17222 0.961741 1.00518 0.97716
0.989146 0.56236 1.11394 0.965341 0.91131 0.998342
0.973735 0.81917 1.16608 0.951526 0.913716 1.02711
0.967114 0.97111 1.02548 0.973986 0.987898 1.08857
0.980664 0.890953 0.96823 0.993382 0.975351 1.05727
end
gesture a06 hands 2
0.976591 0.494545 1.26651 0.974458 0.993958 1.05833
0.977597 0.629603 1.18143 0.953716 0.886726 1.0053
0.969045 0.840852 1.17105 0.961 0.908966 1.01143
0.96787 0.927441 1.03968 0.950153 0.885643 0.986085
0.971986 0.895924 1.00199 0.987329 0.957731 1.06434
0.976853 0.772769 1.06581 0.965193 0.97332 1.06047
end
gesture a06 hands 2
0.953679 0.520025 1.24903 0.989489 0.97035 0.995739
1.01639 0.661548 1.15613 0.941723 0.978477 1.0172
0.979916 0.941938 1.01887 0.9818 0.915517 0.994775
0.979586 0.844233 1.06303 0.967122 0.964952 1.12555
0.979347 0.899846 0.987461 0.976506 0.972093 1.10399
0.979256 0.746528 1.10719 0.969038 1.01748 1.02713
end
gesture a06 hands 2
0.960498 0.395035 1.22449 0.956529 0.969592 1.05935
1.01104 0.481924 1.1504 0.960071 0.97622 0.982103
0.971881 0.676784 1.19036 0.986678 0.94907 1.02616
0.968119 0.895757 1.05558 0.963593 0.965613 1.08926
0.978327 0.923957 1.00817 0.960078 0.966233 1.0524
0.990269 0.763645 1.04603 0.928435 0.978576 1.09194
end
gesture a06 hands 2
0.966558 0.329468 1.31543 0.946438 0.966494 1.08175
0.986612 0.354559 1.23414 0.95073 0.972399 0.996116
1.00589 0.448411 1.19439 0.991783 0.906977 1.05413
0.985219 0.702403 1.20399 0.954507 0.966833 1.08263
0.965589 0.864613 1.06188 0.968714 0.93391 1.09888
0.964418 0.785497 1.04724 0.949182 0.975384 1.08671
end
gesture a06 hands 2
0.959965 0.454241 1.31966 0.948412 0.969923 1.06503
0.995715 0.510277 1.15327 0.951177 0.949168 1.03741
0.970894 0.719088 1.18017 0.959117 0.963687 1.0382
0.963444 0.766971 1.18605 0.952805 0.939741 1.03738
0.956852 0.935001 1.06871 0.986308 1.00107 1.04507
1.00919 0.892997 0.981859 0.977839 0.984175 1.05407
end
gesture a06 hands 2
0.981677 0.451286 1.3109 0.945155 0.942921 1.07674
1.00789 0.470792 1.23435 0.976716 0.955873 1.01029
1.02382 0.521822 1.21326 0.953553 0.951738 1.04802
1.01116 0.680343 1.2025 0.936181 0.948636 1.07632
0.976209 0.82965 1.06492 0.944143 0.968942 1.04095
0.970674 0.711851 1.11167 0.926087 0.950611 1.14333
end
gesture a06 hands 2
0.959482 0.42726 1.29373 0.929689 0.952635 1.12019
1.00778 0.553086 1.17575 0.949916 0.966019 1.03828
1.00111 0.650058 1.18602 0.957228 0.954368 1.06185
0.984256 0.796765 1.12718 0.962712 0.94563 1.07952
0.979668 0.854011 1.04513 0.961357 0.952449 1.03071
0.979328 0.799841 1.03223 0.96454 0.942717 1.08541
end
gesture a06 hands 2
0.961049 0.416514 1.26442 0.917127 0.940491 1.12664
0.990399 0.434957 1.22913 0.933437 0.946077 1.09122
0.996027 0.639172 1.19204 0.916424 0.942965 1.09676
0.982096 0.735323 1.14967 0.936666 0.942605 1.10356
0.977548 0.766906 1.0793 0.949747 0.951662 1.05581
0.975953 0.739025 1.08706 0.930888 0.921718 1.12428
end
gesture a10 hands 2
0.861782 0.813698 1.09657 1.04103 0.832419 1.08272
1.02711 0.883276 1.18384 1.03599 0.836254 1.1118
1.07517 0.913717 1.17927 0.850265 0.909818 1.21322
1.01168 1.00573 1.01905 0.809088 0.963568 1.1382
1.02216 0.996794 0.950556 0.912083 1.01478 0.964638
0.926453 0.83442 1.11785 1.06045 0.854531 1.11885
end
gesture a10 hands 2
0.860493 0.791995 1.16799 1.11638 0.807901 1.12583
1.01927 0.823531 1.28738 1.00052 0.846324 1.27153
1.09718 0.887025 1.25898 0.954519 0.874229 1.26868
1.01288 0.961697 1.04539 0.946591 0.980676 1.04816
1.03619 0.920504 1.07737 0.903993 0.955244 1.03976
0.992163 0.881854 1.14132 0.940031 0.900014 1.12992
end
gesture a10 hands 2
0.937268 0.830473 1.2719 1.00254 0.844579 1.25725
0.931564 0.848994 1.09161 1.05028 0.852248 1.08028
0.968471 0.831772 1.19618 1.00947 0.850847 1.18673
1.10917 0.923751 1.18834 0.872603 0.942677 1.16279
0.984786 1.00572 1.03133 0.978019 1.02446 0.986889
0.980855 0.925856 1.066 0.966235 0.947689 1.05004
end
gesture a10 hands 2
0.936076 0.746938 1.2997 1.04476 0.734516 1.27014
1.0228 0.849139 1.20702 0.962213 0.749895 1.24575
1.05105 0.821623 1.23998 0.927099 0.815153 1.16974
0.993751 0.906125 1.1324 0.951429 0.974841 1.02472
1.06133 0.900349 1.13479 0.902973 0.959639 1.03503
0.995987 0.841483 1.20678 0.952506 0.865943 1.15549
end
gesture a10 hands 2
0.969917 0.703114 1.27703 1.04486 0.667321 1.29613
1.04164 0.708558 1.3191 0.895623 0.744108 1.23726
1.14007 0.749309 1.28915 0.927544 0.881284 1.12364
1.07477 0.870953 1.14055 0.938198 0.847469 1.14589
0.983447 0.907597 1.12848 0.932119 0.952239 1.07952
0.977056 0.866223 1.16611 0.953428 0.884609 1.12403
end
gesture a10 hands 2
0.909507 0.864079 1.16177 1.03723 0.876598 1.12652
0.870787 0.857272 1.12983 0.91804 0.93709 1.09093
1.01252 0.898212 1.18024 0.941712 1.03309 0.968093
0.993192 1.03439 0.965221 0.98688 0.94356 1.05495
0.98215 0.874111 1.14457 0.920457 0.996005 0.958491
0.902571 0.840951 1.16388 1.03205 0.854026 1.1418
end
gesture a10 hands 2
0.96585 0.638138 1.33245 1.02653 0.667203 1.30684
1.05211 0.748324 1.18754 0.939882 0.749249 1.18206
1.00546 0.825495 1.14051 1.0015 0.9568 1.03373
1.04813 0.767482 1.17442 0.977475 1.03659 0.977108
0.973531 0.986048 1.0112 0.924714 1.0347 0.973464
1.02607 0.882188 1.07978 0.92176 0.931036 1.05809
end
gesture a10 hands 2
0.971144 0.601498 1.41896 1.05816 0.594877 1.38489
1.10319 0.65546 1.31699 0.929531 0.683033 1.30131
1.10339 0.694409 1.28223 0.931531 0.723222 1.26789
0.984814 0.87705 1.14046 0.980793 0.952506 1.06522
0.982388 0.951536 1.06565 0.934797 0.952477 1.04714
1.02529 0.835991 1.12229 0.931905 0.845921 1.12741
end
gesture a10 hands 2
0.967145 0.655721 1.37294 0.997239 0.64346 1.37182
1.10898 0.70952 1.2637 0.930643 0.817773 1.19912
1.11202 0.744725 1.22952 0.906205 0.768144 1.24464
0.992908 0.93273 1.08508 0.954912 0.90431 1.11823
0.991335 0.961546 1.03876 0.94572 0.951297 1.02786
1.0033 0.830509 1.13604 0.973928 0.81155 1.16129
end
gesture a10 hands 2
0.868234 0.852146 1.18174 1.04259 0.86411 1.17658
0.896551 0.857706 1.17461 0.863429 0.913843 1.14155
1.0474 0.909056 1.13764 0.866057 0.936185 1.09458
0.972294 1.01021 0.975747 0.932425 1.00689 0.972976
1.01137 1.01149 0.94247 0.890067 0.997088 0.958204
1.00156 0.937818 1.06012 0.917276 0.934558 1.0776
end
gesture a10 hands 2
0.928768 0.841048 1.25544 1.00846 0.867369 1.21099
1.06866 0.884356 1.18067 0.858306 0.886698 1.18444
1.07367 0.908471 1.13274 0.852216 0.909636 1.13158
0.988019 0.979504 1.01767 0.929596 0.98326 1.00097
1.00884 0.985619 0.969937 0.893163 0.946304 1.03036
0.979944 0.909933 1.10767 0.940525 0.914096 1.12675
end
gesture a10 hands 2
0.945471 0.836502 1.3118 0.972552 0.862126 1.26798
1.05927 0.876946 1.20726 0.900263 0.85216 1.2563
0.956968 0.971691 1.04591 0.875149 0.893637 1.16275
0.97738 0.977566 0.993797 0.945554 0.979403 0.987238
1.00819 0.916878 1.06768 0.899933 0.961404 1.00145
0.979834 0.883139 1.14237 0.928563 0.90063 1.15484
end
gesture a10 hands 2
1.03254 0.867196 1.09698 0.901158 0.88454 1.12735
1.00037 0.956101 0.982241 0.979033 1.02832 0.935659
0.874511 1.06094 0.939214 0.951973 0.96568 1.02965
0.979545 0.998321 1.00577 0.961105 0.98962 0.977048
1.00976 0.894934 1.14015 0.924914 0.903039 1.12363
1.0114 0.869717 1.15559 0.892268 0.89823 1.11186
end
gesture a10 hands 2
1.01981 0.839065 1.16807 0.879329 0.861428 1.13115
1.01798 0.883359 1.09208 0.886107 0.89919 1.05729
0.958441 0.953281 1.0296 0.912251 0.927453 1.01474
0.921758 0.983775 0.996622 0.984571 0.996266 0.954593
0.923304 0.969942 0.988705 0.968763 0.962213 0.999473
0.970616 0.921276 1.08191 0.922669 0.922433 1.09819
end
gesture a10 hands 2
1.03515 0.818524 1.18762 0.841019 0.856912 1.25429
1.01366 0.895837 1.07639 0.840123 0.844002 1.16963
0.930993 0.956627 1.03294 0.943236 0.966082 1.01488
0.910052 0.948195 0.997576 0.964302 0.951042 1.00611
0.944819 0.918596 1.03245 0.916314 0.902912 1.09984
0.991783 0.87575 1.12729 0.894506 0.872714 1.14506
end
gesture a10 hands 2
0.845416 0.776143 1.21542 1.15427 0.730187 1.25854
1.07519 0.852085 1.20416 0.88418 0.855817 1.159
1.01247 0.962633 1.04249 0.962278 0.97081 1.00717
1.14118 1.00471 1.08268 0.834632 1.04619 0.999033
1.03124 1.07583 0.913671 0.95474 1.10728 0.867139
1.05382 0.967296 1.06202 0.899058 1.00178 1.02681
end
gesture a10 hands 2
0.922836 0.759243 1.24127 1.03083 0.765308 1.18618
0.996454 0.932781 1.06717 0.925921 0.789186 1.21929
0.999711 1.10228 0.860779 0.893445 1.0415 0.976437
1.02787 0.956255 1.07514 1.01448 1.11002 0.879388
1.07944 1.0441 0.977977 0.910954 1.04749 0.981818
0.974344 0.861652 1.16932 0.985059 0.86534 1.14189
end
gesture a10 hands 2
0.858417 0.65997 1.36234 1.15337 0.636074 1.34104
0.989966 0.879228 1.13373 0.987629 0.726559 1.29507
0.915777 0.960526 1.0172 0.967071 0.903162 1.09733
1.07031 0.984596 1.03238 0.915523 0.994171 1.02702
0.982907 1.0473 0.913195 1.03895 1.04024 0.913641
1.05431 0.971699 1.06838 0.92914 0.975773 1.05413
end
gesture a10 hands 2
0.810277 0.611215 1.29357 1.16238 0.622503 1.25278
0.970843 0.69397 1.3397 0.992579 0.698932 1.262
0.996988 0.760077 1.27733 0.968267 0.738721 1.23338
0.940831 0.886292 1.12884 1.01055 0.893615 1.09153
0.982017 0.902657 1.09725 0.97805 0.928476 1.06444
1.01179 0.85012 1.13194 0.924609 0.885185 1.11772
end
gesture a10 hands 2
0.874811 0.668704 1.32251 1.0739 0.654695 1.29871
0.853367 0.675468 1.24204 1.10802 0.670685 1.19887
1.00141 0.751154 1.24885 0.961295 0.798499 1.17823
0.969324 0.968082 1.04924 1.01003 0.905735 1.07901
1.05393 0.992635 1.01822 0.928302 1.00415 1.01366
1.04974 0.926872 1.06422 0.904388 0.932009 1.07535
end
gesture a10 hands 2
0.855587 0.686125 1.27585 1.1202 0.691199 1.20785
1.0658 0.841736 1.19593 1.11549 0.687035 1.17207
0.992577 0.940204 1.09608 1.0213 0.717725 1.22554
1.05438 1.03128 0.992475 0.939119 1.01417 1.01519
1.08717 0.988712 1.00373 0.860078 0.986965 1.04322
1.03146 0.890309 1.08159 0.934842 0.888843 1.10429
end
gesture a10 hands 2
0.884437 0.709597 1.26866 1.06563 0.718812 1.20293
0.870928 0.725292 1.24417 1.04411 0.715731 1.17989
1.02611 0.784744 1.20077 0.873085 0.845494 1.15536
1.01801 0.982491 1.03684 0.922111 1.03023 0.994151
0.956271 0.940513 1.00853 0.963494 1.02742 0.957137
0.902381 0.781622 1.16432 1.04353 0.822483 1.10917
end
gesture a10 hands 2
0.877798 0.676934 1.25614 1.08503 0.69657 1.15142
1.05263 0.72106 1.20814 0.960107 0.680661 1.20242
1.09488 0.754812 1.20619 0.834326 0.836376 1.16371
1.01303 0.955563 1.03534 0.898575 0.948325 1.07047
0.97934 0.914724 1.04099 0.932886 0.968835 1.03358
0.919082 0.780744 1.17473 1.01636 0.788614 1.15187
end
gesture a10 hands 2
0.855381 0.628389 1.26092 1.03624 0.61988 1.22749
1.03138 0.683509 1.27516 0.989318 0.63702 1.25828
1.05873 0.722975 1.25454 0.873122 0.740449 1.23759
0.999016 0.878699 1.12579 0.917364 0.888947 1.12001
0.967896 0.888781 1.08626 0.976345 0.869104 1.05633
0.915797 0.762298 1.19253 1.00965 0.775996 1.15628
end
gesture a10 hands 2
0.855494 0.761552 1.25588 1.09971 0.753075 1.2169
1.02395 0.880697 1.19359 0.944111 0.8299 1.22657
0.946133 0.952281 1.06912 0.970314 0.970874 1.01909
0.962568 0.977205 1.02325 0.916729 0.984815 1.02728
1.06003 0.948402 1.10892 0.867086 0.955733 1.11285
1.00645 0.898756 1.15022 0.922583 0.90382 1.15341
end
gesture a10 hands 2
0.820924 0.727715 1.29117 1.11481 0.736402 1.24866
1.00157 0.79817 1.28797 0.950031 0.781619 1.26878
1.01558 0.862871 1.207 0.954555 0.846171 1.192
0.975533 0.946552 1.08586 0.926802 0.814918 1.23737
1.0215 0.96896 1.06163 0.959079 0.910722 1.11522
0.993776 0.868605 1.15665 0.938687 0.869548 1.16249
end
gesture a10 hands 2
0.833133 0.754146 1.28061 1.08714 0.755906 1.25756
0.994099 0.812351 1.25222 0.949613 0.78498 1.25623
0.970594 0.863576 1.1931 0.972661 0.908436 1.11163
0.947088 0.914801 1.13398 0.950338 0.939845 1.07377
1.04548 0.966961 1.05997 0.865638 0.927528 1.10496
0.9981 0.867852 1.13355 0.921423 0.852597 1.16779
end
gesture a10 hands 2
0.929228 0.823731 1.22043 0.993907 0.821212 1.21116
0.946241 0.80863 1.24031 0.926877 0.883607 1.13005
1.03558 0.84275 1.1908 0.899616 0.866216 1.14751
0.982509 0.971027 1.04104 0.915086 0.990486 1.00269
1.02388 0.91904 1.06768 0.898603 0.951579 1.03845
0.983453 0.86235 1.16083 0.943075 0.884782 1.15348
end
gesture a10 hands 2
0.907388 0.73149 1.3022 0.99897 0.733745 1.30121
0.989892 0.740238 1.305 0.919018 0.749717 1.30928
1.01821 0.772348 1.26919 0.896577 0.81529 1.23007
0.959936 0.871599 1.16318 0.930467 0.88136 1.15463
0.982459 0.888933 1.11502 0.896837 0.897737 1.11888
0.976611 0.823804 1.19559 0.918903 0.832443 1.20337
end
gesture a10 hands 2
0.925948 0.787584 1.26313 0.987867 0.800115 1.28558
1.01014 0.782915 1.27124 0.992954 0.797283 1.25639
1.04259 0.806741 1.23528 0.89304 0.795701 1.27486
0.979881 0.90698 1.12477 0.9161 0.921172 1.11244
0.991599 0.911482 1.07649 0.897114 0.882524 1.11206
0.997212 0.864928 1.14558 0.918536 0.85798 1.15867
end
gesture a13 hands 2
1.01051 1.17601 1.05921 0.987381 1.08734 1.0694
0.959501 1.09061 1.0558 0.951207 1.00537 1.11178
0.957338 0.878996 1.00996 0.960381 0.790429 1.03812
0.939436 0.785771 1.03873 0.976063 0.854711 1.00075
0.966675 1.00898 1.00665 0.960275 1.02043 0.947752
0.973989 1.06149 1.02944 0.955194 1.05753 1.01404
end
gesture a13 hands 2
1.15228 1.13693 1.07902 0.828912 1.07429 1.03379
1.07315 1.02278 0.993071 0.824362 1.06848 1.01196
1.08151 0.821337 0.952754 0.857069 0.842482 0.977581
0.975745 0.826016 1.01844 0.903734 0.739744 1.08579
1.00538 0.786427 1.03613 0.924544 0.837042 1.06478
0.843314 0.96544 1.0356 1.17333 0.998755 1.07811
end
gesture a13 hands 2
0.686222 1.07514 1.04885 1.17375 1.00186 1.07777
0.736538 1.01474 0.95964 1.16269 0.954441 1.03068
0.761537 0.793253 0.989774 1.13395 0.725315 1.05247
0.878682 0.733975 1.02902 1.05896 0.876994 1.00606
1.0626 0.938716 1.01758 0.780314 1.02978 1.04761
1.09495 1.09322 1.07687 0.745478 1.03362 1.07887
end
gesture a13 hands 2
0.980105 1.07031 1.08914 0.996403 1.09134 1.08434
1.01238 0.902879 0.922669 0.896656 1.07457 0.999106
0.967481 0.740855 0.941081 0.9186 0.865038 0.94617
0.954356 0.847104 1.02887 0.952553 0.819915 1.04112
0.965825 1.06899 1.08371 1.00392 1.09453 1.0604
0.975703 1.09606 1.09178 0.991387 1.12338 1.10177
end
gesture a13 hands 2
1.04443 1.75753 1.02645 0.999936 1.07532 0.987365
1.0026 1.77845 0.96537 0.924146 1.07244 1.00189
0.987254 1.46734 0.995506 0.931114 1.0448 0.939277
0.975745 1.23401 1.01811 0.968263 0.906276 1.03058
0.986481 1.44009 0.995057 0.958422 0.875761 1.1249
0.998381 0.971967 0.975168 0.959565 1.04987 1.06665
end
gesture a13 hands 2
1.01657 1.16142 0.957312 0.999139 1.04801 0.998494
0.901828 0.661127 1.09144 1.02336 0.795421 1.07706
0.957477 0.872453 1.03605 0.979419 0.822556 1.06658
0.98859 1.01578 1.00353 0.983976 1.02311 0.989661
0.915483 0.738507 1.06821 0.977906 1.05996 1.03459
0.998374 1.09319 0.991892 0.952929 1.04829 1.01996
end
gesture a13 hands 2
0.965397 1.14023 0.997522 0.959623 1.0658 1.05791
0.999252 0.754484 1.17238 0.94237 1.05421 0.980578
0.90275 0.762891 1.11833 0.927454 0.888656 1.03429
0.938466 0.912798 1.01793 1.04507 0.788544 1.09594
0.901037 0.77328 1.08916 0.953658 1.09479 0.9782
0.967704 1.11249 0.991968 0.956088 1.08537 1.03097
end
gesture a13 hands 2
1.02446 1.08518 1.0987 0.904854 1.09541 1.09157
0.979316 1.05881 1.02834 0.950363 1.02643 0.997567
0.964858 0.91628 1.01636 0.998255 0.862363 0.973568
0.973894 1.03288 1.01576 1.02612 0.750901 0.987182
0.944978 0.747832 0.991798 1.04069 0.753379 0.985516
0.99605 1.06003 1.05511 0.95999 1.08126 1.05758
end
gesture a13 hands 2
1.01445 1.11635 1.07624 0.945355 1.13228 1.07203
0.961652 0.984448 0.956243 0.983682 0.987651 0.9528
0.945163 0.713224 1.01327 1.01309 0.770722 1.00063
0.940394 0.76599 0.989535 0.996047 0.88206 1.03021
0.9528 0.881518 0.988236 0.919465 1.09948 1.05284
0.988703 1.10669 1.03982 0.922899 1.12785 1.04429
end
gesture a13 hands 2
0.997027 1.12563 1.08605 0.915994 1.13594 1.08052
0.972283 0.981515 1.02064 0.976036 0.944579 0.954792
0.958102 0.758441 1.00984 1.00414 0.778582 0.993726
0.944737 0.871761 1.03472 1.0084 0.784993 1.01471
0.992325 1.09665 1.07382 0.958117 0.99948 1.08093
0.992265 1.12556 1.0659 0.923533 1.1098 1.06657
end
gesture a13 hands 2
0.989681 0.974019 1.07829 0.909243 0.972523 1.07658
0.958359 0.927774 1.07702 0.91271 0.978757 1.04768
0.978608 0.97265 1.05057 0.945402 0.969253 1.09451
0.927038 0.881529 1.07575 0.961817 0.872026 1.07759
0.940074 0.924577 1.0383 0.949195 0.909519 1.03451
0.982603 0.967203 1.06103 0.912122 0.97157 1.05025
end
gesture a13 hands 2
1.06288 1.05592 1.18984 0.866417 1.04938 1.14648
0.994395 1.02421 1.07018 0.872558 1.03382 1.17123
0.898799 0.825354 1.02131 0.929165 1.0022 1.08041
0.877257 0.831172 0.981677 0.988229 0.81675 0.994842
0.971887 0.970333 1.00785 0.992131 0.913511 0.984603
0.988894 0.987179 1.02284 0.923788 0.989272 1.03694
end
gesture a13 hands 2
1.05521 1.08333 1.14324 0.894692 1.0801 1.10655
0.931122 0.938163 0.983654 1.01493 0.884647 0.951049
0.873277 0.783635 0.936 1.0571 0.767538 0.909548
0.869487 0.804616 0.901856 1.00522 0.872114 0.983074
1.00036 1.00464 1.06754 1.0539 0.82323 0.91789
1.03481 1.05242 1.07115 0.937213 1.0494 1.09996
end
gesture a13 hands 2
0.988362 1.0877 0.97888 0.930782 0.972094 1.0448
0.962382 0.963488 1.08873 1.01117 0.902529 1.13754
0.958816 0.80773 1.15509 0.929558 1.02521 1.05219
0.95301 0.80551 1.1445 0.930451 1.07204 1.01512
0.983667 1.03534 0.975856 0.976942 0.972325 1.03409
0.98829 1.05883 0.979343 0.924157 0.944553 1.00026
end
gesture a13 hands 2
0.976442 1.06533 1.01716 0.90279 0.932407 1.05369
0.984253 1.01027 1.02039 0.972885 0.832942 1.12436
0.989702 0.799024 1.10617 0.972528 0.844384 1.11303
0.982011 0.808045 1.03713 0.993511 0.749553 1.14243
0.97341 1.03361 1.00549 0.960856 0.94921 1.04513
0.976391 1.0632 1.00725 0.890599 0.93418 1.07953
end
gesture a13 hands 2
0.956972 1.02162 1.02554 0.922928 0.994827 1.08547
0.95474 0.851713 1.07252 0.989527 0.950764 1.03631
0.94936 0.814873 1.05869 1.00506 0.794744 1.10986
0.988371 0.968287 1.03318 0.987576 0.947988 1.05567
0.994083 0.957516 1.08501 0.969935 0.933779 1.10861
0.959111 1.00916 1.01121 0.955879 0.984453 0.998563
end
gesture a13 hands 2
1.05924 1.18232 0.982027 0.82106 1.03899 1.09108
1.06229 0.790929 1.04219 0.791468 1.06199 0.982905
1.03226 0.629365 1.0347 0.925159 1.02009 1.06315
0.955949 0.914845 1.06307 0.953353 0.744784 1.08132
0.799841 0.991748 1.01996 0.944379 1.02892 0.946857
0.872142 1.02958 1.00856 1.11861 1.01512 1.04672
end
gesture a13 hands 2
0.922073 1.16524 1.02588 0.957154 1.1637 1.0559
0.945882 1.03261 0.948708 0.990456 1.00786 0.958027
0.94796 0.692418 0.926666 1.00064 0.667473 0.925488
1.13701 0.798747 0.873261 1.00614 0.60917 0.927542
1.09181 0.799324 0.839041 0.974093 0.849744 1.07082
1.00158 1.06632 1.08682 0.969086 1.10329 1.06251
end
gesture a13 hands 2
0.987452 1.07602 1.08262 0.917094 1.0238 1.08592
0.995434 1.0743 1.11118 0.939342 1.00419 1.07334
0.990842 0.896234 0.983093 0.973821 0.865785 1.00061
0.972095 0.962758 1.04911 0.974154 0.810004 0.981669
0.946229 0.796974 0.973611 1.00178 0.852994 1.02852
0.97053 1.00311 1.07581 0.947374 1.00525 1.04437
end
gesture a13 hands 2
0.99234 1.14374 1.06892 0.927454 1.05121 1.10382
0.988869 1.04543 1.02232 0.978598 0.9083 0.989753
0.989342 1.11454 1.0633 0.958095 0.857599 0.983244
0.970705 0.793696 0.960577 0.930978 0.962826 0.986295
0.967716 0.945114 1.09891 0.985234 0.93756 1.07126
0.998919 1.11759 1.07862 0.944676 1.03975 1.12019
end
gesture a20 hands 2
0.978462 0.837615 1.1963 1.02367 1.05158 1.01688
0.91776 0.578095 1.12081 1.00991 0.790808 1.2146
0.904841 0.480198 1.0792 0.992225 0.858505 1.16624
0.96885 0.697879 1.09131 1.01386 0.993774 0.92233
0.966245 0.889602 0.941766 0.947997 0.992008 0.860826
1.00322 0.873729 1.04326 0.982486 1.03632 1.07469
end
gesture a20 hands 2
1.03019 0.745768 1.36717 0.937715 1.08063 1.14568
0.922896 0.691078 1.1744 0.978319 1.0155 1.10623
0.883373 0.466629 1.17855 1.01235 0.765997 1.17416
0.983231 0.750289 1.15074 1.01546 0.815923 1.14498
0.984712 0.910192 0.979048 0.954755 0.999109 0.893861
0.994928 0.870763 1.01197 0.959766 1.09551 1.08662
end
gesture a20 hands 2
1.024 0.843099 1.25447 0.972247 1.06611 1.08589
0.919749 0.781136 1.15555 1.02844 0.76242 1.15189
0.856343 0.453353 1.12181 1.02423 0.913874 1.06054
0.966836 0.749845 1.11646 1.04868 0.869117 1.15811
0.975174 0.962544 0.991555 0.95089 1.01462 0.847494
1.03454 0.936468 1.0397 0.98261 1.07339 1.11579
end
gesture a20 hands 2
0.949611 0.836859 1.05946 1.08527 0.888567 0.981181
1.14985 0.705279 1.14984 1.26433 1.04199 0.876572
1.18899 0.864896 1.15722 1.23605 1.09313 0.806906
1.04853 0.955575 1.06623 1.13708 1.08003 0.828039
1.0106 0.892066 1.05813 1.05928 1.04328 1.02845
1.07623 0.7619 1.15536 0.931726 0.867841 1.00273
end
gesture a20 hands 2
1.00969 0.72011 1.17838 0.890546 0.855661 1.14325
1.12889 0.750091 1.19389 1.01306 0.925028 1.00506
1.15889 0.594335 1.30498 1.10302 0.922012 0.935897
1.13043 0.761592 1.24165 1.042 0.988682 0.864464
1.18729 0.723665 1.29205 1.0158 0.966292 1.0561
1.04157 0.87636 1.10842 0.902589 0.922609 1.14336
end
gesture a20 hands 2
0.977362 0.958588 0.893301 0.765032 0.891617 1.05139
1.04285 0.721539 1.12807 0.99941 0.823407 0.920455
1.07499 0.698331 1.16663 0.969615 0.959463 0.884362
1.03392 0.96019 1.05965 0.964006 0.953662 0.995296
0.962205 0.947073 1.00367 0.979426 1.10854 0.931695
1.08647 0.814906 1.16769 0.978883 1.0047 1.09118
end
gesture a20 hands 2
1.01059 0.992291 1.14579 0.976271 1.04811 1.01635
1.01808 0.875733 1.1257 1.0686 0.812473 1.01418
0.997782 0.657627 1.07921 1.02006 0.788033 0.991976
0.980261 0.751138 1.17384 0.920475 1.02882 0.911716
0.980828 1.09933 1.09983 0.907295 1.02845 1.08116
0.997315 1.05717 1.08436 0.940938 1.00177 1.07189
end
gesture a20 hands 2
1.04137 0.776676 1.24106 0.912832 1.02208 1.09121
0.992133 0.439586 1.05045 0.980002 0.77668 1.03348
0.978568 0.53278 1.00063 0.970398 0.755106 1.05683
1.02988 0.750478 1.08214 0.990751 1.0356 0.942505
0.955609 0.94798 0.952481 0.917306 1.0371 1.12635
0.990917 0.895496 1.02176 0.903553 1.00913 1.0807
end
gesture a20 hands 2
1.05413 0.755272 1.26417 0.951947 1.03531 1.06937
0.985591 0.435849 1.06615 1.03978 0.780738 0.983024
1.03633 0.446028 1.05614 1.01368 0.831597 0.977043
1.07799 0.662777 1.12006 0.946223 1.05597 0.898535
0.983967 0.842241 0.989788 0.924891 1.05127 1.12531
0.998349 0.825304 1.04506 0.92463 1.03215 1.04912
end
gesture a20 hands 2
1.18034 0.777126 1.18645 1.0073 0.990984 1.02671
0.988639 0.616807 1.09764 0.925638 0.801035 1.09888
0.982332 0.659197 1.06783 0.966146 0.961352 0.957109
0.967137 0.90844 1.0359 0.94674 1.01034 0.964142
0.953025 0.940145 0.996357 0.919378 0.983405 1.13008
1.00052 0.846832 1.07306 0.923064 0.974524 1.15747
end
gesture a20 hands 2
1.11965 0.763646 1.31183 0.946527 1.003 1.04596
1.05361 0.781687 1.13016 0.990686 1.03472 0.99008
0.984913 0.634327 1.10114 0.96129 0.872311 1.13369
0.969396 0.830755 1.06484 0.942658 0.8193 1.13402
0.945348 0.96791 0.990684 0.954017 0.950242 0.957463
0.964923 0.896474 1.01643 0.952043 1.01039 1.0919
end
gesture a20 hands 2
1.06907 0.7821 1.12645 0.938198 1.02209 1.08177
0.998872 0.72348 1.05323 0.911558 0.861057 1.13788
0.930735 0.571748 1.06099 0.905244 0.811957 1.10918
0.945399 0.771958 1.06219 0.9635 0.969684 0.932237
0.917502 0.942693 0.946847 0.943031 0.999774 1.1051
0.985387 0.888187 1.02075 0.909278 1.00678 1.05707
end
gesture a20 hands 2
0.954625 0.86623 1.19138 0.904088 1.04533 1.1143
1.00203 0.851094 1.06004 0.987841 0.808023 0.93506
0.977987 0.531601 0.996476 0.992618 0.781147 0.984658
0.982755 0.542319 1.01906 0.989827 1.04498 0.994273
1.05769 0.812119 1.08476 0.977583 1.09589 1.01983
0.981247 0.93554 1.00742 0.951632 1.07058 1.20716
end
gesture a20 hands 2
0.837531 1.07026 0.867617 0.812049 1.11388 0.993376
0.935138 0.921649 1.02134 1.00954 0.873687 1.12782
0.894346 0.615862 0.946583 1.0136 0.694262 0.996404
0.977568 0.944296 1.02423 0.968431 1.03458 0.957687
0.968849 0.9618 0.872278 1.01202 1.07195 1.16475
0.967511 0.926879 1.15291 0.934107 1.07462 0.985753
end
gesture a20 hands 2
0.989617 0.695548 1.6988 0.830598 0.735393 1.7366
1.03953 0.623309 1.87918 0.886938 0.550354 1.70002
1.02388 0.738463 1.50255 0.941156 0.664902 1.29763
1.03912 1.03349 1.61247 0.942735 0.70768 1.33267
1.00076 1.17862 1.49648 0.9075 1.07088 1.46734
0.995791 0.953548 1.55708 0.832498 0.847356 1.60308
end
gesture a20 hands 2
0.934898 0.742595 1.17839 0.941399 1.05453 0.984999
0.935755 0.551391 1.11012 1.01982 0.698405 1.06717
0.87561 0.574986 1.04756 0.989979 0.977827 0.995993
0.960762 0.992577 1.01942 0.985005 1.0244 0.98413
1.04132 1.05249 0.908245 1.00206 0.750594 1.07459
1.05621 0.973276 0.935352 0.952636 1.11868 1.03333
end
gesture a20 hands 2
1.05417 0.717043 1.35171 0.908715 0.929545 1.34669
0.968878 0.478622 1.31849 0.909429 0.790155 1.48896
0.87345 0.485231 1.12757 0.928529 0.854071 1.45096
0.926409 0.899377 1.17282 0.891135 0.778801 1.49179
0.992301 0.958696 1.13152 0.930748 0.915197 1.33219
0.994746 0.773502 1.31542 0.916097 0.928828 1.33646
end
gesture a20 hands 2
0.982259 0.947216 1.16135 0.908914 1.0295 1.06499
0.904692 0.422504 1.01697 1.10308 0.737104 1.05347
0.920045 0.535049 0.963682 0.976596 0.942992 1.04669
0.935252 0.872291 0.928625 1.00572 0.91699 1.00626
0.946386 0.725689 0.996987 0.995965 1.05424 0.85717
0.934622 0.885614 0.924069 0.943558 1.0345 1.0772
end
gesture a20 hands 2
1.08703 0.788541 1.13846 0.877991 0.985908 0.867462
1.0033 0.761162 1.15582 0.967911 0.725076 1.21815
0.966797 0.502666 1.03542 1.00425 0.685502 1.23297
0.887914 0.555888 0.911339 1.0007 1.0107 0.983862
0.960414 1.02734 0.961967 0.998749 1.1236 0.885834
0.93839 1.04022 0.895027 0.928183 1.0667 0.991791
end
gesture a20 hands 2
0.93462 0.836778 0.909669 0.742348 0.910343 1.33168
1.01545 0.792069 1.07576 0.929756 0.865627 1.16008
1.0079 0.650121 0.984402 0.947959 0.818078 1.18645
0.932767 0.399152 0.987105 0.883474 0.795892 1.21247
0.934449 0.878014 1.08291 1.01717 1.05637 0.960457
0.942229 1.00669 0.952206 0.931868 1.02494 0.985971
end
gesture a20 hands 2
0.947193 0.825233 0.925711 0.892784 0.975977 1.18668
0.969814 0.490859 0.941041 1.01504 0.857957 1.21551
0.876883 0.556167 1.0168 1.01562 0.965533 1.02819
0.949292 0.941607 1.05888 1.02297 0.891913 1.17973
0.940688 1.06719 1.00109 1.0162 1.07311 0.840874
1.00427 1.00472 1.10967 0.904541 1.00758 1.07076
end
gesture a20 hands 2
1.00405 0.692827 1.26856 0.990891 1.02754 0.906685
1.00632 0.367881 1.09283 0.941445 0.910106 1.15203
1.0088 0.418921 1.06816 1.00658 0.811972 1.07382
0.99657 0.731455 1.03269 1.04272 0.850207 1.09461
0.986199 0.854792 1.00851 0.973498 0.996522 0.969563
0.964795 0.838669 1.00791 0.921268 1.03841 1.01203
end
gesture a20 hands 2
1.06313 0.640359 1.2326 0.94056 1.15901 1.06949
1.08095 0.369786 1.10837 0.95894 1.05238 1.0822
0.958981 0.537674 1.11602 0.937691 0.854758 1.08001
0.937049 0.658579 1.11708 0.991599 0.718188 1.10176
0.944113 0.789531 1.07702 0.973227 0.911665 0.996808
0.958083 0.842955 1.02014 0.949356 1.08165 1.02174
end
gesture a20 hands 2
1.13204 1.12851 0.853706 0.76668 0.758292 0.973982
1.15946 1.07028 0.981214 0.705904 0.649522 1.16219
1.17463 0.905223 0.971883 0.670025 0.66015 1.16602
1.14939 0.830247 1.04262 0.785829 0.76085 1.12848
0.760676 1.05519 1.13527 0.939652 0.979748 1.06889
0.787132 1.05716 1.12447 0.941984 0.972067 1.06793
end
