gesture a02 hands 2
1.39257 0.871516 1.23905 0.859922 0.976057 1.13791
1.26053 0.943285 1.13501 0.928591 0.968841 1.10653
1.22255 0.964788 1.09929 0.888034 0.970232 1.13021
1.2358 1.0441 1.0232 0.949628 0.967419 1.07323
1.15582 1.08003 0.959513 0.968862 0.952415 1.05441
1.04865 1.08645 0.94085 0.956551 0.968193 1.0443
1.00559 1.05858 0.924094 0.987373 0.964186 0.994263
1.01655 0.873273 1.11756 1.00392 0.962157 0.969819
end
gesture a02 hands 2
0.984167 0.703912 1.37226 1.012 0.960805 0.986313
1.12131 0.737145 1.33934 0.975348 0.95546 1.06043
1.1409 0.768392 1.29581 0.941539 0.983796 1.06492
1.02039 0.890203 1.16002 0.930568 0.967543 1.06111
1.05607 0.986332 1.03409 0.962024 0.966441 1.04515
0.930098 1.04199 0.943276 0.971199 0.966119 1.04049
1.00733 1.01029 0.935256 0.940222 0.986864 1.06427
1.01814 0.949973 1.02593 0.98884 0.969342 1.015
end
gesture a02 hands 2
1.02816 0.678478 1.37124 1.01386 0.965995 0.982125
1.10615 0.735872 1.27338 0.933181 0.968172 1.10396
1.08716 0.772245 1.23132 0.938948 0.963495 1.07671
0.997318 0.870921 1.14526 0.943993 0.959402 1.05287
1.06517 0.979901 1.04067 0.922875 0.975618 1.09626
0.943476 1.03725 0.946791 0.960747 0.970454 1.03379
0.944529 0.991435 0.940254 0.973071 0.970105 1.06062
0.97207 0.915391 1.05433 0.97178 0.969924 1.03104
end
gesture a02 hands 2
0.926431 0.544745 1.39639 0.98631 0.933989 1.04337
1.09192 0.616255 1.34203 1.00394 0.916492 1.02656
1.01637 0.750879 1.23083 0.976878 0.964694 1.0368
1.06202 0.861352 1.13008 0.978777 0.963076 1.04976
1.03926 0.896073 1.09612 0.953273 1.00083 1.02344
0.93917 0.990425 1.02911 0.953073 1.00044 1.04846
1.02442 1.0399 0.974719 0.970457 0.981622 1.00843
1.04307 0.952275 1.0327 0.948664 1.00106 1.01238
end
gesture a02 hands 2
0.909647 0.460245 1.41854 1.00994 0.903563 1.03434
1.01322 0.569253 1.32276 0.930755 1.02366 1.05706
0.999365 0.608646 1.29183 0.970654 0.980299 1.05829
0.947812 0.713964 1.22407 1.00432 0.982167 1.02055
0.994995 0.789542 1.17347 0.944314 1.01042 0.995276
0.906851 0.940496 1.0697 0.992754 1.00781 0.970312
0.992803 0.963144 1.02539 0.930194 0.987458 1.01318
1.00757 0.839475 1.11871 0.953713 0.969275 1.01632
end
gesture a02 hands 2
0.91862 0.517166 1.38062 1.023 0.909301 1.03634
1.03358 0.623414 1.28844 0.968574 0.963396 1.04855
1.02442 0.667404 1.25837 0.98905 0.973922 1.06051
0.963549 0.773703 1.18981 0.915476 1.02781 0.945858
1.01312 0.888066 1.10188 0.956458 0.98946 1.02818
0.963774 1.02416 0.997061 0.926325 1.01365 1.01916
1.04428 0.970162 0.999063 0.903405 1.01461 1.00286
1.01955 0.865265 1.08591 0.994963 0.948275 1.03429
end
gesture a02 hands 2
1.01289 0.675543 1.3423 0.974042 0.975974 1.01923
1.03625 0.671977 1.32435 0.935892 0.923422 1.04429
1.10832 0.717927 1.25911 0.953249 0.928046 1.09885
1.04836 0.808784 1.15963 0.958798 0.965989 1.04316
0.910761 0.896806 1.13566 0.960185 0.975475 1.02924
0.896494 0.958114 1.05183 0.953427 0.982122 1.08311
1.03024 1.00786 0.984923 0.960647 0.978637 1.0246
1.07428 0.954516 1.01966 0.985973 0.976379 1.02206
end
gesture a02 hands 2
1.02159 0.647948 1.41187 0.976205 0.972637 1.01798
1.12222 0.71236 1.2679 0.952127 0.953272 1.13054
1.11359 0.748987 1.22937 0.961978 0.946745 1.10995
1.04157 0.81332 1.17426 0.94976 0.928741 1.15845
0.885378 0.925488 1.10192 0.952695 0.958895 1.04699
1.01749 1.01076 0.988886 0.942878 0.990575 1.01518
1.06719 0.989036 0.994673 0.955797 0.985087 0.957889
1.07452 0.896227 1.089 0.963336 0.980943 0.986241
end
gesture a02 hands 2
1.04436 0.657102 1.39302 0.983876 0.973301 1.02636
1.10041 0.725024 1.23848 0.962266 0.965112 1.06648
0.974547 0.853124 1.15524 0.960237 0.968569 1.03877
0.932034 0.963162 1.05463 0.961546 0.964839 1.06782
0.994652 1.02382 0.986493 0.958208 0.972025 1.01106
1.04473 1.01166 0.965253 0.938263 0.947287 1.09837
1.06743 0.905175 1.07172 0.938678 0.944086 1.05717
1.06679 0.887564 1.0938 0.981296 0.971731 1.02559
end
gesture a02 hands 2
0.983922 0.848176 1.12701 0.983112 0.980755 0.983641
0.963181 0.854993 1.1482 0.968073 0.969035 1.03216
1.04397 0.885339 1.07008 0.967012 0.972097 1.02997
0.953611 1.01394 0.96709 0.965951 0.97516 1.02779
0.95212 1.04838 0.929009 0.959523 0.970654 1.08622
1.04048 1.10748 0.895679 0.942552 0.973413 1.07331
1.06474 1.08811 0.899266 0.962253 0.982245 1.01877
1.045 1.00129 1.01052 0.961915 0.960033 1.03861
end
gesture a02 hands 2
0.989894 0.758898 1.23176 0.968161 0.946764 1.00238
1.01073 0.792882 1.16181 0.942805 0.95463 1.08535
1.03681 0.863371 1.08856 0.938573 0.957181 1.08493
0.959191 0.930515 1.04365 0.947121 0.961789 1.06583
0.947135 0.967969 1.00973 0.962752 0.965383 1.04078
1.01014 1.04342 0.962089 0.93434 0.959731 1.08451
1.03883 1.01139 0.976495 0.973717 0.957999 1.03086
1.03235 0.956779 1.0413 0.966388 0.959882 1.05966
end
gesture a02 hands 2
1.01983 0.767257 1.21764 0.964191 0.938396 1.02841
1.06389 0.846158 1.1079 0.945732 0.9532 1.04576
1.03524 0.881455 1.07603 0.955688 0.943284 1.00018
0.958273 0.939955 1.03999 0.928675 0.95626 1.10964
0.990829 1.0206 0.975581 0.928546 0.957893 1.08258
1.03017 0.959646 1.03675 0.913461 0.965161 1.10818
1.02828 0.881016 1.11821 0.928417 0.959526 1.05553
1.02445 0.831712 1.1471 0.959739 0.949771 1.0289
end
gesture a02 hands 2
0.965778 0.693187 1.28452 0.926388 0.951405 1.01335
1.09607 0.746967 1.25799 0.958645 0.936718 1.01038
0.97998 0.876473 1.1528 0.966169 0.952434 1.02733
1.05513 0.963841 1.04974 0.965797 0.964379 1.0175
1.03664 0.988657 1.00778 0.973263 0.974202 1.04824
0.915341 1.03503 0.954458 0.97284 0.980159 1.05214
1.05859 0.989284 0.987368 0.972948 0.99204 1.02462
1.05477 0.932954 1.04752 0.972833 0.980254 1.0522
end
gesture a02 hands 2
1.02463 0.765787 1.25182 0.974218 0.955072 1.04597
1.02924 0.752851 1.28233 0.947853 0.955705 1.03197
1.08387 0.791735 1.1964 0.987429 0.942731 1.04517
0.973865 0.916255 1.09228 0.972407 0.971361 1.01471
1.03587 0.962979 1.01718 0.969483 0.97375 1.03866
0.901658 1.0336 0.968785 0.967478 0.980756 1.00471
0.934774 1.04903 0.932572 0.966559 0.976139 1.0626
1.04731 0.947246 1.05608 0.967399 0.980905 1.00456
end
gesture a02 hands 2
1.02782 0.708088 1.2869 0.985713 0.961755 1.00358
1.03878 0.946839 1.02183 0.960289 0.956669 0.989027
0.945562 0.999308 1.00516 0.959559 0.968659 1.04003
1.03223 1.0528 0.935357 0.965452 0.980195 1.06278
0.902114 1.08508 0.93139 0.993336 0.980513 1.01278
0.99814 1.09399 0.904751 0.969078 0.973645 1.06543
1.03592 0.981282 1.01515 0.983243 0.991998 1.01142
1.03492 0.963799 1.03455 0.975934 0.967748 1.03828
end
gesture a02 hands 2
0.853014 0.632643 1.32691 0.968482 0.974865 1.0373
1.0227 0.737423 1.28369 0.992109 0.956804 1.03899
0.939583 0.824276 1.18745 0.957291 1.00293 1.03125
1.01054 0.897841 1.1565 1.00215 0.947792 1.01053
0.970204 1.00234 1.03081 0.975561 0.96851 1.03364
1.09674 1.11552 0.94229 0.970833 0.972545 1.03616
1.06633 0.949935 1.00994 1.02393 0.931174 0.989985
1.05517 0.932732 1.02465 0.970758 0.972609 1.0362
end
gesture a02 hands 2
0.89319 0.605803 1.35254 0.968189 0.954154 1.04253
1.05588 0.683394 1.3092 0.963939 0.973851 1.0383
1.00407 0.823969 1.17854 0.991519 0.943935 1.02719
1.03029 0.945139 1.08898 0.95969 0.993549 1.03407
0.958293 1.00864 1.03318 0.964926 0.998062 1.02568
1.05517 1.07268 0.940488 0.992163 0.947144 1.01647
1.03603 0.898432 1.04524 0.970096 0.98402 1.02878
1.02767 0.881394 1.06371 0.967307 0.975584 1.04074
end
gesture a02 hands 2
0.923951 0.622394 1.35342 0.973803 0.963976 1.02119
1.03883 0.7105 1.24179 0.969088 0.961433 1.05058
1.00042 0.834067 1.1497 0.975472 0.968075 1.02897
0.957867 1.02316 1.01046 0.975201 0.944051 1.04145
1.03505 1.11148 0.90031 0.972795 0.956202 1.03549
1.04572 1.05596 0.907219 0.975224 0.942511 1.04276
1.015 0.893132 1.04634 0.970388 0.968354 1.02952
1.00105 0.8543 1.08711 0.975227 0.942291 1.04294
end
gesture a02 hands 2
0.955356 0.580198 1.3078 0.985153 1.0226 0.989021
1.08922 0.739296 1.15268 1.00406 0.995174 1.08572
1.00852 0.874061 1.06017 0.976918 0.99903 1.00043
1.10501 0.92529 1.04672 1.008 0.998552 1.04607
0.977874 1.05816 0.936533 0.977465 1.01573 0.999693
1.07628 1.13098 0.902992 0.989368 0.969818 1.06037
0.921178 1.05422 0.938387 0.976644 0.913999 0.992068
0.941695 0.890413 1.08637 1.01997 0.960688 0.969413
end
gesture a02 hands 2
0.981275 0.53329 1.34298 0.964423 0.913723 1.0351
1.12367 0.73201 1.14245 0.861916 0.927682 1.03669
1.02407 0.855777 1.09689 0.931681 0.971936 1.07085
1.15512 0.974313 1.02395 0.899157 0.921995 1.10528
0.993753 1.08217 0.965207 0.899003 0.906164 1.04162
1.1312 1.12645 0.929508 0.919352 1.00077 1.03443
1.09462 1.17444 0.875213 1.03214 1.08958 0.940631
0.896153 0.947083 1.02379 1.11987 1.04718 0.979781
end
gesture a02 hands 2
0.54255 0.509785 1.2654 1.32545 0.960406 1.11986
0.661598 0.729808 1.17704 1.33325 0.944021 1.10864
0.689669 0.763793 1.1495 1.39038 0.981148 1.02272
0.866728 0.847918 1.11662 0.864361 0.958872 1.02284
0.794952 0.969183 1.04689 0.932168 0.983133 1.03788
0.989913 1.01196 1.01883 0.861936 0.960258 1.02055
0.835875 1.07325 1.00397 0.909202 0.980322 1.07192
0.884038 0.962018 0.956168 0.901585 0.987222 1.00314
end
gesture a02 hands 2
0.930097 0.791682 1.1884 0.961384 0.971627 1.00437
1.09583 0.844028 1.26564 0.975775 0.968635 1.05428
1.13952 0.870432 1.25289 0.954298 0.972426 1.01734
1.02458 0.922291 1.11133 0.966334 0.97038 1.04676
1.06694 0.968235 1.04318 0.959495 0.979109 1.02355
1.19752 1.01261 1.06254 0.960794 0.98078 1.0251
1.0181 1.05932 0.964782 0.974905 0.963878 1.07204
0.969692 0.945887 1.0308 0.961227 0.981337 1.02562
end
gesture a02 hands 2
0.950144 0.78489 1.29072 0.975867 0.973487 1.02379
1.10362 0.845608 1.20561 0.962404 0.974964 1.05016
1.09653 0.898663 1.11885 0.974294 0.955689 1.05637
1.03856 0.981969 1.00853 0.969196 0.971544 1.04386
1.14279 1.01233 1.0455 0.97984 0.949629 1.06366
1.14194 1.01632 1.00333 0.969645 0.981338 1.03864
0.982435 1.01236 1.00225 0.96316 0.968579 1.051
0.994828 0.850118 1.1606 0.962951 0.968167 1.0514
end
gesture a02 hands 2
0.945452 0.764969 1.27882 0.954239 0.979482 1.07058
1.09793 0.834125 1.2208 0.945678 0.975418 1.04212
1.00351 0.902007 1.12617 0.971961 0.964433 1.04427
1.10155 0.975903 1.07362 0.94913 0.963109 1.04195
1.12135 0.996588 1.02787 0.965251 0.958096 1.04416
0.96935 1.01393 0.989577 0.946072 0.962932 1.04163
0.952248 0.966447 0.997501 0.981373 0.953083 1.04638
0.998038 0.881264 1.13367 0.945868 0.96292 1.04161
end
gesture a02 hands 2
1.00025 0.62111 1.36371 0.976543 0.971072 1.03503
1.02438 0.640661 1.28677 0.957153 0.965127 1.06052
0.975757 0.80252 1.1594 0.947609 0.962334 1.04463
0.98484 0.917192 1.07042 0.945503 0.962898 1.04237
0.92917 1.00242 1.02375 0.951887 0.96654 1.05487
0.961936 1.03667 0.994374 0.944976 0.96304 1.04181
1.01096 1.02928 0.982752 0.958272 0.970181 1.06736
1.0231 0.943289 1.04552 0.944801 0.963087 1.04162
end
gesture a02 hands 2
0.998641 0.560128 1.4619 0.946485 0.956759 1.05135
1.00653 0.658363 1.2993 0.954926 0.964205 1.0417
0.968369 0.740636 1.24566 0.950126 0.960502 1.04258
1.00053 0.818677 1.17634 0.957657 0.967013 1.03512
0.999989 0.858736 1.13941 0.952857 0.96331 1.036
0.935545 0.935444 1.09325 0.95354 0.964012 1.03436
0.98951 0.975302 1.03294 0.963368 0.971651 1.03205
1.02015 0.889181 1.09035 0.953767 0.964246 1.03381
end
gesture a02 hands 2
0.995402 0.495665 1.50801 0.946244 0.960379 1.03376
1.02229 0.507589 1.42821 0.947328 0.952634 1.06239
1.0334 0.583598 1.3467 0.96424 0.962169 1.06991
0.990092 0.709223 1.25511 0.948767 0.958561 1.07998
1.01884 0.790629 1.18645 0.955118 0.949074 1.08168
0.937055 0.915309 1.11441 0.95414 0.947671 1.08294
0.969267 0.936915 1.08297 0.941113 0.966177 1.07997
0.998716 0.898241 1.09029 0.953815 0.947203 1.08336
end
gesture a03 hands 2
0.940637 0.743649 1.1719 0.920653 0.969585 1.10773
1.01321 0.748617 1.17519 0.995486 0.994862 0.988574
1.09015 0.819541 1.16791 0.924829 0.932711 1.03184
1.08793 0.998512 1.15424 0.888514 0.937964 1.01758
0.963821 0.948734 0.983901 0.953291 0.956398 0.989181
0.939611 0.906656 0.957034 0.917759 0.95915 0.970786
0.984331 0.757574 1.12374 0.974883 0.962542 0.979715
0.999811 0.730807 1.1743 0.995295 0.979017 1.09572
end
gesture a03 hands 2
0.946817 0.700017 1.21139 0.954966 0.981357 1.12775
1.02461 0.73052 1.21091 1.02931 1.00207 1.00446
1.07292 0.815175 1.23061 1.0113 0.988198 0.953363
1.07544 0.911145 1.23303 0.958632 0.973485 0.946375
1.06576 0.944782 1.2024 0.909954 0.910312 1.0212
0.943828 0.893524 0.970262 0.958386 0.960302 1.03732
0.968786 0.750372 1.13152 0.955515 0.952191 1.00208
0.968631 0.735051 1.15627 0.960446 0.977535 1.12927
end
gesture a03 hands 2
0.911036 0.63507 1.19886 0.950641 0.961432 1.04759
1.03012 0.755321 1.20937 0.976907 0.97172 1.0889
1.03465 0.853617 1.22156 1.00581 0.970477 1.03736
1.02326 0.885921 1.19051 0.977419 0.972163 0.965571
0.928736 0.882547 0.998974 0.943311 0.947987 0.982401
0.950507 0.849758 0.966341 0.954757 0.965501 0.949446
0.977236 0.790499 1.05552 0.907303 0.930993 1.03798
0.976556 0.777847 1.07942 0.959884 0.97335 1.12385
end
gesture a03 hands 2
0.941394 0.670353 1.29803 0.96972 0.887068 1.20693
0.996941 0.689779 1.27839 0.974717 0.941597 1.13924
1.05496 0.781802 1.28217 1.00081 0.956572 1.02646
1.05988 0.838615 1.27958 1.03469 0.988572 0.982714
1.05545 0.882847 1.25511 0.9421 0.935907 0.999452
0.980819 0.939008 1.05783 0.898712 1.00411 0.94661
0.960588 0.918914 1.01467 0.861293 1.04755 0.958641
0.956635 0.87066 1.04279 0.870094 1.06307 0.982651
end
gesture a03 hands 2
0.985173 0.811752 1.18505 0.886931 1.03343 1.01916
1.00736 0.807162 1.24992 0.955295 0.922511 1.17421
0.879581 0.699243 1.24515 0.991686 0.900482 1.14856
0.941633 0.786574 1.26713 1.08185 0.991218 1.00609
0.940607 0.908461 1.19443 0.992916 0.972821 0.942784
0.92641 0.946646 1.05406 0.996637 0.927119 0.992745
0.933297 0.942783 1.00035 0.881569 1.04383 0.948977
0.958121 0.865975 1.05395 0.907808 1.02632 1.01439
end
gesture a03 hands 2
0.973271 0.777835 1.19347 0.997462 0.959153 1.07932
0.987371 0.771116 1.20508 1.07216 0.919557 1.09838
0.965855 0.778686 1.25961 1.10619 0.95613 0.994948
1.01716 0.959902 1.23527 1.01277 0.989076 0.926237
0.973355 1.0119 1.03704 0.951309 0.927678 0.981006
0.971679 1.00295 0.985111 0.79185 1.07451 0.968634
0.975435 0.836509 1.11676 0.86682 1.05477 1.02365
0.941996 0.791425 1.17325 0.985009 0.89787 1.13786
end
gesture a03 hands 2
1.03137 0.79088 1.21122 0.966868 0.965069 1.0115
1.07035 0.840223 1.15617 0.955438 0.980872 0.948398
1.08777 0.947447 1.13867 0.94431 0.985623 0.911816
1.09037 0.99688 1.12006 0.940564 0.974836 1.028
1.06352 1.0017 1.0728 0.993579 0.970149 1.12063
0.89486 0.924565 0.961586 0.965547 0.952852 1.12836
0.92804 0.884137 0.986096 0.937515 0.935554 1.13609
0.957209 0.846145 1.05811 0.91732 0.957912 0.995378
end
gesture a03 hands 2
1.08051 0.705478 1.31341 0.890486 0.961137 0.836595
1.05572 0.756711 1.25269 0.888913 0.957983 1.02794
1.09638 0.776808 1.21852 1.03562 0.98052 1.19843
1.12605 0.93255 1.17515 1.01885 0.953491 1.21031
1.08614 0.967048 1.10279 1.03583 0.962106 1.24192
0.898988 0.906647 1.01106 1.00207 0.926462 1.2222
0.915862 0.905866 0.963493 0.963249 0.924667 1.17941
0.984021 0.857421 1.03066 0.94352 0.928584 1.09759
end
gesture a03 hands 2
1.05441 0.735744 1.30803 0.959494 0.977047 0.925554
1.08623 0.778347 1.24309 0.910284 0.917621 1.00732
1.11051 0.871096 1.20973 1.03295 0.978755 1.18421
1.104 0.968403 1.15871 1.06088 0.986001 1.23578
0.936904 0.930452 1.03841 1.02837 0.970454 1.25094
0.892712 0.942799 0.941304 0.957751 0.962857 1.16493
0.939502 0.956586 0.916186 0.95153 0.962416 1.04993
0.996956 0.902849 1.02077 0.952363 0.969242 1.02128
end
gesture a03 hands 2
1.10562 0.723181 1.17455 0.902916 0.925723 1.03703
1.10579 0.719531 1.20397 0.879632 0.918019 1.05417
1.09071 0.751231 1.15594 1.03873 1.01179 0.92315
1.07582 0.84362 1.10791 1.04064 0.999024 0.91573
1.071 0.943008 1.12839 0.947933 0.967336 0.977972
1.05784 0.987087 1.10526 0.931517 0.951991 1.02977
0.895462 0.923312 0.963898 0.934697 0.92792 1.14039
0.902103 0.865078 0.979459 0.883767 0.929178 1.07233
end
gesture a03 hands 2
1.09312 0.785869 1.12827 0.828413 0.91431 1.00774
0.976525 0.878106 0.999933 0.895274 0.903449 1.00084
1.06197 0.922719 1.04107 0.947818 0.941841 0.915449
1.07696 1.01536 1.08945 1.11649 1.07424 0.939239
1.06891 1.0732 1.09116 1.13933 1.12668 0.934801
1.03327 1.06642 1.05407 1.02736 1.02097 1.03465
0.896236 0.924891 0.968236 0.998821 0.986962 1.06533
0.913953 0.826241 1.02654 0.841636 0.886887 1.06083
end
gesture a03 hands 2
0.87006 0.81552 0.997965 0.988633 0.969123 0.980226
0.865081 0.826232 0.970397 0.98055 0.958895 1.06733
0.905778 0.823443 1.00798 0.925547 0.976588 0.967081
1.00004 0.972151 1.0773 0.909905 1.01084 0.921746
0.86779 0.933407 0.951277 0.966224 0.942636 1.12883
0.845391 0.895137 0.929675 0.943264 0.914164 1.11068
0.96598 0.821716 1.02637 0.941211 0.955232 1.00248
1.00708 0.80029 1.05927 0.947816 0.96241 0.9744
end
gesture a03 hands 2
1.01184 0.729859 1.16561 0.996312 0.974901 1.01631
1.04208 0.811741 1.05175 0.98472 0.99572 1.02281
1.03941 1.01866 1.03142 0.985108 0.964244 1.01735
0.969115 1.21906 0.889841 0.98423 1.00396 1.0416
0.897335 1.14324 0.853205 0.987749 0.9716 1.0366
0.934654 1.08767 0.814089 0.947217 0.975972 0.997204
0.994848 0.769944 1.11868 1.00286 0.966226 1.01556
1.00489 0.7526 1.13998 0.975727 0.967367 1.00308
end
gesture a03 hands 2
0.987944 0.616037 1.31494 0.980649 0.923318 1.04197
1.04665 0.746612 1.23078 0.967972 0.940902 1.03137
0.997069 0.832353 1.10868 0.972645 0.929471 1.06989
0.995533 0.932855 1.09119 0.947712 0.977337 1.03501
0.975743 0.949603 1.04304 0.926747 0.992039 0.982031
0.900679 0.91581 0.960416 0.949035 0.958426 1.08145
0.912089 0.866621 0.954758 0.9765 0.972108 1.03171
0.941484 0.807687 1.04001 0.978013 0.951381 1.05306
end
gesture a03 hands 2
1.02638 0.615266 1.29495 0.948287 0.943593 1.02452
1.02128 0.975235 1.08417 0.977467 0.948813 1.02065
0.96218 0.982694 0.991168 0.960571 1.00203 1.02862
0.968823 1.09004 0.984431 0.986245 0.989391 1.01721
0.926379 1.04396 0.896595 0.990524 0.987284 1.01531
0.957756 1.14412 0.887059 0.962499 1.00015 1.0577
0.941538 0.979798 0.887474 0.994803 0.985178 1.01341
0.978277 0.828326 1.03731 0.961086 0.952233 1.00463
end
gesture a03 hands 2
0.978968 0.558618 1.31263 0.965255 0.92803 1.05536
1.03392 0.698265 1.20664 0.967762 0.996607 1.04521
1.0314 0.802912 1.21725 0.96553 0.967045 1.04288
1.02343 0.845992 1.18559 0.9568 0.965348 1.03752
0.961924 0.956321 1.0234 0.958408 0.99479 1.03947
0.968369 0.971507 0.973188 0.955865 0.965167 1.03695
0.982045 0.919913 0.964064 0.960016 1.02423 1.04141
0.98841 0.834285 1.03339 0.955553 0.965106 1.03676
end
gesture a03 hands 2
0.989287 0.540314 1.2798 0.958427 0.944972 1.04516
1.02542 0.589551 1.2261 0.963161 0.958605 1.03048
1.02985 0.803135 1.21455 0.958655 0.971077 1.04366
0.992239 0.894036 1.09312 0.963177 0.96047 1.03038
0.967474 0.977156 1.02626 0.958679 0.973874 1.0435
0.953819 1.0046 0.978374 0.9677 0.949863 1.01709
0.960204 0.949242 0.973733 0.968309 0.977115 1.06155
0.968461 0.860191 1.04027 0.959817 0.942397 1.05169
end
gesture a03 hands 2
1.00546 0.532952 1.3734 0.962877 0.942212 1.04198
1.04722 0.659714 1.27005 0.967548 0.945628 1.02823
1.045 0.764093 1.26936 0.958646 0.956774 1.04698
1.02425 0.843434 1.2073 0.97222 0.949044 1.01448
0.970772 0.964134 1.04213 0.954414 0.971336 1.05198
0.957836 0.991875 0.996775 0.96366 0.964289 1.05178
0.967074 0.91268 0.975518 0.964188 0.978669 1.04848
0.976688 0.829221 1.05161 0.95892 0.949694 1.05315
end
gesture a03 hands 2
0.990876 0.648427 1.32831 0.971097 0.967606 1.0202
0.988417 0.649611 1.24514 0.944872 0.975389 1.00847
0.994312 0.734046 1.17517 0.945479 0.955216 1.08104
0.988342 0.848733 1.16429 0.961984 0.953933 1.08688
0.986797 0.896854 1.14356 0.950616 0.936033 1.1342
0.944793 0.837419 0.993981 0.950287 0.955945 1.0923
0.946736 0.785277 0.981597 0.948921 0.953045 1.13547
0.960241 0.756743 1.02822 0.97437 0.95767 1.02411
end
gesture a03 hands 2
0.973863 0.695954 1.26441 0.984342 0.946362 1.04032
0.953367 0.681477 1.28045 0.947923 0.974164 1.02319
0.958461 0.692313 1.22305 0.947998 0.961934 1.02785
0.969506 0.888403 1.14086 0.944037 0.942234 1.06697
0.968352 0.932227 1.12114 0.985493 0.960475 1.11612
0.953637 0.788268 1.04807 0.958953 0.956744 1.09216
0.985435 0.775548 1.00049 0.933315 0.943387 1.1391
0.989876 0.734634 1.07731 0.959787 0.976304 0.978919
end
gesture a03 hands 2
0.926575 0.631468 1.31883 0.9561 0.958575 1.01076
0.948289 0.66399 1.24213 0.96663 0.939871 1.10792
0.961297 0.861642 1.19077 0.957537 0.944323 1.10546
0.959715 0.886021 1.15261 0.954387 0.96272 1.06312
0.953222 0.850908 1.1104 0.951416 0.955747 1.08306
0.95509 0.753052 1.07661 0.951326 0.968433 1.05192
0.974327 0.826637 0.993533 0.948444 0.948774 1.103
0.981498 0.786449 1.0379 0.9638 0.952816 1.02136
end
gesture a03 hands 2
0.961807 0.558292 1.35929 0.956076 0.952932 1.04764
0.988964 0.687734 1.25184 0.947663 0.967339 1.07248
0.98565 0.777733 1.2188 0.952768 0.963654 1.05359
0.979712 0.77621 1.16139 0.957235 0.96043 1.03706
0.969974 0.908753 1.11184 0.953778 0.962529 1.05008
0.964785 0.859334 1.02815 0.957793 0.960027 1.03499
0.96976 0.913204 0.940635 0.950322 0.964629 1.0631
0.979468 0.829827 0.9913 0.957873 0.959969 1.0347
end
gesture a03 hands 2
0.96682 0.644627 1.27324 0.961322 0.962615 1.03095
0.970523 0.643759 1.18804 0.958714 0.974236 1.07325
0.98851 0.728591 1.12919 0.963866 0.982222 1.04796
0.984652 0.882252 1.11014 0.963801 0.982513 1.04901
0.981682 0.914708 1.00783 0.958562 0.974914 1.07572
0.980457 1.06453 0.971434 0.969018 0.990209 1.02266
0.966117 0.968607 0.938343 0.963983 0.978553 1.08344
0.97153 0.80525 1.09708 0.971171 0.965434 1.02788
end
gesture a03 hands 2
0.965576 0.559812 1.33135 0.957692 0.963612 1.02207
0.988006 0.676661 1.2206 0.971093 0.98064 1.12369
0.981529 0.780653 1.21844 0.96391 0.972661 1.09267
0.978804 0.809304 1.17019 0.962118 0.969506 1.0912
0.933965 0.768405 1.02082 0.971109 0.975995 1.1488
1.01362 0.766004 0.98461 0.952206 0.959215 1.04304
1.00919 0.911031 0.988994 0.954495 0.973354 0.992742
0.98659 0.813542 1.02297 0.934015 0.967582 1.09768
end
gesture a03 hands 2
1.06419 0.565483 1.39535 0.957945 0.975996 1.03181
1.05884 0.639842 1.27874 0.955617 0.969457 1.00289
1.04894 0.754744 1.26356 0.957843 1.01253 1.04207
1.00871 0.822887 1.12887 0.958179 1.0011 1.03504
0.989848 0.979091 1.11549 0.962284 0.962173 1.06951
0.978872 0.978361 1.06161 0.976745 0.949833 1.03416
0.95404 0.884305 0.917764 0.958515 0.989682 1.028
0.976551 0.747007 1.00766 0.971277 0.951568 1.06197
end
gesture a03 hands 2
1.0283 0.556952 1.306 0.95666 0.950323 1.06962
1.03426 0.55833 1.2778 0.959981 0.976913 1.034
1.02362 0.742154 1.20287 0.958996 0.977947 1.05061
1.01642 0.78513 1.1748 0.960003 0.990935 1.04053
0.981799 0.863982 1.03992 0.962888 0.969876 1.05059
0.963414 1.00061 1.02554 0.964901 0.995853 1.03042
0.954825 0.949254 0.92005 0.970671 0.953734 1.05053
0.97696 0.84063 0.977723 0.963728 0.958118 1.07938
end
gesture a03 hands 2
1.01093 0.624074 1.32146 0.947801 0.959728 1.06806
1.02378 0.644551 1.18973 0.961247 0.988817 1.03895
1.00963 0.788494 1.158 0.97461 0.962151 1.04014
0.982089 0.875316 1.02514 0.964271 0.991964 1.03691
0.972706 0.973624 1.03622 0.967907 0.966413 1.03328
0.966482 1.00697 1.00054 0.958401 1.01894 1.03825
0.972901 0.945808 0.907664 0.981865 0.942762 1.05445
0.987966 0.843246 0.99231 0.956337 0.944821 1.08097
end
gesture a05 hands 2
1.00111 0.738733 1.23425 0.944198 0.915344 1.08156
1.01675 0.906037 1.15443 1.03052 1.08339 0.942319
0.978777 1.03424 1.00293 0.965386 1.11602 0.964965
0.969581 1.05458 0.952982 0.940652 1.06284 0.961427
0.970282 1.01114 0.932458 0.941974 0.978827 1.04275
1.00103 0.867591 1.09777 0.942227 0.951602 1.0949
0.996409 0.823844 1.1361 0.964637 0.944416 1.04194
0.996598 0.802205 1.15519 0.96285 0.929954 1.07427
end
gesture a05 hands 2
1.00705 0.7064 1.23717 0.95808 0.942936 1.05596
0.973247 1.00233 0.948351 1.0553 1.0846 0.906969
0.978002 0.955477 0.971337 1.00985 1.14671 0.948565
0.999288 0.714529 1.25438 0.960995 0.996885 1.03445
1.00139 1.0016 1.04641 1.00848 0.973084 0.986006
0.997558 0.990108 0.978625 0.9593 0.959557 1.08085
1.00816 0.82659 1.14026 0.976592 0.962964 1.01132
1.00339 0.805078 1.15971 0.979685 0.95419 1.02964
end
gesture a05 hands 2
0.970763 0.656113 1.31541 0.962098 0.950605 1.04938
0.984524 0.819817 1.22741 0.984672 0.947583 1.03022
0.974297 0.918552 1.12457 0.961119 0.960893 1.08717
0.963022 0.966393 1.03054 0.957708 1.00758 1.11985
0.969402 0.915568 1.03821 0.952851 0.983725 1.07705
1.00455 0.811679 1.16254 0.958013 0.957486 1.09235
0.938754 0.723545 1.19349 0.962614 0.96049 1.00034
0.94059 0.680992 1.22906 0.950014 0.953973 1.01214
end
gesture a05 hands 2
0.956241 0.773678 1.24866 0.933792 0.902381 1.19499
1.06018 0.882971 1.17644 1.00827 0.982382 1.04491
1.09225 0.977372 1.1352 1.0428 1.03011 0.946835
1.0263 1.09712 0.970551 0.987021 1.03057 0.862885
1.01133 1.10706 0.921076 0.913578 0.958936 0.915679
1.00844 1.0452 0.946102 0.938968 0.97939 0.998874
1.00816 1.06379 0.896378 0.947858 0.943246 1.10961
1.01202 0.890396 1.11137 0.99742 0.94662 1.14687
end
gesture a05 hands 2
1.0287 0.773734 1.29445 1.01659 0.91943 1.16201
0.994845 0.739546 1.26759 1.01157 0.944043 1.13147
1.00537 0.833008 1.22448 1.04547 1.02561 0.937493
1.03201 0.820549 1.24825 0.995855 1.00256 0.91663
1.03137 0.914718 1.20305 0.907319 0.948728 0.947048
0.974711 1.02429 1.02021 0.887879 0.948799 0.933907
0.992754 0.967606 0.967902 0.901071 0.99707 1.02663
0.990227 0.822483 1.14102 0.959808 0.92912 1.17364
end
gesture a05 hands 2
0.979415 0.736058 1.15438 0.967762 0.803807 1.16479
1.04652 0.876925 1.13195 0.99747 0.797333 1.15632
1.05132 0.835745 1.13813 1.02917 0.886373 0.967886
1.07714 0.959653 1.0862 1.01472 0.929082 0.850737
0.999192 1.14873 1.01336 0.98909 1.14759 0.8879
1.00902 1.06285 0.954947 0.939874 1.04634 1.055
0.964007 1.03552 0.964589 0.930929 0.943592 1.09924
0.925867 0.860079 1.05463 0.920356 0.922823 1.1173
end
gesture a05 hands 2
1.08091 0.544624 1.40858 0.928692 0.971301 1.01232
1.09636 0.581959 1.34259 0.902483 1.00357 0.93698
1.09877 0.690001 1.3157 0.869111 1.03324 0.950866
1.08508 0.729852 1.2839 0.848321 1.01414 0.982569
1.00822 0.86176 1.13052 1.01305 0.933204 1.12076
0.980721 0.946456 1.06955 1.00194 0.928172 1.15188
1.01909 0.938164 1.07385 0.9686 0.95423 1.1122
1.034 0.870876 1.12811 0.934439 0.977121 1.0043
end
gesture a05 hands 2
1.06329 0.599931 1.39769 0.970455 0.98532 0.986656
1.09997 0.624415 1.32575 0.928193 1.01119 0.966427
1.12348 0.723794 1.28683 0.897598 1.00882 1.00911
1.11117 0.764365 1.2545 1.0036 0.946687 1.12551
1.02057 0.890312 1.11106 0.983151 0.935675 1.16755
0.997996 0.958972 1.03444 0.928152 0.948146 1.11406
1.03005 0.929579 1.03006 0.945864 0.95977 1.00447
1.05406 0.805427 1.17861 0.988285 0.970321 1.00546
end
gesture a05 hands 2
1.07249 0.578375 1.46449 0.986888 0.955167 0.910781
1.13458 0.608641 1.41585 0.910729 0.928512 0.904528
1.14484 0.693196 1.35497 0.909069 0.956724 0.954078
1.0517 0.812949 1.22025 0.955551 0.95707 1.11199
1.01726 0.880629 1.15248 0.971798 0.961713 1.16834
1.03973 0.894309 1.11099 0.956904 0.965092 1.1715
1.06286 0.848039 1.13337 0.932717 0.969885 1.11772
1.06318 0.77255 1.21347 0.963029 0.971192 0.920612
end
gesture a05 hands 2
1.06856 0.550797 1.35215 0.939006 0.938108 0.962985
1.04192 0.616736 1.31177 0.929276 0.963901 0.951511
1.01641 0.712618 1.25894 0.945984 0.957655 1.0669
1.00914 0.754409 1.22999 0.950017 0.957178 1.12602
0.968443 0.914595 1.09223 0.945069 0.954043 1.10724
0.958318 0.956032 1.05802 0.922313 0.951568 1.14093
0.95416 0.944724 1.03798 0.940122 0.950908 1.08846
0.975539 0.877172 1.08863 0.967887 0.938556 1.06387
end
gesture a05 hands 2
1.05334 0.69149 1.26269 0.944277 0.942505 1.01836
1.04623 0.705963 1.23759 0.972174 0.94844 1.00966
1.02967 0.751123 1.2077 0.955045 0.992573 1.02018
1.00218 0.848485 1.15161 0.976148 0.974578 1.0585
0.983134 0.937468 1.08228 0.962195 0.970911 1.05916
0.927881 1.09222 0.935444 0.962515 0.962282 1.11468
0.923635 1.08482 0.926298 0.948243 0.967243 1.05982
0.940305 1.04197 0.957021 0.958449 0.960502 1.08687
end
gesture a05 hands 2
1.06865 0.723725 1.30539 0.925371 0.945686 1.02795
1.05748 0.725372 1.27776 0.96658 0.946946 1.00101
1.03175 0.742011 1.22893 0.94235 0.953527 1.013
1.01343 0.81925 1.14558 0.957858 0.980972 1.01958
0.985158 0.916839 1.09482 0.956522 0.991748 0.991311
0.932616 1.07475 0.940433 0.952304 0.96912 1.10648
0.955765 0.992691 1.00667 0.962272 0.953749 1.16275
0.960858 0.968745 1.02153 0.949565 0.945131 1.04752
end
gesture a05 hands 2
1.0935 0.487248 1.37113 1.00624 0.958925 0.986334
1.02572 0.843472 1.12932 0.978414 0.988877 1.03058
0.987405 1.02848 1.11241 0.996482 0.964585 1.07463
0.963231 1.09587 0.964139 0.967682 0.998498 1.04115
0.954744 1.13219 1.07327 0.979105 0.981735 1.09656
0.920289 1.16354 0.935703 0.950292 1.00464 1.05374
0.941962 1.10534 0.87866 0.989529 0.975608 1.07394
0.9799 0.934105 0.993752 0.955431 0.956895 0.975277
end
gesture a05 hands 2
1.06931 0.493405 1.34462 0.971717 0.944509 1.02194
1.06579 0.520665 1.32794 0.975314 1.00475 1.0345
1.01537 0.855858 1.19257 0.99678 0.975824 1.07999
0.990522 1.06173 1.11657 0.97543 1.00611 1.03394
0.944582 1.15094 0.986392 0.968923 0.986612 1.02015
0.946521 1.1919 1.08177 0.988958 0.977582 1.07396
0.948512 1.07665 0.888889 0.975279 0.958107 0.97278
0.983849 0.851715 1.05277 0.938488 0.964874 0.979341
end
gesture a05 hands 2
1.03213 0.614507 1.31877 0.971547 0.933417 1.03343
1.01052 0.786736 1.22412 0.961431 0.961498 1.04432
1.00366 0.826661 1.19369 0.96441 0.959075 1.01986
0.96878 0.968905 1.03943 0.955759 0.975225 1.04854
0.963269 1.01288 1.00562 0.959502 0.96117 1.04554
0.967278 1.0612 1.01132 0.958976 0.961395 1.0483
0.971487 1.02306 1.0545 0.951315 0.98958 1.05521
1.00199 0.858315 1.17027 0.9588 0.961469 1.04921
end
gesture a05 hands 2
1.01631 0.635274 1.30578 0.963811 0.966243 1.04086
1.00898 0.801692 1.21434 0.959522 0.965358 1.04004
1.00184 0.835744 1.18205 0.956529 0.977296 1.04836
0.976271 0.942853 1.07296 0.959216 0.965295 1.03998
0.972618 1.04041 1.03135 0.956376 0.977264 1.04833
0.983827 0.985237 1.04233 0.958986 0.965247 1.03994
0.99879 0.890799 1.10374 0.953536 0.989234 1.05668
1.00312 0.843413 1.13958 0.958909 0.965231 1.03993
end
gesture a05 hands 2
1.01734 0.682538 1.22808 0.959749 0.954046 1.05561
1.02163 0.668245 1.25371 0.965595 0.953834 1.04194
1.03104 0.707734 1.21199 0.969924 0.956338 1.04067
0.97582 1.00162 1.00644 0.978827 0.958344 1.0276
0.950982 1.10002 0.956922 0.975134 0.955983 1.02794
0.960122 1.09027 0.997937 0.980019 0.958613 1.02585
0.97802 0.991424 1.0536 0.971441 0.953622 1.02828
1.01043 0.801148 1.17946 0.980098 0.958631 1.02574
end
gesture a05 hands 2
0.994463 0.671419 1.2718 0.985989 0.959784 1.01106
1.0248 0.697558 1.18907 0.919835 0.917359 1.02218
1.01647 0.748634 1.17195 0.974716 0.964223 1.03159
0.987374 0.953595 1.10073 0.946585 1.0128 1.07095
0.959174 1.08984 0.956021 0.968864 0.98771 1.1002
0.948701 1.08453 0.951983 0.949364 0.978384 1.10183
0.977731 0.99271 1.01153 0.960654 0.946734 1.03509
0.996569 0.826655 1.16264 0.997061 0.971511 1.04069
end
gesture a05 hands 2
1.0367 0.60237 1.35862 0.979647 0.963267 1.0592
1.00788 0.722406 1.21259 0.938655 0.981948 1.01612
0.9919 0.923152 1.1399 0.945674 0.968944 1.06942
0.97906 0.990571 1.05957 0.946222 0.997171 1.06762
0.95535 0.960066 0.979262 0.949872 0.951522 1.07785
0.9633 0.913303 0.999837 0.946731 0.96035 1.11269
0.972963 0.839814 1.08554 0.923849 0.924003 1.07867
0.975801 0.821975 1.10788 0.958551 0.961647 1.02787
end
gesture a05 hands 2
0.994688 0.654739 1.34335 0.989364 0.967606 1.05275
1.00268 0.682611 1.27646 0.972375 0.966936 1.00283
1.00269 0.788015 1.23655 0.94487 1.02578 1.05267
0.99704 0.84485 1.22545 0.947614 0.988013 1.09357
0.987783 0.96884 1.1401 0.930802 0.919568 1.04251
0.97027 1.02627 1.05379 0.983824 0.927113 1.03991
0.96303 1.01257 1.00199 0.929548 0.904568 1.0375
0.984131 0.849936 1.06298 0.975548 0.935661 1.03544
end
gesture a05 hands 2
0.999846 0.556552 1.33658 0.932583 0.95103 1.05668
0.988296 0.569182 1.31211 0.930036 0.968235 1.03266
0.986976 0.605714 1.2691 0.948594 0.957579 1.02716
0.993556 0.654508 1.23601 0.964 0.940878 1.14039
0.984102 0.817155 1.21812 0.963173 0.929092 1.12836
0.972509 0.891911 1.15023 0.947889 0.95124 1.10296
0.963251 0.961078 1.06122 0.962347 0.917306 1.11633
0.964009 0.949647 1.0404 0.942519 0.954694 1.09048
end
gesture a05 hands 2
0.959025 0.641535 1.23462 0.943072 0.965377 1.04582
0.972519 0.642451 1.32324 0.941949 0.961836 1.01504
1.00019 0.71017 1.23911 0.970813 0.959096 1.12479
0.993331 0.81886 1.2201 0.942687 0.969266 1.09414
0.974499 0.971059 1.06815 0.950179 0.952728 1.08845
0.970062 0.990813 1.01791 0.935656 0.971809 1.08648
0.977041 0.948047 1.00796 0.957672 0.93619 1.08277
0.976224 0.90606 1.04469 0.933312 0.972656 1.08392
end
gesture a05 hands 2
0.980564 0.69923 1.27743 0.947692 0.983664 1.05516
0.999758 0.718714 1.23468 0.961003 0.977276 1.02942
0.995273 0.912083 1.14509 0.982436 0.939318 1.06633
0.976372 1.04206 0.978631 0.995873 0.913447 1.04402
0.987915 0.991382 0.968602 0.970989 0.978455 1.03696
0.989652 0.946125 1.0066 0.974579 0.952956 1.08233
0.980865 0.783183 1.16307 0.967434 0.987742 1.03595
0.976743 0.759833 1.18105 0.961225 0.972243 1.03501
end
gesture a05 hands 2
1.03071 0.675741 1.27085 0.949715 0.951526 1.04141
1.03286 0.682889 1.24207 0.948407 0.971501 1.0636
1.02748 0.724756 1.20496 0.944216 0.9796 1.04963
1.00942 0.809574 1.15573 0.95001 0.969573 1.06557
0.987732 0.887105 1.09926 0.947099 0.991475 1.08579
0.97585 0.93188 1.07382 0.951942 0.96623 1.07088
0.975111 0.926054 1.03965 0.953958 0.943132 1.08541
0.984978 0.879554 1.07198 0.956785 0.940985 1.05597
end
gesture a05 hands 2
1.01714 0.603024 1.35165 0.936296 0.931975 1.06083
1.02906 0.616939 1.32807 0.934304 0.9497 1.08493
1.02486 0.646664 1.27799 0.932788 0.950089 1.08334
1.00674 0.743467 1.22158 0.937987 0.938772 1.06365
0.999053 0.781079 1.19108 0.939723 0.929946 1.07352
0.975395 0.866309 1.12977 0.938854 0.936885 1.06037
0.971766 0.857554 1.11027 0.941459 0.92112 1.08338
0.986195 0.795503 1.16519 0.93972 0.934999 1.05709
end
gesture a05 hands 2
1.05271 0.660138 1.3507 0.949306 0.949372 1.0467
1.03261 0.669193 1.3305 0.937206 0.961229 1.1018
1.018 0.683899 1.27679 0.937197 0.945433 1.11208
1.00423 0.767978 1.20979 0.940579 0.942253 1.07385
0.966879 0.915776 1.08503 0.938883 0.935945 1.0981
0.973981 0.864779 1.08802 0.941141 0.939091 1.06919
0.981255 0.83064 1.13061 0.937188 0.929637 1.12236
0.984147 0.813126 1.153 0.937364 0.944723 1.03647
end
gesture a06 hands 2
0.938574 0.482655 1.19935 0.925706 0.948372 1.06781
0.964639 0.51493 1.12575 0.930614 0.957683 1.09579
1.02596 0.598187 1.09 1.0337 1.03134 0.934541
1.03535 0.805005 1.16732 0.945471 0.979653 0.944624
1.02985 0.855856 1.16269 0.939874 0.937483 1.03582
0.982365 1.00101 1.0248 0.930169 0.966332 0.965584
0.973893 1.0066 0.973165 0.924535 0.920619 1.1292
0.974741 0.904012 0.993646 0.978801 0.98008 1.08803
end
gesture a06 hands 2
0.928005 0.438638 1.2921 0.944393 0.981762 1.0923
0.905367 0.448999 1.1765 0.99884 0.98451 1.06872
0.939543 0.483584 1.15237 0.967577 0.971049 1.10747
0.982571 0.676738 1.19788 1.00662 0.984903 1.06535
0.978353 0.776332 1.19495 0.97882 1.00892 0.956188
0.953782 0.92527 1.05566 0.940361 0.929467 0.925222
0.955985 0.915532 1.00008 0.928591 0.906472 0.978519
0.95379 0.861167 1.0074 0.93255 0.963084 1.16681
end
gesture a06 hands 2
0.900299 0.601686 1.19998 0.952952 0.963518 1.11312
0.957623 0.629921 1.07655 0.940313 0.967483 1.13981
1.00584 0.716813 1.05756 0.969515 0.962698 1.04422
1.00413 0.909704 1.10516 1.0181 0.979058 1.03391
0.994496 1.0383 0.973412 1.01679 1.02019 0.925781
0.993246 0.98881 0.971722 0.948828 0.954812 0.923744
0.94111 0.742038 1.05372 0.961104 0.970762 1.144
0.928795 0.717334 1.06236 0.97289 0.962306 0.994091
end
gesture a06 hands 2
0.898899 0.702814 1.11441 0.880229 0.871591 1.15114
0.953969 0.663128 1.16921 0.91694 0.809412 1.20316
0.971413 0.711751 1.1441 0.990961 0.843851 1.12349
0.998631 0.828138 1.09312 0.983147 1.10669 0.887218
0.961386 1.02442 1.0169 0.965209 1.20319 0.931366
0.983527 1.08598 0.937015 0.957728 1.15102 0.939087
0.991128 1.03173 0.930907 0.946872 0.968258 1.0589
0.970284 0.861496 1.03762 0.941164 0.945902 1.07555
end
gesture a06 hands 2
0.93438 0.688278 1.1938 0.879858 0.74611 1.17151
0.998024 0.754399 1.10422 0.92658 0.721673 1.14998
0.994558 0.728106 1.08029 0.991834 0.791891 1.09481
1.00946 0.824709 1.08154 0.983442 1.09213 1.01275
0.983546 1.01911 1.00465 0.954113 1.13531 0.98978
0.9881 1.02221 0.951158 0.950032 1.08345 0.975931
0.973056 0.87976 1.02453 0.942285 0.925803 1.04106
0.973792 0.85778 1.0421 0.947689 0.877832 1.07193
end
gesture a06 hands 2
0.984913 0.548524 1.10159 0.966586 0.812679 1.12243
1.00261 0.597816 1.05086 1.06299 0.910994 0.999633
1.04664 0.697103 1.07117 1.06813 0.951814 0.959102
0.99504 0.949987 0.973308 1.00634 0.974677 0.873039
1.00244 0.993328 0.935532 0.935892 1.18151 0.922425
1.09168 1.0299 0.962219 0.92648 1.10542 1.031
0.913824 1.13316 1.05801 0.974946 0.894373 1.11196
0.835383 1.15207 1.09571 0.965688 0.846989 1.13775
end
gesture a06 hands 2
0.955261 0.493412 1.20319 1.02798 0.868767 1.02753
1.03992 0.50077 1.19335 0.94502 0.951101 0.870928
1.09326 0.585368 1.20639 0.893789 1.03523 0.821128
1.11662 0.687272 1.22857 0.860192 1.05525 0.915931
1.06057 0.84064 1.13422 0.944205 1.03847 1.11212
1.01684 0.951964 1.06272 0.951165 0.979422 1.1092
1.04996 0.974465 1.03205 0.991197 0.940896 1.00749
1.0578 0.861922 1.07206 1.00893 0.919469 0.997384
end
gesture a06 hands 2
1.01896 0.3993 1.35238 1.00058 0.90558 1.00935
1.11317 0.528877 1.32806 0.927185 0.955751 0.892967
1.10135 0.613844 1.28303 0.88444 0.98697 0.879022
1.02058 0.796063 1.15956 0.98054 0.991625 1.06441
1.02112 0.832422 1.11788 1.00544 0.982665 1.11421
1.03218 0.79413 1.11973 0.932874 1.00019 1.19611
1.04289 0.801402 1.09588 0.899778 0.996097 1.14966
1.04324 0.755838 1.12158 0.899547 0.987453 1.039
end
gesture a06 hands 2
1.0266 0.481231 1.34075 1.01593 0.936819 1.03544
1.10833 0.688198 1.25362 0.924323 0.962226 0.940747
1.03771 0.829476 1.15225 0.890744 0.99405 0.941255
1.03978 0.883129 1.07362 0.99878 0.990182 1.12899
1.03919 0.721899 1.14897 0.904592 0.998727 1.17725
1.03257 0.668061 1.18292 0.884083 0.977219 1.03929
1.04453 0.783913 1.11075 0.962053 0.95664 0.983507
1.02594 0.614224 1.21688 1.00323 0.925209 1.05261
end
gesture a06 hands 2
1.01321 0.636498 1.1382 0.976539 0.947871 1.03295
1.03026 0.709065 1.11433 0.961219 0.970339 0.951658
1.02634 0.806575 1.13945 0.919327 0.977313 0.923623
0.97606 0.962345 1.01823 0.876056 1.01151 0.915772
0.953757 0.94604 0.984027 0.932729 0.94569 1.12942
0.962247 0.891574 1.00348 0.950291 0.970907 1.07686
0.985866 0.807791 1.08029 0.969978 0.973109 1.02249
0.992048 0.786334 1.0981 0.980977 0.949312 1.02912
end
gesture a06 hands 2
1.00849 0.603299 1.2385 0.952563 0.926765 1.06045
1.01596 0.63533 1.14557 0.960744 0.928696 1.07929
1.04414 0.686264 1.14716 0.970674 0.942427 1.0499
1.04508 0.78863 1.17029 0.944764 0.966769 0.975519
1.02491 0.875027 1.12871 0.94425 0.999486 0.896771
0.984879 0.93524 1.0408 0.955502 0.948436 1.1248
0.955035 0.905177 1.00819 0.937576 0.941155 1.12225
0.962458 0.8308 1.05188 0.928477 0.960708 1.03949
end
gesture a06 hands 2
1.0248 0.658038 1.22124 0.958196 0.955352 0.983806
1.00362 0.67446 1.1377 0.969219 0.946925 1.06884
1.02729 0.687058 1.11813 0.932501 0.963875 0.9603
1.06357 0.731818 1.12339 0.920218 1.0324 0.916061
1.06164 0.835227 1.15696 0.944964 1.01249 0.964667
1.00625 0.988212 1.04726 0.968335 0.970479 1.07028
0.979621 1.00643 1.00056 0.961555 0.957167 1.12576
0.975697 0.889242 1.03782 0.968967 0.964556 1.03837
end
gesture a06 hands 2
1.00558 0.367983 1.20558 0.960651 0.953341 1.03838
1.11297 0.475115 1.17406 0.969242 0.988969 0.982831
1.08262 0.669316 1.1721 0.980424 0.981482 1.00971
1.02674 0.838145 1.05925 0.956276 0.988845 0.993958
1.00216 0.999996 1.10187 0.991605 0.973996 1.0366
0.963555 1.09233 0.973816 0.961535 0.992067 0.996619
0.980139 1.01119 0.937102 0.989784 0.999881 1.05339
0.976395 0.80967 1.02392 0.970345 0.955008 1.04598
end
gesture a06 hands 2
1.01106 0.386817 1.20474 0.962045 0.964156 1.00152
1.06217 0.545829 1.17021 1.00193 0.966759 0.962286
1.01227 0.842199 1.10183 0.999021 0.94239 1.01536
0.997467 0.955613 1.00428 0.948657 0.995652 0.983964
0.97478 1.09959 1.06529 0.949203 1.00496 1.02212
0.968428 1.14633 0.988491 0.973849 0.997101 1.04137
0.958718 1.02323 0.943359 0.962408 0.955393 1.0893
0.977722 0.855793 1.05452 0.968808 0.954985 0.981748
end
gesture a06 hands 2
0.934385 0.386387 1.13392 0.969499 0.93759 1.07482
0.971687 0.442156 1.08032 0.967429 0.967766 1.04884
0.981387 0.652594 1.09579 0.976515 0.947657 1.04778
0.96491 0.804242 1.07107 0.975379 0.956128 1.0364
0.944604 1.0151 1.03568 0.96536 0.997942 1.02287
0.968026 1.06229 1.05716 0.98464 0.919963 1.04236
1.02955 0.973277 1.04856 0.962017 0.974942 1.04323
1.02235 0.871302 1.06502 0.956303 0.978159 1.04901
end
gesture a06 hands 2
0.93412 0.504427 1.1806 0.953143 0.944267 1.07119
0.962988 0.500497 1.18716 0.957298 0.974475 1.04417
0.994649 0.530043 1.1505 0.963807 0.951875 1.04812
0.996465 0.741944 1.13905 0.958509 0.983285 1.03628
0.982972 0.937793 1.04354 0.970316 0.929275 1.05208
1.00339 0.933326 0.998129 0.958683 0.984544 1.03516
1.00607 0.877872 1.00832 0.964324 0.989385 1.03979
0.974248 0.705971 1.09988 0.959171 0.95185 1.03455
end
gesture a06 hands 2
0.885489 0.465806 1.15264 0.966375 0.93501 1.06306
0.956952 0.603124 1.07032 0.963568 0.965015 1.03599
0.948286 0.753395 1.07843 0.971802 0.948739 1.0373
0.947831 0.948445 1.01942 0.96405 0.975178 1.02492
1.0168 0.995173 1.05196 0.965106 0.958632 1.04271
1.04499 0.89514 1.07962 0.963432 0.961106 1.04406
1.00759 0.793145 1.0959 0.960762 0.995021 1.00893
0.997059 0.765637 1.09992 0.960606 0.928147 1.09323
end
gesture a06 hands 2
0.95893 0.399252 1.19628 0.972753 0.94443 1.07364
0.957706 0.418413 1.17222 0.957376 1.00144 1.01453
0.989146 0.56236 1.11394 0.961741 1.00518 0.97716
0.978888 0.769635 1.16445 0.965341 0.91131 0.998342
0.973735 0.81917 1.16608 0.951526 0.913716 1.02711
0.967114 0.97111 1.02548 0.973986 0.987898 1.08857
0.973475 0.988911 0.975631 0.984698 0.947652 1.06455
0.980664 0.890953 0.96823 0.993382 0.975351 1.05727
end
gesture a06 hands 2
0.976591 0.494545 1.26651 0.974458 0.993958 1.05833
0.954702 0.496381 1.25092 0.953716 0.886726 1.0053
0.973781 0.574854 1.18601 0.966463 0.925646 1.01603
0.970581 0.789414 1.19773 0.950153 0.885643 0.986085
0.968035 0.903584 1.09361 0.987329 0.957731 1.06434
0.96787 0.927441 1.03968 0.959074 0.984322 1.09402
0.971986 0.895924 1.00199 0.939591 0.961842 1.07023
0.976853 0.772769 1.06581 0.965193 0.97332 1.06047
end
gesture a06 hands 2
0.953679 0.520025 1.24903 0.989489 0.97035 0.995739
0.987659 0.56355 1.18183 0.98002 0.99846 0.994766
1.01639 0.661548 1.15613 0.960508 0.951453 0.987213
1.00589 0.820391 1.16309 0.941723 0.978477 1.0172
0.979916 0.941938 1.01887 0.954004 0.935784 0.984696
0.981699 0.849801 1.01194 0.9818 0.915517 0.994775
0.980074 0.768096 1.08702 0.967122 0.964952 1.12555
0.979256 0.746528 1.10719 0.969038 1.01748 1.02713
end
gesture a06 hands 2
0.960498 0.395035 1.22449 0.956529 0.969592 1.05935
0.998282 0.433452 1.16195 0.960071 0.97622 0.982103
1.01127 0.532294 1.15415 0.967982 0.966831 1.02495
0.971881 0.676784 1.19036 0.975893 0.957442 1.0678
0.965606 0.815851 1.1233 0.963593 0.965613 1.08926
0.978327 0.923957 1.00817 0.960078 0.966233 1.0524
0.99712 0.882719 0.984512 0.951293 0.973783 1.11073
0.990269 0.763645 1.04603 0.928435 0.978576 1.09194
end
gesture a06 hands 2
0.966558 0.329468 1.31543 0.946438 0.966494 1.08175
0.986612 0.354559 1.23414 0.95073 0.972399 0.996116
1.00589 0.448411 1.19439 0.991783 0.906977 1.05413
0.992789 0.609724 1.21865 0.954507 0.966833 1.08263
0.980155 0.749442 1.17301 0.961611 0.950372 1.09076
0.971362 0.832628 1.10521 0.950513 0.973247 1.08569
0.965589 0.864613 1.06188 0.968714 0.93391 1.09888
0.964418 0.785497 1.04724 0.949182 0.975384 1.08671
end
gesture a06 hands 2
0.959965 0.454241 1.31966 0.948412 0.969923 1.06503
0.954816 0.43059 1.29007 0.951177 0.949168 1.03741
0.995715 0.510277 1.15327 0.959117 0.963687 1.0382
0.963444 0.766971 1.18605 0.961908 0.965173 1.03842
0.960777 0.81291 1.16906 0.952805 0.939741 1.03738
0.956852 0.935001 1.06871 0.970073 0.97478 1.04626
0.996253 0.945385 0.980965 0.986308 1.00107 1.04507
1.00919 0.892997 0.981859 0.977839 0.984175 1.05407
end
gesture a06 hands 2
0.981677 0.451286 1.3109 0.945155 0.942921 1.07674
0.988096 0.4453 1.2824 0.976716 0.955873 1.01029
1.00789 0.470792 1.23435 0.953553 0.951738 1.04802
1.01116 0.680343 1.2025 0.936181 0.948636 1.07632
0.997279 0.768731 1.14537 0.940162 0.958789 1.05864
0.976209 0.82965 1.06492 0.933285 0.948119 1.08104
0.97247 0.778007 1.05988 0.944143 0.968942 1.04095
0.970674 0.711851 1.11167 0.926087 0.950611 1.14333
end
gesture a06 hands 2
0.959482 0.42726 1.29373 0.929689 0.952635 1.12019
0.981263 0.458779 1.21469 0.949916 0.966019 1.03828
1.00778 0.553086 1.17575 0.957228 0.954368 1.06185
0.99451 0.706102 1.17322 0.960884 0.948542 1.07363
0.984256 0.796765 1.12718 0.96112 0.950496 1.05217
0.979417 0.838849 1.09592 0.963626 0.944173 1.08246
0.979668 0.854011 1.04513 0.961357 0.952449 1.03071
0.979328 0.799841 1.03223 0.96454 0.942717 1.08541
end
gesture a06 hands 2
0.961049 0.416514 1.26442 0.917127 0.940491 1.12664
0.984347 0.410029 1.28148 0.916424 0.942965 1.09676
0.990399 0.434957 1.22913 0.949747 0.951662 1.05581
0.996027 0.639172 1.19204 0.944652 0.947108 1.08017
0.982096 0.735323 1.14967 0.94851 0.950386 1.06913
0.978365 0.781058 1.1164 0.940831 0.943692 1.09844
0.977548 0.766906 1.0793 0.952367 0.953664 1.05809
0.975953 0.739025 1.08706 0.930888 0.921718 1.12428
end
gesture a10 hands 2
0.861782 0.813698 1.09657 1.04103 0.832419 1.08272
1.02711 0.883276 1.18384 0.89589 0.877542 1.19906
1.07517 0.913717 1.17927 0.850265 0.909818 1.21322
1.07788 0.960022 1.09196 0.809088 0.963568 1.1382
1.01168 1.00573 1.01905 0.912083 1.01478 0.964638
1.02216 0.996794 0.950556 0.905721 0.972572 0.991826
0.984701 0.927237 1.09597 0.953737 0.934069 1.08653
0.926453 0.83442 1.11785 1.06045 0.854531 1.11885
end
gesture a10 hands 2
0.860493 0.791995 1.16799 1.11638 0.807901 1.12583
1.01927 0.823531 1.28738 1.00052 0.846324 1.27153
1.09718 0.887025 1.25898 0.954519 0.874229 1.26868
1.07307 0.931807 1.17391 0.949799 0.965617 1.10091
1.01236 0.963303 1.0994 0.946591 0.980676 1.04816
1.01288 0.961697 1.04539 0.928086 0.953173 1.06803
1.03619 0.920504 1.07737 0.903993 0.955244 1.03976
0.992163 0.881854 1.14132 0.940031 0.900014 1.12992
end
gesture a10 hands 2
0.937268 0.830473 1.2719 1.00254 0.844579 1.25725
0.931564 0.848994 1.09161 1.05028 0.852248 1.08028
0.968471 0.831772 1.19618 1.00947 0.850847 1.18673
1.0588 0.863492 1.2532 0.918622 0.887568 1.23237
1.10917 0.923751 1.18834 0.872603 0.942677 1.16279
0.984786 1.00572 1.03133 0.978019 1.02446 0.986889
0.981032 0.977128 0.966509 0.979272 1.01355 0.934585
0.980855 0.925856 1.066 0.966235 0.947689 1.05004
end
gesture a10 hands 2
0.936076 0.746938 1.2997 1.04476 0.734516 1.27014
0.907048 0.753256 1.29851 0.962213 0.749895 1.24575
0.963364 0.753637 1.31062 0.927099 0.815153 1.16974
1.05185 0.792153 1.28164 0.951429 0.974841 1.02472
0.993751 0.906125 1.1324 0.922909 0.954715 1.05423
1.046 0.925037 1.08863 0.902973 0.959639 1.03503
1.06133 0.900349 1.13479 0.894388 0.934589 1.08374
0.995987 0.841483 1.20678 0.952506 0.865943 1.15549
end
gesture a10 hands 2
0.969917 0.703114 1.27703 1.04486 0.667321 1.29613
1.04164 0.708558 1.3191 1.02613 0.690458 1.29662
1.14007 0.749309 1.28915 0.968406 0.696129 1.2942
1.07477 0.870953 1.14055 0.917994 0.714669 1.27707
1.03195 0.887763 1.1173 0.895623 0.744108 1.23726
1.0045 0.876993 1.1417 0.92937 0.905082 1.10817
0.983447 0.907597 1.12848 0.932119 0.952239 1.07952
0.977056 0.866223 1.16611 0.953428 0.884609 1.12403
end
gesture a10 hands 2
0.909507 0.864079 1.16177 1.03723 0.876598 1.12652
0.870787 0.857272 1.12983 0.977717 0.856723 1.16792
1.01252 0.898212 1.18024 0.908656 0.908421 1.13269
1.03648 0.924973 1.14505 0.91804 0.93709 1.09093
0.993192 1.03439 0.965221 0.941712 1.03309 0.968093
1.0281 0.999567 0.969689 0.920457 0.996005 0.958491
0.977007 0.90836 1.09722 0.934845 0.961123 0.998196
0.902571 0.840951 1.16388 1.03205 0.854026 1.1418
end
gesture a10 hands 2
0.96585 0.638138 1.33245 1.02653 0.667203 1.30684
1.05608 0.729165 1.20066 0.98813 0.67734 1.24656
1.02915 0.786429 1.16546 0.939882 0.749249 1.18206
1.04813 0.767482 1.17442 0.98779 0.913038 1.06627
0.954833 0.921825 1.08035 1.00376 0.998714 1.00538
0.973531 0.986048 1.0112 0.977475 1.03659 0.977108
1.01902 0.958344 1.00761 0.924714 1.0347 0.973464
1.02607 0.882188 1.07978 0.92176 0.931036 1.05809
end
gesture a10 hands 2
0.971144 0.601498 1.41896 1.05816 0.594877 1.38489
1.04967 0.598767 1.38659 0.977514 0.611836 1.35887
1.10319 0.65546 1.31699 0.929531 0.683033 1.30131
1.06124 0.770685 1.22286 0.972281 0.836856 1.16951
0.969766 0.916428 1.1063 0.995871 0.916699 1.10093
0.982388 0.951536 1.06565 0.934797 0.952477 1.04714
1.02364 0.91919 1.05079 0.9113 0.906829 1.07164
1.02529 0.835991 1.12229 0.931905 0.845921 1.12741
end
gesture a10 hands 2
0.967145 0.655721 1.37294 0.997239 0.64346 1.37182
1.10898 0.70952 1.2637 0.906374 0.731237 1.28001
1.09436 0.781623 1.19873 0.90629 0.74969 1.26232
0.992908 0.93273 1.08508 0.930643 0.817773 1.19912
0.991335 0.961546 1.03876 0.906205 0.768144 1.24464
1.01096 0.934428 1.00663 0.94572 0.951297 1.02786
1.01531 0.893654 1.04443 0.967425 0.828102 1.13738
1.0033 0.830509 1.13604 0.973928 0.81155 1.16129
end
gesture a10 hands 2
0.868234 0.852146 1.18174 1.04259 0.86411 1.17658
0.953827 0.865247 1.16569 1.01315 0.866406 1.17426
1.0474 0.909056 1.13764 0.954312 0.871961 1.17978
1.01933 0.959214 1.05955 0.863429 0.913843 1.14155
0.972294 1.01021 0.975747 0.932425 1.00689 0.972976
1.01137 1.01149 0.94247 0.890067 0.997088 0.958204
1.02699 0.979283 0.988173 0.902196 0.946744 1.05549
1.00156 0.937818 1.06012 0.917276 0.934558 1.0776
end
gesture a10 hands 2
0.928768 0.841048 1.25544 1.00846 0.867369 1.21099
1.06866 0.884356 1.18067 0.950196 0.855787 1.23652
1.04022 0.919983 1.11996 0.858306 0.886698 1.18444
1.07367 0.908471 1.13274 0.852216 0.909636 1.13158
1.01179 0.955609 1.05924 0.929596 0.98326 1.00097
1.00884 0.985619 0.969937 0.900685 0.971291 0.98117
1.02511 0.954186 1.01273 0.893163 0.946304 1.03036
0.979944 0.909933 1.10767 0.940525 0.914096 1.12675
end
gesture a10 hands 2
0.945471 0.836502 1.3118 0.972552 0.862126 1.26798
0.936381 0.843451 1.28409 0.900263 0.85216 1.2563
0.9929 0.837053 1.27743 0.875149 0.893637 1.16275
1.05927 0.876946 1.20726 0.930951 0.94157 1.08567
0.956968 0.971691 1.04591 0.945554 0.979403 0.987238
0.97738 0.977566 0.993797 0.899933 0.961404 1.00145
1.0147 0.948759 1.02183 0.889452 0.937264 1.05331
0.979834 0.883139 1.14237 0.928563 0.90063 1.15484
end
gesture a10 hands 2
1.03254 0.867196 1.09698 0.901158 0.88454 1.12735
1.00912 0.879012 1.06679 0.970664 0.994677 0.98653
1.00037 0.956101 0.982241 0.990332 1.02913 0.944933
0.914448 1.0211 0.949597 0.981368 1.00978 0.965628
0.874511 1.06094 0.939214 0.979033 1.02832 0.935659
0.915636 1.06257 0.934529 0.961105 0.98962 0.977048
1.00681 0.931749 1.09557 0.924914 0.903039 1.12363
1.0114 0.869717 1.15559 0.892268 0.89823 1.11186
end
gesture a10 hands 2
1.01981 0.839065 1.16807 0.879329 0.861428 1.13115
1.01495 0.853599 1.14253 0.876204 0.883073 1.111
1.01798 0.883359 1.09208 0.886107 0.89919 1.05729
0.993445 0.9188 1.05726 0.912251 0.927453 1.01474
0.958441 0.953281 1.0296 0.946481 0.96282 0.98204
0.921758 0.983775 0.996622 0.984571 0.996266 0.954593
0.923304 0.969942 0.988705 0.968763 0.962213 0.999473
0.970616 0.921276 1.08191 0.922669 0.922433 1.09819
end
gesture a10 hands 2
1.03515 0.818524 1.18762 0.841019 0.856912 1.25429
1.03505 0.860411 1.11156 0.841426 0.84526 1.22725
0.973212 0.928172 1.05417 0.840123 0.844002 1.16963
0.941632 0.938183 1.02587 0.874742 0.897924 1.07386
0.930993 0.956627 1.03294 0.943236 0.966082 1.01488
0.910052 0.948195 0.997576 0.964302 0.951042 1.00611
0.944819 0.918596 1.03245 0.939018 0.920904 1.04876
0.991783 0.87575 1.12729 0.894506 0.872714 1.14506
end
gesture a10 hands 2
0.845416 0.776143 1.21542 1.15427 0.730187 1.25854
1.07574 0.827427 1.25086 0.91903 0.788274 1.23133
0.996961 0.931202 1.08429 0.88418 0.855817 1.159
1.01247 0.962633 1.04249 0.962278 0.97081 1.00717
1.14118 1.00471 1.08268 0.834632 1.04619 0.999033
1.04193 1.05287 0.964885 0.966648 1.08393 0.907241
1.11035 1.0553 0.981533 0.95474 1.10728 0.867139
1.05382 0.967296 1.06202 0.899058 1.00178 1.02681
end
gesture a10 hands 2
0.922836 0.759243 1.24127 1.03083 0.765308 1.18618
1.01436 0.786225 1.25614 1.02902 0.75143 1.24885
1.01906 0.981082 1.01428 0.925921 0.789186 1.21929
1.05711 1.00005 1.00547 0.893445 1.0415 0.976437
0.973397 1.07694 0.895179 0.986519 1.08593 0.920861
1.0475 1.09226 0.887884 0.96287 1.12813 0.866508
1.07944 1.0441 0.977977 0.904055 1.08068 0.940223
0.974344 0.861652 1.16932 0.985059 0.86534 1.14189
end
gesture a10 hands 2
0.858417 0.65997 1.36234 1.15337 0.636074 1.34104
1.00019 0.720697 1.32759 0.992527 0.692199 1.33143
0.989966 0.879228 1.13373 1.00035 0.826338 1.1665
0.915777 0.960526 1.0172 1.02026 0.965916 0.992686
1.07031 0.984596 1.03238 0.915523 0.994171 1.02702
0.953439 1.03771 0.931757 0.906108 1.0178 0.998092
0.982907 1.0473 0.913195 1.03895 1.04024 0.913641
1.05431 0.971699 1.06838 0.92914 0.975773 1.05413
end
gesture a10 hands 2
0.810277 0.611215 1.29357 1.16238 0.622503 1.25278
0.880357 0.637871 1.32617 1.07923 0.638933 1.27615
0.970843 0.69397 1.3397 0.992579 0.698932 1.262
0.996988 0.760077 1.27733 0.974339 0.779564 1.19205
0.946835 0.818905 1.21015 1.01172 0.855253 1.12294
0.940831 0.886292 1.12884 0.97805 0.928476 1.06444
0.982017 0.902657 1.09725 0.925272 0.923408 1.07745
1.01179 0.85012 1.13194 0.924609 0.885185 1.11772
end
gesture a10 hands 2
0.874811 0.668704 1.32251 1.0739 0.654695 1.29871
0.881613 0.679569 1.24573 1.13334 0.661579 1.159
0.853367 0.675468 1.24204 1.10802 0.670685 1.19887
0.960255 0.710678 1.25358 0.961295 0.798499 1.17823
1.02281 0.832589 1.18804 1.01003 0.905735 1.07901
0.969324 0.968082 1.04924 0.978761 0.985418 1.01552
1.05393 0.992635 1.01822 0.928302 1.00415 1.01366
1.04974 0.926872 1.06422 0.904388 0.932009 1.07535
end
gesture a10 hands 2
0.855587 0.686125 1.27585 1.1202 0.691199 1.20785
0.879996 0.679704 1.25813 1.11549 0.687035 1.17207
0.98397 0.726439 1.2521 1.0213 0.717725 1.22554
1.0658 0.841736 1.19593 0.942431 0.789702 1.21025
0.992577 0.940204 1.09608 0.938614 0.864486 1.1482
1.05438 1.03128 0.992475 0.939119 1.01417 1.01519
1.08717 0.988712 1.00373 0.860078 0.986965 1.04322
1.03146 0.890309 1.08159 0.934842 0.888843 1.10429
end
gesture a10 hands 2
0.884437 0.709597 1.26866 1.06563 0.718812 1.20293
0.870928 0.725292 1.24417 1.04411 0.715731 1.17989
1.02611 0.784744 1.20077 0.909032 0.804404 1.15866
1.06624 0.821604 1.18824 0.873085 0.845494 1.15536
1.0918 0.889662 1.12974 0.840716 0.931201 1.09944
1.01801 0.982491 1.03684 0.922111 1.03023 0.994151
0.956271 0.940513 1.00853 0.989028 0.980444 0.968594
0.902381 0.781622 1.16432 1.04353 0.822483 1.10917
end
gesture a10 hands 2
0.877798 0.676934 1.25614 1.08503 0.69657 1.15142
1.05263 0.72106 1.20814 1.06783 0.682802 1.17407
1.09488 0.754812 1.20619 0.960107 0.680661 1.20242
1.11497 0.872988 1.12738 0.843379 0.796164 1.18837
1.05489 0.940906 1.06948 0.898575 0.948325 1.07047
1.01303 0.955563 1.03534 0.932886 0.968835 1.03358
0.97934 0.914724 1.04099 0.988708 0.885614 1.05067
0.919082 0.780744 1.17473 1.01636 0.788614 1.15187
end
gesture a10 hands 2
0.855381 0.628389 1.26092 1.03624 0.61988 1.22749
1.03138 0.683509 1.27516 1.0439 0.622965 1.2559
1.06516 0.768768 1.22189 0.989318 0.63702 1.25828
1.02617 0.84736 1.1579 0.873122 0.740449 1.23759
0.967896 0.888781 1.08626 0.917364 0.888947 1.12001
0.944096 0.848659 1.08329 0.976345 0.869104 1.05633
0.91988 0.778452 1.169 1.00202 0.795097 1.13592
0.915797 0.762298 1.19253 1.00965 0.775996 1.15628
end
gesture a10 hands 2
0.855494 0.761552 1.25588 1.09971 0.753075 1.2169
0.937172 0.790655 1.26972 1.02752 0.770015 1.25011
1.01956 0.852315 1.23729 0.944111 0.8299 1.22657
0.946133 0.952281 1.06912 0.992575 0.943229 1.0568
0.962568 0.977205 1.02325 0.970314 0.970874 1.01909
1.05365 0.978623 1.06268 0.916729 0.984815 1.02728
1.06003 0.948402 1.10892 0.867086 0.955733 1.11285
1.00645 0.898756 1.15022 0.922583 0.90382 1.15341
end
gesture a10 hands 2
0.820924 0.727715 1.29117 1.11481 0.736402 1.24866
1.00157 0.79817 1.28797 1.04718 0.722594 1.26953
1.01558 0.862871 1.207 0.950031 0.781619 1.26878
0.969912 0.916355 1.12731 0.926802 0.814918 1.23737
0.975533 0.946552 1.08586 0.959079 0.910722 1.11522
1.0215 0.96896 1.06163 0.895133 0.965678 1.06461
1.05364 0.9403 1.09321 0.873036 0.94008 1.10472
0.993776 0.868605 1.15665 0.938687 0.869548 1.16249
end
gesture a10 hands 2
0.833133 0.754146 1.28061 1.08714 0.755906 1.25756
0.910124 0.75499 1.2816 1.04762 0.73098 1.25986
0.994099 0.812351 1.25222 0.949613 0.78498 1.25623
0.950531 0.94479 1.08925 0.942357 0.851553 1.18549
0.988578 0.97142 1.05698 0.972661 0.908436 1.11163
1.04548 0.966961 1.05997 0.950338 0.939845 1.07377
1.04711 0.922008 1.09588 0.865638 0.927528 1.10496
0.9981 0.867852 1.13355 0.921423 0.852597 1.16779
end
gesture a10 hands 2
0.929228 0.823731 1.22043 0.993907 0.821212 1.21116
0.926406 0.815233 1.24888 0.917245 0.835469 1.18517
0.946241 0.80863 1.24031 0.912555 0.90097 1.10965
1.03558 0.84275 1.1908 0.946728 0.968931 1.03693
0.982509 0.971027 1.04104 0.922665 0.960255 1.03769
1.02882 0.955523 1.0271 0.915086 0.990486 1.00269
1.02388 0.91904 1.06768 0.898603 0.951579 1.03845
0.983453 0.86235 1.16083 0.943075 0.884782 1.15348
end
gesture a10 hands 2
0.907388 0.73149 1.3022 0.99897 0.733745 1.30121
0.989892 0.740238 1.305 0.975864 0.736878 1.31962
1.01821 0.772348 1.26919 0.919018 0.749717 1.30928
1.00404 0.806175 1.2314 0.892085 0.777855 1.27485
0.959936 0.871599 1.16318 0.896577 0.81529 1.23007
0.982459 0.888933 1.11502 0.930467 0.88136 1.15463
0.996013 0.849191 1.15021 0.896837 0.897737 1.11888
0.976611 0.823804 1.19559 0.918903 0.832443 1.20337
end
gesture a10 hands 2
0.925948 0.787584 1.26313 0.987867 0.800115 1.28558
0.952092 0.780938 1.27527 0.992954 0.797283 1.25639
1.01014 0.782915 1.27124 0.945938 0.782584 1.28295
1.04259 0.806741 1.23528 0.871625 0.823024 1.23734
1.03298 0.840949 1.19587 0.905691 0.890015 1.1553
0.979881 0.90698 1.12477 0.9161 0.921172 1.11244
0.991599 0.911482 1.07649 0.897114 0.882524 1.11206
0.997212 0.864928 1.14558 0.918536 0.85798 1.15867
end
gesture a13 hands 2
1.01051 1.17601 1.05921 0.987381 1.08734 1.0694
1.02346 1.17358 1.08602 0.962285 1.06053 1.13077
0.984451 1.13838 1.08087 0.951207 1.00537 1.11178
0.948213 0.926026 1.02877 0.960381 0.790429 1.03812
0.961591 0.83259 1.01578 0.982623 0.803317 1.02617
0.932711 0.789452 1.04622 0.960275 1.02043 0.947752
0.966675 1.00898 1.00665 0.951066 1.05325 0.985728
0.973989 1.06149 1.02944 0.955194 1.05753 1.01404
end
gesture a13 hands 2
1.15228 1.13693 1.07902 0.828912 1.07429 1.03379
1.13159 1.12223 1.00295 0.824362 1.06848 1.01196
1.07315 1.02278 0.993071 0.857069 0.842482 0.977581
1.05135 0.907632 1.00621 0.903734 0.739744 1.08579
1.08151 0.821337 0.952754 0.924544 0.837042 1.06478
1.01827 0.785379 1.00129 0.95536 0.864701 1.10585
1.00538 0.786427 1.03613 1.00491 0.891607 1.09484
0.843314 0.96544 1.0356 1.17333 0.998755 1.07811
end
gesture a13 hands 2
0.686222 1.07514 1.04885 1.17375 1.00186 1.07777
0.756428 0.963222 0.951845 1.16269 0.954441 1.03068
0.761537 0.793253 0.989774 1.1519 0.78243 1.05082
0.837716 0.73085 1.04218 1.13395 0.725315 1.05247
0.878682 0.733975 1.02902 1.12731 0.829148 1.02165
1.11653 1.03555 1.05667 1.05896 0.876994 1.00606
1.1465 1.08217 1.05486 0.879605 0.986696 1.06801
1.09495 1.09322 1.07687 0.745478 1.03362 1.07887
end
gesture a13 hands 2
0.980105 1.07031 1.08914 0.996403 1.09134 1.08434
1.06431 1.04733 0.996256 0.896656 1.07457 0.999106
1.01238 0.902879 0.922669 0.888308 1.02337 0.974346
0.98941 0.788948 0.924347 0.943945 0.755163 0.972446
0.958572 0.745939 0.974646 0.946022 0.769329 1.0139
0.953456 0.793688 1.00585 0.956817 0.876713 1.05424
0.958285 1.01488 1.06168 1.00392 1.09453 1.0604
0.975703 1.09606 1.09178 0.991387 1.12338 1.10177
end
gesture a13 hands 2
1.04443 1.75753 1.02645 0.999936 1.07532 0.987365
1.01955 1.77326 1.02174 0.924146 1.07244 1.00189
1.01234 1.72717 0.990136 0.931114 1.0448 0.939277
1.0026 1.77845 0.96537 1.0012 0.76319 1.12564
1.00508 1.57803 0.962801 0.996652 0.765481 1.13537
0.97567 1.20366 1.0198 0.958422 0.875761 1.1249
0.983346 1.04729 1.00557 0.961508 1.02092 1.07292
0.998381 0.971967 0.975168 0.959565 1.04987 1.06665
end
gesture a13 hands 2
1.01657 1.16142 0.957312 0.999139 1.04801 0.998494
1.02468 1.16817 0.985335 1.02336 0.795421 1.07706
1.01944 0.951822 1.06395 0.994902 0.766548 1.07024
0.992452 0.804186 1.12694 0.950656 0.932986 1.03589
0.90787 0.763102 1.10256 0.977906 1.05996 1.03459
0.901828 0.661127 1.09144 0.9788 1.00152 1.04082
0.991063 1.00882 1.00784 0.935777 1.06623 0.995365
0.998374 1.09319 0.991892 0.952929 1.04829 1.01996
end
gesture a13 hands 2
0.965397 1.14023 0.997522 0.959623 1.0658 1.05791
1.02577 1.10735 1.00052 0.94237 1.05421 0.980578
1.01416 0.888859 1.07644 0.927454 0.888656 1.03429
0.973712 0.768981 1.13718 0.987725 0.805343 1.10007
0.999252 0.754484 1.17238 1.04507 0.788544 1.09594
0.875285 0.723784 1.08914 1.01231 0.873356 1.10067
0.941539 0.927809 1.02026 0.971556 1.05423 0.965527
0.967704 1.11249 0.991968 0.956088 1.08537 1.03097
end
gesture a13 hands 2
1.02446 1.08518 1.0987 0.904854 1.09541 1.09157
0.984738 1.08473 1.04092 0.934646 1.07565 1.02638
0.965157 0.975635 1.00176 0.968327 0.972409 0.982783
0.944978 0.747832 0.991798 1.02612 0.750901 0.987182
0.917375 0.747375 0.975808 1.04069 0.753379 0.985516
0.909569 0.804416 0.971197 1.00348 0.913772 1.04221
0.926175 0.915959 0.988456 0.98951 0.968196 1.04855
0.99605 1.06003 1.05511 0.95999 1.08126 1.05758
end
gesture a13 hands 2
1.01445 1.11635 1.07624 0.945355 1.13228 1.07203
0.989296 1.0881 0.996735 0.947644 1.08503 0.998149
0.961652 0.984448 0.956243 0.983682 0.987651 0.9528
0.947132 0.771527 1.02205 1.01309 0.770722 1.00063
0.943763 0.768759 1.00579 1.01056 0.770257 1.00045
0.945163 0.713224 1.01327 0.978624 0.934639 1.04265
0.940394 0.76599 0.989535 0.919465 1.09948 1.05284
0.988703 1.10669 1.03982 0.922899 1.12785 1.04429
end
gesture a13 hands 2
0.997027 1.12563 1.08605 0.915994 1.13594 1.08052
0.999828 1.09127 1.00656 0.916171 1.09005 1.00558
0.976037 0.985633 0.968351 0.958211 0.998507 0.955141
0.958102 0.758441 1.00984 1.00414 0.778582 0.993726
0.944737 0.871761 1.03472 1.0084 0.784993 1.01471
0.952668 0.926451 1.05588 0.976955 0.946012 1.07319
0.975491 1.04084 1.06868 0.958117 0.99948 1.08093
0.992265 1.12556 1.0659 0.923533 1.1098 1.06657
end
gesture a13 hands 2
0.989681 0.974019 1.07829 0.909243 0.972523 1.07658
0.978608 0.97265 1.05057 0.91271 0.978757 1.04768
0.955885 0.955167 1.05305 0.945402 0.969253 1.09451
0.94798 0.939872 1.04567 0.963323 0.924113 1.09889
0.927038 0.881529 1.07575 0.961817 0.872026 1.07759
0.940074 0.924577 1.0383 0.949195 0.909519 1.03451
0.979094 0.962612 1.05936 0.917582 0.955302 1.0496
0.982603 0.967203 1.06103 0.912122 0.97157 1.05025
end
gesture a13 hands 2
1.06288 1.05592 1.18984 0.866417 1.04938 1.14648
1.03281 1.04724 1.10735 0.872558 1.03382 1.17123
0.957188 0.98446 1.04953 0.897202 1.02267 1.12034
0.898799 0.825354 1.02131 0.994927 0.921561 1.03692
0.8619 0.808717 1.02544 0.988229 0.81675 0.994842
0.877257 0.831172 0.981677 1.00278 0.859122 0.966035
0.934409 0.930236 0.989455 0.963727 0.958333 1.00702
0.988894 0.987179 1.02284 0.923788 0.989272 1.03694
end
gesture a13 hands 2
1.05521 1.08333 1.14324 0.894692 1.0801 1.10655
0.953274 0.987445 1.00223 0.975967 0.946063 0.984208
0.931122 0.938163 0.983654 1.01115 0.838208 0.958901
0.895063 0.83073 0.964463 1.03109 0.784737 0.945984
0.882275 0.817673 0.933159 1.0571 0.767538 0.909548
0.89649 0.84797 0.930715 1.0539 0.82323 0.91789
1.00036 1.00464 1.06754 1.02914 0.858674 0.955468
1.03481 1.05242 1.07115 0.937213 1.0494 1.09996
end
gesture a13 hands 2
0.988362 1.0877 0.97888 0.930782 0.972094 1.0448
0.980071 1.01184 1.06691 0.951692 0.966333 1.06207
0.962382 0.963488 1.08873 1.01117 0.902529 1.13754
0.96317 0.857892 1.12961 0.929558 1.02521 1.05219
0.958816 0.80773 1.15509 0.930451 1.07204 1.01512
0.95301 0.80551 1.1445 0.976942 0.972325 1.03409
0.961168 0.991308 1.00841 0.984434 0.968618 0.981256
0.98829 1.05883 0.979343 0.924157 0.944553 1.00026
end
gesture a13 hands 2
0.976442 1.06533 1.01716 0.90279 0.932407 1.05369
0.98228 1.06291 1.04639 0.952258 0.916332 1.10629
0.984253 1.01027 1.02039 0.983189 0.806065 1.13024
0.989702 0.799024 1.10617 0.981425 0.804188 1.1254
1.02209 0.796259 1.00239 0.993511 0.749553 1.14243
0.982011 0.808045 1.03713 0.959837 0.904257 1.06996
0.984184 0.864828 1.04051 0.974319 0.9541 1.05232
0.976391 1.0632 1.00725 0.890599 0.93418 1.07953
end
gesture a13 hands 2
0.956972 1.02162 1.02554 0.922928 0.994827 1.08547
0.95474 0.851713 1.07252 0.938133 0.985429 1.00024
0.94936 0.814873 1.05869 0.955457 0.976901 0.996262
0.97698 0.853139 1.03421 1.00506 0.794744 1.10986
0.988371 0.968287 1.03318 0.988644 0.893089 1.07524
0.994083 0.957516 1.08501 0.975624 0.944401 1.06008
0.981873 1.02854 1.01106 0.969935 0.933779 1.10861
0.959111 1.00916 1.01121 0.955879 0.984453 0.998563
end
gesture a13 hands 2
1.05924 1.18232 0.982027 0.82106 1.03899 1.09108
1.06229 0.790929 1.04219 0.791468 1.06199 0.982905
1.03226 0.629365 1.0347 0.925159 1.02009 1.06315
0.983884 0.876601 1.08124 0.922049 0.745326 1.06736
0.825105 0.982725 1.03092 0.919563 0.992544 0.949573
0.866699 1.01561 1.01689 0.944379 1.02892 0.946857
0.799841 0.991748 1.01996 1.1288 0.965314 1.04223
0.872142 1.02958 1.00856 1.11861 1.01512 1.04672
end
gesture a13 hands 2
0.922073 1.16524 1.02588 0.957154 1.1637 1.0559
0.953722 1.135 1.0046 0.969901 1.17527 1.08222
0.931576 0.744095 0.929274 0.986525 1.11778 0.990759
0.94796 0.692418 0.926666 1.00064 0.667473 0.925488
1.13701 0.798747 0.873261 1.00614 0.60917 0.927542
1.08068 0.817053 0.885436 0.970444 0.903982 1.08734
1.03081 0.959079 1.04543 0.971151 1.07423 1.06673
1.00158 1.06632 1.08682 0.969086 1.10329 1.06251
end
gesture a13 hands 2
0.987452 1.07602 1.08262 0.917094 1.0238 1.08592
0.995434 1.0743 1.11118 0.910726 1.01794 1.11447
1.01506 1.04798 1.06576 0.939342 1.00419 1.07334
0.990842 0.896234 0.983093 0.973821 0.865785 1.00061
0.946229 0.796974 0.973611 0.974154 0.810004 0.981669
0.958189 0.847471 0.998872 1.00178 0.852994 1.02852
0.966974 0.950168 1.05261 0.98417 0.961729 1.05735
0.97053 1.00311 1.07581 0.947374 1.00525 1.04437
end
gesture a13 hands 2
0.99234 1.14374 1.06892 0.927454 1.05121 1.10382
0.993737 1.06696 1.02993 0.950885 1.04419 1.08343
0.972312 0.850416 0.971455 0.958095 0.857599 0.983244
0.970705 0.793696 0.960577 0.936131 0.968521 0.980127
0.968313 0.844055 1.04908 0.930978 0.962826 0.986295
0.967716 0.945114 1.09891 0.985234 0.93756 1.07126
0.987105 1.06187 1.09204 0.969069 1.04379 1.10324
0.998919 1.11759 1.07862 0.944676 1.03975 1.12019
end
gesture a20 hands 2
0.978462 0.837615 1.1963 1.02367 1.05158 1.01688
0.968605 0.803759 1.1541 0.948829 1.04095 1.07946
0.91776 0.578095 1.12081 0.996469 0.877673 1.10492
0.895554 0.47486 1.10023 1.00991 0.790808 1.2146
0.904841 0.480198 1.0792 0.986669 0.831551 1.20897
0.967729 0.654959 1.09129 1.01386 0.993774 0.92233
0.966245 0.889602 0.941766 0.947997 0.992008 0.860826
1.00322 0.873729 1.04326 0.982486 1.03632 1.07469
end
gesture a20 hands 2
1.03019 0.745768 1.36717 0.937715 1.08063 1.14568
0.949399 0.740853 1.18958 0.978319 1.0155 1.10623
0.894819 0.52415 1.17874 1.024 0.796307 1.13666
0.916401 0.505409 1.1299 1.01546 0.815923 1.14498
0.981102 0.703966 1.15578 0.992409 0.987809 0.934638
0.97426 0.863577 1.07321 0.954755 0.999109 0.893861
0.984712 0.910192 0.979048 0.92284 1.01344 1.04829
0.994928 0.870763 1.01197 0.959766 1.09551 1.08662
end
gesture a20 hands 2
1.024 0.843099 1.25447 0.972247 1.06611 1.08589
0.891502 0.832451 1.15865 1.02844 0.76242 1.15189
0.884469 0.615773 1.10939 1.04868 0.869117 1.15811
0.856343 0.453353 1.12181 1.02545 1.00749 0.978935
0.947634 0.646099 1.09551 0.973413 1.02168 0.859387
0.966836 0.749845 1.11646 0.95089 1.01462 0.847494
0.975174 0.962544 0.991555 0.929782 1.00876 1.01388
1.03454 0.936468 1.0397 0.98261 1.07339 1.11579
end
gesture a20 hands 2
0.949611 0.836859 1.05946 1.08527 0.888567 0.981181
1.10673 0.788356 1.095 1.22786 1.00054 0.895104
1.14985 0.705279 1.14984 1.26433 1.04199 0.876572
1.20823 0.832963 1.18743 1.13708 1.08003 0.828039
1.08747 0.933047 1.09011 1.05928 1.04328 1.02845
1.00637 0.943125 1.03327 0.988473 0.988073 1.08094
1.0106 0.892066 1.05813 0.91144 0.915568 0.974183
1.07623 0.7619 1.15536 0.931726 0.867841 1.00273
end
gesture a20 hands 2
1.00969 0.72011 1.17838 0.890546 0.855661 1.14325
1.05506 0.749574 1.12767 1.01306 0.925028 1.00506
1.12889 0.750091 1.19389 1.10302 0.922012 0.935897
1.15889 0.594335 1.30498 1.09343 0.971963 0.860198
1.18188 0.637496 1.3233 1.00057 0.986823 0.902739
1.16105 0.757368 1.25684 1.0158 0.966292 1.0561
1.04932 0.864403 1.13202 0.954874 0.937312 1.14282
1.04157 0.87636 1.10842 0.902589 0.922609 1.14336
end
gesture a20 hands 2
0.977362 0.958588 0.893301 0.765032 0.891617 1.05139
1.02108 0.86658 1.0623 0.89937 0.945114 0.936906
1.03251 0.774526 1.10848 0.99941 0.823407 0.920455
1.10796 0.733478 1.19305 0.969615 0.959463 0.884362
1.12491 0.871048 1.14737 0.964006 0.953662 0.995296
0.997043 0.980545 1.02448 1.01628 1.09701 0.986069
0.962205 0.947073 1.00367 0.979426 1.10854 0.931695
1.08647 0.814906 1.16769 0.978883 1.0047 1.09118
end
gesture a20 hands 2
1.01059 0.992291 1.14579 0.976271 1.04811 1.01635
1.03242 0.925983 1.1534 1.0686 0.812473 1.01418
0.997439 0.710778 1.08406 1.02006 0.788033 0.991976
0.986528 0.647147 1.1277 1.01542 0.903992 0.981242
0.988857 0.809105 1.18024 0.920475 1.02882 0.911716
0.980828 1.09933 1.09983 0.907295 1.02845 1.08116
0.9772 1.12467 1.05256 0.901575 1.02816 1.02387
0.997315 1.05717 1.08436 0.940938 1.00177 1.07189
end
gesture a20 hands 2
1.04137 0.776676 1.24106 0.912832 1.02208 1.09121
1.03006 0.743726 1.16421 0.97084 0.932278 1.07958
0.997901 0.529266 1.10159 0.980002 0.77668 1.03348
0.98485 0.479549 1.01274 0.970398 0.755106 1.05683
1.02988 0.750478 1.08214 1.05293 0.943389 0.957958
0.966368 0.911514 0.982844 0.990751 1.0356 0.942505
0.963675 0.967537 0.903818 0.917306 1.0371 1.12635
0.990917 0.895496 1.02176 0.903553 1.00913 1.0807
end
gesture a20 hands 2
1.05413 0.755272 1.26417 0.951947 1.03531 1.06937
1.00394 0.645838 1.12179 1.03978 0.780738 0.983024
0.985591 0.435849 1.06615 1.01368 0.831597 0.977043
1.06901 0.48374 1.06541 1.02886 0.991834 0.91709
1.07799 0.662777 1.12006 0.983778 1.0573 0.875207
1.05413 0.748148 1.08271 0.922455 1.04863 1.06786
0.9688 0.877533 0.952441 0.924891 1.05127 1.12531
0.998349 0.825304 1.04506 0.92463 1.03215 1.04912
end
gesture a20 hands 2
1.18034 0.777126 1.18645 1.0073 0.990984 1.02671
1.12853 0.755529 1.25441 1.03095 0.997936 1.01029
1.08316 0.729912 1.15527 0.964024 0.940347 1.06533
0.988639 0.616807 1.09764 0.910184 0.804219 1.15233
0.982332 0.659197 1.06783 0.961332 0.913919 0.987028
0.967137 0.90844 1.0359 0.94674 1.01034 0.964142
0.953025 0.940145 0.996357 0.919378 0.983405 1.13008
1.00052 0.846832 1.07306 0.923064 0.974524 1.15747
end
gesture a20 hands 2
1.11965 0.763646 1.31183 0.946527 1.003 1.04596
1.05361 0.781687 1.13016 0.990686 1.03472 0.99008
0.984913 0.634327 1.10114 0.96129 0.872311 1.13369
0.953081 0.624873 1.06594 0.942658 0.8193 1.13402
0.969396 0.830755 1.06484 0.954017 0.950242 0.957463
0.964508 0.881683 1.05308 0.971582 1.03228 0.977096
0.945348 0.96791 0.990684 0.952198 1.02031 1.09291
0.964923 0.896474 1.01643 0.952043 1.01039 1.0919
end
gesture a20 hands 2
1.06907 0.7821 1.12645 0.938198 1.02209 1.08177
0.979737 0.670235 1.05569 0.927305 1.03096 0.996942
0.930735 0.571748 1.06099 0.92899 0.955834 1.07857
0.925183 0.616532 1.03172 0.905244 0.811957 1.10918
0.945554 0.827555 1.05549 0.965161 0.884977 0.979252
0.917502 0.942693 0.946847 0.9635 0.969684 0.932237
0.933084 0.922319 0.932888 0.952152 0.988403 1.10166
0.985387 0.888187 1.02075 0.909278 1.00678 1.05707
end
gesture a20 hands 2
0.954625 0.86623 1.19138 0.904088 1.04533 1.1143
1.00203 0.851094 1.06004 0.920299 0.951685 1.1313
0.997897 0.639916 0.994364 0.983097 0.797902 0.991444
0.977987 0.531601 0.996476 0.987841 0.808023 0.93506
0.982755 0.542319 1.01906 0.987224 0.821752 1.01984
1.05764 0.691613 1.05802 0.989827 1.04498 0.994273
1.04502 0.851336 1.07116 0.977583 1.09589 1.01983
0.981247 0.93554 1.00742 0.951632 1.07058 1.20716
end
gesture a20 hands 2
0.837531 1.07026 0.867617 0.812049 1.11388 0.993376
0.91135 0.973822 1.01993 1.00523 0.929636 1.12569
0.925632 0.766115 0.96118 1.01654 0.742383 1.02771
0.920339 0.583546 0.909119 0.993954 0.697948 0.983111
0.958882 0.61773 0.894142 0.968712 0.923451 0.950437
0.968849 0.9618 0.872278 0.968431 1.03458 0.957687
0.960635 0.950426 0.927665 1.01202 1.07195 1.16475
0.967511 0.926879 1.15291 0.934107 1.07462 0.985753
end
gesture a20 hands 2
0.989617 0.695548 1.6988 0.830598 0.735393 1.7366
1.04309 0.665199 1.91517 0.874017 0.599038 1.71983
1.03953 0.623309 1.87918 0.907586 0.63197 1.50873
1.02505 0.70749 1.45206 0.886938 0.550354 1.70002
1.03912 1.03349 1.61247 0.941156 0.664902 1.29763
1.03252 1.07819 1.60147 1.03949 0.991176 1.42344
0.996046 1.145 1.45426 1.00189 1.07928 1.42213
0.995791 0.953548 1.55708 0.832498 0.847356 1.60308
end
gesture a20 hands 2
0.934898 0.742595 1.17839 0.941399 1.05453 0.984999
0.953845 0.701722 1.1725 0.963187 1.01289 1.0623
0.935755 0.551391 1.11012 0.979675 0.956065 1.0639
0.876822 0.530349 1.09989 1.01519 0.750525 1.05004
0.87561 0.574986 1.04756 1.01982 0.698405 1.06717
0.956696 0.94887 1.03919 0.981901 0.86077 1.06952
1.04132 1.05249 0.908245 0.980031 1.07097 0.972266
1.05621 0.973276 0.935352 0.952636 1.11868 1.03333
end
gesture a20 hands 2
1.05417 0.717043 1.35171 0.908715 0.929545 1.34669
0.945287 0.429913 1.30206 0.891135 0.778801 1.49179
0.888023 0.428664 1.28881 0.93491 0.870014 1.35951
0.87345 0.485231 1.12757 0.942363 0.890508 1.35278
0.898458 0.613094 1.19645 0.957429 0.912239 1.25967
0.926409 0.899377 1.17282 0.928798 0.871591 1.43923
1.02621 0.920079 1.14923 0.932697 0.958802 1.22514
0.994746 0.773502 1.31542 0.916097 0.928828 1.33646
end
gesture a20 hands 2
0.982259 0.947216 1.16135 0.908914 1.0295 1.06499
1.00849 0.903969 1.15505 1.07028 0.778099 1.06833
0.969514 0.688476 1.07332 1.10308 0.737104 1.05347
0.904692 0.422504 1.01697 0.978499 0.8324 1.04092
0.903665 0.488213 0.966163 0.976596 0.942992 1.04669
0.944694 0.672443 0.996955 1.02752 0.941155 0.958512
0.946386 0.725689 0.996987 0.995965 1.05424 0.85717
0.934622 0.885614 0.924069 0.943558 1.0345 1.0772
end
gesture a20 hands 2
1.08703 0.788541 1.13846 0.877991 0.985908 0.867462
1.10699 0.788492 1.16077 0.913581 0.95645 0.940945
1.0033 0.761162 1.15582 0.927527 0.863952 1.13652
0.966797 0.502666 1.03542 1.00777 0.696827 1.23171
0.900965 0.51054 0.942816 0.970255 0.720285 1.22865
0.962402 0.70339 0.893106 1.0007 1.0107 0.983862
0.976771 0.889732 1.00297 0.998749 1.1236 0.885834
0.93839 1.04022 0.895027 0.928183 1.0667 0.991791
end
gesture a20 hands 2
0.93462 0.836778 0.909669 0.742348 0.910343 1.33168
1.01545 0.792069 1.07576 0.88352 0.886494 1.18847
1.0175 0.702295 1.00964 0.929756 0.865627 1.16008
0.98583 0.483811 0.955606 0.95547 0.65803 1.21896
0.932767 0.399152 0.987105 0.883474 0.795892 1.21247
0.907192 0.64133 0.975096 1.02728 1.12229 0.870917
0.934449 0.878014 1.08291 0.984377 1.08601 0.872047
0.942229 1.00669 0.952206 0.931868 1.02494 0.985971
end
gesture a20 hands 2
0.947193 0.825233 0.925711 0.892784 0.975977 1.18668
0.989452 0.707434 0.970992 0.960242 0.88385 1.0987
0.969814 0.490859 0.941041 0.942219 0.760463 1.17567
0.951519 0.436932 0.948884 1.02297 0.891913 1.17973
0.876883 0.556167 1.0168 1.0162 1.07311 0.840874
0.943459 0.753122 0.994816 0.947219 1.03712 0.86157
0.940688 1.06719 1.00109 0.926552 1.02558 1.09107
1.00427 1.00472 1.10967 0.904541 1.00758 1.07076
end
gesture a20 hands 2
1.00405 0.692827 1.26856 0.990891 1.02754 0.906685
0.991855 0.713165 1.24303 0.977695 1.01583 0.96362
1.03035 0.524088 1.13052 0.941445 0.910106 1.15203
1.00632 0.367881 1.09283 1.00658 0.811972 1.07382
1.00199 0.658365 1.03919 1.04272 0.850207 1.09461
1.00694 0.608118 1.05686 0.973498 0.996522 0.969563
0.98982 0.800943 1.02815 0.949336 1.01648 1.041
0.964795 0.838669 1.00791 0.921268 1.03841 1.01203
end
gesture a20 hands 2
1.06313 0.640359 1.2326 0.94056 1.15901 1.06949
1.0948 0.48057 1.12627 0.969425 1.10882 1.07624
1.08788 0.425178 1.11732 0.926283 0.948105 1.09767
1.0459 0.411569 1.1054 0.936866 0.811319 1.06342
0.933544 0.568636 1.11465 0.991599 0.718188 1.10176
0.937049 0.658579 1.11708 0.977078 0.858638 1.01651
0.950146 0.832197 1.04524 0.973227 0.911665 0.996808
0.958083 0.842955 1.02014 0.949356 1.08165 1.02174
end
gesture a20 hands 2
1.13204 1.12851 0.853706 0.76668 0.758292 0.973982
1.15946 1.07028 0.981214 0.825062 0.737088 1.01037
1.17513 0.959168 0.975306 0.80507 0.648768 1.07134
1.18069 0.796014 1.00873 0.770773 0.612662 1.08719
1.14939 0.830247 1.04262 0.705904 0.649522 1.16219
0.820132 0.999917 1.06013 0.785829 0.76085 1.12848
0.760676 1.05519 1.13527 0.900258 0.946643 1.08519
0.787132 1.05716 1.12447 0.941984 0.972067 1.06793
end
