gesture a02 hands 2
1.39257 0.871516 1.23905 0.859922 0.976057 1.13791
1.2358 1.0441 1.0232 0.968862 0.952415 1.05441
1.00559 1.05858 0.924094 0.956551 0.968193 1.0443
1.01655 0.873273 1.11756 1.00392 0.962157 0.969819
end
gesture a02 hands 2
0.984167 0.703912 1.37226 1.012 0.960805 0.986313
1.02039 0.890203 1.16002 0.941539 0.983796 1.06492
0.930098 1.04199 0.943276 0.974272 0.968892 1.02652
1.01814 0.949973 1.02593 0.98884 0.969342 1.015
end
gesture a02 hands 2
1.02816 0.678478 1.37124 1.01386 0.965995 0.982125
1.10615 0.735872 1.27338 0.999528 0.967745 1.00832
0.943476 1.03725 0.946791 0.933181 0.968172 1.10396
0.97207 0.915391 1.05433 0.97178 0.969924 1.03104
end
gesture a02 hands 2
0.926431 0.544745 1.39639 0.98631 0.933989 1.04337
1.10216 0.656425 1.30421 0.954626 1.00531 1.04309
0.93917 0.990425 1.02911 0.970457 0.981622 1.00843
1.04307 0.952275 1.0327 0.948664 1.00106 1.01238
end
gesture a02 hands 2
0.909647 0.460245 1.41854 1.00994 0.903563 1.03434
0.991981 0.897336 1.08308 0.930755 1.02366 1.05706
0.992392 0.93024 1.05424 0.959118 0.971888 1.05631
1.00757 0.839475 1.11871 0.953713 0.969275 1.01632
end
gesture a02 hands 2
0.91862 0.517166 1.38062 1.023 0.909301 1.03634
0.941428 0.955076 1.06111 0.915476 1.02781 0.945858
0.963774 1.02416 0.997061 0.939087 0.996545 1.06408
1.01955 0.865265 1.08591 0.994963 0.948275 1.03429
end
gesture a02 hands 2
1.01289 0.675543 1.3423 0.974042 0.975974 1.01923
0.910761 0.896806 1.13566 0.935892 0.923422 1.04429
1.03024 1.00786 0.984923 0.953249 0.928046 1.09885
1.07428 0.954516 1.01966 0.985973 0.976379 1.02206
end
gesture a02 hands 2
1.02159 0.647948 1.41187 0.976205 0.972637 1.01798
1.018 0.965409 1.04176 0.94976 0.928741 1.15845
0.888128 0.955125 1.05818 0.955797 0.985087 0.957889
1.07452 0.896227 1.089 0.963336 0.980943 0.986241
end
gesture a02 hands 2
1.04436 0.657102 1.39302 0.983876 0.973301 1.02636
0.994652 1.02382 0.986493 0.948186 0.95241 1.09342
1.03072 0.955692 1.04015 0.955681 0.976942 1.01161
1.06679 0.887564 1.0938 0.981296 0.971731 1.02559
end
gesture a02 hands 2
0.983922 0.848176 1.12701 0.983112 0.980755 0.983641
0.957651 0.951686 1.0386 0.959523 0.970654 1.08622
0.95212 1.04838 0.929009 0.962253 0.982245 1.01877
1.045 1.00129 1.01052 0.961915 0.960033 1.03861
end
gesture a02 hands 2
0.989894 0.758898 1.23176 0.968161 0.946764 1.00238
1.03681 0.863371 1.08856 0.93434 0.959731 1.08451
1.01014 1.04342 0.962089 0.973717 0.957999 1.03086
1.03235 0.956779 1.0413 0.966388 0.959882 1.05966
end
gesture a02 hands 2
1.01983 0.767257 1.21764 0.964191 0.938396 1.02841
0.990829 1.0206 0.975581 0.955688 0.943284 1.00018
1.01605 0.878933 1.10422 0.928675 0.95626 1.10964
1.02445 0.831712 1.1471 0.959739 0.949771 1.0289
end
gesture a02 hands 2
0.965778 0.693187 1.28452 0.926388 0.951405 1.01335
0.981435 0.909836 1.11511 0.958645 0.936718 1.01038
0.915341 1.03503 0.954458 0.965797 0.964379 1.0175
1.05477 0.932954 1.04752 0.972833 0.980254 1.0522
end
gesture a02 hands 2
1.02463 0.765787 1.25182 0.974218 0.955072 1.04597
0.973865 0.916255 1.09228 0.968651 0.978519 1.00709
0.934774 1.04903 0.932572 0.966559 0.976139 1.0626
1.04731 0.947246 1.05608 0.967399 0.980905 1.00456
end
gesture a02 hands 2
1.02782 0.708088 1.2869 0.985713 0.961755 1.00358
1.03223 1.0528 0.935357 0.965452 0.980195 1.06278
0.902114 1.08508 0.93139 0.993336 0.980513 1.01278
1.03492 0.963799 1.03455 0.975934 0.967748 1.03828
end
gesture a02 hands 2
0.853014 0.632643 1.32691 0.968482 0.974865 1.0373
0.939583 0.824276 1.18745 0.957291 1.00293 1.03125
1.12541 1.08602 0.932593 1.02393 0.931174 0.989985
1.05517 0.932732 1.02465 0.970758 0.972609 1.0362
end
gesture a02 hands 2
0.89319 0.605803 1.35254 0.968189 0.954154 1.04253
1.00407 0.823969 1.17854 0.95969 0.993549 1.03407
1.05517 1.07268 0.940488 0.992163 0.947144 1.01647
1.02767 0.881394 1.06371 0.967307 0.975584 1.04074
end
gesture a02 hands 2
0.923951 0.622394 1.35342 0.973803 0.963976 1.02119
0.953487 0.624004 1.35098 0.974584 0.966129 1.04236
1.03505 1.11148 0.90031 0.970388 0.968354 1.02952
1.00105 0.8543 1.08711 0.975227 0.942291 1.04294
end
gesture a02 hands 2
0.955356 0.580198 1.3078 0.985153 1.0226 0.989021
0.977874 1.05816 0.936533 0.979595 0.947354 1.03999
1.13095 1.09311 0.940287 1.01097 0.985618 1.03103
0.941695 0.890413 1.08637 1.01997 0.960688 0.969413
end
gesture a02 hands 2
0.981275 0.53329 1.34298 0.964423 0.913723 1.0351
0.993753 1.08217 0.965207 0.899003 0.906164 1.04162
0.903823 0.95346 1.01966 0.91675 1.05634 1.0141
0.896153 0.947083 1.02379 1.11987 1.04718 0.979781
end
gesture a02 hands 2
0.54255 0.509785 1.2654 1.32545 0.960406 1.11986
0.92832 0.929938 1.06772 1.39038 0.981148 1.02272
0.861636 0.94956 1.05731 0.905712 0.978393 1.03106
0.884038 0.962018 0.956168 0.901585 0.987222 1.00314
end
gesture a02 hands 2
0.930097 0.791682 1.1884 0.961384 0.971627 1.00437
1.13952 0.870432 1.25289 0.959495 0.979109 1.02355
1.02131 0.944625 1.05858 0.974905 0.963878 1.07204
0.969692 0.945887 1.0308 0.961227 0.981337 1.02562
end
gesture a02 hands 2
0.950144 0.78489 1.29072 0.975867 0.973487 1.02379
0.995469 0.958059 1.02493 0.97984 0.949629 1.06366
1.14194 1.01632 1.00333 0.969645 0.981338 1.03864
0.994828 0.850118 1.1606 0.962951 0.968167 1.0514
end
gesture a02 hands 2
0.945452 0.764969 1.27882 0.954239 0.979482 1.07058
1.12135 0.996588 1.02787 0.94913 0.963109 1.04195
0.96935 1.01393 0.989577 0.981373 0.953083 1.04638
0.998038 0.881264 1.13367 0.945868 0.96292 1.04161
end
gesture a02 hands 2
1.00025 0.62111 1.36371 0.976543 0.971072 1.03503
1.01263 0.619194 1.3367 0.950417 0.96158 1.04765
1.0029 0.879869 1.0984 0.958272 0.970181 1.06736
1.0231 0.943289 1.04552 0.944801 0.963087 1.04162
end
gesture a02 hands 2
0.998641 0.560128 1.4619 0.946485 0.956759 1.05135
0.939054 0.97402 1.05696 0.950126 0.960502 1.04258
0.98951 0.975302 1.03294 0.963368 0.971651 1.03205
1.02015 0.889181 1.09035 0.953767 0.964246 1.03381
end
gesture a02 hands 2
0.995402 0.495665 1.50801 0.946244 0.960379 1.03376
1.00832 0.492877 1.48116 0.96424 0.962169 1.06991
1.01884 0.790629 1.18645 0.941113 0.966177 1.07997
0.998716 0.898241 1.09029 0.953815 0.947203 1.08336
end
gesture a03 hands 2
0.940637 0.743649 1.1719 0.920653 0.969585 1.10773
1.02184 0.797733 1.16929 0.995486 0.994862 0.988574
0.939611 0.906656 0.957034 0.897679 0.929707 1.02103
0.999811 0.730807 1.1743 0.995295 0.979017 1.09572
end
gesture a03 hands 2
0.946817 0.700017 1.21139 0.954966 0.981357 1.12775
1.06576 0.944782 1.2024 1.0113 0.988198 0.953363
0.943828 0.893524 0.970262 0.909954 0.910312 1.0212
0.968631 0.735051 1.15627 0.960446 0.977535 1.12927
end
gesture a03 hands 2
0.911036 0.63507 1.19886 0.950641 0.961432 1.04759
1.02326 0.885921 1.19051 0.954757 0.965501 0.949446
0.950507 0.849758 0.966341 0.910385 0.945647 1.0916
0.976556 0.777847 1.07942 0.959884 0.97335 1.12385
end
gesture a03 hands 2
0.941394 0.670353 1.29803 0.96972 0.887068 1.20693
0.976788 0.78022 1.16059 1.03469 0.988572 0.982714
0.960588 0.918914 1.01467 0.9421 0.935907 0.999452
0.956635 0.87066 1.04279 0.870094 1.06307 0.982651
end
gesture a03 hands 2
0.985173 0.811752 1.18505 0.886931 1.03343 1.01916
0.879581 0.699243 1.24515 1.04146 0.930975 1.13915
0.940607 0.908461 1.19443 0.992916 0.972821 0.942784
0.958121 0.865975 1.05395 0.907808 1.02632 1.01439
end
gesture a03 hands 2
0.973271 0.777835 1.19347 0.997462 0.959153 1.07932
1.01716 0.959902 1.23527 0.951309 0.927678 0.981006
0.971679 1.00295 0.985111 0.82655 1.08908 0.999445
0.941996 0.791425 1.17325 0.985009 0.89787 1.13786
end
gesture a03 hands 2
1.03137 0.79088 1.21122 0.966868 0.965069 1.0115
1.09037 0.99688 1.12006 0.94431 0.985623 0.911816
0.89486 0.924565 0.961586 0.993579 0.970149 1.12063
0.957209 0.846145 1.05811 0.91732 0.957912 0.995378
end
gesture a03 hands 2
1.08051 0.705478 1.31341 0.890486 0.961137 0.836595
1.12131 0.971158 1.13792 0.916369 0.945086 1.07596
0.898988 0.906647 1.01106 1.03583 0.962106 1.24192
0.984021 0.857421 1.03066 0.94352 0.928584 1.09759
end
gesture a03 hands 2
1.05441 0.735744 1.30803 0.959494 0.977047 0.925554
1.104 0.968403 1.15871 0.930679 0.948571 1.05245
0.892712 0.942799 0.941304 1.06088 0.986001 1.23578
0.996956 0.902849 1.02077 0.952363 0.969242 1.02128
end
gesture a03 hands 2
1.10562 0.723181 1.17455 0.902916 0.925723 1.03703
1.05784 0.987087 1.10526 1.04064 0.999024 0.91573
0.895462 0.923312 0.963898 0.934697 0.92792 1.14039
0.902103 0.865078 0.979459 0.883767 0.929178 1.07233
end
gesture a03 hands 2
1.09312 0.785869 1.12827 0.828413 0.91431 1.00774
1.06197 0.922719 1.04107 1.13933 1.12668 0.934801
1.06891 1.0732 1.09116 0.860394 0.90023 1.08004
0.913953 0.826241 1.02654 0.841636 0.886887 1.06083
end
gesture a03 hands 2
0.87006 0.81552 0.997965 0.988633 0.969123 0.980226
0.980789 1.01011 1.04985 0.91698 1.01083 0.920396
0.845391 0.895137 0.929675 0.943264 0.914164 1.11068
1.00708 0.80029 1.05927 0.947816 0.96241 0.9744
end
gesture a03 hands 2
1.01184 0.729859 1.16561 0.996312 0.974901 1.01631
0.912598 1.10668 0.811671 0.947217 0.975972 0.997204
0.968772 0.858883 1.04132 1.00286 0.966226 1.01556
1.00489 0.7526 1.13998 0.975727 0.967367 1.00308
end
gesture a03 hands 2
0.987944 0.616037 1.31494 0.980649 0.923318 1.04197
0.995533 0.932855 1.09119 0.972645 0.929471 1.06989
0.900679 0.91581 0.960416 0.926747 0.992039 0.982031
0.941484 0.807687 1.04001 0.978013 0.951381 1.05306
end
gesture a03 hands 2
1.02638 0.615266 1.29495 0.948287 0.943593 1.02452
0.968823 1.09004 0.984431 0.986245 0.989391 1.01721
0.946533 1.14846 0.906631 0.962499 1.00015 1.0577
0.978277 0.828326 1.03731 0.961086 0.952233 1.00463
end
gesture a03 hands 2
0.978968 0.558618 1.31263 0.965255 0.92803 1.05536
0.993963 0.577452 1.29506 0.961545 0.955883 1.04521
0.968369 0.971507 0.973188 0.960016 1.02423 1.04141
0.98841 0.834285 1.03339 0.955553 0.965106 1.03676
end
gesture a03 hands 2
0.989287 0.540314 1.2798 0.958427 0.944972 1.04516
0.953819 1.0046 0.978374 0.9677 0.949863 1.01709
0.960204 0.949242 0.973733 0.958687 0.974806 1.04345
0.968461 0.860191 1.04027 0.959817 0.942397 1.05169
end
gesture a03 hands 2
1.00546 0.532952 1.3734 0.962877 0.942212 1.04198
1.03789 0.815415 1.25021 0.97222 0.949044 1.01448
0.957836 0.991875 0.996775 0.954414 0.971336 1.05198
0.976688 0.829221 1.05161 0.95892 0.949694 1.05315
end
gesture a03 hands 2
0.990876 0.648427 1.32831 0.971097 0.967606 1.0202
0.988417 0.649611 1.24514 0.944872 0.975389 1.00847
0.986797 0.896854 1.14356 0.945479 0.955216 1.08104
0.960241 0.756743 1.02822 0.97437 0.95767 1.02411
end
gesture a03 hands 2
0.973863 0.695954 1.26441 0.984342 0.946362 1.04032
0.953367 0.681477 1.28045 0.985493 0.960475 1.11612
0.968352 0.932227 1.12114 0.933315 0.943387 1.1391
0.989876 0.734634 1.07731 0.959787 0.976304 0.978919
end
gesture a03 hands 2
0.926575 0.631468 1.31883 0.9561 0.958575 1.01076
0.933755 0.633195 1.28981 0.96663 0.939871 1.10792
0.959715 0.886021 1.15261 0.948444 0.948774 1.103
0.981498 0.786449 1.0379 0.9638 0.952816 1.02136
end
gesture a03 hands 2
0.961807 0.558292 1.35929 0.956076 0.952932 1.04764
0.979712 0.77621 1.16139 0.947663 0.967339 1.07248
0.96976 0.913204 0.940635 0.952768 0.963654 1.05359
0.979468 0.829827 0.9913 0.957873 0.959969 1.0347
end
gesture a03 hands 2
0.96682 0.644627 1.27324 0.961322 0.962615 1.03095
0.980457 1.06453 0.971434 0.969018 0.990209 1.02266
0.975305 1.02313 0.933337 0.963983 0.978553 1.08344
0.97153 0.80525 1.09708 0.971171 0.965434 1.02788
end
gesture a03 hands 2
0.965576 0.559812 1.33135 0.957692 0.963612 1.02207
0.978804 0.809304 1.17019 0.971109 0.975995 1.1488
1.01362 0.766004 0.98461 0.954495 0.973354 0.992742
0.98659 0.813542 1.02297 0.934015 0.967582 1.09768
end
gesture a03 hands 2
1.06419 0.565483 1.39535 0.957945 0.975996 1.03181
1.00168 0.87255 1.1121 0.962284 0.962173 1.06951
0.978872 0.978361 1.06161 0.958515 0.989682 1.028
0.976551 0.747007 1.00766 0.971277 0.951568 1.06197
end
gesture a03 hands 2
1.0283 0.556952 1.306 0.95666 0.950323 1.06962
1.01642 0.78513 1.1748 0.959981 0.976913 1.034
0.954825 0.949254 0.92005 0.955105 0.986018 1.05064
0.97696 0.84063 0.977723 0.963728 0.958118 1.07938
end
gesture a03 hands 2
1.01093 0.624074 1.32146 0.947801 0.959728 1.06806
0.972706 0.973624 1.03622 0.958401 1.01894 1.03825
0.966482 1.00697 1.00054 0.968875 0.940812 1.05441
0.987966 0.843246 0.99231 0.956337 0.944821 1.08097
end
gesture a05 hands 2
1.00111 0.738733 1.23425 0.944198 0.915344 1.08156
1.00807 0.754088 1.21031 1.03052 1.08339 0.942319
0.969581 1.05458 0.952982 0.965386 1.11602 0.964965
0.996598 0.802205 1.15519 0.96285 0.929954 1.07427
end
gesture a05 hands 2
1.00705 0.7064 1.23717 0.95808 0.942936 1.05596
0.973247 1.00233 0.948351 1.02783 1.13044 0.908725
0.999288 0.714529 1.25438 0.970756 1.12007 0.926048
1.00339 0.805078 1.15971 0.979685 0.95419 1.02964
end
gesture a05 hands 2
0.970763 0.656113 1.31541 0.962098 0.950605 1.04938
0.973081 0.670037 1.28899 0.957708 1.00758 1.11985
0.963022 0.966393 1.03054 0.946566 0.962242 0.974889
0.94059 0.680992 1.22906 0.950014 0.953973 1.01214
end
gesture a05 hands 2
0.956241 0.773678 1.24866 0.933792 0.902381 1.19499
1.01133 1.10706 0.921076 0.987021 1.03057 0.862885
1.00816 1.06379 0.896378 0.989624 0.953591 1.13942
1.01202 0.890396 1.11137 0.99742 0.94662 1.14687
end
gesture a05 hands 2
1.0287 0.773734 1.29445 1.01659 0.91943 1.16201
1.02998 0.812141 1.27266 1.04547 1.02561 0.937493
0.976502 1.01942 0.97141 0.887879 0.948799 0.933907
0.990227 0.822483 1.14102 0.959808 0.92912 1.17364
end
gesture a05 hands 2
0.979415 0.736058 1.15438 0.967762 0.803807 1.16479
1.05132 0.835745 1.13813 1.01472 0.929082 0.850737
1.00086 1.16702 0.976926 0.98909 1.14759 0.8879
0.925867 0.860079 1.05463 0.920356 0.922823 1.1173
end
gesture a05 hands 2
1.08091 0.544624 1.40858 0.928692 0.971301 1.01232
1.06518 0.726417 1.23535 0.848321 1.01414 0.982569
0.980721 0.946456 1.06955 1.00194 0.928172 1.15188
1.034 0.870876 1.12811 0.934439 0.977121 1.0043
end
gesture a05 hands 2
1.06329 0.599931 1.39769 0.970455 0.98532 0.986656
1.07701 0.714921 1.25218 0.897598 1.00882 1.00911
0.997996 0.958972 1.03444 1.0036 0.946687 1.12551
1.05406 0.805427 1.17861 0.988285 0.970321 1.00546
end
gesture a05 hands 2
1.07249 0.578375 1.46449 0.986888 0.955167 0.910781
1.10686 0.748111 1.29492 0.909069 0.956724 0.954078
1.03973 0.894309 1.11099 0.971798 0.961713 1.16834
1.06318 0.77255 1.21347 0.963029 0.971192 0.920612
end
gesture a05 hands 2
1.06856 0.550797 1.35215 0.939006 0.938108 0.962985
1.04831 0.571863 1.34602 0.929276 0.963901 0.951511
0.958318 0.956032 1.05802 0.922313 0.951568 1.14093
0.975539 0.877172 1.08863 0.967887 0.938556 1.06387
end
gesture a05 hands 2
1.05334 0.69149 1.26269 0.944277 0.942505 1.01836
0.966787 0.957969 1.02716 0.952201 0.983402 1.02309
1.02967 0.751123 1.2077 0.962515 0.962282 1.11468
0.940305 1.04197 0.957021 0.958449 0.960502 1.08687
end
gesture a05 hands 2
1.06865 0.723725 1.30539 0.925371 0.945686 1.02795
0.996008 0.872357 1.10106 0.94235 0.953527 1.013
0.932616 1.07475 0.940433 0.962272 0.953749 1.16275
0.960858 0.968745 1.02153 0.949565 0.945131 1.04752
end
gesture a05 hands 2
1.0935 0.487248 1.37113 1.00624 0.958925 0.986334
1.08243 0.51112 1.35736 0.996482 0.964585 1.07463
0.91857 1.15826 0.878065 0.967682 0.998498 1.04115
0.9799 0.934105 0.993752 0.955431 0.956895 0.975277
end
gesture a05 hands 2
1.06931 0.493405 1.34462 0.971717 0.944509 1.02194
0.990522 1.06173 1.11657 0.988958 0.977582 1.07396
0.932098 1.12693 0.876305 0.975279 0.958107 0.97278
0.983849 0.851715 1.05277 0.938488 0.964874 0.979341
end
gesture a05 hands 2
1.03213 0.614507 1.31877 0.971547 0.933417 1.03343
1.01881 0.637008 1.30419 0.96441 0.959075 1.01986
0.967278 1.0612 1.01132 0.951315 0.98958 1.05521
1.00199 0.858315 1.17027 0.9588 0.961469 1.04921
end
gesture a05 hands 2
1.01631 0.635274 1.30578 0.963811 0.966243 1.04086
1.01867 0.664688 1.30333 0.96136 0.965737 1.04039
0.972618 1.04041 1.03135 0.953536 0.989234 1.05668
1.00312 0.843413 1.13958 0.958909 0.965231 1.03993
end
gesture a05 hands 2
1.01734 0.682538 1.22808 0.959749 0.954046 1.05561
1.02163 0.668245 1.25371 0.969924 0.956338 1.04067
0.950982 1.10002 0.956922 0.971441 0.953622 1.02828
1.01043 0.801148 1.17946 0.980098 0.958631 1.02574
end
gesture a05 hands 2
0.994463 0.671419 1.2718 0.985989 0.959784 1.01106
1.00652 0.787644 1.16729 0.919835 0.917359 1.02218
0.948701 1.08453 0.951983 0.974716 0.964223 1.03159
0.996569 0.826655 1.16264 0.997061 0.971511 1.04069
end
gesture a05 hands 2
1.0367 0.60237 1.35862 0.979647 0.963267 1.0592
0.962164 1.00711 1.00743 0.946731 0.96035 1.11269
0.958757 0.983588 0.993348 0.955445 0.912261 1.04984
0.975801 0.821975 1.10788 0.958551 0.961647 1.02787
end
gesture a05 hands 2
0.994688 0.654739 1.34335 0.989364 0.967606 1.05275
0.973322 0.979829 1.08998 0.947614 0.988013 1.09357
0.988074 0.643299 1.31646 0.929548 0.904568 1.0375
0.984131 0.849936 1.06298 0.975548 0.935661 1.03544
end
gesture a05 hands 2
0.999846 0.556552 1.33658 0.932583 0.95103 1.05668
0.981927 0.7531 1.18849 0.930036 0.968235 1.03266
0.993556 0.654508 1.23601 0.964 0.940878 1.14039
0.964009 0.949647 1.0404 0.942519 0.954694 1.09048
end
gesture a05 hands 2
0.959025 0.641535 1.23462 0.943072 0.965377 1.04582
0.972519 0.642451 1.32324 0.970813 0.959096 1.12479
0.970062 0.990813 1.01791 0.957672 0.93619 1.08277
0.976224 0.90606 1.04469 0.933312 0.972656 1.08392
end
gesture a05 hands 2
0.980564 0.69923 1.27743 0.947692 0.983664 1.05516
1.00872 0.694288 1.2856 0.995873 0.913447 1.04402
0.976372 1.04206 0.978631 0.974579 0.952956 1.08233
0.976743 0.759833 1.18105 0.961225 0.972243 1.03501
end
gesture a05 hands 2
1.03071 0.675741 1.27085 0.949715 0.951526 1.04141
1.03286 0.682889 1.24207 0.947099 0.991475 1.08579
0.975111 0.926054 1.03965 0.953958 0.943132 1.08541
0.984978 0.879554 1.07198 0.956785 0.940985 1.05597
end
gesture a05 hands 2
1.01714 0.603024 1.35165 0.936296 0.931975 1.06083
1.02906 0.616939 1.32807 0.932788 0.950089 1.08334
0.971766 0.857554 1.11027 0.941459 0.92112 1.08338
0.986195 0.795503 1.16519 0.93972 0.934999 1.05709
end
gesture a05 hands 2
1.05271 0.660138 1.3507 0.949306 0.949372 1.0467
1.03261 0.669193 1.3305 0.937206 0.961229 1.1018
0.966879 0.915776 1.08503 0.937188 0.929637 1.12236
0.984147 0.813126 1.153 0.937364 0.944723 1.03647
end
gesture a06 hands 2
0.938574 0.482655 1.19935 0.925706 0.948372 1.06781
0.969266 0.760766 1.04946 0.995456 1.03581 0.908027
0.973893 1.0066 0.973165 0.924535 0.920619 1.1292
0.974741 0.904012 0.993646 0.978801 0.98008 1.08803
end
gesture a06 hands 2
0.928005 0.438638 1.2921 0.944393 0.981762 1.0923
0.942129 0.58957 1.19326 0.97882 1.00892 0.956188
0.953782 0.92527 1.05566 0.940361 0.929467 0.925222
0.95379 0.861167 1.0074 0.93255 0.963084 1.16681
end
gesture a06 hands 2
0.900299 0.601686 1.19998 0.952952 0.963518 1.11312
0.96066 0.688814 1.10901 0.973523 1.00283 0.899545
0.994496 1.0383 0.973412 0.962197 0.947878 1.08971
0.928795 0.717334 1.06236 0.97289 0.962306 0.994091
end
gesture a06 hands 2
0.898899 0.702814 1.11441 0.880229 0.871591 1.15114
0.947709 0.6772 1.07741 0.983147 1.10669 0.887218
0.968768 1.07359 0.988062 0.965209 1.20319 0.931366
0.970284 0.861496 1.03762 0.941164 0.945902 1.07555
end
gesture a06 hands 2
0.93438 0.688278 1.1938 0.879858 0.74611 1.17151
0.994558 0.728106 1.08029 1.01928 0.836232 1.0821
0.983546 1.01911 1.00465 0.954113 1.13531 0.98978
0.973792 0.85778 1.0421 0.947689 0.877832 1.07193
end
gesture a06 hands 2
0.984913 0.548524 1.10159 0.966586 0.812679 1.12243
1.00244 0.993328 0.935532 1.00634 0.974677 0.873039
1.09168 1.0299 0.962219 0.95046 1.22803 0.953243
0.835383 1.15207 1.09571 0.965688 0.846989 1.13775
end
gesture a06 hands 2
0.955261 0.493412 1.20319 1.02798 0.868767 1.02753
1.11662 0.687272 1.22857 0.855675 1.049 0.861903
1.04996 0.974465 1.03205 0.946847 1.01336 1.15607
1.0578 0.861922 1.07206 1.00893 0.919469 0.997384
end
gesture a06 hands 2
1.01896 0.3993 1.35238 1.00058 0.90558 1.00935
1.06421 0.619469 1.21052 0.874807 0.996445 0.934279
1.02112 0.832422 1.11788 1.00544 0.982665 1.11421
1.04324 0.755838 1.12158 0.899547 0.987453 1.039
end
gesture a06 hands 2
1.0266 0.481231 1.34075 1.01593 0.936819 1.03544
1.0573 0.562653 1.25591 0.89636 1.00609 0.99711
1.03978 0.883129 1.07362 0.99878 0.990182 1.12899
1.02594 0.614224 1.21688 1.00323 0.925209 1.05261
end
gesture a06 hands 2
1.01321 0.636498 1.1382 0.976539 0.947871 1.03295
1.01631 0.655717 1.11578 0.876056 1.01151 0.915772
0.953757 0.94604 0.984027 0.969978 0.973109 1.02249
0.992048 0.786334 1.0981 0.980977 0.949312 1.02912
end
gesture a06 hands 2
1.00849 0.603299 1.2385 0.952563 0.926765 1.06045
1.03867 0.84141 1.15987 0.94425 0.999486 0.896771
0.955035 0.905177 1.00819 0.937576 0.941155 1.12225
0.962458 0.8308 1.05188 0.928477 0.960708 1.03949
end
gesture a06 hands 2
1.0248 0.658038 1.22124 0.958196 0.955352 0.983806
1.06357 0.731818 1.12339 0.920218 1.0324 0.916061
0.979621 1.00643 1.00056 0.961555 0.957167 1.12576
0.975697 0.889242 1.03782 0.968967 0.964556 1.03837
end
gesture a06 hands 2
1.00558 0.367983 1.20558 0.960651 0.953341 1.03838
1.09175 0.617443 1.19401 0.969242 0.988969 0.982831
0.963555 1.09233 0.973816 0.991605 0.973996 1.0366
0.976395 0.80967 1.02392 0.970345 0.955008 1.04598
end
gesture a06 hands 2
1.01106 0.386817 1.20474 0.962045 0.964156 1.00152
1.0351 0.373758 1.21646 0.977859 0.970743 0.998426
0.976431 1.14238 1.04252 0.962408 0.955393 1.0893
0.977722 0.855793 1.05452 0.968808 0.954985 0.981748
end
gesture a06 hands 2
0.934385 0.386387 1.13392 0.969499 0.93759 1.07482
0.971687 0.442156 1.08032 0.96536 0.997942 1.02287
0.968026 1.06229 1.05716 0.98464 0.919963 1.04236
1.02235 0.871302 1.06502 0.956303 0.978159 1.04901
end
gesture a06 hands 2
0.93412 0.504427 1.1806 0.953143 0.944267 1.07119
0.994649 0.530043 1.1505 0.970316 0.929275 1.05208
0.982972 0.937793 1.04354 0.964324 0.989385 1.03979
0.974248 0.705971 1.09988 0.959171 0.95185 1.03455
end
gesture a06 hands 2
0.885489 0.465806 1.15264 0.966375 0.93501 1.06306
0.969079 0.997325 1.03534 0.960762 0.995021 1.00893
1.0168 0.995173 1.05196 0.962874 0.96193 1.04451
0.997059 0.765637 1.09992 0.960606 0.928147 1.09323
end
gesture a06 hands 2
0.95893 0.399252 1.19628 0.972753 0.94443 1.07364
0.957706 0.418413 1.17222 0.961741 1.00518 0.97716
0.973475 0.988911 0.975631 0.965341 0.91131 0.998342
0.980664 0.890953 0.96823 0.993382 0.975351 1.05727
end
gesture a06 hands 2
0.976591 0.494545 1.26651 0.974458 0.993958 1.05833
0.954702 0.496381 1.25092 0.950153 0.885643 0.986085
0.96787 0.927441 1.03968 0.987329 0.957731 1.06434
0.976853 0.772769 1.06581 0.965193 0.97332 1.06047
end
gesture a06 hands 2
0.953679 0.520025 1.24903 0.989489 0.97035 0.995739
0.979916 0.941938 1.01887 0.9818 0.915517 0.994775
0.979632 0.920892 1.00317 0.967122 0.964952 1.12555
0.979256 0.746528 1.10719 0.969038 1.01748 1.02713
end
gesture a06 hands 2
0.960498 0.395035 1.22449 0.956529 0.969592 1.05935
0.998282 0.433452 1.16195 0.960071 0.97622 0.982103
0.978327 0.923957 1.00817 0.975893 0.957442 1.0678
0.990269 0.763645 1.04603 0.928435 0.978576 1.09194
end
gesture a06 hands 2
0.966558 0.329468 1.31543 0.946438 0.966494 1.08175
0.965589 0.864613 1.06188 0.95073 0.972399 0.996116
0.963432 0.835983 1.03004 0.991783 0.906977 1.05413
0.964418 0.785497 1.04724 0.949182 0.975384 1.08671
end
gesture a06 hands 2
0.959965 0.454241 1.31966 0.948412 0.969923 1.06503
0.954816 0.43059 1.29007 0.952805 0.939741 1.03738
0.968614 0.96391 1.02311 0.986308 1.00107 1.04507
1.00919 0.892997 0.981859 0.977839 0.984175 1.05407
end
gesture a06 hands 2
0.981677 0.451286 1.3109 0.945155 0.942921 1.07674
0.989281 0.591321 1.17301 0.976716 0.955873 1.01029
0.976209 0.82965 1.06492 0.944143 0.968942 1.04095
0.970674 0.711851 1.11167 0.926087 0.950611 1.14333
end
gesture a06 hands 2
0.959482 0.42726 1.29373 0.929689 0.952635 1.12019
1.00032 0.500173 1.18213 0.926852 0.958431 1.0914
0.979668 0.854011 1.04513 0.949916 0.966019 1.03828
0.979328 0.799841 1.03223 0.96454 0.942717 1.08541
end
gesture a06 hands 2
0.961049 0.416514 1.26442 0.917127 0.940491 1.12664
0.984347 0.410029 1.28148 0.928342 0.941522 1.11558
0.978365 0.781058 1.1164 0.949747 0.951662 1.05581
0.975953 0.739025 1.08706 0.930888 0.921718 1.12428
end
gesture a10 hands 2
0.861782 0.813698 1.09657 1.04103 0.832419 1.08272
1.09609 0.938781 1.13502 0.850265 0.909818 1.21322
1.02216 0.996794 0.950556 0.912083 1.01478 0.964638
0.926453 0.83442 1.11785 1.06045 0.854531 1.11885
end
gesture a10 hands 2
0.860493 0.791995 1.16799 1.11638 0.807901 1.12583
1.09718 0.887025 1.25898 0.954519 0.874229 1.26868
1.01288 0.961697 1.04539 0.946591 0.980676 1.04816
0.992163 0.881854 1.14132 0.940031 0.900014 1.12992
end
gesture a10 hands 2
0.937268 0.830473 1.2719 1.00254 0.844579 1.25725
1.0588 0.863492 1.2532 0.878296 0.916322 1.20826
0.960272 1.01684 0.984116 0.979272 1.01355 0.934585
0.980855 0.925856 1.066 0.966235 0.947689 1.05004
end
gesture a10 hands 2
0.936076 0.746938 1.2997 1.04476 0.734516 1.27014
1.05185 0.792153 1.28164 0.962213 0.749895 1.24575
0.992372 0.930035 1.08655 0.951429 0.974841 1.02472
0.995987 0.841483 1.20678 0.952506 0.865943 1.15549
end
gesture a10 hands 2
0.969917 0.703114 1.27703 1.04486 0.667321 1.29613
1.14007 0.749309 1.28915 0.895623 0.744108 1.23726
1.03195 0.887763 1.1173 0.932119 0.952239 1.07952
0.977056 0.866223 1.16611 0.953428 0.884609 1.12403
end
gesture a10 hands 2
0.909507 0.864079 1.16177 1.03723 0.876598 1.12652
1.01252 0.898212 1.18024 0.930967 0.880504 1.16961
0.993192 1.03439 0.965221 0.941712 1.03309 0.968093
0.902571 0.840951 1.16388 1.03205 0.854026 1.1418
end
gesture a10 hands 2
0.96585 0.638138 1.33245 1.02653 0.667203 1.30684
0.985657 0.636093 1.31029 0.98813 0.67734 1.24656
0.947392 0.962398 1.04796 0.977475 1.03659 0.977108
1.02607 0.882188 1.07978 0.92176 0.931036 1.05809
end
gesture a10 hands 2
0.971144 0.601498 1.41896 1.05816 0.594877 1.38489
1.00022 0.596379 1.4149 0.980793 0.952506 1.06522
0.969766 0.916428 1.1063 0.934797 0.952477 1.04714
1.02529 0.835991 1.12229 0.931905 0.845921 1.12741
end
gesture a10 hands 2
0.967145 0.655721 1.37294 0.997239 0.64346 1.37182
0.992131 0.661676 1.35795 1.013 0.664559 1.3579
0.991335 0.961546 1.03876 0.94572 0.951297 1.02786
1.0033 0.830509 1.13604 0.973928 0.81155 1.16129
end
gesture a10 hands 2
0.868234 0.852146 1.18174 1.04259 0.86411 1.17658
1.0474 0.909056 1.13764 0.863429 0.913843 1.14155
1.01137 1.01149 0.94247 0.932425 1.00689 0.972976
1.00156 0.937818 1.06012 0.917276 0.934558 1.0776
end
gesture a10 hands 2
0.928768 0.841048 1.25544 1.00846 0.867369 1.21099
1.06866 0.884356 1.18067 0.858306 0.886698 1.18444
0.988019 0.979504 1.01767 0.929596 0.98326 1.00097
0.979944 0.909933 1.10767 0.940525 0.914096 1.12675
end
gesture a10 hands 2
0.945471 0.836502 1.3118 0.972552 0.862126 1.26798
1.03996 0.85299 1.25157 0.95029 0.848094 1.28211
0.956968 0.971691 1.04591 0.956197 0.965042 1.04052
0.979834 0.883139 1.14237 0.928563 0.90063 1.15484
end
gesture a10 hands 2
1.03254 0.867196 1.09698 0.901158 0.88454 1.12735
1.00037 0.956101 0.982241 1.00163 1.02995 0.954208
0.874511 1.06094 0.939214 0.979033 1.02832 0.935659
1.0114 0.869717 1.15559 0.892268 0.89823 1.11186
end
gesture a10 hands 2
1.01981 0.839065 1.16807 0.879329 0.861428 1.13115
1.01495 0.853599 1.14253 0.876204 0.883073 1.111
0.921758 0.983775 0.996622 0.984571 0.996266 0.954593
0.970616 0.921276 1.08191 0.922669 0.922433 1.09819
end
gesture a10 hands 2
1.03515 0.818524 1.18762 0.841019 0.856912 1.25429
1.01347 0.847137 1.15745 0.840123 0.844002 1.16963
0.910052 0.948195 0.997576 0.964302 0.951042 1.00611
0.991783 0.87575 1.12729 0.894506 0.872714 1.14506
end
gesture a10 hands 2
0.845416 0.776143 1.21542 1.15427 0.730187 1.25854
1.07574 0.827427 1.25086 0.882616 0.82189 1.20306
1.01247 0.962633 1.04249 0.962278 0.97081 1.00717
1.05382 0.967296 1.06202 0.899058 1.00178 1.02681
end
gesture a10 hands 2
0.922836 0.759243 1.24127 1.03083 0.765308 1.18618
1.05711 1.00005 1.00547 0.956207 0.925375 1.06496
0.999711 1.10228 0.860779 0.96287 1.12813 0.866508
0.974344 0.861652 1.16932 0.985059 0.86534 1.14189
end
gesture a10 hands 2
0.858417 0.65997 1.36234 1.15337 0.636074 1.34104
0.915777 0.960526 1.0172 0.967071 0.903162 1.09733
1.07031 0.984596 1.03238 1.03895 1.04024 0.913641
1.05431 0.971699 1.06838 0.92914 0.975773 1.05413
end
gesture a10 hands 2
0.810277 0.611215 1.29357 1.16238 0.622503 1.25278
0.970843 0.69397 1.3397 0.968267 0.738721 1.23338
0.940831 0.886292 1.12884 0.97805 0.928476 1.06444
1.01179 0.85012 1.13194 0.924609 0.885185 1.11772
end
gesture a10 hands 2
0.874811 0.668704 1.32251 1.0739 0.654695 1.29871
0.928612 0.83765 1.13099 1.05545 0.684572 1.21241
1.00386 0.999832 1.01993 0.928302 1.00415 1.01366
1.04974 0.926872 1.06422 0.904388 0.932009 1.07535
end
gesture a10 hands 2
0.855587 0.686125 1.27585 1.1202 0.691199 1.20785
0.879996 0.679704 1.25813 1.11549 0.687035 1.17207
1.05438 1.03128 0.992475 0.884309 1.02778 1.01313
1.03146 0.890309 1.08159 0.934842 0.888843 1.10429
end
gesture a10 hands 2
0.884437 0.709597 1.26866 1.06563 0.718812 1.20293
0.885832 0.722229 1.23937 1.04411 0.715731 1.17989
0.980114 0.985365 0.996844 0.922111 1.03023 0.994151
0.902381 0.781622 1.16432 1.04353 0.822483 1.10917
end
gesture a10 hands 2
0.877798 0.676934 1.25614 1.08503 0.69657 1.15142
0.889786 0.685441 1.23038 0.960107 0.680661 1.20242
1.01303 0.955563 1.03534 0.932886 0.968835 1.03358
0.919082 0.780744 1.17473 1.01636 0.788614 1.15187
end
gesture a10 hands 2
0.855381 0.628389 1.26092 1.03624 0.61988 1.22749
0.880687 0.628215 1.2769 1.0439 0.622965 1.2559
0.967896 0.888781 1.08626 0.946122 0.905465 1.07494
0.915797 0.762298 1.19253 1.00965 0.775996 1.15628
end
gesture a10 hands 2
0.855494 0.761552 1.25588 1.09971 0.753075 1.2169
1.01956 0.852315 1.23729 0.944111 0.8299 1.22657
0.962568 0.977205 1.02325 0.970314 0.970874 1.01909
1.00645 0.898756 1.15022 0.922583 0.90382 1.15341
end
gesture a10 hands 2
0.820924 0.727715 1.29117 1.11481 0.736402 1.24866
1.01558 0.862871 1.207 1.10547 0.715015 1.26745
0.975533 0.946552 1.08586 0.946238 0.944675 1.07247
0.993776 0.868605 1.15665 0.938687 0.869548 1.16249
end
gesture a10 hands 2
0.833133 0.754146 1.28061 1.08714 0.755906 1.25756
0.994099 0.812351 1.25222 1.09119 0.736003 1.23588
0.950531 0.94479 1.08925 0.865638 0.927528 1.10496
0.9981 0.867852 1.13355 0.921423 0.852597 1.16779
end
gesture a10 hands 2
0.929228 0.823731 1.22043 0.993907 0.821212 1.21116
0.982509 0.971027 1.04104 0.915086 0.990486 1.00269
1.02882 0.955523 1.0271 0.898603 0.951579 1.03845
0.983453 0.86235 1.16083 0.943075 0.884782 1.15348
end
gesture a10 hands 2
0.907388 0.73149 1.3022 0.99897 0.733745 1.30121
1.01821 0.772348 1.26919 0.930467 0.88136 1.15463
0.959936 0.871599 1.16318 0.896837 0.897737 1.11888
0.976611 0.823804 1.19559 0.918903 0.832443 1.20337
end
gesture a10 hands 2
0.925948 0.787584 1.26313 0.987867 0.800115 1.28558
1.04259 0.806741 1.23528 0.871625 0.823024 1.23734
0.991599 0.911482 1.07649 0.9161 0.921172 1.11244
0.997212 0.864928 1.14558 0.918536 0.85798 1.15867
end
gesture a13 hands 2
1.01051 1.17601 1.05921 0.987381 1.08734 1.0694
0.963088 1.04979 1.03122 0.982623 0.803317 1.02617
0.961591 0.83259 1.01578 0.960275 1.02043 0.947752
0.973989 1.06149 1.02944 0.955194 1.05753 1.01404
end
gesture a13 hands 2
1.15228 1.13693 1.07902 0.828912 1.07429 1.03379
1.08151 0.821337 0.952754 0.888369 0.73836 1.05775
0.937233 0.874885 1.00102 1.15119 0.979447 1.0733
0.843314 0.96544 1.0356 1.17333 0.998755 1.07811
end
gesture a13 hands 2
0.686222 1.07514 1.04885 1.17375 1.00186 1.07777
0.878682 0.733975 1.02902 1.17677 1.00879 1.04923
1.1465 1.08217 1.05486 1.11716 0.875178 1.00419
1.09495 1.09322 1.07687 0.745478 1.03362 1.07887
end
gesture a13 hands 2
0.980105 1.07031 1.08914 0.996403 1.09134 1.08434
1.01239 1.09085 1.06348 0.9186 0.865038 0.94617
1.01238 0.902879 0.922669 0.943945 0.755163 0.972446
0.975703 1.09606 1.09178 0.991387 1.12338 1.10177
end
gesture a13 hands 2
1.04443 1.75753 1.02645 0.999936 1.07532 0.987365
1.0026 1.77845 0.96537 0.944966 1.00482 0.976557
1.00688 1.00031 0.977797 0.958422 0.875761 1.1249
0.998381 0.971967 0.975168 0.959565 1.04987 1.06665
end
gesture a13 hands 2
1.01657 1.16142 0.957312 0.999139 1.04801 0.998494
0.901828 0.661127 1.09144 0.994902 0.766548 1.07024
0.957183 0.887269 1.03565 0.977906 1.05996 1.03459
0.998374 1.09319 0.991892 0.952929 1.04829 1.01996
end
gesture a13 hands 2
0.965397 1.14023 0.997522 0.959623 1.0658 1.05791
0.961155 0.961303 1.01333 1.04507 0.788544 1.09594
0.875285 0.723784 1.08914 0.953658 1.09479 0.9782
0.967704 1.11249 0.991968 0.956088 1.08537 1.03097
end
gesture a13 hands 2
1.02446 1.08518 1.0987 0.904854 1.09541 1.09157
0.944978 0.747832 0.991798 0.924548 1.09553 1.06896
0.917375 0.747375 0.975808 1.04069 0.753379 0.985516
0.99605 1.06003 1.05511 0.95999 1.08126 1.05758
end
gesture a13 hands 2
1.01445 1.11635 1.07624 0.945355 1.13228 1.07203
0.949328 0.871938 0.971292 0.93241 1.11588 1.06243
0.945163 0.713224 1.01327 0.996047 0.88206 1.03021
0.988703 1.10669 1.03982 0.922899 1.12785 1.04429
end
gesture a13 hands 2
0.997027 1.12563 1.08605 0.915994 1.13594 1.08052
0.958102 0.758441 1.00984 1.00414 0.778582 0.993726
0.992325 1.09665 1.07382 1.0084 0.784993 1.01471
0.992265 1.12556 1.0659 0.923533 1.1098 1.06657
end
gesture a13 hands 2
0.989681 0.974019 1.07829 0.909243 0.972523 1.07658
0.978608 0.97265 1.05057 0.945402 0.969253 1.09451
0.927038 0.881529 1.07575 0.961817 0.872026 1.07759
0.982603 0.967203 1.06103 0.912122 0.97157 1.05025
end
gesture a13 hands 2
1.06288 1.05592 1.18984 0.866417 1.04938 1.14648
0.8619 0.808717 1.02544 0.991886 0.863926 1.02846
0.957145 0.942563 1.02349 1.00278 0.859122 0.966035
0.988894 0.987179 1.02284 0.923788 0.989272 1.03694
end
gesture a13 hands 2
1.05521 1.08333 1.14324 0.894692 1.0801 1.10655
1.0412 1.08105 1.11705 1.0571 0.767538 0.909548
0.873277 0.783635 0.936 1.0539 0.82323 0.91789
1.03481 1.05242 1.07115 0.937213 1.0494 1.09996
end
gesture a13 hands 2
0.988362 1.0877 0.97888 0.930782 0.972094 1.0448
0.958816 0.80773 1.15509 1.01117 0.902529 1.13754
0.983667 1.03534 0.975856 0.929558 1.02521 1.05219
0.98829 1.05883 0.979343 0.924157 0.944553 1.00026
end
gesture a13 hands 2
0.976442 1.06533 1.01716 0.90279 0.932407 1.05369
0.989702 0.799024 1.10617 0.993511 0.749553 1.14243
0.982011 0.808045 1.03713 0.974319 0.9541 1.05232
0.976391 1.0632 1.00725 0.890599 0.93418 1.07953
end
gesture a13 hands 2
0.956972 1.02162 1.02554 0.922928 0.994827 1.08547
0.94936 0.814873 1.05869 0.989527 0.950764 1.03631
0.988371 0.968287 1.03318 1.00506 0.794744 1.10986
0.959111 1.00916 1.01121 0.955879 0.984453 0.998563
end
gesture a13 hands 2
1.05924 1.18232 0.982027 0.82106 1.03899 1.09108
1.07605 1.01681 0.997306 0.953353 0.744784 1.08132
1.03226 0.629365 1.0347 0.944379 1.02892 0.946857
0.872142 1.02958 1.00856 1.11861 1.01512 1.04672
end
gesture a13 hands 2
0.922073 1.16524 1.02588 0.957154 1.1637 1.0559
0.952814 1.14895 1.05826 0.992012 1.06374 0.969987
0.94796 0.692418 0.926666 1.00614 0.60917 0.927542
1.00158 1.06632 1.08682 0.969086 1.10329 1.06251
end
gesture a13 hands 2
0.987452 1.07602 1.08262 0.917094 1.0238 1.08592
0.995434 1.0743 1.11118 0.939342 1.00419 1.07334
0.946229 0.796974 0.973611 0.974154 0.810004 0.981669
0.97053 1.00311 1.07581 0.947374 1.00525 1.04437
end
gesture a13 hands 2
0.99234 1.14374 1.06892 0.927454 1.05121 1.10382
0.989342 1.11454 1.0633 0.958095 0.857599 0.983244
0.970705 0.793696 0.960577 0.930978 0.962826 0.986295
0.998919 1.11759 1.07862 0.944676 1.03975 1.12019
end
gesture a20 hands 2
0.978462 0.837615 1.1963 1.02367 1.05158 1.01688
0.882302 0.43431 1.10113 0.992225 0.858505 1.16624
0.924274 0.661956 1.02145 0.99557 1.00012 0.867134
1.00322 0.873729 1.04326 0.982486 1.03632 1.07469
end
gesture a20 hands 2
1.03019 0.745768 1.36717 0.937715 1.08063 1.14568
0.967805 0.86191 1.07297 1.01235 0.765997 1.17416
0.883373 0.466629 1.17855 0.954755 0.999109 0.893861
0.994928 0.870763 1.01197 0.959766 1.09551 1.08662
end
gesture a20 hands 2
1.024 0.843099 1.25447 0.972247 1.06611 1.08589
0.856343 0.453353 1.12181 1.04868 0.869117 1.15811
0.975174 0.962544 0.991555 0.995936 1.02874 0.87128
1.03454 0.936468 1.0397 0.98261 1.07339 1.11579
end
gesture a20 hands 2
0.949611 0.836859 1.05946 1.08527 0.888567 0.981181
1.19048 0.782953 1.20001 1.23605 1.09313 0.806906
1.09843 0.863039 1.11664 1.02508 1.02641 1.06812
1.07623 0.7619 1.15536 0.931726 0.867841 1.00273
end
gesture a20 hands 2
1.00969 0.72011 1.17838 0.890546 0.855661 1.14325
1.13247 0.607431 1.26525 1.12626 0.944251 0.892359
1.15889 0.594335 1.30498 1.09343 0.971963 0.860198
1.04157 0.87636 1.10842 0.902589 0.922609 1.14336
end
gesture a20 hands 2
0.977362 0.958588 0.893301 0.765032 0.891617 1.05139
1.07499 0.698331 1.16663 0.99941 0.823407 0.920455
0.962205 0.947073 1.00367 0.969615 0.959463 0.884362
1.08647 0.814906 1.16769 0.978883 1.0047 1.09118
end
gesture a20 hands 2
1.01059 0.992291 1.14579 0.976271 1.04811 1.01635
0.986528 0.647147 1.1277 1.02006 0.788033 0.991976
0.998487 0.983557 1.18796 0.920475 1.02882 0.911716
0.997315 1.05717 1.08436 0.940938 1.00177 1.07189
end
gesture a20 hands 2
1.04137 0.776676 1.24106 0.912832 1.02208 1.09121
0.992133 0.439586 1.05045 0.970398 0.755106 1.05683
0.963675 0.967537 0.903818 0.990751 1.0356 0.942505
0.990917 0.895496 1.02176 0.903553 1.00913 1.0807
end
gesture a20 hands 2
1.05413 0.755272 1.26417 0.951947 1.03531 1.06937
0.985591 0.435849 1.06615 1.03978 0.780738 0.983024
0.9688 0.877533 0.952441 1.03508 1.0461 0.896905
0.998349 0.825304 1.04506 0.92463 1.03215 1.04912
end
gesture a20 hands 2
1.18034 0.777126 1.18645 1.0073 0.990984 1.02671
0.988639 0.616807 1.09764 0.910184 0.804219 1.15233
0.953025 0.940145 0.996357 0.966146 0.961352 0.957109
1.00052 0.846832 1.07306 0.923064 0.974524 1.15747
end
gesture a20 hands 2
1.11965 0.763646 1.31183 0.946527 1.003 1.04596
0.953081 0.624873 1.06594 0.942658 0.8193 1.13402
0.945348 0.96791 0.990684 0.967758 0.999388 0.9296
0.964923 0.896474 1.01643 0.952043 1.01039 1.0919
end
gesture a20 hands 2
1.06907 0.7821 1.12645 0.938198 1.02209 1.08177
0.930735 0.571748 1.06099 0.905244 0.811957 1.10918
0.933084 0.922319 0.932888 0.9635 0.969684 0.932237
0.985387 0.888187 1.02075 0.909278 1.00678 1.05707
end
gesture a20 hands 2
0.954625 0.86623 1.19138 0.904088 1.04533 1.1143
1.00203 0.851094 1.06004 0.992618 0.781147 0.984658
0.977987 0.531601 0.996476 0.977583 1.09589 1.01983
0.981247 0.93554 1.00742 0.951632 1.07058 1.20716
end
gesture a20 hands 2
0.837531 1.07026 0.867617 0.812049 1.11388 0.993376
0.920339 0.583546 0.909119 0.993954 0.697948 0.983111
0.955718 0.841046 1.09196 0.968431 1.03458 0.957687
0.967511 0.926879 1.15291 0.934107 1.07462 0.985753
end
gesture a20 hands 2
0.989617 0.695548 1.6988 0.830598 0.735393 1.7366
1.01711 0.786845 1.53041 0.886938 0.550354 1.70002
1.00076 1.17862 1.49648 1.00189 1.07928 1.42213
0.995791 0.953548 1.55708 0.832498 0.847356 1.60308
end
gesture a20 hands 2
0.934898 0.742595 1.17839 0.941399 1.05453 0.984999
0.859527 0.539423 1.09048 1.01982 0.698405 1.06717
1.04132 1.05249 0.908245 0.989099 1.1007 0.995535
1.05621 0.973276 0.935352 0.952636 1.11868 1.03333
end
gesture a20 hands 2
1.05417 0.717043 1.35171 0.908715 0.929545 1.34669
0.87345 0.485231 1.12757 0.891135 0.778801 1.49179
0.946361 0.940765 1.15495 0.95893 0.915054 1.25301
0.994746 0.773502 1.31542 0.916097 0.928828 1.33646
end
gesture a20 hands 2
0.982259 0.947216 1.16135 0.908914 1.0295 1.06499
0.932191 0.490593 1.02107 1.10308 0.737104 1.05347
0.99382 0.941779 1.18838 0.976596 0.942992 1.04669
0.934622 0.885614 0.924069 0.943558 1.0345 1.0772
end
gesture a20 hands 2
1.08703 0.788541 1.13846 0.877991 0.985908 0.867462
0.966797 0.502666 1.03542 1.00425 0.685502 1.23297
0.939186 0.65453 0.881642 0.998749 1.1236 0.885834
0.93839 1.04022 0.895027 0.928183 1.0667 0.991791
end
gesture a20 hands 2
0.93462 0.836778 0.909669 0.742348 0.910343 1.33168
0.932767 0.399152 0.987105 0.883474 0.795892 1.21247
0.940934 1.02365 0.975098 1.02728 1.12229 0.870917
0.942229 1.00669 0.952206 0.931868 1.02494 0.985971
end
gesture a20 hands 2
0.947193 0.825233 0.925711 0.892784 0.975977 1.18668
0.876883 0.556167 1.0168 1.01504 0.857957 1.21551
0.943738 1.07095 0.950433 1.0162 1.07311 0.840874
1.00427 1.00472 1.10967 0.904541 1.00758 1.07076
end
gesture a20 hands 2
1.00405 0.692827 1.26856 0.990891 1.02754 0.906685
0.980547 0.783911 1.11389 0.941445 0.910106 1.15203
1.00632 0.367881 1.09283 1.00658 0.811972 1.07382
0.964795 0.838669 1.00791 0.921268 1.03841 1.01203
end
gesture a20 hands 2
1.06313 0.640359 1.2326 0.94056 1.15901 1.06949
1.08095 0.369786 1.10837 0.991599 0.718188 1.10176
0.950146 0.832197 1.04524 0.973227 0.911665 0.996808
0.958083 0.842955 1.02014 0.949356 1.08165 1.02174
end
gesture a20 hands 2
1.13204 1.12851 0.853706 0.76668 0.758292 0.973982
1.14939 0.830247 1.04262 0.670025 0.66015 1.16602
0.776799 1.03063 1.08593 0.939652 0.979748 1.06889
0.787132 1.05716 1.12447 0.941984 0.972067 1.06793
end
