gesture g3 hands 1
0.314413 -0.176019 -0.199714 0.0813473 -0.874737 0.94094
0.303952 -0.168275 -0.197086 0.096962 -0.841643 0.907955
0.293164 -0.161445 -0.191119 0.112492 -0.808561 0.874929
0.281696 -0.154164 -0.185335 0.127997 -0.775168 0.841665
0.27104 -0.147284 -0.179108 0.143043 -0.742671 0.809227
0.26047 -0.140279 -0.172859 0.158337 -0.709067 0.775728
0.249772 -0.132995 -0.166372 0.173581 -0.675118 0.741919
0.239172 -0.126378 -0.15943 0.188448 -0.641335 0.708271
0.229218 -0.119166 -0.153775 0.203016 -0.607533 0.674658
0.215028 -0.116008 -0.14203 0.217108 -0.573917 0.641202
0.208033 -0.104521 -0.140189 0.230832 -0.540232 0.607711
0.19797 -0.0974453 -0.133981 0.244141 -0.506544 0.57418
0.187843 -0.0899927 -0.12679 0.257099 -0.472442 0.540339
0.17775 -0.0831406 -0.12012 0.269399 -0.438833 0.506816
0.168357 -0.0762746 -0.11254 0.281263 -0.404732 0.472972
0.159336 -0.073727 -0.107691 0.292587 -0.370642 0.439048
0.149698 -0.0621496 -0.0980968 0.303615 -0.335555 0.404277
0.140789 -0.0549895 -0.0920452 0.314087 -0.299775 0.368838
0.132007 -0.0478122 -0.0856443 0.32336 -0.266054 0.335235
0.123497 -0.0405744 -0.0791036 0.332294 -0.230207 0.299644
0.115209 -0.0334488 -0.0725963 0.340542 -0.193717 0.263471
0.113204 -0.0321421 -0.0626366 0.346969 -0.161038 0.23055
0.0994141 -0.0188705 -0.0589172 0.353212 -0.124887 0.194552
0.0919143 -0.0118454 -0.0520405 0.3587 -0.0883246 0.158093
0.084688 -0.00487744 -0.0450935 0.363003 -0.0523851 0.12211
0.0775166 0.00185482 -0.0383175 0.366062 -0.0171635 0.0866835
0.0696716 0.0100721 -0.030728 0.367933 0.0176512 0.0514788
0.0632882 0.0170663 -0.0235569 0.368191 0.0505424 0.0180236
0.0571631 0.0238558 -0.0163055 0.367399 0.0838367 -0.0160161
0.0511867 0.030638 -0.00896544 0.365086 0.11548 -0.0486547
0.0457243 0.0366036 -0.00187931 0.361372 0.14587 -0.0803181
0.0403166 0.0428417 0.00530637 0.356632 0.176784 -0.112526
0.0353703 0.0486039 0.013014 0.349672 0.204445 -0.14185
0.0308185 0.0553736 0.0209186 0.342107 0.232884 -0.172054
0.0261772 0.0607877 0.027924 0.332901 0.258994 -0.200155
0.0214564 0.0650022 0.0345298 0.322485 0.284323 -0.227715
0.016926 0.0698517 0.0418838 0.31069 0.307991 -0.253841
0.0129378 0.0753693 0.0487986 0.297049 0.33034 -0.279123
0.00839936 0.0793179 0.0547737 0.282526 0.350951 -0.302663
0.00519775 0.08291 0.0599216 0.266567 0.368656 -0.323521
0.000755333 0.0861263 0.0651109 0.248875 0.38603 -0.344683
-0.00357509 0.0882494 0.0702446 0.229984 0.401964 -0.364695
-0.00655553 0.0904581 0.0739694 0.209951 0.414755 -0.38165
-0.0104643 0.091649 0.0795117 0.188644 0.426662 -0.3977
-0.0139563 0.0919727 0.0831002 0.16602 0.436501 -0.411913
-0.0169378 0.0917546 0.0861003 0.142028 0.44473 -0.424581
-0.0195677 0.0909759 0.0884531 0.116988 0.45059 -0.43519
-0.0217796 0.0896143 0.0900636 0.0921835 0.454139 -0.44318
-0.0236362 0.0877209 0.0909674 0.0675149 0.454914 -0.448362
-0.0251219 0.0855184 0.0910777 0.0431721 0.453711 -0.451191
-0.0260781 0.08265 0.0904282 0.0192065 0.450329 -0.451864
-0.0264759 0.0792487 0.0889243 -0.00415561 0.444676 -0.449966
-0.0262857 0.0752781 0.0867837 -0.026906 0.437019 -0.445824
-0.026036 0.0709815 0.0833036 -0.0487545 0.427384 -0.439468
-0.0252505 0.0657715 0.0792434 -0.0736744 0.415425 -0.430257
-0.0234877 0.0601911 0.0739222 -0.0951382 0.400748 -0.418721
-0.0210006 0.0542251 0.0674584 -0.122138 0.382289 -0.402995
-0.0179738 0.0483996 0.0599877 -0.145849 0.361862 -0.384516
-0.0141267 0.041822 0.0509545 -0.169927 0.338499 -0.362859
-0.0111914 0.0336023 0.041374 -0.195607 0.311457 -0.336885
-0.00574775 0.0258971 0.0298898 -0.215278 0.284186 -0.309726
-0.00547523 0.0172193 0.0180271 -0.227475 0.261267 -0.286422
0.00708546 0.0089387 0.00428571 -0.235481 0.232581 -0.262503
0.0141249 -5.48354e-05 -0.0116944 -0.236656 0.208306 -0.237347
0.0181348 -0.0111839 -0.0160834 -0.24063 0.175448 -0.209361
0.0278454 -0.0191579 -0.033206 -0.244999 0.155362 -0.188049
0.0304641 -0.0257315 -0.0376691 -0.251216 0.128955 -0.159009
0.0359871 -0.0279319 -0.0561764 -0.254934 0.0908377 -0.123354
0.0361893 -0.0281883 -0.0639704 -0.252739 0.0569219 -0.0865497
0.0376485 -0.0479113 -0.0728771 -0.248906 0.0217233 -0.0481698
0.056533 -0.0569949 -0.094846 -0.243478 -0.0147055 -0.00828144
end
gesture g7 hands 1
0.0585786 -0.0266971 -0.250628 0.896936 0.91232 0.625579
0.0565913 -0.0278992 -0.245955 0.874255 0.892231 0.611245
0.0538845 -0.0267077 -0.239313 0.851577 0.872119 0.597122
0.0462412 -0.0259599 -0.233213 0.8284 0.85178 0.58234
0.047081 -0.0193034 -0.22916 0.805493 0.831771 0.567998
0.0439649 -0.0199383 -0.223747 0.782547 0.811766 0.553658
0.0407331 -0.0195899 -0.217724 0.7587 0.79117 0.538581
0.037092 -0.0188825 -0.211279 0.734004 0.770058 0.5229
0.0333479 -0.0177715 -0.204135 0.710388 0.749903 0.508419
0.0293809 -0.0161255 -0.197387 0.685036 0.728639 0.493054
0.0265943 -0.0163976 -0.191483 0.660128 0.708023 0.477317
0.0253951 -0.00897988 -0.186464 0.633493 0.686124 0.46113
0.0176377 -0.0140506 -0.173908 0.606572 0.66427 0.444953
0.0122979 -0.0140695 -0.164663 0.578457 0.641866 0.427816
0.00822492 -0.0127659 -0.155921 0.551341 0.620404 0.411896
0.00367755 -0.0128068 -0.146106 0.523633 0.598957 0.396083
-0.00209744 -0.0132181 -0.135588 0.494534 0.576715 0.378536
-0.0077288 -0.0132348 -0.124068 0.463667 0.553668 0.359708
-0.0135338 -0.0133252 -0.112893 0.433635 0.531769 0.34143
-0.0200934 -0.0138518 -0.0997622 0.401625 0.508692 0.321759
-0.0262995 -0.0146407 -0.0868938 0.369534 0.485936 0.301986
-0.0328677 -0.0153047 -0.0738266 0.338471 0.464342 0.283802
-0.0398683 -0.0163047 -0.0603779 0.306607 0.442638 0.264436
-0.0480402 -0.0174878 -0.0457794 0.273701 0.420702 0.243965
-0.0550471 -0.0183452 -0.0321728 0.241721 0.39971 0.224596
-0.0622755 -0.0199581 -0.0180055 0.208662 0.378403 0.204268
-0.0701592 -0.0215547 -0.00312206 0.17705 0.358663 0.185098
-0.0772618 -0.0240394 0.0115171 0.144951 0.338924 0.165456
-0.0829088 -0.0267206 0.0258021 0.112938 0.319274 0.14604
-0.0908194 -0.0283864 0.0395457 0.0816599 0.300699 0.126855
-0.0960466 -0.0316656 0.0538808 0.0504225 0.282293 0.107743
-0.102005 -0.0344278 0.06778 0.020202 0.264707 0.0890073
-0.106663 -0.0376659 0.0808304 -0.0101039 0.247132 0.070073
-0.111228 -0.0405201 0.0932769 -0.0395711 0.230225 0.0512934
-0.114704 -0.0424531 0.104538 -0.0685035 0.213671 0.032561
-0.117873 -0.0452451 0.115196 -0.0965462 0.197165 0.0143022
-0.119921 -0.0473182 0.124988 -0.122821 0.181908 -0.00361816
-0.121265 -0.0489394 0.133722 -0.14785 0.16705 -0.0210888
-0.121838 -0.0502444 0.142185 -0.170824 0.153107 -0.037631
-0.121594 -0.050448 0.148346 -0.191646 0.140013 -0.0532019
-0.120478 -0.0502745 0.15329 -0.210227 0.12769 -0.0677597
-0.119128 -0.0490575 0.156842 -0.226487 0.11605 -0.0812634
-0.11668 -0.0468999 0.159577 -0.240307 0.10507 -0.0936988
-0.112682 -0.0439124 0.160763 -0.25171 0.0944866 -0.104969
-0.105872 -0.0413753 0.160333 -0.260628 0.0843877 -0.114921
-0.0985992 -0.0373438 0.157294 -0.267439 0.0761198 -0.123613
-0.0907926 -0.0327666 0.15251 -0.272091 0.0671407 -0.13022
-0.078131 -0.0291229 0.150978 -0.277415 0.0636428 -0.140437
-0.063272 -0.0186135 0.145317 -0.275106 0.0561906 -0.144536
-0.0532239 -0.0121812 0.135821 -0.269043 0.0437725 -0.145123
-0.0422278 -0.00499856 0.124495 -0.263117 0.0343903 -0.147837
-0.0355885 -0.00250335 0.116932 -0.250618 0.0241199 -0.14817
-0.0284967 -7.61995e+26 0.108126 -0.235498 0.0142986 -0.150958
-0.0157041 0.0140065 0.111208 -0.222591 0.00711591 -0.156987
-0.0013385 0.0111859 0.0991744 -0.202417 -0.00783499 -0.154136
0.00500019 0.0237489 0.0974911 -0.179418 -0.0244205 -0.149113
0.0147333 -0.0188196 0.0888462 -0.15447 -0.04239 -0.142413
-7.61995e+26 0.0766042 -7.61995e+26 -0.131073 -0.0568544 -7.61995e+26
0.055193 -7.61995e+26 0.08023 -0.106996 7.61995e+26 -0.129216
0.0795659 0.0990496 0.0619383 -0.0769369 -0.0943323 -0.120514
0.0984116 0.127638 0.049888 -0.0526647 7.61995e+26 -0.114478
0.111756 0.130563 0.0272571 -7.61995e+26 -0.130223 -0.107583
0.129379 0.138496 0.00524471 0.0155711 -0.152056 -0.0965013
0.147948 0.151008 -0.0224525 0.0476716 -0.17473 -0.0745237
0.162171 0.160589 -0.0411069 0.0818269 -4.13078e+07 -0.0558398
0.169907 0.173176 -0.0609618 0.116311 -0.230536 -0.0451999
0.177673 0.162778 -0.0473253 0.142982 -0.24233 -0.0294904
0.211759 0.172972 -0.073293 0.166039 -0.260356 -4.13078e+07
0.239138 0.193645 -0.0860328 0.198228 -0.277299 0.00936639
0.24335 0.196418 -0.104646 0.229867 -0.302349 0.0326522
0.247311 0.191204 -0.103072 0.258438 -0.320789 0.0508001
0.272034 0.208155 -0.12539 0.284032 -0.339789 7.61995e+26
0.288323 0.220384 -0.12054 0.30997 7.61995e+26 0.100779
0.294315 0.231416 -0.0998838 7.61995e+26 -0.374515 -1.77416e+17
0.322458 4.13078e+07 -0.0849415 0.341154 7.61995e+26 0.142789
0.365089 0.237556 -0.120792 0.346229 -0.401281 1.77416e+17
0.389319 0.260983 -0.140728 0.341701 -0.43373 0.18042
0.385078 0.26421 -0.144119 0.363042 -0.466199 0.195667
0.404812 0.259406 -0.166283 0.389076 -0.485331 0.202857
0.387421 0.241834 -0.178567 0.392098 -0.498337 0.227985
0.419668 -4.13078e+07 -0.179689 0.406331 -0.537123 0.241176
-7.61995e+26 0.279642 -0.170225 0.416533 -0.550523 7.61995e+26
0.412673 0.272023 -0.157578 0.397021 7.61995e+26 0.260581
0.438447 0.277158 -0.168513 -1.77416e+17 -0.550486 0.273268
0.451068 0.289777 -0.170895 0.415877 -7.61995e+26 0.286076
0.444161 0.296415 -0.184156 7.61995e+26 -0.557412 0.304288
0.450953 0.291358 -0.206329 0.430348 -0.564242 0.320412
end
gesture g1 hands 2
0.0961015 -0.921127 0.98501 -0.0996403 -0.941238 0.97824
0.0864903 -0.896155 0.95545 -0.0903908 -0.91874 0.951293
0.0793345 -0.86592 0.919854 -0.0845403 -0.890842 0.918365
0.0670717 -0.846341 0.896837 -0.0750797 -0.86574 0.890471
0.05774 -0.821004 0.867165 -0.0651882 -0.849602 0.870884
0.0481928 -0.789276 0.830776 -0.0544559 -0.822164 0.840205
0.0404721 -0.769743 0.807461 -0.0502083 -0.802204 0.81631
0.0325441 -0.743474 0.777168 -0.0433657 -0.777898 0.788642
0.0272229 -0.711188 0.739852 -0.0382759 -0.740512 0.746584
0.0206783 -0.684025 0.70739 -0.0317073 -0.727953 0.732327
0.0151853 -0.655364 0.67716 -0.0260464 -0.695482 0.69663
0.00787025 -0.632376 0.651048 -0.0225587 -0.674999 0.673259
0.000738401 -0.58999 0.60423 -0.0142224 -0.642874 0.637501
0.00322203 -0.568201 0.576169 -0.0164133 -0.613403 0.604537
-0.00139398 -0.534525 0.542326 -0.013934 -0.578902 0.568082
-0.00321925 -0.507492 0.512236 -0.0136763 -0.558979 0.546396
-0.00220216 -0.466967 0.468232 -0.00682787 -0.518794 0.502943
-0.00137068 -0.438526 0.436784 -0.0155891 -0.490315 0.472854
0.00193356 -0.4028 0.398062 -0.01763 -0.461097 0.440945
0.00592685 -0.366183 0.358638 -0.0206906 -0.426366 0.403956
0.0107859 -0.322791 0.312718 -0.0225325 -0.385568 0.361108
0.019297 -0.28903 0.276265 -0.0323518 -0.353938 0.327606
0.0284272 -0.249482 0.234455 -0.0364837 -0.310571 0.282245
0.0390679 -0.208419 0.191202 -0.0487871 -0.276848 0.2473
0.0428596 -0.187027 0.156729 -0.044274 -0.252552 0.220672
0.0486243 -0.148412 0.11856 -0.0478832 -0.21688 0.182617
0.0685594 -0.106087 0.0746823 -0.0557798 -0.174713 0.139304
0.0698341 -0.077904 0.0434686 -0.0597942 -0.142185 0.104329
0.0705388 -0.0626206 0.0288001 -0.054626 -0.127379 0.0894032
0.0639418 -0.0512192 -1.81786e+17 -0.0559053 -0.0913891 0.0447361
0.0948006 -0.00861204 -0.0544182 -0.0588632 -0.0488194 0.00224334
0.0989107 0.0157808 -0.0734888 -0.0532694 -0.0289445 -0.0180281
0.0830638 -0.0157418 -0.0432392 -0.0371364 -0.0588255 0.0117251
0.0877622 0.00784254 -0.0831399 -0.0474094 -0.0219547 -0.0339258
0.0972649 0.0321053 -0.11361 -0.0387094 0.00192142 -0.0533598
0.0844322 0.0792563 -0.141258 -0.0646586 0.0490592 -0.0821418
0.0867371 0.0894885 -0.149465 -0.0597026 0.0569179 -0.091414
0.109892 0.131783 -0.192572 -0.0831523 0.100322 -0.135418
0.119124 0.159043 -0.226136 -0.092469 0.126908 -0.159246
0.125425 0.209712 -0.262359 -0.125393 0.179151 -0.197346
0.148077 0.24599 -0.283339 -0.153545 0.215388 -0.234294
0.169747 0.265138 -0.326773 -0.164407 0.24649 -0.273801
0.18457 0.290217 -0.352276 -0.160636 0.271953 -0.300107
0.166421 0.313885 -0.359771 -0.18153 0.307988 -0.320116
0.171077 1.81786e+17 -0.312649 -0.170542 0.294082 -0.300587
1.81786e+17 0.280119 -0.333005 -0.18144 0.317877 -0.33764
end
gesture g2 hands 2
-0.364926 -0.317299 0.967402 0.766403 -0.351564 0.969335
-0.34684 -0.311851 0.934353 0.727684 -0.334927 0.918253
-0.34171 -0.311019 0.907309 0.720111 -0.339138 0.904193
-0.330969 -0.307617 0.873365 0.713961 -0.345327 0.887235
-0.320976 -0.303316 0.839982 0.695013 -0.342889 0.858093
-0.310704 -0.298977 0.805772 0.669352 -0.33399 0.820863
-0.299842 -0.293861 0.771518 0.650904 -0.334477 0.791695
-0.292446 -0.285143 0.732306 0.634209 -0.330046 0.763397
-0.273389 -0.276056 0.69019 0.613833 -0.326004 0.730839
-0.264885 -0.268422 0.659105 0.596376 -0.318713 0.700717
-0.262052 -0.266307 0.629711 0.582565 -0.315447 0.673713
-0.249635 -0.254392 0.588281 0.559175 -0.304218 0.635351
-0.233759 -0.238203 0.542778 0.530113 -0.290833 0.590793
-0.223658 -0.224424 0.502721 0.518656 -0.28384 0.563783
-0.227475 -0.221607 0.476101 0.506142 -0.279099 0.537105
-0.210241 -0.200656 0.427837 0.480763 -0.261939 0.494076
-0.209853 -0.191086 0.394245 0.468455 -0.25304 0.463262
-0.199192 -0.172146 0.350107 0.44163 -0.231226 0.416836
-0.189293 -0.152257 0.305917 0.426653 -0.219528 0.381115
-0.179315 -0.130655 0.260671 0.405395 -0.200723 0.339607
-0.170595 -0.107813 0.214979 0.384776 -0.180153 0.295796
-0.159174 -0.0875589 7.17171e+26 0.363477 -0.157069 0.250106
-0.14947 -3.88779e+07 0.130558 0.342434 -0.133075 0.205175
-0.13958 -0.033279 0.0871851 0.321041 -0.10625 0.157645
-0.13078 -0.00447394 0.0400676 0.301172 -0.0789392 0.111357
-0.121532 0.022439 -0.00371953 0.280772 -0.0487914 0.063384
-0.0947753 0.0373239 -0.0166118 0.247626 -0.0313227 0.025367
-0.0834748 0.0699396 -0.0452508 0.204398 -0.000797881 -0.00672689
-0.0315715 0.0582042 -0.0465585 0.16992 0.000551178 -0.0170114
-1.66979e+17 0.0811807 -0.0780225 0.147192 0.0159907 -0.0543728
0.0239552 0.109204 -0.113177 0.13117 0.0392213 -0.101047
0.0323155 0.150226 -0.152293 0.0916376 0.0813569 -0.139466
0.0596381 0.170376 -0.172784 0.0574406 0.102033 -0.15787
0.0760904 0.198891 -0.221804 0.0384678 0.131305 -0.198327
0.0918137 0.225644 -0.24068 0.0230953 0.161043 -0.236267
0.0966489 0.253087 -0.264047 -0.00358765 0.191972 -0.263919
0.128886 0.251428 -0.199317 -0.0621682 0.208718 -0.228036
0.125755 0.276906 -0.216595 -0.0790848 0.229498 -0.250497
0.124149 -1.66979e+17 -0.171516 -0.0955739 0.218511 -0.248589
0.144103 0.341471 7.17171e+26 -0.10777 0.304504 -0.288043
0.153464 0.338672 -0.188725 -0.133202 0.314114 -0.2834
0.147262 0.356363 -0.210564 -0.137531 0.340478 -0.314953
0.155302 0.375443 -0.229089 -0.123416 0.367235 -0.352427
0.151456 0.407031 -0.257698 -0.141149 0.402624 -0.379549
0.166758 0.421356 -0.257276 -0.159764 0.418412 -0.379868
0.160921 0.452431 -0.291244 -0.161897 0.444914 -0.411451
0.169804 0.469781 -0.300768 -0.148546 0.466249 -0.43138
0.17395 0.486216 -0.305585 -0.17161 0.48641 -0.438916
0.208613 0.456873 -0.243485 -0.199459 0.479119 -0.385475
0.223076 0.468337 -0.241942 -0.192836 0.464294 -0.380725
0.251029 0.450041 -0.209295 -0.140619 0.450922 -0.381251
0.233339 0.484073 -0.213038 -0.148066 0.486324 -0.381956
0.253353 0.452042 -0.165961 -0.138216 0.473408 -0.329677
0.232597 0.448783 -3.88779e+07 -0.127796 0.46648 -0.322211
0.283463 -7.17171e+26 -0.173288 -0.105878 0.473927 -0.330297
end
gesture g4 hands 2
0.569329 -0.821934 0.78617 -0.457533 -0.878102 0.839848
0.563624 -0.801287 0.756931 -0.453739 -0.860954 0.81747
0.558146 -0.780419 0.727819 -0.450051 -0.843639 0.795145
0.552274 -0.758684 0.6985 -0.446088 -0.824513 0.771207
0.545581 -0.738239 0.671336 -0.442541 -0.809193 0.751047
0.539312 -0.716107 0.642355 -0.438606 -0.789626 0.727058
0.532914 -0.693554 0.613364 -0.434715 -0.770976 0.704503
0.526641 -0.671778 0.585442 -0.430375 -0.751437 0.681307
0.519423 -0.647919 0.556141 -0.425453 -0.729467 0.655829
0.512822 -0.628124 0.531054 -0.42111 -0.71333 0.636176
0.504956 -0.603886 0.502221 -0.415807 -0.689139 0.608877
0.496942 -0.580226 0.474488 -0.410211 -0.667201 0.58412
0.488383 -0.555638 0.446188 -0.40424 -0.642258 0.556784
0.479958 -0.532257 0.419248 -0.398665 -0.619037 0.531116
0.470342 -0.505941 0.390203 -0.392011 -0.591974 0.50217
0.4607 -0.480184 0.362191 -0.385591 -0.565409 0.473845
0.450696 -0.455353 0.33578 -0.378101 -0.539321 0.447045
0.440272 -0.429228 0.308049 -0.371211 -0.512273 0.418602
0.42841 -0.400675 0.278956 -0.362875 -0.482299 0.388287
0.416592 -0.373789 0.252057 -0.354245 -0.453444 0.359373
0.404383 -0.346685 0.225356 -0.345386 -0.423935 0.330292
0.39104 -0.318522 0.198288 -0.335454 -0.392892 0.299897
0.378525 -0.292027 0.173466 -0.326248 -0.362927 0.271297
0.364731 -0.264966 0.148738 -0.315972 -0.332327 0.242359
0.350727 -0.239216 0.125578 -0.304953 -0.302012 0.213885
0.336356 -0.213532 0.10321 -0.29346 -0.271472 0.185925
0.32151 -0.18825 0.0817429 -0.281463 -0.241315 0.158535
0.306735 -0.163893 0.0620588 -0.269147 -0.212051 0.133086
0.290958 -0.139246 0.042886 -0.255846 -0.182332 0.107741
0.275309 -0.11607 0.0255659 -0.24241 -0.153998 0.084206
0.259857 -0.094485 0.0101778 -0.228885 -0.127178 0.0625895
0.244675 -0.0746027 -0.00320804 -0.215324 -0.101995 0.0429914
0.227728 -0.0546644 -0.0149375 -0.199967 -0.0770337 0.0247587
0.213014 -0.0385649 -0.0238674 -0.187712 -0.0549558 0.00927133
0.200589 -0.024528 -0.0310645 -0.178398 -0.0346407 -0.00467892
0.187207 -0.0128531 -0.0353691 -0.168457 -0.0166239 -0.0155559
0.174495 -0.00344044 -0.0373795 -0.158789 -0.00203075 -0.0236669
0.163839 0.00412436 -0.0372461 -0.149165 0.0107108 -0.0284071
0.158784 0.00976261 -0.0344214 -0.143105 0.0203128 -0.0301655
0.149784 0.0116951 -0.0288197 -0.133945 0.0261702 -0.0283053
0.142695 0.0122307 -0.0210022 -0.12731 0.0299945 -0.0239583
0.141999 0.0109393 -0.0101602 -0.124093 0.0318466 -0.0169713
0.135711 0.00508986 0.00352896 -0.116698 0.0303243 -0.00639749
0.132771 -0.00100561 0.0212117 -0.108267 0.0264444 0.00761809
0.126504 -0.0121513 0.0413851 -0.0954179 0.0185705 0.0250993
0.120646 -0.0269787 0.0648323 -0.0863451 0.00694365 0.045061
0.118144 -0.0368687 0.0771747 -0.0792641 0.000731325 0.0630255
0.111826 -0.0519388 0.101898 -0.0808688 -0.00855946 0.0854278
0.110063 -0.0740819 0.125328 -0.0687899 -0.0240048 0.107224
0.106757 -0.0901539 2.67409e+17 -0.0619064 -0.0317626 0.11994
0.111042 -1.14851e+27 0.166584 -0.0576078 -0.0531123 0.14567
0.123403 -0.137079 0.194296 -0.0578841 -0.0763066 0.172639
0.130055 -0.164003 0.222758 -0.0596182 -0.101247 0.200731
0.131861 -0.180278 0.235093 -0.0605386 -0.115862 0.216324
0.128474 -0.173898 0.232981 -0.0512547 -0.129288 0.233571
-1.14851e+27 -0.173317 -2.67409e+17 -0.0327458 -0.136774 -1.14851e+27
0.105643 -0.207232 0.279868 -0.058823 -0.165125 0.285359
1.14851e+27 -0.233728 0.292716 2.67409e+17 -0.180215 0.295336
0.13036 -0.255611 0.307516 -0.0592417 -0.210193 0.325473
6.2261e+07 -0.271715 1.14851e+27 -0.0699358 -0.233528 0.349376
0.147976 2.67409e+17 0.362173 -0.0795639 -0.271899 0.385148
0.157145 -0.332131 0.385265 -0.0887563 -0.296878 -2.67409e+17
0.177045 -0.354419 0.403775 -0.101232 2.67409e+17 0.428839
0.171322 -0.349259 0.409059 -0.105337 -0.32878 0.442399
0.151244 -2.67409e+17 0.445013 -0.101302 -0.0850919 0.467016
-6.2261e+07 -0.414384 -6.2261e+07 -1.14851e+27 -0.412442 0.522736
0.169675 -0.420716 0.455997 -0.133212 -0.425087 0.539249
0.171396 -0.410644 0.457489 -0.170166 -0.43723 0.565006
0.173881 2.67409e+17 0.471379 -0.178168 -0.467292 0.587252
2.67409e+17 -0.465593 -1.14851e+27 -0.192948 -0.480674 0.590362
0.180664 -0.46766 0.49111 -0.1959 -0.505169 0.609008
end
gesture g5 hands 2
0.564172 -0.879917 0.910848 -0.396505 -0.891931 0.918915
0.541522 -0.855945 0.883839 -0.377693 -0.864149 0.889389
0.51017 -0.838148 0.859495 -0.352561 -0.84547 0.866326
0.481555 -0.814178 0.830149 -0.330243 -0.820881 0.838646
0.453258 -0.789899 0.80056 -0.30588 -0.792671 0.806957
0.4269 -0.760067 0.766194 -0.288471 -0.766769 0.778872
0.398365 -0.740445 0.740885 -0.265511 -0.745797 0.754538
0.371981 -0.714861 0.710252 -0.245181 -0.719896 0.725614
0.345824 -0.687983 0.678486 -0.22525 -0.692956 0.695812
0.320787 -0.660845 0.646728 -0.205911 -0.665605 0.665715
0.296612 -0.633217 0.614711 -0.187153 -0.637809 0.635263
0.273163 -0.604584 0.581915 -0.169193 -0.609278 0.604256
0.250215 -0.57616 0.549417 -0.151686 -0.58113 0.573536
0.228743 -0.546877 0.516414 -0.135489 -0.552176 0.54243
0.207584 -0.516199 0.482209 -0.119048 -0.521471 0.509509
0.187246 -0.48464 0.447327 -0.104618 -0.491397 0.477391
0.16823 -0.452615 0.412338 -0.0900254 -0.459496 0.443671
0.150055 -0.421228 0.378145 -0.0760714 -0.428401 0.410631
0.132858 -0.387462 0.341855 -0.0634048 -0.395483 0.376111
0.11681 -0.353328 0.30548 -0.0507804 -0.361134 0.340136
0.10224 -0.318554 0.268665 -0.0407618 -0.32753 0.305104
0.0881364 -0.284414 0.232997 -0.0298504 -0.293443 0.26981
0.0758854 -0.24891 0.196011 -0.0204912 -0.257667 0.232849
0.0651517 -0.214319 0.16031 -0.0127225 -0.223962 0.198092
0.0548753 -0.178181 0.123221 -0.00525965 -0.187729 0.160935
0.0470543 -0.143879 0.0884219 0.000358492 -0.153487 0.126131
0.0392168 -0.108203 0.0523857 0.00569902 -0.117476 0.0895407
0.0325732 -0.0729339 0.0170446 0.00981581 -0.0829423 0.0545912
0.0269822 -0.037798 -0.0178399 0.0130526 -0.0474921 0.0189411
0.0228114 -0.00429568 -0.0509139 0.0153578 -0.013678 -0.0150548
0.0194461 0.0294172 -0.0838317 0.0163999 0.0198824 -0.0483973
0.0171276 0.0622321 -0.115594 0.016823 0.0532029 -0.0814691
0.0158043 0.0940259 -0.146089 0.0164964 0.0861783 -0.114165
0.0154191 0.124677 -0.175208 0.0149728 0.116329 -0.143545
0.0159107 0.154069 -0.202846 0.0130275 0.146936 -0.173555
0.0170397 0.182458 -0.229281 0.0103647 0.176202 -0.20207
0.0193241 0.208912 -0.253543 0.00698125 0.204502 -0.229426
0.0219046 0.233516 -0.275877 0.00319252 0.23008 -0.254016
0.0250275 0.257631 -0.29748 -0.00127846 0.255222 -0.277921
0.0286808 0.27997 -0.317165 -0.00618121 0.278657 -0.299978
0.032793 0.30045 -0.334865 -0.0114391 0.300306 -0.320112
0.0372937 0.318992 -0.350519 -0.0169748 0.320098 -0.338256
0.042114 0.33553 -0.364077 -0.0227116 0.337968 -0.35435
0.0471873 0.350003 -0.375496 -0.0287436 0.354411 -0.368661
0.052566 0.362811 -0.385154 -0.0359547 0.36932 -0.381325
0.0588742 0.37394 -0.393674 -0.0440621 0.382494 -0.39231
0.0656403 0.382283 -0.399266 -0.0488943 0.391324 -0.397941
0.0714256 0.38708 -0.400836 -0.0576031 0.402062 -0.403958
0.077756 0.390219 -0.400516 -0.0622859 0.405992 -0.403663
0.0817568 0.388794 -0.395214 -0.0650701 0.406718 -0.400345
0.0845251 0.38312 -0.386004 -0.0691256 0.405205 -0.394482
0.0895562 0.377621 -0.375981 -0.0718498 0.399739 -0.384247
0.0927119 0.367059 -0.360938 -0.0714895 0.389043 -0.369297
0.0947773 0.353518 -0.342404 -0.0708895 0.376358 -0.352085
0.0946291 0.334678 -0.319245 -0.0672873 0.359105 -0.330619
0.0941311 0.314284 -0.294665 -0.0636168 0.340293 -0.308059
0.0929306 0.290783 -0.26741 -0.0605172 0.32018 -0.284471
0.092923 0.266559 -0.239618 -0.0570982 0.297943 -0.258641
0.0925102 0.240253 -0.209839 -0.0533139 0.273943 -0.23113
0.0924437 0.212392 -0.178867 -0.0498833 0.248257 -0.202258
0.0929023 0.183074 -0.146669 -0.0467534 0.220923 -0.171875
0.09389 0.152264 -0.113129 -0.0439478 0.192011 -0.14004
0.0942491 0.126825 -0.086167 -0.0412012 0.175234 -0.117156
0.0918005 0.105778 -0.0568989 -0.0501339 0.163958 -0.0894031
0.0945656 0.0645781 -0.01455 -0.040497 0.126288 -0.0496626
0.092628 0.0584297 2.09927e+27 -0.0387752 0.117724 -0.0458484
0.114877 0.0366365 -0.0136437 -0.0270669 0.0963344 -0.0255075
0.115948 0.0273207 0.00914882 -0.025244 0.0787612 5.69008e+07
0.104875 -0.0123308 0.0518023 -0.0196372 0.0400399 0.0373944
0.100159 -0.0311337 0.0438157 -0.0182341 0.0435286 0.019622
0.125731 -0.0635625 0.0780161 0.00411304 0.0104607 0.0524877
0.127505 -0.0900264 0.106561 -0.00136789 -0.0233287 0.0858527
0.131038 5.69008e+07 0.141566 -0.00448906 -0.0573695 0.120289
0.126864 -0.147803 0.126259 0.00313679 -0.036559 0.0960272
0.147761 -0.178709 0.160565 0.0253137 -0.0710764 0.12941
0.13896 -0.194743 0.175961 0.0246347 -0.0957456 0.150795
0.106665 -5.69008e+07 0.218852 0.0528476 -0.138143 0.19166
0.109666 -0.267525 0.246227 0.0452452 -0.16149 0.21386
0.109803 -0.284244 0.268974 0.0379303 -0.194348 0.243916
-1.04963e+27 -0.306785 0.293315 0.0276653 -0.220978 0.268667
0.0915795 -0.317944 0.316393 0.0334463 -0.256584 0.302408
-1.04963e+27 -0.350127 0.351383 0.0157171 -0.287802 0.331391
0.104149 -0.363317 0.359531 0.00432065 -0.306207 0.347456
0.0947204 -0.356849 0.370509 1.04963e+27 -0.33054 0.368946
end
gesture g6 hands 2
0.722389 -0.939402 0.965607 -0.638155 -0.953497 0.961532
0.70328 -0.928546 0.946812 -0.621699 -0.943105 0.943006
0.684222 -0.917626 0.92793 -0.605219 -0.93256 0.924405
0.665205 -0.906578 0.908901 -0.588802 -0.921913 0.905681
0.646278 -0.895393 0.889685 -0.572478 -0.911117 0.886775
0.627455 -0.883976 0.870186 -0.55628 -0.900122 0.867629
0.608765 -0.872292 0.850358 -0.540317 -0.888997 0.848258
0.590237 -0.860292 0.830142 -0.524454 -0.877461 0.828456
0.571866 -0.848067 0.809624 -0.508798 -0.865596 0.808256
0.553704 -0.835272 0.788454 -0.493399 -0.853361 0.787627
0.535827 -0.822038 0.766755 -0.478293 -0.840724 0.766536
0.518234 -0.808325 0.744485 -0.463503 -0.827652 0.744946
0.500959 -0.7941 0.721617 -0.449059 -0.814118 0.722835
0.484059 -0.779345 0.698142 -0.434991 -0.800098 0.700186
0.467553 -0.764032 0.674036 -0.420924 -0.785531 0.67678
0.447066 -0.743652 0.641542 -0.405282 -0.767273 0.644856
0.435958 -0.731693 0.623956 -0.39521 -0.754932 0.628896
0.420608 -0.714574 0.597875 -0.382303 -0.738744 0.60376
0.405774 -0.696854 0.571182 -0.369889 -0.722012 0.578111
0.39148 -0.678533 0.543904 -0.35798 -0.704733 0.551973
0.377745 -0.659617 0.51607 -0.346586 -0.686913 0.52538
0.364584 -0.640113 0.487719 -0.335708 -0.668557 0.498371
0.352006 -0.620033 0.458895 -0.325345 -0.649676 0.470993
0.340012 -0.599393 0.429649 -0.315487 -0.630284 0.443296
0.328597 -0.578211 0.400036 -0.306118 -0.610397 0.415338
0.317748 -0.556508 0.370118 -0.297215 -0.590032 0.38718
0.307444 -0.534307 0.33996 -0.288747 -0.569211 0.358888
0.297655 -0.511635 0.309633 -0.280676 -0.547954 0.33053
0.288343 -0.488518 0.279207 -0.272956 -0.526285 0.30218
0.27946 -0.464983 0.248757 -0.265533 -0.504228 0.273912
0.27095 -0.441058 0.218359 -0.258348 -0.481806 0.2458
0.262749 -0.416774 0.188091 -0.251333 -0.459044 0.217922
0.254783 -0.392157 0.158028 -0.244127 -0.435847 0.190081
0.246628 -0.367096 0.128051 -0.237289 -0.412488 0.1631
0.235038 -0.338146 0.0896188 -0.227398 -0.384065 0.127356
0.22387 -0.312761 0.0626906 -0.21814 -0.359929 0.101107
0.22297 -0.290717 0.0409936 -0.214603 -0.340417 0.0836653
0.209063 -0.259159 0.00521261 -0.205659 -0.315463 0.0576365
0.20332 -0.237867 -0.0161095 -0.195498 -0.290148 0.0320941
0.193465 -0.211407 -0.043335 -0.177065 -0.25342 -0.00692083
0.182016 -0.184523 -0.0701756 -0.17357 -0.239094 -0.0168982
0.158435 -0.146251 -0.111865 -0.147862 -0.1937 -0.0611562
0.14156 -0.11781 -0.138581 -0.139952 -0.180022 -0.0707109
0.136868 -0.096304 -0.155403 -0.128795 -0.153796 -0.0943288
0.123972 -0.0734186 -0.173965 -0.113085 -0.131077 -0.110129
0.0998257 -0.0384022 -0.206369 -0.0886147 -0.0967858 -0.139408
0.0823537 -0.00996926 -0.22872 -0.0632569 -0.0619484 -0.16731
0.0655649 0.0134601 -0.246611 -0.0522199 -0.0451465 -0.175781
0.0426967 0.0434955 -0.270347 -0.0244001 -0.0100761 -0.202675
0.0156734 0.0809123 -0.300649 0.00159272 0.0198311 -0.222486
-0.00305092 0.1009 -0.315912 0.0177137 0.0417168 -0.233684
-0.0259714 0.126349 -0.325427 0.0253761 0.0668152 -0.240661
-0.0591496 0.14909 -0.338961 0.0534553 6.27155e+07 -0.258948
-0.0880196 0.179488 -0.359267 -1.1569e+27 0.120567 -0.269635
-0.124403 0.217166 -0.387945 0.117477 0.15158 -0.286676
-0.149147 0.240763 -0.397532 0.148046 0.182377 -0.302052
-0.180123 0.257614 -0.401484 0.176074 0.200034 -0.303661
-0.205494 0.278613 -0.420785 0.200893 0.226277 -0.320678
-0.231918 0.30947 -0.437624 0.240795 0.257512 -0.334687
-0.227988 0.302743 -0.432024 0.23557 0.25112 -0.333623
-0.278695 0.269929 -0.387695 0.279972 0.217277 -0.286441
-0.278259 0.236098 -0.409043 0.274054 0.230781 -1.1569e+27
-0.224014 0.213229 -0.422672 0.282364 0.206488 -0.243461
-0.281287 0.265471 -0.415931 0.241801 0.267895 -0.238455
-0.303068 0.191337 -0.335719 0.241033 2.69361e+17 -0.181564
-0.296225 0.181988 -0.337297 -1.1569e+27 0.201411 -0.168769
-0.252149 -6.27155e+07 -0.35487 0.2307 0.149592 -0.0964689
-0.307263 0.190496 -0.344322 0.15329 0.218649 -0.0987758
-0.341706 0.147924 -0.301787 0.17106 0.152196 -0.0560853
-6.27155e+07 0.0818008 -0.311074 0.134487 0.132716 -0.0629385
-0.236036 0.0495742 -0.313628 0.142387 0.0964493 -0.0310632
-0.266858 0.0876682 -0.297012 -6.27155e+07 0.134262 -0.0227657
-0.268686 0.0107466 -0.222184 0.104091 0.0891913 0.0221621
-0.121251 -0.0231191 -0.205498 0.0942309 0.0840573 0.00739474
-0.229153 -2.69361e+17 -0.214115 0.0972205 0.0727973 0.0109421
2.69361e+17 -0.0222954 2.69361e+17 0.0730571 0.096945 -0.00375886
-0.255986 -0.0222497 -0.207487 0.0747021 0.0789181 0.00458303
-0.252612 -0.0234887 -0.209242 0.0699906 0.0806536 -0.00784629
-0.24517 -0.0170029 -0.213553 0.0754904 0.0825159 -0.016262
-0.238956 -0.0112856 -0.212532 0.0554789 0.0833686 -0.0306673
-0.247546 -0.0389363 -0.184688 0.0580583 0.059518 -0.0261799
-0.231681 -0.0408113 -1.1569e+27 0.0510115 0.0600925 -0.0381318
-0.216443 1.1569e+27 -0.204947 0.0562921 0.0623545 -0.0487592
-0.200348 -0.0330375 -0.203092 0.0394566 0.0617287 -0.0552968
-0.193697 -0.0646334 -0.171354 0.0473854 0.0266791 -0.0363837
-0.175931 -0.0702413 -0.184627 0.0347962 0.0211096 -0.0491632
-0.142536 -0.0738723 -0.183696 0.0283836 0.0129891 -0.0623959
-0.138611 -0.0629239 -0.192181 0.0268232 0.0194954 -0.0795835
-0.134961 -0.0519424 -0.20053 0.0258496 0.0261576 -0.0963396
-0.124261 -0.0482279 -0.202849 0.0178725 0.0255917 -0.106554
-0.120835 -0.037377 -0.210914 0.0177302 0.0323459 -0.12245
-0.117697 -0.0264542 -0.2188 0.0181907 0.0392693 -0.137905
-0.114845 -0.0154442 -0.226491 0.0192495 0.0463658 -0.15292
-0.11227 -0.00433009 -0.233966 0.0208974 0.0536388 -0.167499
-0.10718 -0.000534799 -0.236972 0.0179651 0.0537562 -0.178115
-0.104848 0.0105966 -0.244026 0.0204091 0.0611473 -0.191943
-0.102747 0.0218881 -0.250795 0.0233883 0.0687217 -0.20536
-0.0981879 0.0262877 -0.249934 0.0235693 0.0692573 -0.211026
-0.0962419 0.0377588 -0.255992 0.0272829 0.0769889 -0.223601
-0.0836508 0.0266463 -0.243677 0.0218301 0.0698286 -0.223627
-0.0810223 0.0376752 -0.256742 0.0256935 0.0774154 -0.23553
-0.0860637 0.0563644 -0.269374 0.0299362 0.0851835 -0.24711
-0.0765687 0.0679528 -0.274034 0.0345207 0.0931301 -0.258392
-0.0824486 0.0721402 -0.271799 0.0394077 0.101252 -0.2694
-0.0810166 6.27155e+07 -0.275242 0.0445565 0.109546 -0.28016
-1.1569e+27 0.0890418 -0.271401 0.0499251 0.118062 -0.290678
-0.073604 0.101689 -0.273818 0.0554617 0.126688 -0.301031
-0.0720448 0.114755 -0.275616 0.0611507 0.135469 -0.311219
-0.0703046 0.128238 -0.27677 0.0669309 0.144398 -0.321273
-0.0683401 0.142158 -0.277258 0.0727593 0.153468 -0.331221
-0.0661085 0.156529 -0.277061 0.0863073 0.155161 -0.33085
-0.0635674 0.171363 -0.276166 0.070995 0.182962 -0.339942
-0.0649684 0.172853 -0.260693 0.0774084 0.19141 -0.349017
-0.062408 0.188326 -0.258455 0.0836996 0.199969 -0.358103
end
