gesture a01 hands 2
0.950802 0.685312 1.23219 0.955492 0.969903 0.991635
0.989152 0.685413 1.20758 0.982132 0.977651 1.06685
1.02066 0.737383 1.11375 0.964246 1.02894 1.08527
1.03438 0.825224 1.0603 0.959415 0.980165 1.11425
1.00682 1.01093 0.980936 0.966682 0.999967 1.15721
1.01198 1.14377 0.898161 0.97725 0.98252 1.0628
1.03539 1.07149 0.906002 0.989516 0.999217 1.06937
end
gesture a01 hands 2
1.00886 0.589015 1.2994 1.00392 0.98185 1.04953
0.99634 0.598626 1.28742 1.01817 0.966222 1.02965
0.993048 0.766827 1.17451 0.974295 0.961053 1.0349
0.985909 0.807804 1.15049 0.97147 0.959341 1.00021
0.948241 0.983095 1.04286 0.930417 0.955883 1.04015
0.985905 1.02664 0.958655 0.944415 0.982877 1.05536
1.00646 0.929145 0.999891 0.965547 0.980042 1.01575
end
gesture a01 hands 2
0.959907 0.613749 1.28492 0.969602 0.960755 1.04585
1.07235 0.616442 1.27542 1.02662 0.959381 1.00532
1.03986 0.610156 1.32061 0.913453 0.9615 1.00559
1.01048 0.719959 1.17184 0.91123 0.981285 1.11538
0.9479 0.992783 1.03023 0.915985 0.987881 1.12005
0.984037 1.03057 0.967123 0.945874 0.994713 1.02276
0.992305 0.983538 0.990538 0.956577 0.97782 1.0451
end
gesture a01 hands 2
0.944246 0.487312 1.29489 1.05683 0.960255 1.02066
1.11316 0.574238 1.1195 0.924687 0.909809 1.06159
1.03783 0.543705 1.20145 0.993844 0.929616 1.04758
1.11923 0.587878 1.15409 0.918567 0.88889 1.05695
1.06123 1.09598 0.982428 1.09958 0.985133 0.99105
1.07275 1.13548 0.94556 0.88047 0.927934 1.01223
0.938162 0.957561 1.01985 0.861206 1.11499 1.06975
end
gesture a01 hands 2
1.0121 0.899317 0.997434 0.47859 0.691629 1.325
0.962972 0.981497 1.0724 0.471096 0.720022 1.33028
0.936396 0.981795 1.03114 0.515581 0.707862 1.32092
0.928109 0.883925 0.925451 0.781007 0.934693 1.11496
0.968908 0.865271 1.076 0.806113 0.958823 1.07459
0.922355 0.97931 1.10127 0.890363 0.933138 1.10008
0.987822 0.950168 1.14287 0.94038 0.898028 1.18684
end
gesture a01 hands 2
0.52751 0.492211 1.4873 1.17688 0.914575 1.08965
0.691824 0.507594 1.49979 1.1257 0.88754 1.10183
0.78162 0.561309 1.46468 1.15802 0.897614 1.07234
0.831218 0.855082 1.22996 1.02273 1.07335 1.04056
0.887221 0.89517 1.16639 0.92133 1.19221 1.0027
0.974834 0.846551 1.12659 0.949143 1.19222 1.00111
1.00942 0.736275 1.12458 0.910877 0.998803 1.01313
end
gesture a01 hands 2
0.903127 0.424606 1.23077 0.993514 0.974565 1.04696
0.997628 0.529242 1.11128 0.988871 0.985714 1.07034
0.999675 0.611104 1.09038 0.969075 0.981877 1.01495
0.98378 0.924468 1.02364 0.946883 0.932248 1.0539
1.05675 0.906183 1.0042 0.929061 0.987481 1.04187
1.03566 0.815846 1.06088 0.990809 0.98078 1.0487
1.0282 0.792011 1.0766 0.991748 0.996745 1.02356
end
gesture a01 hands 2
0.862995 0.280853 1.40443 0.973814 0.974068 1.02903
0.964242 0.379449 1.30419 0.948818 0.959719 1.02078
0.892194 0.595517 1.23032 0.948379 0.940112 1.07651
0.902771 0.689358 1.19376 0.953276 0.956188 1.073
0.966655 0.761884 1.15105 0.98036 0.961545 1.03226
1.0056 0.738966 1.13126 0.955102 0.971812 1.02256
1.0102 0.6869 1.14854 0.982165 0.961902 1.02954
end
gesture a01 hands 2
0.888355 0.445855 1.31068 0.96196 0.975034 1.0222
1.00017 0.529384 1.20201 0.971047 0.968834 1.04989
0.939681 0.779683 1.11965 0.949575 0.953969 1.05668
0.992196 0.848243 1.07677 0.961705 0.964982 1.04149
1.06212 0.788162 1.08604 0.970803 0.973242 1.03009
1.02387 0.700787 1.14071 0.960738 0.968517 1.05188
1.01296 0.679444 1.15481 0.973835 0.975995 1.02629
end
gesture a01 hands 2
1.05695 0.47602 1.12655 1.00491 0.960556 1.06296
1.04107 0.479355 1.15016 0.976651 0.986494 1.00318
1.02239 0.574878 1.09119 0.966686 0.962395 1.03349
0.988989 0.935258 1.03964 0.955908 0.965795 1.05163
0.971649 0.986921 1.03486 0.958049 0.939697 1.0638
0.944896 0.862816 1.03088 0.949117 0.982733 1.04467
0.951202 0.838457 1.04158 0.971433 0.970939 1.02872
end
gesture a01 hands 2
1.08834 0.470948 1.21436 0.953489 0.964146 1.03391
1.11089 0.476744 1.19547 0.946924 0.977344 1.01196
1.05826 0.4885 1.17116 0.948617 0.92976 1.05751
0.97736 0.87701 1.05517 0.955673 0.947876 1.0369
0.969178 0.983612 1.03288 0.942049 0.908797 1.07592
0.928477 1.00795 1.00681 0.976109 0.969961 1.02777
0.95061 0.88254 1.02164 0.943617 0.960474 1.05757
end
gesture a01 hands 2
1.10406 0.44339 1.25204 0.955361 0.965825 1.05113
1.07179 0.45231 1.17195 0.957302 0.949467 1.04733
1.03084 0.538075 1.10936 0.958773 0.971229 1.00947
1.00685 0.688223 1.0772 0.962766 0.946734 1.04392
0.977356 0.940601 1.02862 0.960332 0.953044 1.0051
0.923237 0.971199 0.993337 0.948532 0.971554 1.08944
0.967289 0.825315 1.04426 0.964332 0.968067 1.02509
end
gesture a01 hands 2
1.07608 0.34469 1.18357 0.97987 0.969516 1.01864
1.05618 0.360238 1.14434 0.987969 0.981237 0.992469
1.01031 0.55862 1.07611 0.985947 0.965384 1.03353
0.977405 0.963293 1.02323 0.982893 0.972091 1.03001
1.00621 1.15427 0.989373 0.973154 0.959615 1.03035
0.911608 1.02349 1.02408 0.976148 1.00586 1.03046
0.951442 0.819032 1.08156 0.973145 0.959606 1.0303
end
gesture a01 hands 2
1.0143 0.349271 1.28174 0.926945 0.938414 1.0358
0.965454 0.474697 1.18408 0.957338 0.967633 1.04373
0.973112 0.618977 1.14792 0.956288 0.949957 1.04326
0.931604 0.768498 1.1138 0.967153 0.977068 1.04628
1.00033 0.903287 1.06446 0.955238 0.932282 1.0428
1.03688 0.896701 1.03505 0.97017 0.97994 1.05049
1.0308 0.690985 1.11778 0.983319 0.947214 1.02516
end
gesture a01 hands 2
1.04461 0.232298 1.27255 0.930949 0.939945 1.00245
1.04381 0.237991 1.23949 0.954923 0.936483 1.02003
0.989764 0.424938 1.16569 0.989569 0.979961 1.02505
0.944426 0.661179 1.1129 0.972434 0.977445 1.0453
0.946075 0.714391 1.09966 0.972122 0.969602 1.06282
1.01439 1.0852 1.00655 0.984042 0.976345 1.01478
1.08118 0.924817 1.04129 0.976302 0.960866 1.04728
end
gesture a01 hands 2
0.93784 0.382664 1.25108 0.979488 0.953424 1.03559
0.947604 0.435499 1.18648 0.976964 1.00638 1.01781
0.95745 0.638508 1.11973 0.973943 1.00415 1.01865
0.9565 0.925136 1.05248 0.97193 0.992112 1.02362
0.986958 1.07846 1.01491 0.971639 0.974529 1.03097
1.01265 1.07908 0.951827 0.970921 1.00192 1.01949
1.00353 0.877364 1.01799 0.971597 0.974278 1.03108
end
gesture a01 hands 2
0.937092 0.272448 1.28956 0.970239 0.953677 1.03782
0.923602 0.580701 1.14745 0.969178 0.98249 1.02997
0.998446 0.924346 1.07392 0.990452 0.931402 1.02114
0.993416 1.03331 1.04559 0.972104 0.98253 1.01927
1.01598 1.09185 0.974228 0.973955 0.977342 1.03443
1.02306 1.0374 0.959758 0.962111 1.03249 1.01726
1.01704 0.928319 0.98577 0.973969 0.977301 1.03455
end
gesture a01 hands 2
0.910769 0.301966 1.29561 0.96806 0.950598 1.03712
0.915497 0.349415 1.22607 0.965721 0.965255 1.03785
0.904326 0.552183 1.15675 0.97632 0.938137 1.03413
0.982332 0.99345 1.05062 0.963381 0.979912 1.03858
1.00052 1.03451 1.01367 0.98458 0.925677 1.03115
1.0197 0.945421 0.975524 0.965915 0.981782 1.03359
1.00926 0.849064 1.01469 0.969388 0.952361 1.03805
end
gesture a01 hands 2
0.848409 0.220432 1.24739 0.9773 0.978398 0.995296
0.935692 0.295835 1.10876 1.03996 0.986147 1.03242
0.911151 0.524501 1.07852 0.949487 0.955116 1.04944
0.916224 0.834191 1.0347 1.00111 0.962533 1.01829
1.00671 0.948894 1.01505 0.946216 0.956728 1.03606
1.02802 1.08237 1.00364 1.00504 0.979245 1.00591
1.04337 0.900062 1.0377 0.971489 0.988935 1.03533
end
gesture a01 hands 2
0.857788 0.279805 1.33721 0.985078 0.986635 1.03239
0.94955 0.488543 1.13413 1.01059 0.996509 0.980129
0.967331 0.810771 1.05787 0.952183 0.952178 1.05055
1.00244 1.08866 0.975142 1.0184 0.997678 1.02882
0.941655 1.19139 0.95834 0.950888 0.977061 0.991999
1.04997 1.09499 0.96904 1.0001 0.99006 1.00297
1.00101 0.883862 1.05021 0.997826 1.00439 0.994774
end
gesture a01 hands 2
0.84603 0.231283 1.29542 1.01264 0.999282 1.01336
0.95941 0.393015 1.15891 0.974377 0.972165 1.04713
0.913759 0.577528 1.12546 1.01129 0.976597 0.9989
0.926256 0.831446 1.06614 0.922712 0.947912 1.04268
1.02517 0.996707 1.0173 1.01122 0.991292 1.02419
0.91649 1.13356 0.988038 0.911124 0.961755 1.05037
1.01765 0.961616 1.02883 1.00126 1.02465 0.987887
end
gesture a01 hands 2
0.951151 0.386575 1.22307 0.975317 0.970385 1.05261
1.05272 0.697328 1.07348 0.964287 0.970238 1.05276
1.0447 0.748233 1.06431 0.9701 0.967991 1.03792
1.00311 0.94277 1.02754 0.964265 0.970237 1.05276
1.01128 1.10669 0.992636 0.975912 0.965744 1.02308
0.982454 1.03942 0.973912 0.964244 0.970237 1.05276
0.958219 0.89547 1.04592 0.961836 0.976017 1.05333
end
gesture a01 hands 2
0.894464 0.295036 1.37326 0.962262 0.96076 1.06725
0.998956 0.390495 1.27594 0.950939 0.966505 1.07503
0.987627 0.584571 1.21563 0.966412 0.954054 1.0538
0.95606 0.729664 1.16922 0.939616 0.97225 1.08281
0.947314 0.832377 1.12324 0.954634 0.970166 1.05065
0.961031 0.821173 1.07448 0.970562 0.947349 1.04035
0.964695 0.771365 1.07863 0.954873 0.970133 1.05014
end
gesture a01 hands 2
0.867552 0.443147 1.29083 0.923043 0.956003 1.04931
0.917312 0.474857 1.23212 0.918149 0.950674 1.02685
0.945038 0.562116 1.19315 0.984998 0.979085 1.03802
0.941737 0.713978 1.15424 0.989426 0.971272 1.07441
0.962061 0.901097 1.07122 0.965959 0.977256 1.08792
0.986813 0.868508 1.03888 1.01017 0.965026 1.06804
0.984307 0.817289 1.05779 0.963239 0.976995 1.09504
end
gesture a01 hands 2
0.864907 0.27098 1.14945 0.97251 0.964315 1.06253
1.01597 0.357395 1.09996 0.963922 0.956799 1.0351
0.973671 0.544473 1.08287 0.971143 0.959818 1.03164
1.00801 0.757453 1.0637 0.966009 0.968581 1.04284
0.94782 0.954903 1.03805 0.978363 0.962838 1.02817
1.03906 0.967675 1.02512 0.945397 0.979473 1.04091
1.03625 0.889147 1.03385 0.964041 0.97939 1.04503
end
gesture a01 hands 2
0.836382 0.27346 1.14322 0.914423 0.973045 0.967713
0.983099 0.363815 1.09908 0.942125 0.967647 1.00059
0.954759 0.554007 1.08222 0.941861 0.970809 0.978111
0.944404 0.814085 1.0589 0.95107 0.965904 1.01121
0.955117 0.914908 1.05087 0.941597 0.973971 0.95563
1.00618 0.923534 1.03709 0.985883 0.967493 1.03693
0.997679 0.791574 1.05917 0.929431 0.976709 1.04618
end
gesture a01 hands 2
0.877022 0.179472 1.21956 0.944593 0.960734 1.06605
0.971707 0.280548 1.14951 0.951348 0.954817 1.05365
0.95144 0.367547 1.14181 0.941607 0.95845 1.06429
0.965635 0.561227 1.11265 0.941393 0.958287 1.06416
0.938036 0.755136 1.08963 0.941207 0.958144 1.06405
0.983454 0.758844 1.06963 0.960662 0.950857 1.04276
0.990307 0.705427 1.0736 0.94118 0.958124 1.06403
end
gesture a04 hands 2
0.764798 0.493154 1.21034 0.974639 0.950987 1.09199
0.739933 0.534578 1.14787 0.922653 0.972312 1.05927
0.768773 0.633662 1.11759 0.901678 0.983534 1.00814
0.788436 0.684626 1.11313 0.995533 0.965114 1.04469
0.890764 0.857218 1.07477 0.969757 0.966209 1.03647
0.965675 0.879341 1.03422 0.999726 0.985417 1.01781
0.945336 0.832556 1.0455 0.889232 0.966844 1.05145
end
gesture a04 hands 2
0.787918 0.653871 1.19383 0.906561 0.978743 1.03799
0.756635 0.658558 1.11988 0.935515 0.969309 1.05271
0.828265 0.755599 1.09375 0.954398 0.977963 0.99914
0.967431 0.988135 1.0284 1.0627 0.968475 1.03629
1.03607 0.959121 1.00015 1.09631 0.988672 1.00452
0.937963 0.834379 1.0612 0.930779 0.973505 1.03777
0.920059 0.814658 1.07163 0.931138 0.967447 1.05388
end
gesture a04 hands 2
0.632011 0.392168 1.21684 0.894675 0.936514 1.0984
0.68415 0.489119 1.15735 0.900957 0.947818 1.06775
0.780908 0.687521 1.13149 0.880137 0.931821 1.07261
0.813385 0.729192 1.11885 0.927312 0.935486 1.05285
0.8559 0.751973 1.09728 0.90724 0.959122 1.0371
0.869252 0.702504 1.09347 0.993108 0.942859 1.0762
0.85708 0.678156 1.10486 0.965293 0.949165 1.09618
end
gesture a04 hands 2
0.759519 0.679643 1.03022 0.943773 0.951543 1.03779
0.775149 0.686531 1.04683 0.938689 0.96985 1.06074
0.835864 0.767352 1.03947 0.91587 0.997503 1.02535
0.946992 0.955922 1.03798 1.08628 0.939633 1.02226
1.0205 1.03255 1.02565 1.08817 0.94439 1.02952
1.02951 0.959116 1.02253 0.977737 0.984124 1.03556
0.906607 0.846093 1.03541 0.91161 0.973874 1.04468
end
gesture a04 hands 2
0.622416 0.537286 1.12624 0.864862 0.964311 1.07916
0.782972 0.740036 1.10341 1.05921 0.949356 1.03587
0.855914 0.81604 1.08496 1.05262 0.912192 1.04009
0.907203 0.812584 1.06624 0.999733 0.914967 1.04666
0.864561 0.717457 1.07203 0.905401 0.977424 1.07059
0.767782 0.658142 1.09737 0.910199 0.970504 1.06268
0.746273 0.638179 1.10339 0.88283 0.966753 1.07438
end
gesture a04 hands 2
0.718701 0.671569 1.09309 0.893945 0.979679 1.0741
0.834216 0.814958 1.06282 1.05465 0.958016 1.00919
0.859663 0.857855 1.06118 1.09318 0.919645 1.02494
0.922242 0.943037 1.05234 1.04055 0.913635 1.03316
1.01398 0.946057 1.02694 0.944026 0.968136 1.04402
0.994417 0.895292 1.02576 0.910711 1.00692 1.05384
0.837012 0.774302 1.05465 0.889327 0.9542 1.05675
end
gesture a04 hands 2
0.980133 0.447595 1.35657 1.02733 0.970007 1.02156
1.04021 1.00027 1.02926 0.979879 1.03061 0.925761
0.894534 0.99255 0.937057 0.992724 0.973976 1.02054
1.04648 1.11375 1.0506 1.04446 1.0208 0.938385
1.03054 1.27086 0.90927 1.05599 1.00998 1.10814
0.944557 0.865813 1.03361 0.948067 1.00798 1.01885
0.966942 0.666 1.19183 1.00168 0.915474 1.01903
end
gesture a04 hands 2
0.956738 0.610798 1.34988 1.00698 0.947173 1.06308
0.944927 0.607609 1.26522 0.952121 0.923888 1.05373
0.968878 0.763178 1.15282 0.95072 0.952849 1.05474
0.961927 0.841768 1.10189 0.925411 0.916808 1.05553
0.958026 0.866023 1.05533 0.946399 1.01215 1.07777
0.957942 0.81464 1.07751 0.936198 0.973968 1.03841
0.957588 0.781234 1.12243 0.961477 0.979271 1.0237
end
gesture a04 hands 2
0.931261 0.627281 1.16407 0.987839 0.954424 1.02384
0.907793 0.640106 1.11797 0.930349 1.01087 1.01281
0.898123 0.714296 1.03335 0.959165 0.988271 1.0057
0.975937 1.07777 0.972024 0.968749 0.967416 1.0325
0.982297 1.08411 0.936759 0.969652 0.958254 1.05947
0.958764 0.878312 1.02843 0.969216 0.973599 1.00937
0.938214 0.730333 1.11016 0.97117 0.936845 1.03765
end
gesture a04 hands 2
0.920977 0.629846 1.13943 0.956413 0.90744 1.08966
0.908026 0.630776 1.16601 0.933727 0.905384 1.07061
0.911583 0.6351 1.16786 0.918701 0.922314 1.07956
0.898413 0.662791 1.11853 0.91227 0.943544 1.07082
0.901461 0.71658 1.09702 0.929039 0.953283 1.06159
0.918684 0.812168 1.07904 0.905839 0.964774 1.06208
0.929587 0.867221 1.06619 0.939377 0.984252 1.04362
end
gesture a04 hands 2
0.891845 0.460946 1.21149 0.930203 0.904341 1.03888
0.882153 0.499292 1.18446 0.929286 0.951702 1.02561
0.88935 0.511588 1.20292 0.904428 0.986452 1.05102
0.905779 0.602557 1.17856 0.952339 0.976423 1.05834
0.935892 0.801132 1.10824 0.940272 0.979954 1.09645
0.937434 0.863287 1.04405 0.96831 0.97308 1.06078
0.932194 0.760852 1.09132 0.977962 0.92383 1.08045
end
gesture a04 hands 2
1.08242 0.458859 1.38952 0.98299 0.919876 0.99652
1.11396 0.613429 1.30756 0.969148 0.944508 0.987594
1.01484 0.751477 1.18609 0.94772 0.96046 1.09679
0.970638 0.880574 1.08986 0.950234 0.962206 1.09887
0.999443 0.86084 1.06333 0.959907 0.964163 1.14998
1.02131 0.815983 1.09161 0.946215 0.972029 1.04181
1.02835 0.741021 1.1738 0.959339 0.951142 1.02531
end
gesture a04 hands 2
1.05477 0.38623 1.41828 0.957778 0.950995 0.962145
1.11323 0.40505 1.41028 0.986529 0.945556 0.968715
1.11483 0.549521 1.33483 0.974157 0.979842 1.07714
1.0198 0.809645 1.13401 0.962925 0.985579 1.02547
1.03319 1.01643 1.05649 0.968131 0.989205 0.997637
0.901464 1.0169 0.983414 0.961353 0.994089 1.05477
0.996301 0.788398 1.1282 0.978785 0.95106 0.951613
end
gesture a04 hands 2
0.837905 0.336669 1.33542 0.941373 0.946561 1.06519
0.878791 0.637565 1.21682 0.956754 0.979639 1.04602
0.892549 0.676452 1.17872 0.959635 0.979636 1.01888
0.969864 0.995963 1.04928 0.972592 0.975447 1.06716
1.02699 1.09372 0.926501 0.978355 0.975442 1.01289
1.04735 1.12571 0.944656 1.00896 0.979173 1.03578
1.06008 0.945482 1.04946 0.970523 0.955658 1.02407
end
gesture a04 hands 2
0.905738 0.585589 1.27571 0.957088 0.949643 1.04178
0.912551 0.645115 1.21564 0.954662 0.959621 1.06698
0.945368 0.826606 1.12135 0.958156 0.969185 1.05221
0.966157 0.964499 1.0371 0.958026 0.969719 1.05356
0.985641 1.03365 0.966917 0.954337 0.960957 1.07035
0.960452 0.853405 1.0878 0.961651 0.978748 1.03743
0.953211 0.810287 1.12486 0.954315 0.961047 1.07058
end
gesture a04 hands 2
0.904143 0.522564 1.3157 0.954883 0.952114 1.06264
0.91878 0.684551 1.22809 0.959704 0.949928 1.03775
0.945084 0.806162 1.14117 0.961348 0.962281 1.04124
0.964992 1.00544 1.04661 0.961951 0.962008 1.03813
0.966747 0.94834 1.04522 0.961211 0.949245 1.02997
0.966588 0.840843 1.08452 0.962992 0.974634 1.04474
0.957894 0.793009 1.11797 0.961312 0.949199 1.02945
end
gesture a04 hands 2
0.898256 0.584637 1.25464 0.962336 0.949983 1.04603
0.919042 0.746936 1.17176 0.959301 0.976714 1.03309
0.925788 0.793598 1.15082 0.964911 0.975618 1.03755
0.964815 0.966588 1.03363 0.968812 0.964199 1.03715
0.974775 1.01692 1.0069 0.969541 0.946739 1.03205
0.9585 0.773574 1.14619 0.970521 0.974522 1.04201
0.952988 0.750349 1.16117 0.969704 0.946263 1.03203
end
gesture a04 hands 2
0.927971 0.36664 1.29614 0.993621 0.980278 1.03356
0.951451 0.395229 1.22403 0.969881 0.950655 0.990611
0.965909 0.592525 1.16436 0.958233 1.00825 0.991646
0.949022 1.07634 1.1322 0.971714 0.950058 1.05369
0.997809 1.08385 0.977726 0.967682 0.985934 1.0109
0.99359 0.860442 0.975749 1.01741 0.985982 1.04127
0.987634 0.782061 1.00373 0.944025 0.968107 1.00931
end
gesture a04 hands 2
0.92096 0.486471 1.19196 0.940044 0.912986 1.11925
0.91485 0.556895 1.14725 0.940261 0.961369 1.05519
0.934798 0.769149 1.15393 0.94397 0.940131 1.03542
0.948076 0.893763 1.05785 0.947679 0.918893 1.01564
0.949039 0.872901 1.00833 0.924084 0.979044 1.02854
0.949157 0.765764 1.0351 0.938522 0.972173 1.08449
0.949044 0.741235 1.04951 0.962742 0.980701 1.05499
end
gesture a04 hands 2
0.915677 0.526289 1.21457 0.950065 0.999691 1.00112
0.917936 0.574074 1.14835 0.964029 0.952441 1.05433
0.942753 0.779441 1.10064 0.959766 0.947527 1.02895
0.976249 0.994733 1.00096 0.967627 0.946397 1.08302
0.983629 0.987429 0.945739 0.9591 0.936569 1.03224
0.983997 0.881838 0.973167 0.950163 0.924959 1.03919
0.954231 0.729715 1.09581 0.9739 0.995676 1.04764
end
gesture a04 hands 2
0.790453 0.423168 1.08087 0.979807 0.966905 1.06882
0.813438 0.546477 0.936659 0.974644 0.968531 1.04284
0.881758 0.96951 0.989534 0.953813 0.959238 1.05646
0.964282 1.10631 1.02592 0.969482 0.970156 1.01687
1.06961 1.14101 1.05342 0.984897 0.984304 1.03398
1.13954 1.07656 1.06159 1.00632 0.967824 1.02653
1.12626 1.02528 1.0656 0.990036 0.98902 1.03969
end
gesture a04 hands 2
0.788442 0.601236 1.13673 0.968496 0.981888 1.04684
0.788786 0.712658 0.990304 0.953959 0.97115 1.07031
0.853509 0.920701 0.99166 0.949643 0.975835 1.01966
0.998577 1.07909 1.00284 0.987289 0.975467 1.05334
1.10918 1.10653 1.00655 1.00466 0.969374 1.00224
1.09078 1.00546 1.0143 0.992667 0.975414 1.05815
0.987426 0.881257 1.04005 0.947516 0.955439 1.05428
end
gesture a04 hands 2
0.687721 0.553597 1.11878 0.937497 0.943222 1.06071
0.698528 0.607485 1.05744 0.953351 0.954941 1.04278
0.781117 0.810875 1.0399 0.930716 0.971407 1.05332
0.931089 0.961152 1.04073 0.960186 0.977497 1.05056
1.03591 0.964545 1.03963 0.969205 0.966659 1.02486
1.03887 0.909754 1.04441 0.964396 0.978367 1.05017
0.910817 0.760326 1.07188 0.945585 0.958347 1.06122
end
gesture a04 hands 2
0.973523 0.498785 1.21606 0.95626 0.945357 1.05606
0.995134 0.533516 1.13816 0.957749 0.966856 1.06796
0.998495 0.63275 1.08928 0.959657 0.968378 1.05402
0.988935 0.840549 1.05652 0.95971 0.969146 1.05445
0.982104 0.8932 1.05155 0.957908 0.96916 1.06924
0.968539 0.920632 1.01978 0.961564 0.969899 1.04008
0.968607 0.822615 1.05391 0.957961 0.969928 1.06966
end
gesture a04 hands 2
0.935487 0.511972 1.19543 0.926643 0.941333 1.07436
0.938845 0.49968 1.16849 0.939679 0.947687 1.04813
0.959468 0.522274 1.11881 0.939521 0.961859 1.0644
0.973618 0.617725 1.08899 0.938553 0.949848 1.09323
0.969519 0.825492 1.05989 0.948255 0.953868 1.06594
0.968256 0.813007 1.03768 0.937585 0.937837 1.12206
0.958835 0.737543 1.07998 0.939306 0.951734 1.09556
end
gesture a04 hands 2
0.935824 0.445892 1.23007 0.926613 0.953279 1.07948
0.961574 0.465315 1.15842 0.934655 0.953012 1.06687
0.969341 0.562306 1.13301 0.933714 0.94363 1.0948
0.966722 0.778487 1.10557 0.936748 0.947626 1.08324
0.955131 0.817136 1.07305 0.942697 0.952744 1.05427
0.951584 0.769127 1.05509 0.940814 0.933981 1.11013
0.949809 0.718456 1.08002 0.932822 0.945173 1.1045
end
gesture a07 hands 2
1.08675 0.624651 1.18604 0.971 0.963085 1.01367
1.06453 0.642002 1.16026 0.944962 0.970906 1.08503
1.09048 0.813878 1.05049 0.929428 0.979672 1.07406
0.929213 1.05888 0.970686 0.973657 0.97692 1.04031
0.948175 0.999105 0.951246 0.930523 0.967307 1.07597
1.0058 0.834632 1.09292 1.00992 0.97987 0.993007
1.01475 0.811327 1.10691 1.03016 0.985638 0.9726
end
gesture a07 hands 2
1.05962 0.679302 1.22139 1.01189 0.974602 1.02088
1.02331 0.677244 1.20798 0.901096 0.979102 1.13572
1.04339 0.852915 1.10033 0.920555 0.978824 1.03529
0.907383 1.02049 0.984889 0.920717 0.984632 1.07852
0.926122 0.975136 0.960008 0.957534 0.984278 0.977266
1.08462 0.730117 1.16903 1.02696 0.985522 0.998082
1.08394 0.69016 1.21199 1.02546 0.976271 1.0269
end
gesture a07 hands 2
1.05649 0.56336 1.29737 1.02768 0.966262 1.02776
1.09609 0.759354 1.1847 0.963874 0.959153 1.02391
0.951127 0.925281 1.07868 0.918547 0.961 1.11999
0.971245 0.858634 1.01526 0.94004 0.970851 1.00726
1.06249 0.88203 0.97608 1.00022 0.973921 1.00676
1.08405 0.778796 1.09634 0.988028 0.974826 0.977852
1.08659 0.743994 1.13813 1.01136 0.973669 1.03496
end
gesture a07 hands 2
0.857077 0.988545 1.26686 1.06601 0.956278 1.04675
0.880061 0.975951 1.23803 0.967227 0.916732 1.05652
1.00571 1.1195 1.16606 1.01208 0.956164 1.02086
0.902 1.05588 1.12108 0.940015 0.951767 1.01529
0.846445 1.14337 1.09272 0.911059 0.95875 1.06327
0.869479 1.11487 1.05589 0.872727 1.03941 1.01858
0.982189 0.949379 1.01224 0.908426 1.06234 0.988586
end
gesture a07 hands 2
0.972189 0.59828 1.25756 0.978784 0.884676 1.06627
0.982015 0.59824 1.27474 1.026 0.823264 1.06753
1.04275 0.795291 1.2257 0.923853 0.829575 1.08781
0.918711 0.938805 1.10595 0.916921 0.899203 0.937759
1.03439 0.977627 0.947304 0.786001 0.947436 0.900085
1.02139 0.809091 1.06615 0.917172 1.11485 0.963621
1.01421 0.790466 1.08824 0.92731 1.13989 0.973647
end
gesture a07 hands 2
0.827406 0.642904 1.2309 1.07632 1.48463 1.11291
1.00018 0.808671 1.17886 1.12305 1.41259 1.07136
0.867925 0.94427 1.08598 1.07989 1.20829 1.06429
1.02596 0.990332 0.975582 1.04627 1.10652 1.05717
1.05758 0.970585 0.943268 0.895522 0.945443 1.00941
1.01812 0.739527 1.10129 0.97487 0.92477 0.956342
1.01099 0.718829 1.12124 0.896281 0.835246 1.05692
end
gesture a07 hands 2
1.09706 0.546791 1.37715 0.974645 0.977188 1.06811
1.10772 0.679683 1.24572 0.973746 0.984578 1.02444
1.01025 0.828016 1.14378 0.962813 1.01799 1.03413
0.931245 0.959794 1.09321 0.977394 0.938245 1.07992
0.9277 1.02326 1.01345 0.928621 0.911286 1.07072
0.999886 1.05494 0.860057 0.970605 0.996392 1.02164
1.04546 0.885384 0.975768 0.986689 0.96237 1.03182
end
gesture a07 hands 2
1.10176 0.508289 1.37701 0.972597 0.97617 1.01654
1.10801 0.628776 1.24101 0.94203 0.975819 1.02405
1.0031 0.784538 1.15392 0.952266 1.01213 1.02608
0.972788 0.824699 1.13394 0.968933 0.980777 1.07075
0.908608 1.00456 1.05462 0.98765 0.953955 1.0379
1.04255 1.02521 0.880289 0.937778 0.973239 1.01888
1.08843 0.88809 0.977109 0.979559 0.957349 1.03603
end
gesture a07 hands 2
1.1249 0.525313 1.39012 1.00094 0.964543 1.0321
1.0736 0.7551 1.17181 0.954765 0.999195 1.04982
0.892455 0.996453 1.07135 0.997754 0.962084 1.04268
0.895432 1.03111 1.02425 0.94212 0.938168 1.07689
1.03506 1.06437 0.86347 0.934028 0.957193 1.03318
1.06728 1.01909 0.8793 0.964159 0.980435 1.06321
1.0809 0.904686 0.985743 0.993349 0.96593 1.01627
end
gesture a07 hands 2
1.07299 0.531085 1.37831 0.952529 0.969055 1.04669
0.973749 0.777902 1.19063 0.952001 0.972097 1.01703
1.01381 0.800673 1.08938 0.986215 0.972061 1.03092
1.04495 1.01725 0.987822 0.974472 0.975583 1.03131
0.904871 1.01779 0.901644 0.961364 0.966075 1.05165
0.983872 0.854373 0.993168 0.984516 0.984354 1.01353
0.988327 0.83814 1.01235 0.961354 0.96321 1.05098
end
gesture a07 hands 2
1.07175 0.687719 1.31236 0.950983 0.945576 1.0452
1.0487 0.72537 1.23675 0.937174 0.942799 1.04401
1.05808 0.809054 1.16531 0.936477 0.935707 1.01638
0.943994 0.955559 1.08061 0.930421 0.942948 1.07164
0.938696 0.974434 1.03119 0.933315 0.954247 1.12732
0.981954 0.908652 0.979 0.93795 0.959273 1.09855
0.995707 0.871488 1.02061 0.94387 0.962147 1.04001
end
gesture a07 hands 2
1.07677 0.700892 1.33432 0.968602 0.955184 1.05602
1.06374 0.724262 1.25447 0.971315 0.941447 1.08225
1.06511 0.812981 1.18779 0.959782 0.941141 1.0247
0.948509 0.950512 1.07594 0.93159 0.960124 1.00128
0.942529 0.964734 1.025 0.939104 0.944701 1.09115
0.998183 0.918658 0.953508 0.929436 0.957322 1.03818
1.0225 0.858075 1.04638 0.973082 0.960204 1.04531
end
gesture a07 hands 2
1.07995 0.734448 1.28364 0.980149 0.958692 1.05504
1.06752 0.843953 1.14144 0.943409 0.981324 1.00174
1.06183 0.890087 1.11242 0.97696 0.946806 1.09784
0.92341 1.0203 1.01409 0.954677 0.968391 1.14764
0.935307 1.00927 0.969389 0.945541 0.964849 1.02949
1.01629 0.883598 1.00058 0.954872 0.968605 1.02547
1.03358 0.829781 1.10179 0.973158 0.954334 1.0557
end
gesture a07 hands 2
1.02612 0.630589 1.32194 0.961871 0.968704 1.09218
1.03586 0.632194 1.28966 0.962501 0.972105 1.06277
1.04718 0.790815 1.15994 0.988691 0.956294 1.01883
0.918523 0.986917 1.05672 0.967822 0.968128 1.02632
1.02401 1.04831 0.871444 0.957134 0.99447 1.04861
1.0497 0.901831 0.988731 0.960113 0.967596 1.02268
1.05063 0.864175 1.03026 0.98799 0.986407 0.99098
end
gesture a07 hands 2
1.00764 0.60104 1.33538 0.990395 0.95881 1.01335
1.06653 0.762592 1.21058 0.960635 0.959165 1.01413
0.952469 0.901488 1.11092 0.995004 0.945213 1.02701
0.940766 0.938737 1.0794 0.991123 0.947372 1.02635
0.96145 0.943935 1.04281 0.956595 0.967763 1.06011
1.06019 0.889168 1.01909 0.963705 0.960039 1.05747
1.07722 0.792543 1.10087 0.93678 0.953869 1.04703
end
gesture a07 hands 2
1.06014 0.429686 1.44285 0.961976 0.965918 1.01319
1.04374 0.855368 1.10232 0.971204 0.956068 1.0399
0.923488 1.00162 1.0349 0.991198 0.978485 1.02541
1.01826 1.09716 0.934382 0.985394 0.975356 1.01734
0.883521 1.14037 0.939724 0.968463 0.973683 0.996813
1.02242 1.06046 0.907873 1.00614 0.98546 0.976064
1.06396 0.960889 0.974197 0.967796 0.971981 0.993942
end
gesture a07 hands 2
1.02075 0.781538 1.11957 0.983418 0.966284 1.0116
1.03748 0.743638 1.19811 0.97128 0.955454 1.03661
1.10035 0.820312 1.07559 0.984518 0.975077 1.03363
0.92276 1.06246 0.95573 0.969063 0.964785 1.03627
0.94233 1.05047 0.934657 0.965172 0.978875 1.03305
1.0534 0.900609 1.06222 0.972802 0.950725 1.03949
1.05319 0.881027 1.08299 0.96502 0.978905 1.03304
end
gesture a07 hands 2
1.00036 0.679932 1.24886 0.983774 0.966909 1.0219
1.06616 0.896964 1.10951 0.95713 0.978737 1.028
0.94796 0.982641 1.05449 0.963362 0.966973 1.04403
0.93603 1.0059 1.01004 0.966518 0.963251 1.04634
1.1058 0.846513 1.01018 0.969544 0.9553 1.05993
1.08885 0.808311 1.05184 0.964222 0.969823 1.03462
1.00606 0.729976 1.18233 0.969593 0.955208 1.06006
end
gesture a07 hands 2
0.884771 0.485455 1.26753 0.989883 1.00989 1.00282
0.958759 0.78395 1.08462 0.981741 0.999874 1.03811
0.816848 0.997226 0.999607 0.953647 0.931101 1.09197
0.802437 1.03898 0.963263 0.988298 0.994706 1.05936
0.884976 0.991256 0.948759 0.967378 0.96127 1.07362
1.02141 0.883359 1.05863 1.02662 0.99679 0.988365
0.985914 0.754202 1.11511 0.954359 0.94285 1.01705
end
gesture a07 hands 2
0.910265 0.448722 1.27438 0.974247 0.979863 0.986654
0.965876 0.705735 1.12388 0.963622 0.98382 0.997737
0.839219 0.838319 1.08444 0.960805 0.921979 1.05535
0.856651 0.894886 1.01964 0.957209 0.997761 1.09767
1.02179 0.86359 1.04474 0.925439 0.95094 1.09061
1.06601 0.830955 1.05701 0.944806 0.977713 0.988139
1.05814 0.7597 1.09504 1.00317 0.984142 1.02069
end
gesture a07 hands 2
0.941958 0.555813 1.25653 0.9972 0.975407 1.06954
0.960052 0.607916 1.13834 0.986973 0.984313 0.982067
1.02017 0.844956 1.06517 0.976322 0.958917 1.00614
0.883535 1.06448 0.966873 0.957627 0.941495 1.02229
1.02935 0.941 0.991023 0.957822 1.0261 1.07301
1.00463 0.802439 1.08002 0.960983 0.956816 1.09856
0.99561 0.779333 1.09509 0.980933 0.992222 1.02561
end
gesture a07 hands 2
1.00044 0.567625 1.22699 0.959459 0.988421 1.02861
1.01476 0.633457 1.17426 0.968906 0.970786 0.995237
1.00641 0.828712 1.10417 0.970351 0.961222 1.05018
0.875702 0.95358 1.06015 0.971795 0.951657 1.10512
0.919094 0.988071 1.00224 0.973086 0.973417 1.08582
1.05664 0.887967 1.00861 0.96014 0.970331 1.01727
1.05205 0.771389 1.08381 0.960645 0.960351 1.04555
end
gesture a07 hands 2
0.995855 0.519758 1.31735 0.955067 0.958872 1.04899
1.04533 0.778935 1.14098 0.959994 0.94975 1.01849
0.907749 0.909836 1.08123 0.965223 0.955656 1.03524
0.92495 0.970519 1.01876 0.957128 0.941918 1.01691
0.965635 0.935895 1.01738 0.982329 0.969394 1.06185
1.01344 0.752192 1.11881 0.947948 0.988679 1.07113
1.0128 0.729042 1.13768 0.949815 0.967114 1.05046
end
gesture a07 hands 2
1.01772 0.528221 1.29439 0.953994 0.970135 1.0413
1.07661 0.749821 1.15835 0.957426 0.960167 1.01375
0.955649 0.826822 1.06469 0.969597 0.944706 1.06798
0.902177 0.974017 1.04078 0.977958 1.00495 1.05452
0.948523 0.938706 1.00106 0.976242 0.988016 1.03297
0.994699 0.749435 1.10954 0.970044 0.996464 1.08901
0.997817 0.727696 1.12605 0.968844 0.980518 1.00462
end
gesture a07 hands 2
1.02364 0.641214 1.27554 0.952272 0.955817 1.09565
1.01875 0.634888 1.19091 0.958135 0.966952 1.03436
1.01391 0.722447 1.13699 0.962741 0.963653 1.06116
0.951661 0.915239 1.08665 0.957018 0.96222 1.03273
0.976553 0.985279 1.00119 0.966229 0.955623 1.08631
1.01194 0.827136 1.06522 0.954783 0.952757 1.02945
1.01266 0.804464 1.08233 0.957159 0.954205 1.05911
end
gesture a07 hands 2
1.00066 0.494821 1.30688 0.929427 0.939624 1.06128
1.031 0.527294 1.23243 0.93629 0.934854 1.07363
1.03151 0.620764 1.2018 0.930781 0.955409 1.06652
0.966684 0.813391 1.13563 0.943153 0.930085 1.08598
0.990346 0.815459 1.08361 0.933362 0.941873 1.08086
1.01386 0.768354 1.07514 0.932135 0.971193 1.07176
1.0137 0.744202 1.09081 0.932709 0.942659 1.08052
end
gesture a07 hands 2
1.03015 0.578216 1.28635 0.962306 0.951886 1.06249
1.00224 0.577444 1.22662 0.949426 0.956441 1.08265
1.01679 0.670561 1.1771 0.951451 0.968269 1.07392
0.95492 0.862856 1.12472 0.950991 0.968432 1.07464
0.988466 0.896074 1.03393 0.947816 0.957011 1.08516
1.01273 0.860089 1.00897 0.953475 0.980097 1.0652
1.01052 0.791 1.06081 0.947587 0.957092 1.08552
end
gesture a08 hands 2
1.03724 0.488673 1.35881 0.985089 0.960381 1.00658
0.98677 0.609115 1.23807 0.986323 0.954766 1.09033
0.971857 0.657833 1.22533 0.947632 0.962429 1.09064
0.91703 0.713659 1.15941 0.918493 0.963912 1.04795
0.917829 0.755093 1.1224 0.914767 0.972238 1.03606
1.00189 0.912199 1.03922 0.908941 0.970093 1.09095
1.0263 0.864032 1.0495 0.913525 0.975013 1.03209
end
gesture a08 hands 2
1.07685 0.508129 1.35023 0.993655 0.969448 1.03177
1.04669 0.532886 1.28019 0.936633 0.937102 1.09175
0.988128 0.706893 1.1816 0.929151 0.968998 1.11971
0.918041 0.802432 1.08381 0.931984 0.966617 1.0886
0.949073 0.904475 1.04944 0.921307 0.974977 1.145
1.02859 0.899127 1.03946 0.921403 0.981199 0.970321
1.03604 0.844442 1.09385 0.96377 0.984613 0.942746
end
gesture a08 hands 2
1.10801 0.514442 1.33094 1.04 0.979473 1.00298
1.07302 0.525654 1.30481 0.939413 0.949157 1.08413
1.00291 0.696867 1.20949 0.92575 0.929501 1.08452
0.950884 0.751706 1.14009 0.913529 0.947016 1.08914
0.974812 0.887826 1.08042 0.924517 0.959223 1.03386
1.00248 0.892891 1.04715 0.902364 0.939055 1.13719
1.01478 0.843868 1.06752 0.952905 0.959631 0.981055
end
gesture a08 hands 2
0.930393 0.363186 1.3722 0.928665 0.916356 1.10182
0.944452 0.353804 1.39654 1.02786 0.962195 1.07981
0.952189 0.371211 1.34637 0.928842 0.958878 1.13325
0.883455 0.57467 1.22403 0.923261 0.945987 1.08231
0.882491 0.603588 1.17598 0.926598 0.950952 1.13803
0.980842 0.814629 1.0966 0.892671 0.947462 0.980784
1.00085 0.742825 1.12159 0.960267 1.00427 0.994864
end
gesture a08 hands 2
1.03243 0.520579 1.33518 1.07465 0.998949 1.02953
0.99317 0.548685 1.34059 0.983422 0.95833 1.07186
0.948353 0.658841 1.24584 0.974341 0.932584 1.03904
0.902636 0.785078 1.11438 0.969359 0.964113 1.08272
0.972348 0.90151 1.04973 0.989096 0.957404 1.0275
1.0054 0.868722 1.04149 0.886634 0.974629 0.9912
1.0162 0.769543 1.1354 0.980615 0.952714 1.04324
end
gesture a08 hands 2
0.994522 0.592264 1.32616 0.991038 0.913092 1.12593
0.991383 0.591143 1.29566 0.957635 0.974691 1.07422
0.95169 0.731819 1.22789 0.949586 0.997088 0.959206
0.961981 0.937589 1.03933 0.89588 1.0384 0.957607
1.00472 0.94038 1.00987 0.972039 1.01563 1.00262
1.02913 0.771704 1.14721 1.00621 1.04328 0.97418
1.02672 0.750378 1.16744 0.997426 1.00804 1.01763
end
gesture a08 hands 2
0.983642 0.466853 1.3644 0.966889 0.96024 1.05156
0.940654 0.55935 1.21174 0.956918 1.00996 1.062
0.892671 0.707938 1.15475 0.961617 0.969933 1.04926
0.969025 0.970599 1.02636 0.962988 0.958257 1.04555
0.997731 0.989621 0.992138 0.95538 1.00944 1.06817
1.005 0.850167 1.07206 0.963184 0.956589 1.04502
1.00426 0.826893 1.09066 0.969822 0.955434 1.04311
end
gesture a08 hands 2
0.980347 0.483425 1.40746 0.966581 0.961941 1.04852
0.892976 0.710876 1.19304 0.95453 0.983784 1.06041
0.905806 0.753844 1.16623 0.96191 0.981624 1.02672
0.956246 0.882213 1.09806 0.9506 0.989866 1.05242
1.01462 0.91221 1.04034 0.957127 0.970343 1.03545
1.0225 0.864056 1.06282 0.942479 1.00563 1.07231
1.01401 0.785327 1.13429 0.959051 0.957089 1.04487
end
gesture a08 hands 2
1.02027 0.513402 1.39515 0.964833 0.97331 1.03797
0.913073 0.739725 1.19596 0.954149 0.969925 1.02731
0.925241 0.782122 1.16723 0.962126 0.985666 1.07778
0.967532 0.907113 1.08946 0.968838 0.934924 1.05911
1.00584 0.950152 1.01878 0.944337 0.962889 1.03546
1.0164 0.9007 1.03759 0.969494 0.931091 1.06839
1.02015 0.738181 1.1846 0.985755 0.957518 1.02844
end
gesture a08 hands 2
0.995857 0.56528 1.23534 0.949532 0.980594 1.02338
0.975429 0.571903 1.21188 0.984217 0.967364 1.0339
0.912681 0.739275 1.11101 0.974589 0.956776 1.05994
0.863612 0.871918 1.04539 0.958318 0.95233 1.07388
0.930641 1.00133 1.01089 0.941507 0.955692 1.07049
1.00507 1.01068 0.985676 0.964961 0.946189 1.08599
1.00902 0.865384 1.07127 0.940829 0.955507 1.07107
end
gesture a08 hands 2
1.01753 0.489401 1.32566 0.950348 0.954917 1.05519
0.964705 0.664324 1.19358 0.979286 0.966738 1.0325
0.888867 0.788213 1.11513 0.953372 0.977186 1.03777
0.964396 0.975443 1.04236 0.967916 0.963784 1.04536
1.00699 0.98585 1.00775 0.946836 0.960524 1.06474
1.02147 0.885404 1.05198 0.988785 0.966506 1.02684
1.02134 0.862805 1.0661 0.946625 0.959986 1.06561
end
gesture a08 hands 2
0.995606 0.540215 1.30832 0.950846 0.968136 1.02927
0.991918 0.566071 1.22713 0.973297 0.966904 1.037
0.920901 0.734048 1.13807 0.980466 0.972706 1.02649
0.900766 0.904434 1.02804 0.959441 0.967247 1.04775
0.985467 1.03309 0.992784 0.953411 0.975253 1.02919
1.04524 1.00226 0.991365 0.952433 0.965427 1.05483
1.02891 0.862749 1.08222 0.952958 0.976172 1.0271
end
gesture a08 hands 2
1.05096 0.656826 1.23929 0.950462 0.936494 1.04306
0.987618 0.708816 1.17142 0.965788 0.963744 1.01435
0.937244 0.828773 1.08687 0.937936 0.940784 1.12277
0.95156 0.980514 1.03188 0.92325 0.942034 1.12273
0.945746 0.956128 1.00617 0.950971 0.975437 1.01601
0.971774 0.865758 1.06663 0.959195 0.97105 1.01446
0.9789 0.845032 1.08457 0.944949 0.956101 1.03592
end
gesture a08 hands 2
1.03358 0.694079 1.28314 0.958281 0.94802 1.09895
1.00279 0.710872 1.20593 0.95052 0.961145 1.08882
0.936788 0.869987 1.06096 0.955174 0.973277 1.05323
0.950642 1.07542 0.970705 0.950851 0.958789 1.10113
0.948553 1.02409 0.96386 0.980014 0.982266 0.992208
0.957854 0.976907 0.994362 0.950699 0.95649 1.03123
0.995993 0.813696 1.1076 0.960812 0.956445 0.998521
end
gesture a08 hands 2
1.05004 0.66186 1.22062 0.9455 0.94234 1.03284
1.02862 0.661551 1.24146 0.938857 0.949889 1.08132
1.01957 0.69448 1.19334 0.963665 0.941377 1.04682
0.958316 0.823993 1.1162 0.942008 0.946582 1.10382
0.969564 1.01007 1.00919 0.940848 0.960574 1.04796
0.945592 0.974176 1.00096 0.967292 0.960466 0.994723
0.964825 0.864104 1.08269 0.95665 0.949859 1.05192
end
gesture a08 hands 2
0.951722 0.489727 1.34066 0.963201 0.951795 1.07251
0.915045 0.725796 1.12459 0.956542 0.950497 1.0224
0.922356 0.766837 1.09363 0.958735 0.953892 1.03302
0.986685 0.972905 1.05387 0.958378 0.953823 1.03034
1.011 1.01103 1.02106 0.95562 0.950318 1.01546
1.02819 0.962231 1.00567 0.960927 0.957287 1.04365
1.01171 0.827888 1.095 0.955591 0.950312 1.01524
end
gesture a08 hands 2
0.984212 0.518873 1.36335 0.936867 0.963479 1.00357
0.970797 0.623156 1.24405 0.9566 0.96337 1.03381
0.936768 0.735169 1.14769 0.951551 0.945434 1.02197
0.96878 0.885105 1.08856 0.969057 0.957926 1.05039
1.00444 0.973733 1.03502 0.963485 0.953784 1.03918
1.0256 0.924966 1.04191 0.976333 0.963261 1.06405
1.01925 0.820851 1.12754 0.96519 0.954977 1.04164
end
gesture a08 hands 2
0.98856 0.460908 1.40547 0.956811 0.97187 0.960998
0.936781 0.640799 1.21789 0.974826 0.963396 0.998021
0.966108 0.823509 1.12112 0.973467 0.958518 1.03527
0.896593 0.915735 1.02808 0.980151 0.965095 0.978453
1.00523 1.08161 0.954783 0.968163 0.970533 1.04527
1.04936 1.07016 0.948943 0.958963 1.00598 1.02489
1.05533 0.935767 1.03141 0.969287 0.957398 1.04403
end
gesture a08 hands 2
0.977378 0.598593 1.39415 0.95437 0.945597 1.06785
0.941084 0.696934 1.25093 0.941808 0.958146 1.09195
0.923197 0.73864 1.22304 0.949 0.97734 1.04854
0.89609 0.793744 1.08345 0.962982 0.957515 1.04895
0.996063 0.960702 1.01597 0.951248 0.983338 1.03498
1.03603 0.933293 1.00924 0.976964 0.93769 1.04937
1.03735 0.847991 1.08179 0.951398 0.983737 1.03407
end
gesture a08 hands 2
0.963869 0.638071 1.31405 0.959951 0.964761 1.03445
0.899167 0.729721 1.17101 0.964315 0.95886 1.07577
0.866615 0.801264 1.11628 0.963786 0.975977 1.05617
0.892062 0.863699 0.978993 0.96618 0.980683 1.0314
0.965111 0.995433 0.95987 0.969745 0.969532 1.01959
1.01647 1.00858 0.942326 0.963257 0.993095 1.03657
1.02907 0.847039 1.07288 0.969787 0.969616 1.01915
end
gesture a08 hands 2
0.983005 0.589635 1.35513 0.964986 0.95497 1.03701
0.895317 0.782552 1.1765 0.961376 0.958516 1.0511
0.881917 0.744195 1.07197 0.96467 0.96676 1.0377
0.920775 0.821301 1.01689 0.960679 0.965791 1.04674
1.00092 0.944493 0.984682 0.957765 0.962063 1.06518
1.04378 0.913202 0.983489 0.964354 0.978549 1.03839
1.03069 0.798426 1.10036 0.962453 0.969242 1.03087
end
gesture a08 hands 2
0.95038 0.417515 1.31321 0.975986 0.881928 1.05993
0.854807 0.72034 1.10653 0.932328 0.899621 1.00195
0.879934 0.807259 1.05178 0.933666 1.00314 1.01372
0.957964 0.950474 1.04744 0.944459 1.00075 1.01885
1.02821 1.01086 1.00824 0.977709 0.891372 1.01797
1.04635 0.962761 0.989161 0.982662 0.878412 1.01427
1.04064 0.88696 1.0248 0.993524 0.880631 1.07234
end
gesture a08 hands 2
0.992178 0.368282 1.37267 0.972144 0.968848 1.06226
0.936672 0.494425 1.26812 0.947652 0.955445 1.04478
0.865109 0.600503 1.19071 0.942682 0.989444 1.06935
0.8681 0.638636 1.15704 0.965036 0.944915 1.05349
0.971135 0.809092 1.12242 0.929685 0.930749 1.01084
1.00206 0.838631 1.09132 0.961219 0.967964 1.00158
1.01408 0.762699 1.0971 0.971042 0.95073 1.03045
end
gesture a08 hands 2
0.979123 0.39191 1.38057 0.95905 0.962291 1.1047
0.860204 0.657786 1.12806 0.966787 0.991197 1.02373
0.872719 0.704772 1.09669 0.962724 0.968572 1.0765
0.969803 0.900466 1.07142 0.953349 0.965678 1.06571
1.01439 0.920065 1.04544 0.950644 0.958901 0.996879
1.03523 0.870677 1.04184 0.966914 0.990984 1.01142
1.02936 0.800443 1.0846 0.959854 0.974504 1.03529
end
gesture a08 hands 2
0.976913 0.502562 1.26715 0.960025 0.955885 1.04369
0.963535 0.524843 1.18434 0.970142 0.944841 1.0442
0.938658 0.608789 1.12559 0.959365 0.965339 1.05276
0.90478 0.829807 1.00009 0.969529 0.955078 1.05359
0.997456 0.997205 0.987827 0.980258 0.933796 1.0447
1.02427 0.952607 0.986815 0.958706 0.974792 1.06182
1.0195 0.859016 1.04832 0.965577 0.969519 1.06303
end
gesture a08 hands 2
0.970737 0.477931 1.34847 0.957922 0.969108 1.08726
0.908896 0.652541 1.21631 0.962375 0.959483 1.03813
0.906667 0.71584 1.12586 0.959897 0.96474 1.06655
0.966963 0.904673 1.08264 0.964569 0.960411 1.03861
0.992436 0.942927 1.0512 0.962091 0.965668 1.06704
1.02143 0.914168 1.02245 0.967193 0.955216 1.01023
1.01883 0.816629 1.07666 0.962237 0.96573 1.06707
end
gesture a08 hands 2
0.969593 0.562275 1.27066 0.974339 0.97649 1.06088
0.944316 0.634349 1.16999 0.97253 0.975871 1.03138
0.90604 0.81752 1.06051 0.971853 0.966491 1.02833
1.00314 1.02993 0.994981 0.965051 0.970875 1.02576
1.02814 0.980887 0.992184 0.967821 0.974912 1.02587
1.00582 0.786934 1.10919 0.962151 0.967111 1.02557
1.00218 0.763305 1.12287 0.967691 0.975183 1.02579
end
gesture a08 hands 2
1.05101 0.473915 1.25001 0.929293 0.934521 1.01242
0.998453 0.630676 1.16598 0.938718 0.93987 1.04407
0.982579 0.681914 1.15237 0.946868 0.947654 1.07404
0.964644 0.774004 1.10042 0.942484 0.942685 1.05727
0.974217 0.886793 1.08833 0.948123 0.948592 1.07844
0.986593 0.901094 1.05095 0.938101 0.937716 1.0405
1.0055 0.802136 1.09258 0.931004 0.951017 1.13776
end
gesture a08 hands 2
1.01473 0.55888 1.28425 0.928649 0.950421 1.12949
1.00777 0.567309 1.19838 0.928017 0.954947 1.08538
0.989885 0.604326 1.16165 0.931502 0.954739 1.08146
0.944666 0.794738 1.0725 0.932681 0.952863 1.10023
0.957073 0.896709 1.06612 0.927385 0.959473 1.04127
0.968393 0.931767 1.03004 0.952585 0.950568 1.06733
0.987728 0.833929 1.07578 0.94514 0.952423 1.06743
end
gesture a08 hands 2
1.01711 0.532984 1.25019 0.935026 0.960314 1.11971
0.962466 0.648422 1.12665 0.943726 0.956516 1.06289
0.931164 0.786412 1.04806 0.937171 0.959033 1.09151
0.937029 0.834116 1.04551 0.945556 0.95713 1.06399
0.957165 0.939823 1.04263 0.939132 0.95969 1.09269
0.983833 0.947754 1.01196 0.952371 0.954701 1.03552
0.996527 0.84659 1.06077 0.939263 0.959734 1.09277
end
gesture a09 hands 2
1.02704 0.520863 1.32114 0.992288 0.973092 1.02957
1.03395 0.672912 1.22201 0.971224 0.990491 0.997778
1.03345 0.717884 1.20718 0.950771 0.958103 1.10972
0.93792 0.821475 1.08994 0.922348 0.966615 1.05426
0.949247 0.979105 0.970661 0.926993 0.956974 1.11125
0.960871 1.01711 0.926934 0.948542 0.971182 1.00928
1.01742 0.904823 0.988224 0.980671 0.974527 1.0343
end
gesture a09 hands 2
1.00287 0.580512 1.38536 0.948441 0.968953 1.07259
1.07807 0.768746 1.20044 0.986846 0.96954 0.993815
1.01168 0.794861 1.13415 1.02832 0.97771 1.0134
0.987935 0.963165 1.04363 0.918538 0.963611 1.07062
0.960866 0.9909 0.934108 0.957405 0.961382 1.06442
0.988224 0.954335 0.910568 0.938194 0.968833 1.01922
1.00298 0.880082 0.982343 0.970361 0.960638 1.06236
end
gesture a09 hands 2
1.00094 0.649486 1.33508 0.968451 0.966678 1.10143
1.04157 0.679148 1.18391 1.02564 0.976112 1.03407
1.03785 0.692979 1.28043 0.996365 0.982109 1.02254
0.998042 1.06311 0.890417 0.928409 0.966405 1.08456
1.01251 1.01162 0.903513 0.912054 0.958509 1.10493
1.03692 0.811691 1.0917 0.906369 0.969751 0.996238
1.03624 0.789372 1.10987 1.02628 0.983534 1.03023
end
gesture a09 hands 2
0.973561 0.62099 1.30512 0.971027 0.908425 1.07193
0.929259 0.58753 1.31477 1.00576 1.00007 1.0467
0.94808 0.656354 1.23816 0.964316 0.988706 1.02007
0.937329 0.827776 1.0782 1.02983 1.02535 1.00602
0.898795 0.961523 1.03943 0.987116 1.07585 0.923845
1.00622 1.0963 0.899064 0.885227 1.13281 0.930177
1.04307 0.995375 0.966189 0.91686 1.17342 0.933233
end
gesture a09 hands 2
1.05458 0.571005 1.44159 0.978568 1.14965 1.08891
0.991236 0.612933 1.37093 1.0022 0.952862 1.11426
1.00357 0.726311 1.26677 0.992845 0.947464 1.12495
0.922078 0.860318 1.16649 1.02197 0.970229 1.04687
1.01233 0.97535 1.00766 0.840378 1.00504 0.972546
1.03431 0.856319 1.09296 0.834215 1.0516 0.943918
1.03094 0.838433 1.11315 0.891102 1.01133 0.994048
end
gesture a09 hands 2
0.985424 0.597548 1.37089 1.05213 0.943321 1.05793
1.00225 0.717757 1.24366 1.01625 0.978464 1.06572
0.952362 0.76381 1.17082 0.947722 1.00302 0.984426
0.926415 0.902536 1.13345 0.921735 0.990867 0.944423
1.01981 0.976349 0.943684 0.844464 0.982022 1.02896
1.04202 0.933066 0.954071 0.800432 1.01682 1.02199
1.03446 0.801403 1.12857 0.971351 0.953733 1.06803
end
gesture a09 hands 2
1.09716 0.569156 1.36765 0.987904 0.976356 0.999117
1.09456 0.607811 1.31793 0.991774 0.966907 1.02794
1.05867 0.761699 1.18608 0.978183 1.00527 0.996313
0.930679 1.05138 1.01613 0.936059 0.945643 1.04005
0.950866 1.11635 0.866922 0.973041 0.968941 1.0266
0.958667 1.10649 0.812247 0.948552 1.01176 1.05874
1.02935 0.953504 0.913501 0.991306 0.942855 1.04912
end
gesture a09 hands 2
1.12158 0.567144 1.42255 0.99778 0.93376 1.04542
1.00257 0.766419 1.18041 0.961028 0.999381 1.03233
0.975949 0.945639 1.0913 0.950163 0.956194 1.02222
0.947704 1.0437 0.890623 0.962307 1.00569 1.0632
0.959322 1.05832 0.837717 0.966771 0.978211 1.00655
1.02779 0.914073 0.972991 0.944475 0.963477 1.03856
1.03207 0.8974 0.994177 0.984166 0.959007 1.03167
end
gesture a09 hands 2
1.11423 0.56025 1.4354 0.98212 0.956594 1.06661
1.10742 0.569156 1.34972 0.952577 0.943663 1.02834
1.09546 0.646335 1.27592 0.969568 0.953271 1.02788
0.972634 0.88708 1.13611 0.938097 0.928927 1.01926
0.97594 1.00906 0.953276 0.955088 0.938535 1.0188
0.998561 0.985809 0.915434 0.953937 0.981882 1.0573
1.02949 0.887034 1.00028 0.987231 0.966287 1.03714
end
gesture a09 hands 2
1.01488 0.697744 1.23064 0.966097 0.979125 1.01944
0.94565 0.957223 1.01528 0.966503 0.961088 1.04297
1.01773 1.00032 0.967199 0.963685 0.962104 1.03603
0.91706 0.98137 0.925206 0.960575 0.966585 1.04135
0.959934 0.936431 0.916911 0.958277 0.972943 1.05705
1.0003 0.799532 1.09169 0.960866 0.96312 1.0291
1.0061 0.767875 1.14024 0.958212 0.973037 1.05716
end
gesture a09 hands 2
1.0248 0.544283 1.36261 0.965719 0.963892 1.05061
1.06309 0.658841 1.14758 0.982963 0.968937 1.0235
0.940705 0.814063 1.08668 0.968846 0.970274 1.0358
0.965634 0.914274 1.07796 0.980501 0.96843 1.01826
1.01964 0.928016 1.02594 0.959643 0.97168 1.04915
0.915682 0.891026 0.959723 0.948438 0.967 1.04113
0.96934 0.807378 1.01636 0.956664 0.972145 1.05356
end
gesture a09 hands 2
1.01223 0.639665 1.29625 0.972876 0.968462 1.02782
1.04013 0.741744 1.13592 0.961498 0.972951 1.0193
0.964836 0.797583 1.07442 0.970876 0.971556 1.0182
0.975961 1.02752 1.03003 0.959998 0.975271 1.01209
1.01169 0.993605 0.976099 0.969127 0.974263 1.00978
0.917864 0.975044 0.915404 0.95012 0.97744 1.01079
0.995701 0.758912 1.10861 0.968877 0.97465 1.00858
end
gesture a09 hands 2
1.05931 0.667465 1.20646 0.965188 0.945787 1.00626
1.00649 0.817532 1.10279 0.972902 0.958126 1.02178
1.00834 0.869693 1.08461 0.972232 0.987261 1.0089
0.991759 0.857386 1.02555 0.960412 0.951788 1.04866
0.946028 0.883327 1.01147 0.947849 0.950535 1.10576
0.915924 1.04772 0.97875 0.932281 0.962436 1.05216
0.952146 0.932685 1.04548 0.957391 0.957801 1.02945
end
gesture a09 hands 2
1.09269 0.572782 1.26481 0.967911 0.933645 1.02517
1.01782 0.712284 1.17465 0.941714 0.961481 1.02344
1.0335 0.759477 1.15015 0.951308 0.938729 1.07268
1.0215 0.733853 1.11359 0.931399 0.949954 1.08739
0.944536 0.787919 1.09092 0.935625 0.939759 1.06711
0.925043 0.948831 1.04781 0.934114 0.948949 1.08733
0.939211 0.894554 1.05994 0.937034 0.936361 1.06036
end
gesture a09 hands 2
1.11776 0.634066 1.27353 0.952295 0.941345 1.02766
1.03734 0.745028 1.1461 0.966178 0.942407 1.02236
1.03106 0.845251 1.10765 0.953275 0.954722 1.04364
0.94847 0.846131 1.0489 0.980061 0.943469 1.01706
0.92951 1.00675 1.00191 0.954255 0.9681 1.05963
0.906962 0.984523 1.00285 0.938795 0.963758 1.048
0.939279 0.919547 1.04551 0.952417 0.958996 1.0493
end
gesture a09 hands 2
1.00469 0.567849 1.35427 0.973583 0.961533 1.05572
1.05166 0.624356 1.25543 0.97075 0.9673 1.04232
1.01142 0.845587 1.16417 0.966677 0.966012 1.04156
1.04167 0.898158 1.07809 0.965571 0.970659 1.0317
0.935392 0.994204 0.988295 0.961497 0.969371 1.03094
0.955113 0.988316 0.926586 0.967917 0.973066 1.02893
1.00135 0.914857 0.98912 0.959771 0.970491 1.0274
end
gesture a09 hands 2
1.04862 0.649115 1.34435 0.966832 0.969435 1.03163
0.97574 0.838955 1.12688 0.982233 0.963336 1.02462
1.00014 0.995664 0.961007 0.993586 0.960865 1.05348
0.88183 1.08973 0.874655 0.990613 0.966213 1.01303
0.904851 1.09196 0.829218 0.989637 0.967968 0.999758
0.973213 1.02339 0.877864 0.967464 0.99023 1.0452
1.00068 0.886217 1.05129 0.989622 0.967996 0.999547
end
gesture a09 hands 2
1.01286 0.505548 1.38269 0.975849 0.958915 0.974089
0.999844 0.747283 1.20138 0.985063 0.959735 1.05987
1.01849 0.780012 1.16347 0.966025 0.977189 1.02186
0.905368 1.01733 1.01024 0.985062 0.973168 1.01829
1.01472 1.05565 0.941465 0.96527 0.967861 0.98032
0.827382 1.08783 0.866408 0.985537 0.964606 1.00135
0.992337 0.838322 1.06945 0.965118 0.967752 0.979888
end
gesture a09 hands 2
1.06105 0.670058 1.3193 0.967187 0.945778 1.0395
1.04526 0.720444 1.17423 0.962064 0.969948 1.0516
1.03055 0.886371 1.09334 0.973283 0.949581 1.0493
1.07789 0.877271 1.06873 0.964403 0.97485 1.04758
1.02864 0.873256 1.04242 0.984502 0.929215 1.04701
0.916389 0.97245 0.969756 0.957535 0.976546 1.05789
0.958459 0.863597 1.05337 0.963169 0.946015 1.04377
end
gesture a09 hands 2
1.06597 0.675433 1.36796 0.967253 0.954906 1.04159
0.994988 0.832414 1.1477 0.961722 0.968769 1.0428
1.07386 0.869559 1.11284 0.968242 0.955509 1.04095
1.02876 0.850791 1.09335 0.962463 0.969222 1.04232
0.93628 0.967284 1.02494 0.968983 0.955962 1.04047
0.946376 0.956684 1.00711 0.956191 0.982633 1.04401
0.981464 0.88808 1.08802 0.96923 0.956113 1.04031
end
gesture a09 hands 2
1.08283 0.708258 1.33321 0.962035 0.967929 1.02798
1.05433 0.71681 1.25399 0.973833 0.994607 1.02453
0.98757 0.835703 1.08412 0.967478 0.975742 1.04158
0.985364 0.958055 1.01874 0.954526 0.998232 1.05048
1.04041 0.950878 1.01735 0.961123 0.956878 1.05863
0.911929 1.00692 0.940685 0.95847 0.957859 1.05678
0.969729 0.904226 1.06327 0.960647 0.966186 1.02829
end
gesture a09 hands 2
1.01623 0.3881 1.42583 0.977628 0.981787 1.03621
1.01458 0.700952 1.21376 0.96173 0.98911 1.03573
0.99595 0.727614 1.12023 0.978702 0.953244 1.08411
0.93577 0.807866 1.09141 0.997232 0.97186 1.03097
0.959797 0.955951 1.03143 0.938517 0.948429 1.0913
0.995169 0.976692 0.999493 0.923177 0.949064 1.03544
1.01821 0.899087 1.02103 0.997396 0.959108 1.05683
end
gesture a09 hands 2
1.00836 0.365206 1.47335 0.981666 0.977655 1.02383
1.03875 0.610185 1.25093 0.961487 0.960166 1.03696
0.976072 0.668412 1.1902 0.993486 0.973417 1.04511
0.955723 0.755452 1.16247 0.959634 1.00313 1.01256
0.969765 0.900562 1.09334 0.965854 0.972068 1.05668
0.973498 0.940055 1.05365 0.951252 0.944425 1.02219
0.986574 0.823785 1.09193 0.994423 0.969527 1.03977
end
gesture a09 hands 2
0.991822 0.418943 1.45075 1.01812 0.986722 1.03297
0.973868 0.459405 1.2913 0.947192 0.965009 1.03242
1.00623 0.693176 1.16807 0.984687 0.989461 1.02214
0.928259 0.802649 1.10747 0.99008 0.958929 1.01912
0.952972 1.00247 1.01064 0.927324 0.970066 1.0219
1.01203 0.953266 0.980451 0.995083 0.976982 1.04734
1.01164 0.931438 0.999827 0.965865 0.963131 1.0625
end
gesture a09 hands 2
1.04263 0.476469 1.33529 0.972513 0.976679 1.02479
0.993385 0.596642 1.19301 0.981045 0.940916 1.01409
0.9984 0.784005 1.13814 0.969523 0.959979 1.0336
1.09109 0.754048 1.08671 0.971824 0.940783 1.01965
0.971686 0.831672 1.03364 0.960154 0.959844 1.03926
0.962226 0.973335 0.98938 0.983048 0.921716 1.00032
0.988334 0.879944 1.03097 0.964727 0.981722 1.06014
end
gesture a09 hands 2
1.05613 0.514823 1.39914 0.973355 0.972546 1.04644
1.00512 0.576865 1.23201 0.97676 0.965862 1.03364
0.978691 0.754908 1.16252 0.963561 0.977772 1.04497
1.08038 0.76579 1.1113 0.980166 0.959179 1.02083
0.962839 0.898974 1.03524 0.971166 0.965058 1.04016
0.951828 0.94909 1.0197 0.953766 0.982998 1.04349
0.982281 0.852368 1.04747 0.958574 0.965386 1.06469
end
gesture a09 hands 2
1.03747 0.507642 1.36488 0.971167 0.967592 1.06882
1.01379 0.540191 1.23038 0.963499 0.966412 1.02695
0.959798 0.721132 1.14399 0.965818 0.973634 1.04181
1.04811 0.836075 1.11586 0.961312 0.974337 1.03634
1.09492 0.808868 1.10407 0.962669 0.980002 1.05051
0.955745 0.962652 0.978016 0.95965 0.969288 1.02302
0.971147 0.912936 0.989314 0.962567 0.980207 1.05079
end
gesture a09 hands 2
1.04845 0.587218 1.30883 0.956224 0.959232 1.0382
1.066 0.669558 1.12951 0.951033 0.980261 1.04511
1.03749 0.709779 1.10212 0.956063 0.947098 1.06526
1.03176 0.89265 1.04931 0.954791 0.947766 1.05526
0.954952 0.969137 1.02449 0.945841 1.00129 1.05201
0.932102 0.951184 1.00669 0.953518 0.948435 1.04527
0.951485 0.885367 1.04954 0.943237 0.950813 1.07305
end
gesture a09 hands 2
1.06593 0.619477 1.33565 0.926427 0.958196 1.06628
1.03187 0.667976 1.15713 0.945502 0.958984 1.04336
1.00692 0.709406 1.13569 0.953406 0.951188 1.05881
1.01422 0.855858 1.09027 0.953474 0.961082 1.05941
0.964844 0.949342 1.04766 0.955712 0.948914 1.06331
0.948978 0.970093 1.00095 0.953542 0.970977 1.06002
0.971254 0.899778 1.04039 0.956041 0.948589 1.06396
end
gesture a09 hands 2
1.0486 0.635072 1.30184 0.938553 0.948328 1.07203
1.08288 0.646533 1.16615 0.967654 0.944953 1.05446
1.05587 0.675062 1.12595 0.961885 0.973228 1.04716
1.02535 0.865581 1.06286 0.959645 0.95167 1.06096
0.973523 0.951477 1.01926 0.956117 1.0015 1.03986
0.959822 0.927203 0.989512 0.951636 0.958386 1.06746
0.96917 0.886813 1.02873 0.94982 0.954108 1.03803
end
gesture a11 hands 2
0.814918 0.469136 1.07673 1.05458 0.48863 1.03506
0.914296 0.493322 1.02532 0.885849 0.565488 1.08777
1.02566 0.671659 1.03947 0.958105 0.927262 1.05069
1.01979 0.729869 1.03637 0.933569 1.02349 1.02722
1.00658 1.02319 1.02685 0.888345 0.997177 1.03315
1.0563 0.998861 1.04048 0.950276 0.795507 1.05981
0.998266 0.735782 1.05093 0.969777 0.744702 1.05551
end
gesture a11 hands 2
0.905139 0.43813 1.03109 1.088 0.454115 1.08318
0.986444 0.488926 1.05734 0.888667 0.63457 1.07053
0.952777 0.868091 1.03357 0.981036 0.930627 1.04993
0.996369 0.936001 1.04146 0.921341 0.988935 1.02522
1.03086 0.893486 1.0625 0.896927 0.941442 1.03575
0.994086 0.67619 1.0458 0.944106 0.728468 1.05093
0.971481 0.621699 1.04636 0.980621 0.651452 1.04798
end
gesture a11 hands 2
0.814897 0.430483 1.06972 1.11837 0.445624 1.08671
0.95573 0.541959 1.07482 0.938342 0.543354 1.06547
0.936325 0.717255 1.05542 1.00522 0.863782 1.0347
0.90738 0.832904 1.04309 0.975334 0.962209 1.01401
0.999575 0.942788 1.05789 0.895682 0.924159 1.02738
1.02489 0.897679 1.07035 0.96966 0.720141 1.07242
0.969311 0.631542 1.03447 0.99954 0.672981 1.07622
end
gesture a11 hands 2
0.797112 0.510179 1.12785 1.1693 0.498319 1.07989
0.954224 0.610789 1.13618 1.02089 0.595243 1.11082
0.937981 0.789619 1.10087 1.02594 0.764245 1.08118
0.940214 0.893385 1.07921 1.01714 0.87099 1.06273
0.984231 0.922164 1.06403 0.975104 0.895747 1.05248
1.02056 0.882033 1.06244 0.943008 0.853863 1.06143
0.938236 0.674883 1.05735 0.999674 0.635728 1.06547
end
gesture a11 hands 2
0.86586 0.516347 1.07677 1.07605 0.532349 1.06426
0.779184 0.536274 1.09766 1.04612 0.538225 1.08497
0.918262 0.601477 1.11002 0.968578 0.654419 1.08607
0.949229 0.854067 1.06274 0.986731 0.851607 1.05275
1.00623 0.792179 1.07756 0.901772 0.860625 1.05099
0.932062 0.637588 1.08803 1.00516 0.670634 1.08967
0.892612 0.598068 1.09365 1.04684 0.629747 1.09348
end
gesture a11 hands 2
0.704551 0.537256 1.0851 1.18589 0.522816 1.07222
0.879329 0.536516 1.14794 1.02764 0.58459 1.11248
0.921025 0.618452 1.13874 1.03806 0.77915 1.07991
0.906454 0.803781 1.0988 0.970389 0.857396 1.06617
0.948011 0.837906 1.08711 0.971667 0.813233 1.0839
0.946449 0.730076 1.10921 1.01196 0.726398 1.09978
0.912757 0.592519 1.03205 1.04837 0.59974 1.01933
end
gesture a11 hands 2
0.829772 0.480323 1.19755 1.10698 0.45423 1.1065
0.966855 0.540407 1.12345 1.00124 0.55307 1.09832
0.967903 0.628632 1.10161 1.00329 0.823823 1.06074
0.940618 0.80473 1.07411 0.91533 0.851055 1.06705
1.01336 0.860453 1.05304 0.917839 0.795577 1.07428
1.03464 0.772679 1.07495 1.0307 0.599455 1.09242
0.910222 0.593078 1.14977 1.04276 0.573775 1.09544
end
gesture a11 hands 2
0.86035 0.47999 1.20333 1.09201 0.461473 1.13206
0.975612 0.493954 1.16137 1.06161 0.469108 1.12514
1.01336 0.618542 1.11422 0.986229 0.536729 1.10988
0.994429 0.88464 1.05813 0.997155 0.862849 1.05863
1.06282 0.846073 1.04551 0.929824 0.916765 1.04164
0.98826 0.705572 1.10018 0.979153 0.707712 1.07662
0.975145 0.68236 1.11057 0.993928 0.683615 1.08019
end
gesture a11 hands 2
0.819931 0.397847 1.23295 1.10309 0.404197 1.14672
0.972893 0.467552 1.16925 1.07723 0.414122 1.1375
0.983818 0.554078 1.14386 0.985748 0.571414 1.11152
0.971622 0.825007 1.08248 1.01082 0.806814 1.07116
1.02253 0.824753 1.07197 0.931173 0.83904 1.0635
0.957404 0.636028 1.12596 1.00651 0.640011 1.09325
0.943544 0.613945 1.13512 1.0187 0.613451 1.09559
end
gesture a11 hands 2
0.820106 0.444156 1.14724 1.08463 0.443445 1.14187
0.900432 0.464819 1.14856 1.06508 0.458634 1.13439
0.943087 0.549392 1.12824 0.984118 0.525124 1.11326
0.932486 0.774868 1.08873 0.978821 0.622116 1.09521
0.998007 0.802382 1.08493 0.982291 0.794491 1.07154
1.02276 0.796505 1.08654 0.896166 0.794266 1.08858
0.923386 0.596181 1.10089 1.01324 0.601239 1.09789
end
gesture a11 hands 2
0.832584 0.460073 1.10408 1.08996 0.474462 1.07989
0.970982 0.574021 1.08584 1.0339 0.47035 1.1006
0.946057 0.682618 1.0722 0.963427 0.537977 1.08025
0.971735 0.596463 1.08304 0.976728 0.813988 1.05063
0.968215 0.820828 1.05312 0.932187 0.848063 1.05161
1.0481 0.799656 1.07258 0.909884 0.772445 1.08466
0.981014 0.678815 1.09124 0.972713 0.67445 1.09731
end
gesture a11 hands 2
0.819795 0.482886 1.15181 1.10935 0.49528 1.12148
0.959894 0.591644 1.12195 0.981502 0.569713 1.11158
0.933342 0.760248 1.08999 0.977057 0.656676 1.09719
0.959136 0.859861 1.06516 0.986697 0.828033 1.0677
1.03979 0.835431 1.06851 0.943148 0.859895 1.06435
0.938911 0.644936 1.1032 0.91771 0.779785 1.09256
0.924161 0.621665 1.10874 1.03997 0.589611 1.10015
end
gesture a11 hands 2
1.01381 0.526787 1.15292 0.908875 0.520962 1.16468
0.984152 0.524506 1.15441 0.921602 0.538605 1.14112
0.992883 0.528774 1.16758 0.938284 0.522762 1.16136
0.980091 0.547048 1.12109 0.935508 0.604848 1.10715
0.979267 0.587642 1.09101 0.944441 0.71696 1.0947
0.982677 0.686131 1.08252 0.93537 0.76747 1.08544
0.957109 0.783272 1.06493 0.93602 0.794559 1.07276
end
gesture a11 hands 2
1.01714 0.375533 1.25811 0.935882 0.374996 1.24218
1.00633 0.381845 1.23146 0.942019 0.381559 1.21384
0.995639 0.42289 1.1962 0.922795 0.420648 1.17405
0.985992 0.475909 1.18664 0.912655 0.472593 1.16523
0.996839 0.529599 1.17467 0.926175 0.526486 1.16166
0.973979 0.628773 1.16268 0.916763 0.626696 1.14332
0.964181 0.586698 1.12834 0.931957 0.574563 1.12527
end
gesture a11 hands 2
0.959988 0.571969 1.14156 0.959272 0.562904 1.13325
0.953489 0.653201 1.12426 0.943726 0.63731 1.11586
0.964253 0.752414 1.10573 0.94816 0.743964 1.09974
0.944424 0.793627 1.07913 0.944509 0.785995 1.07228
0.93762 0.747912 1.06882 0.951623 0.738134 1.06151
0.946272 0.648372 1.12559 0.945862 0.696642 1.10238
0.94817 0.62054 1.13417 0.943838 0.613621 1.12769
end
gesture a11 hands 2
0.827241 0.31332 1.16567 1.13207 0.339161 1.06175
0.856441 0.328369 1.15888 1.06221 0.365967 1.07431
0.909361 0.391461 1.08393 1.0474 0.566798 1.01777
0.905317 0.761999 1.04095 1.04397 0.872632 1.00859
0.911479 0.817209 1.03906 0.982438 0.961321 1.03703
1.02058 0.927558 1.05475 0.891206 0.951665 1.06853
1.06682 0.844054 1.07155 0.890777 0.898353 1.08162
end
gesture a11 hands 2
0.896031 0.288648 1.22174 1.01544 0.342966 1.04607
0.941811 0.346836 1.107 1.04849 0.384864 1.04072
0.943123 0.579199 1.06844 1.04531 0.741072 1.02205
1.00628 1.057 1.02002 0.98492 1.06288 1.02438
1.09702 0.977804 1.0445 1.01281 1.05086 1.01768
1.04277 0.778365 1.0962 0.901071 0.849682 1.06683
1.03585 0.753796 1.10171 0.916409 0.796311 1.0723
end
gesture a11 hands 2
0.863612 0.208893 1.22604 1.10865 0.19804 1.18962
0.890221 0.498461 1.08369 1.07544 0.409657 1.06005
0.906793 0.474109 1.08844 1.05855 0.807165 1.02374
0.926132 0.721334 1.05555 0.956947 1.11438 1.06159
0.974275 1.07849 1.02342 0.866594 1.09847 1.08885
1.05895 1.13665 1.04338 0.890552 0.896706 1.09043
1.06391 0.875257 1.09288 0.893636 0.871218 1.08892
end
gesture a11 hands 2
0.788248 0.58794 1.06379 1.14851 0.599009 1.06238
0.980159 0.601721 1.08451 1.03848 0.585944 1.08365
1.03101 0.624378 1.09785 0.865841 0.675516 1.08105
1.17872 0.838249 1.09493 0.796324 0.818095 1.07083
1.10639 1.01444 1.05867 0.851957 1.0532 1.02551
1.17753 1.04528 1.04493 0.807893 1.08221 1.02764
1.14094 0.974013 1.05288 0.815018 0.96511 1.0596
end
gesture a11 hands 2
0.779618 0.409803 1.11765 1.14125 0.422527 1.10385
0.926965 0.506429 1.09642 0.988559 0.507962 1.08418
0.904193 0.673153 1.07298 0.987274 0.594202 1.07359
0.90863 0.775875 1.05903 1.00832 0.780896 1.04394
0.990706 0.838416 1.05762 0.929374 0.839351 1.05554
1.02946 0.747785 1.07291 0.89952 0.801803 1.07553
0.9724 0.653671 1.08318 0.972739 0.653535 1.09888
end
gesture a11 hands 2
0.801715 0.481015 1.10506 1.1444 0.491665 1.07989
0.97525 0.549027 1.0641 0.944967 0.675953 1.05098
1.00213 0.592937 1.06535 0.96149 0.723047 1.04442
0.988943 0.938668 1.02679 0.958769 0.926068 1.02347
1.03527 0.957576 1.02536 0.874668 0.857829 1.06607
1.05364 0.81632 1.05271 0.996584 0.67036 1.07163
0.936302 0.656427 1.0768 1.01506 0.648337 1.0712
end
gesture a11 hands 2
0.818086 0.203403 1.243 1.15541 0.201177 1.12295
0.920114 0.230612 1.22778 0.976957 0.261487 1.08207
1.00945 0.43688 1.18891 0.959435 0.580074 1.07034
0.97504 0.829429 1.09155 0.980316 0.871172 1.03689
1.12239 0.962934 1.06833 0.856504 1.05851 1.06619
0.978602 1.08866 0.999828 1.03275 1.15838 0.983952
0.916839 1.03592 0.943303 1.06987 1.08912 0.933855
end
gesture a11 hands 2
0.820383 0.223902 1.29186 1.12202 0.121082 1.17584
1.01102 0.481672 1.16687 0.936198 0.292497 1.14264
1.0919 0.816771 1.08 0.988306 0.608473 1.07619
0.943849 0.964111 1.03998 0.886352 0.73134 1.10528
1.15321 1.07375 1.03145 1.0028 0.972422 1.01322
0.94279 1.16948 0.963828 0.870108 1.135 1.0344
0.908356 1.10254 0.950182 1.05164 1.08511 0.958823
end
gesture a11 hands 2
0.811968 0.22317 1.34468 1.1576 0.194627 1.2096
0.960959 0.598482 1.12518 1.00708 0.647957 1.06373
1.11718 0.731358 1.1283 0.876606 0.804257 1.1005
1.01024 0.975789 1.02702 0.99549 0.96134 1.01348
1.16933 1.05775 1.03215 0.853965 1.12244 1.04116
0.976188 1.12555 0.988706 1.04974 1.14688 0.966609
0.911392 1.03112 0.961194 1.08144 1.05104 0.942748
end
gesture a11 hands 2
0.77838 0.409108 1.14855 1.14563 0.390571 1.10947
0.964594 0.461808 1.17411 0.998092 0.412235 1.16983
1.01162 0.55378 1.16022 0.950229 0.662915 1.11869
0.969955 0.920009 1.07306 0.945975 0.710651 1.11432
0.98768 0.966989 1.05301 0.971328 0.92507 1.06666
1.02966 0.953027 1.03744 0.932519 0.957643 1.05217
1.02152 0.873829 1.04787 0.915669 0.858764 1.06487
end
gesture a11 hands 2
0.866125 0.363252 1.25785 1.11915 0.35504 1.22818
0.988845 0.43865 1.20369 0.966372 0.426594 1.20366
0.971468 0.855121 1.09868 0.972964 0.503874 1.18301
1.00791 1.00277 1.05665 0.956821 0.479377 1.18934
0.964863 1.07944 0.992108 0.978463 0.836059 1.10041
0.976376 1.05183 0.953 0.97003 1.07138 1.00473
0.977231 0.976221 0.966563 0.961127 0.969633 0.977957
end
gesture a11 hands 2
0.859551 0.321899 1.26247 1.12179 0.318214 1.24077
0.998495 0.420652 1.20433 0.99186 0.480801 1.17246
0.982344 0.528984 1.1774 0.974986 0.681779 1.1355
0.958117 0.869301 1.08546 0.974107 0.734539 1.12119
0.948454 1.07354 1.01796 0.990694 1.08742 1.00297
1.00587 1.07794 0.964144 0.915656 1.05071 0.983399
1.01123 0.951495 0.996101 0.926519 0.955721 1.00631
end
gesture a11 hands 2
0.784905 0.447861 1.14308 1.15682 0.457196 1.17053
0.867486 0.453372 1.14122 1.07445 0.465474 1.16923
0.913367 0.537467 1.12595 1.02576 0.54526 1.15524
0.891355 0.728469 1.10313 1.03682 0.735321 1.10928
0.925211 0.771557 1.09862 1.00266 0.775259 1.10495
0.987216 0.743069 1.06239 0.932976 0.741835 1.0946
0.947212 0.672409 1.08538 0.978645 0.673623 1.11666
end
gesture a11 hands 2
0.806818 0.378351 1.18383 1.09841 0.411159 1.22719
0.884747 0.386298 1.16253 1.10429 0.396834 1.16439
0.934351 0.470625 1.14345 1.02559 0.470966 1.1526
0.901912 0.590045 1.12809 1.04082 0.63774 1.11419
0.932936 0.691077 1.11342 0.98085 0.721726 1.10935
0.980823 0.713372 1.10217 0.938691 0.700687 1.11405
0.973313 0.63977 1.09915 0.960641 0.651537 1.12413
end
gesture a11 hands 2
0.819034 0.434584 1.18102 1.11379 0.443225 1.19573
0.902521 0.447882 1.16091 1.08756 0.44683 1.20929
0.946826 0.533234 1.1427 1.1296 0.450732 1.16757
0.922956 0.723099 1.10866 1.03566 0.495592 1.16176
0.954884 0.712694 1.10749 1.03193 0.668637 1.12251
0.973513 0.744907 1.10079 0.967963 0.73497 1.11121
0.986812 0.70229 1.10633 0.954903 0.693705 1.12378
end
gesture a12 hands 2
0.804165 0.705708 0.98015 0.916341 0.949136 1.11644
0.822407 0.710127 1.0517 0.908146 0.964894 1.03092
0.906496 0.851299 1.03622 1.03186 1.02375 0.950824
0.918188 0.960003 1.0561 0.983751 0.992566 1.00014
1.06081 1.12023 1.0542 1.13743 0.99974 0.915919
1.12306 1.09718 1.03876 0.96171 0.95996 1.05154
0.862851 0.794737 1.0087 0.919736 0.948561 1.08931
end
gesture a12 hands 2
0.755938 0.708294 0.988951 0.820067 0.897534 1.0926
0.813294 0.756352 1.05474 0.848777 0.897874 1.06332
0.910345 0.929233 1.08085 1.05355 0.969837 1.01413
0.989368 0.999852 1.08041 1.13469 1.05279 1.00854
1.0396 0.993834 1.06787 1.16872 1.07573 0.980004
1.02521 0.939867 1.06037 1.02173 1.00005 0.976442
0.834714 0.78158 0.986236 0.831214 0.918386 1.06622
end
gesture a12 hands 2
0.615773 0.561672 0.991681 0.778623 0.900667 1.11397
0.695867 0.578538 0.984525 0.807642 0.896658 1.14787
0.771679 0.662562 0.996554 0.84879 0.899431 1.10674
0.816025 0.818457 1.04469 1.0343 0.98931 1.02323
0.97864 0.957517 1.04545 1.06705 1.03911 1.0184
1.00722 0.922017 1.03438 0.987997 0.965033 1.01034
0.994086 0.899046 1.0343 0.920827 0.939384 1.05948
end
gesture a12 hands 2
0.963747 0.889919 1.01752 0.77192 0.473665 1.12503
0.91766 0.886633 0.986434 0.750454 0.512164 1.06038
0.968924 0.890225 1.05906 0.833498 0.591281 1.03915
0.982749 0.871702 1.07073 0.92732 0.786893 1.05208
0.996199 0.970642 1.08771 0.969467 0.999615 1.0378
1.01432 0.965327 1.08483 0.883049 1.07679 1.03997
0.891694 1.00245 1.08327 0.831079 1.09569 1.05749
end
gesture a12 hands 2
0.919648 0.982417 1.06458 0.79929 1.02081 0.983754
0.933355 1.03205 1.04687 0.879885 1.07933 1.06067
0.936791 0.990283 0.950355 0.991237 1.07771 1.05401
0.965657 0.957792 0.952095 1.03786 1.04682 1.06198
1.03391 0.964009 1.03894 1.04935 0.940601 1.10414
0.991969 0.935477 1.06593 1.04232 0.883382 1.09588
0.99336 0.93287 1.11791 1.01606 0.81123 1.0516
end
gesture a12 hands 2
0.910106 0.733295 1.03967 1.19682 1.05225 1.08664
0.719933 0.775408 0.99732 0.985068 0.889696 1.03289
0.745346 0.799137 1.01086 1.01288 0.884058 0.983831
0.99683 1.01334 1.08402 1.11547 1.28931 1.03029
1.0708 0.986606 1.04741 1.10362 1.23372 1.01798
0.81046 0.782051 1.05483 0.912843 0.889563 1.0447
0.819427 0.754039 1.05056 0.901663 0.86451 1.05032
end
gesture a12 hands 2
0.790957 0.516702 0.919581 0.664309 0.692583 1.23902
0.859416 0.535126 0.880918 0.668745 0.700042 1.2106
0.939866 0.603844 0.889097 0.708053 0.719962 1.17613
0.963348 0.647651 0.893745 0.846344 0.853449 1.12487
0.95534 0.681475 0.930677 0.87938 0.858401 1.0908
0.953492 0.768493 0.985546 0.83117 0.831536 1.08795
0.949901 0.791368 0.994506 0.793363 0.798337 1.11561
end
gesture a12 hands 2
0.747452 1.47728 1.19728 0.613392 0.68487 1.19058
0.727668 1.46985 1.17764 0.632691 0.549227 1.21205
0.69769 1.32257 1.08095 0.636121 0.592436 1.17402
0.719863 1.21717 1.07232 0.819699 0.829558 1.08382
0.827149 1.2 1.07729 0.934541 0.929883 1.06119
1.07106 1.13915 1.05463 0.954554 0.923603 1.02068
1.02632 1.00719 1.04638 0.870315 0.852494 1.03988
end
gesture a12 hands 2
0.811589 0.478369 0.852591 0.64599 0.61737 1.18502
0.861414 0.555721 0.860866 0.59582 0.597052 1.1961
0.858591 0.544595 0.930526 0.663832 0.636176 1.12019
0.870448 0.588956 0.917611 0.900925 0.890693 1.05858
0.949512 0.668314 0.924724 0.940345 0.921357 1.04589
0.972744 0.711393 0.929885 0.809347 0.817717 1.05869
0.943017 1.04191 1.10821 0.789653 0.798723 1.07014
end
gesture a12 hands 2
0.882864 0.473251 0.774477 0.84631 0.976709 1.19805
0.87058 0.508052 0.83518 0.952624 1.00747 1.04984
0.783182 0.434612 0.861087 0.951899 0.982741 0.996133
0.826105 0.5959 0.899923 0.99392 0.984005 1.02433
0.897823 0.893825 1.09999 0.929184 0.926409 1.10611
0.910282 0.937164 1.13469 0.956563 0.970717 0.99926
1.0339 0.905799 1.02561 0.909306 0.97902 1.01437
end
gesture a12 hands 2
0.916222 0.649046 0.996083 0.790017 0.939765 1.18384
0.899387 0.658005 0.973153 0.824958 0.953717 1.10901
0.884731 0.65519 1.02541 1.043 0.947835 1.04318
0.854271 0.61716 1.10618 1.02098 0.96828 1.01272
0.749772 0.609047 1.15318 1.048 0.967465 1.00511
0.786653 0.646286 1.17293 0.948999 0.970285 0.986599
0.889668 0.864857 1.12889 0.91285 0.95266 1.02903
end
gesture a12 hands 2
0.878563 0.621114 0.976474 0.789569 0.96088 1.15076
0.877248 0.659172 1.08023 0.956501 0.960573 1.04172
0.830256 0.630259 1.08784 1.07304 0.966348 1.03366
0.764849 0.633415 1.1578 1.02586 0.97096 1.00015
0.823242 0.741182 1.14161 1.06858 0.964284 0.997463
0.905818 0.943978 1.11067 0.917091 0.963211 1.03566
0.892623 0.808989 1.07086 0.835155 0.954212 1.11932
end
gesture a12 hands 2
0.791195 0.578614 1.13121 0.902768 0.895619 1.08715
0.790694 0.598809 1.10956 0.902785 0.904516 1.09899
0.791573 0.653791 1.09593 0.9126 0.918982 1.07622
0.844385 0.73501 1.09226 0.912391 0.92325 1.08203
0.863165 0.787376 1.0887 0.902801 0.913414 1.11083
0.867517 0.787036 1.08839 0.922432 0.942344 1.06528
0.863105 0.761308 1.10143 0.921563 0.941621 1.06487
end
gesture a12 hands 2
0.8052 0.611609 1.17772 0.923189 0.909389 1.09232
0.800321 0.647008 1.10605 0.920703 0.925884 1.06759
0.795602 0.694132 1.08096 0.917944 0.935026 1.07413
0.876836 0.826546 1.06807 0.923925 0.939421 1.07454
0.898719 0.861474 1.04105 0.914222 0.921696 1.11508
0.886654 0.810118 1.06041 0.929906 0.943816 1.07495
0.873019 0.760395 1.08683 0.927026 0.920017 1.06862
end
gesture a12 hands 2
0.829411 0.630688 1.18922 0.921824 0.888623 1.10493
0.822895 0.646954 1.15766 0.905163 0.901978 1.08406
0.814111 0.692332 1.12465 0.915566 0.924424 1.08162
0.860947 0.776596 1.11132 0.903512 0.914275 1.0758
0.864643 0.790617 1.08 0.867345 0.924287 1.10184
0.856703 0.740893 1.09145 0.920588 0.939167 1.08105
0.85769 0.705404 1.13923 0.923237 0.926964 1.07303
end
gesture a12 hands 2
0.785846 0.561352 0.981684 0.605162 0.698448 1.04767
0.798028 0.74938 0.967911 0.654528 0.67651 1.14678
1.01132 1.03523 0.970397 0.734442 0.738853 1.03345
0.989541 1.02925 1.12471 0.994305 0.980336 0.992899
1.09619 1.12441 1.09981 1.06576 1.13154 1.0134
1.09042 1.12796 1.06629 1.23632 1.23387 0.961744
0.925864 0.832863 1.05673 1.10028 1.06195 0.973463
end
gesture a12 hands 2
0.806122 0.649551 0.974863 0.655326 0.689595 1.08799
0.967742 0.980352 0.986556 0.745287 0.722539 1.01346
0.963857 0.922417 1.07328 0.823351 0.870383 0.995701
1.06629 1.0568 1.01722 0.858651 0.908554 0.994918
0.995009 1.02319 1.16463 1.14401 1.20876 1.0087
0.925281 0.836878 1.07462 1.21575 1.17808 0.987634
0.910745 0.815296 1.05974 1.06283 1.03123 1.01235
end
gesture a12 hands 2
0.783757 0.710086 1.00777 0.765977 0.744774 1.17944
0.948703 0.997527 1.00278 0.833518 0.808414 1.02277
0.951682 1.0004 1.16561 1.05735 1.03297 1.01127
1.07803 1.09604 1.12394 1.08007 1.13851 0.979623
1.10294 1.05887 1.09609 1.00431 1.0969 0.922692
0.874452 0.816357 1.03902 0.892132 0.932123 1.02469
0.853312 0.796635 1.03768 0.838312 0.86445 1.02038
end
gesture a12 hands 2
0.827333 0.69253 1.07004 0.957109 0.939586 1.07105
0.870126 0.698009 1.06392 0.944696 0.934511 1.03896
0.844998 0.798714 1.01198 0.95707 0.966902 1.03122
0.897009 1.00253 1.00437 0.965469 0.973774 1.03369
1.04081 1.16454 1.00085 0.963313 0.956094 1.03608
1.01244 1.11654 0.985649 0.973224 0.996034 1.03295
0.991312 1.06857 1.0001 0.96643 0.976029 1.05409
end
gesture a12 hands 2
0.851851 0.666161 1.0993 0.966692 0.952468 1.04284
0.855347 0.620916 1.1113 0.970388 0.961631 1.03907
0.854198 0.722269 1.06442 0.958379 0.935984 1.03718
0.891725 0.874661 1.0551 0.98225 0.974054 1.00667
1.05591 1.09278 1.02734 0.965317 0.954856 1.05704
0.98439 1.02009 0.954349 0.980048 0.983986 1.02614
0.934368 0.924406 0.985347 0.962898 0.952114 1.06424
end
gesture a12 hands 2
0.847383 0.706877 1.1185 0.957583 0.949896 1.06499
0.884033 0.87283 1.04371 0.977674 0.968647 1.0237
0.906528 0.923979 1.04167 0.976583 0.954926 1.04223
1.03301 1.08855 1.02709 0.980976 0.994003 0.994137
1.06744 1.12181 0.997014 0.93687 0.981742 1.03765
0.882311 0.798069 1.0191 0.963471 0.977975 1.04873
0.857215 0.749667 1.03992 0.935447 0.981346 1.03905
end
gesture a12 hands 2
0.767743 0.692898 0.939571 0.632387 0.578979 1.03401
0.908538 0.919824 0.942327 0.786042 0.872679 0.951357
0.948116 0.903262 1.09316 0.948062 0.992599 1.00403
1.06137 1.05485 1.0248 1.14874 1.18377 1.00824
1.02545 0.97985 1.17155 1.176 1.18773 1.05855
1.10795 1.03163 1.06337 0.880464 0.871438 1.03808
0.885994 0.862431 1.04811 0.859522 0.853376 1.0446
end
gesture a12 hands 2
0.7277 0.780525 0.969207 0.555443 0.613407 1.16404
0.733774 0.715879 1.0562 0.629133 0.726639 1.02302
0.95323 0.897791 1.1622 0.702906 0.807539 1.0202
1.05209 0.982742 1.07501 1.05033 1.02876 1.04528
0.978237 0.937418 1.05443 1.00312 0.997374 0.950032
1.05391 0.972565 1.05106 0.827588 0.874782 0.95648
0.880809 0.877731 1.01844 0.808433 0.85731 0.971444
end
gesture a12 hands 2
0.588199 0.695239 0.961802 0.508693 0.59692 1.14824
0.79477 0.884798 0.921811 0.65243 0.786229 0.984335
0.885038 0.890556 1.05514 1.00607 1.02715 0.994849
1.05601 1.05101 1.13607 1.22947 1.13575 1.02168
1.12147 1.10665 1.07492 1.22375 1.11817 1.04611
1.17348 1.04346 1.01437 1.02789 1.02686 0.987491
0.963171 0.90224 0.999621 0.83697 0.878462 1.02213
end
gesture a12 hands 2
0.825207 0.593549 1.04859 0.918055 0.928449 1.13265
0.860976 0.660394 1.0121 0.952812 0.957524 1.06704
0.866645 0.775958 1.01685 0.964099 0.95754 1.04724
0.886985 0.827922 1.02338 0.958395 0.957533 1.04799
0.95334 0.907864 1.03848 0.938553 0.957506 1.06891
0.956125 1.00173 1.01384 0.975385 0.957556 1.02744
0.917993 0.872731 1.0525 0.937602 0.957505 1.06904
end
gesture a12 hands 2
0.778847 0.594236 1.16493 0.918079 0.945916 1.06714
0.799803 0.634075 1.09768 0.926744 0.954278 1.05626
0.81855 0.739486 1.07228 0.919754 0.935319 1.09487
0.930541 0.918134 1.06523 0.935409 0.962641 1.04537
0.964676 0.961339 1.04583 0.944285 0.963278 1.03907
0.96806 0.90755 1.03667 0.976455 0.942552 1.0705
0.929767 0.838862 1.06469 0.942582 0.964639 1.03798
end
gesture a12 hands 2
0.751224 0.533066 1.18225 0.926584 0.953926 1.06243
0.747423 0.536588 1.15291 0.930939 0.953147 1.05031
0.773645 0.570797 1.11573 0.918084 0.943949 1.08924
0.797486 0.787153 1.09531 0.952836 0.944819 1.075
0.862334 0.863959 1.09227 0.958628 0.944964 1.07263
0.958943 0.896619 1.06624 0.935295 0.952367 1.0382
0.960236 0.842249 1.06776 0.957971 0.933576 1.09719
end
gesture a12 hands 2
0.685859 0.537352 0.975358 0.549705 0.587687 1.21169
0.663845 0.546259 0.993114 0.659778 0.680194 1.08197
0.708254 0.579081 0.97346 0.801192 0.840386 1.07237
0.826052 0.758006 1.00037 0.837632 0.876876 1.06983
0.851388 0.801112 1.0134 0.92598 0.943502 1.05792
0.955596 0.981919 1.04472 0.958282 0.929514 1.03447
0.94534 0.872617 1.04362 0.945226 0.905533 1.0366
end
gesture a12 hands 2
0.686114 0.588339 1.01052 0.514181 0.542643 1.28156
0.804236 0.688896 1.06944 0.543362 0.562216 1.20505
0.83278 0.707239 1.10906 0.845182 0.84718 1.11963
0.892666 0.79665 1.09767 0.881056 0.88968 1.11159
0.927025 0.955328 1.09397 0.899529 0.929893 1.07551
1.00163 1.01931 1.0651 0.876279 0.907761 1.03151
0.982149 0.949388 1.03617 0.839596 0.866279 1.0356
end
gesture a12 hands 2
0.702185 0.593128 0.975028 0.559802 0.546185 1.23571
0.811103 0.747653 1.00729 0.582928 0.579182 1.15931
0.856568 0.80667 1.07738 0.879273 0.888676 1.08489
0.918161 0.89691 1.07397 0.965868 0.957431 1.06401
0.974394 1.05314 1.10484 0.965183 0.963343 1.01152
1.05581 1.09496 1.05825 0.925539 0.933079 0.984233
1.01438 0.983813 1.02519 0.848982 0.859592 1.01222
end
