gesture a01 hands 2
0.950802 0.685312 1.23219 0.955492 0.969903 0.991635
1.03683 0.782672 1.082 0.964246 1.02894 1.08527
1.01198 1.14377 0.898161 0.966682 0.999967 1.15721
1.03539 1.07149 0.906002 0.989516 0.999217 1.06937
end
gesture a01 hands 2
1.00886 0.589015 1.2994 1.00392 0.98185 1.04953
0.989285 0.571383 1.33787 0.97147 0.959341 1.00021
0.955512 1.0233 1.00539 0.930417 0.955883 1.04015
1.00646 0.929145 0.999891 0.965547 0.980042 1.01575
end
gesture a01 hands 2
0.959907 0.613749 1.28492 0.969602 0.960755 1.04585
0.994818 0.617837 1.28647 0.913453 0.9615 1.00559
0.953781 1.03916 0.997151 0.915985 0.987881 1.12005
0.992305 0.983538 0.990538 0.956577 0.97782 1.0451
end
gesture a01 hands 2
0.944246 0.487312 1.29489 1.05683 0.960255 1.02066
1.08379 0.555198 1.17167 0.918567 0.88889 1.05695
1.07275 1.13548 0.94556 1.09958 0.985133 0.99105
0.938162 0.957561 1.01985 0.861206 1.11499 1.06975
end
gesture a01 hands 2
1.0121 0.899317 0.997434 0.47859 0.691629 1.325
0.962972 0.981497 1.0724 0.600219 0.732839 1.28153
0.928109 0.883925 0.925451 0.781007 0.934693 1.11496
0.987822 0.950168 1.14287 0.94038 0.898028 1.18684
end
gesture a01 hands 2
0.52751 0.492211 1.4873 1.17688 0.914575 1.08965
0.78162 0.561309 1.46468 1.15281 0.880758 1.09819
0.853739 0.885251 1.19955 0.92133 1.19221 1.0027
1.00942 0.736275 1.12458 0.910877 0.998803 1.01313
end
gesture a01 hands 2
0.903127 0.424606 1.23077 0.993514 0.974565 1.04696
0.973836 0.805598 1.05714 0.946883 0.932248 1.0539
0.997628 0.529242 1.11128 0.929061 0.987481 1.04187
1.0282 0.792011 1.0766 0.991748 0.996745 1.02356
end
gesture a01 hands 2
0.862995 0.280853 1.40443 0.973814 0.974068 1.02903
0.937019 0.494221 1.26059 0.948379 0.940112 1.07651
0.966655 0.761884 1.15105 0.955102 0.971812 1.02256
1.0102 0.6869 1.14854 0.982165 0.961902 1.02954
end
gesture a01 hands 2
0.888355 0.445855 1.31068 0.96196 0.975034 1.0222
0.955429 0.455669 1.25705 0.971047 0.968834 1.04989
0.952837 0.821624 1.09928 0.949575 0.953969 1.05668
1.01296 0.679444 1.15481 0.973835 0.975995 1.02629
end
gesture a01 hands 2
1.05695 0.47602 1.12655 1.00491 0.960556 1.06296
0.971649 0.986921 1.03486 0.976651 0.986494 1.00318
0.930035 0.969383 1.0115 0.95246 0.977614 1.05417
0.951202 0.838457 1.04158 0.971433 0.970939 1.02872
end
gesture a01 hands 2
1.08834 0.470948 1.21436 0.953489 0.964146 1.03391
1.05826 0.4885 1.17116 0.942049 0.908797 1.07592
0.969178 0.983612 1.03288 0.976109 0.969961 1.02777
0.95061 0.88254 1.02164 0.943617 0.960474 1.05757
end
gesture a01 hands 2
1.10406 0.44339 1.25204 0.955361 0.965825 1.05113
0.95941 0.991548 1.01205 0.960332 0.953044 1.0051
0.941323 0.981373 1.0027 0.948532 0.971554 1.08944
0.967289 0.825315 1.04426 0.964332 0.968067 1.02509
end
gesture a01 hands 2
1.07608 0.34469 1.18357 0.97987 0.969516 1.01864
1.03395 0.75535 1.04554 0.985947 0.965384 1.03353
0.913768 1.12682 1.01948 0.976148 1.00586 1.03046
0.951442 0.819032 1.08156 0.973145 0.959606 1.0303
end
gesture a01 hands 2
1.0143 0.349271 1.28174 0.926945 0.938414 1.0358
1.00146 0.380515 1.20937 0.955238 0.932282 1.0428
1.03688 0.896701 1.03505 0.97017 0.97994 1.05049
1.0308 0.690985 1.11778 0.983319 0.947214 1.02516
end
gesture a01 hands 2
1.04461 0.232298 1.27255 0.930949 0.939945 1.00245
0.944426 0.661179 1.1129 0.989569 0.979961 1.02505
1.01439 1.0852 1.00655 0.972122 0.969602 1.06282
1.08118 0.924817 1.04129 0.976302 0.960866 1.04728
end
gesture a01 hands 2
0.93784 0.382664 1.25108 0.979488 0.953424 1.03559
0.946404 0.727863 1.09737 0.976964 1.00638 1.01781
0.999935 1.12334 0.983617 0.970921 1.00192 1.01949
1.00353 0.877364 1.01799 0.971597 0.974278 1.03108
end
gesture a01 hands 2
0.937092 0.272448 1.28956 0.970239 0.953677 1.03782
0.954112 0.674862 1.12481 0.994142 0.933781 1.02035
0.999748 1.08537 1.0238 0.962111 1.03249 1.01726
1.01704 0.928319 0.98577 0.973969 0.977301 1.03455
end
gesture a01 hands 2
0.910769 0.301966 1.29561 0.96806 0.950598 1.03712
0.93076 0.69379 1.12143 0.98458 0.925677 1.03115
1.00052 1.03451 1.01367 0.965915 0.981782 1.03359
1.00926 0.849064 1.01469 0.969388 0.952361 1.03805
end
gesture a01 hands 2
0.848409 0.220432 1.24739 0.9773 0.978398 0.995296
0.909307 0.250446 1.13051 1.03996 0.986147 1.03242
1.00671 0.948894 1.01505 0.949487 0.955116 1.04944
1.04337 0.900062 1.0377 0.971489 0.988935 1.03533
end
gesture a01 hands 2
0.857788 0.279805 1.33721 0.985078 0.986635 1.03239
1.00244 1.08866 0.975142 1.01059 0.996509 0.980129
0.994158 0.901903 1.04485 0.952183 0.952178 1.05055
1.00101 0.883862 1.05021 0.997826 1.00439 0.994774
end
gesture a01 hands 2
0.84603 0.231283 1.29542 1.01264 0.999282 1.01336
0.859216 0.243041 1.27137 1.01122 0.991292 1.02419
0.920616 0.883544 1.05536 0.911124 0.961755 1.05037
1.01765 0.961616 1.02883 1.00126 1.02465 0.987887
end
gesture a01 hands 2
0.951151 0.386575 1.22307 0.975317 0.970385 1.05261
0.965766 0.404436 1.20425 0.975912 0.965744 1.02308
1.01128 1.10669 0.992636 0.964244 0.970237 1.05276
0.958219 0.89547 1.04592 0.961836 0.976017 1.05333
end
gesture a01 hands 2
0.894464 0.295036 1.37326 0.962262 0.96076 1.06725
0.914778 0.291547 1.35221 0.939616 0.97225 1.08281
0.947314 0.832377 1.12324 0.970562 0.947349 1.04035
0.964695 0.771365 1.07863 0.954873 0.970133 1.05014
end
gesture a01 hands 2
0.867552 0.443147 1.29083 0.923043 0.956003 1.04931
0.962061 0.901097 1.07122 0.918149 0.950674 1.02685
0.973184 0.859193 1.06451 0.984998 0.979085 1.03802
0.984307 0.817289 1.05779 0.963239 0.976995 1.09504
end
gesture a01 hands 2
0.864907 0.27098 1.14945 0.97251 0.964315 1.06253
0.946105 0.279238 1.11952 0.978363 0.962838 1.02817
1.00801 0.757453 1.0637 0.945397 0.979473 1.04091
1.03625 0.889147 1.03385 0.964041 0.97939 1.04503
end
gesture a01 hands 2
0.836382 0.27346 1.14322 0.914423 0.973045 0.967713
0.976529 0.44408 1.09142 0.968018 0.968881 1.01963
0.932952 0.866556 1.05648 0.941597 0.973971 0.95563
0.997679 0.791574 1.05917 0.929431 0.976709 1.04618
end
gesture a01 hands 2
0.877022 0.179472 1.21956 0.944593 0.960734 1.06605
0.962161 0.231624 1.15663 0.941607 0.95845 1.06429
0.917475 0.703501 1.10251 0.960662 0.950857 1.04276
0.990307 0.705427 1.0736 0.94118 0.958124 1.06403
end
gesture a04 hands 2
0.764798 0.493154 1.21034 0.974639 0.950987 1.09199
0.852804 0.70696 1.09105 0.901678 0.983534 1.00814
0.920902 0.892141 1.05746 0.995533 0.965114 1.04469
0.945336 0.832556 1.0455 0.889232 0.966844 1.05145
end
gesture a04 hands 2
0.787918 0.653871 1.19383 0.906561 0.978743 1.03799
0.782047 0.660985 1.12385 0.935515 0.969309 1.05271
1.01136 1.00584 1.00624 1.09631 0.988672 1.00452
0.920059 0.814658 1.07163 0.931138 0.967447 1.05388
end
gesture a04 hands 2
0.632011 0.392168 1.21684 0.894675 0.936514 1.0984
0.771159 0.573104 1.12965 0.90724 0.959122 1.0371
0.8559 0.751973 1.09728 0.993108 0.942859 1.0762
0.85708 0.678156 1.10486 0.965293 0.949165 1.09618
end
gesture a04 hands 2
0.759519 0.679643 1.03022 0.943773 0.951543 1.03779
0.780981 0.675754 1.05078 0.91587 0.997503 1.02535
1.0205 1.03255 1.02565 1.02968 0.927087 1.03158
0.906607 0.846093 1.03541 0.91161 0.973874 1.04468
end
gesture a04 hands 2
0.622416 0.537286 1.12624 0.864862 0.964311 1.07916
0.650519 0.541051 1.13484 1.05921 0.949356 1.03587
0.905454 0.755458 1.06187 1.05262 0.912192 1.04009
0.746273 0.638179 1.10339 0.88283 0.966753 1.07438
end
gesture a04 hands 2
0.718701 0.671569 1.09309 0.893945 0.979679 1.0741
0.835614 0.79463 1.05873 1.09318 0.919645 1.02494
1.01398 0.946057 1.02694 0.910711 1.00692 1.05384
0.837012 0.774302 1.05465 0.889327 0.9542 1.05675
end
gesture a04 hands 2
0.980133 0.447595 1.35657 1.02733 0.970007 1.02156
0.894534 0.99255 0.937057 1.05599 1.00998 1.10814
1.03054 1.27086 0.90927 0.948067 1.00798 1.01885
0.966942 0.666 1.19183 1.00168 0.915474 1.01903
end
gesture a04 hands 2
0.956738 0.610798 1.34988 1.00698 0.947173 1.06308
0.956611 0.636861 1.22206 0.925411 0.916808 1.05553
0.958026 0.866023 1.05533 0.946399 1.01215 1.07777
0.957588 0.781234 1.12243 0.961477 0.979271 1.0237
end
gesture a04 hands 2
0.931261 0.627281 1.16407 0.987839 0.954424 1.02384
0.898123 0.714296 1.03335 0.930349 1.01087 1.01281
0.982297 1.08411 0.936759 0.969216 0.973599 1.00937
0.938214 0.730333 1.11016 0.97117 0.936845 1.03765
end
gesture a04 hands 2
0.920977 0.629846 1.13943 0.956413 0.90744 1.08966
0.911583 0.6351 1.16786 0.918701 0.922314 1.07956
0.898413 0.662791 1.11853 0.905839 0.964774 1.06208
0.929587 0.867221 1.06619 0.939377 0.984252 1.04362
end
gesture a04 hands 2
0.891845 0.460946 1.21149 0.930203 0.904341 1.03888
0.919683 0.695462 1.11461 0.904428 0.986452 1.05102
0.937434 0.863287 1.04405 0.940272 0.979954 1.09645
0.932194 0.760852 1.09132 0.977962 0.92383 1.08045
end
gesture a04 hands 2
1.08242 0.458859 1.38952 0.98299 0.919876 0.99652
0.970638 0.880574 1.08986 0.969148 0.944508 0.987594
0.985041 0.870707 1.0766 0.94772 0.96046 1.09679
1.02835 0.741021 1.1738 0.959339 0.951142 1.02531
end
gesture a04 hands 2
1.05477 0.38623 1.41828 0.957778 0.950995 0.962145
1.07339 0.709488 1.22697 0.986529 0.945556 0.968715
0.901464 1.0169 0.983414 0.974157 0.979842 1.07714
0.996301 0.788398 1.1282 0.978785 0.95106 0.951613
end
gesture a04 hands 2
0.837905 0.336669 1.33542 0.941373 0.946561 1.06519
0.906765 0.849754 1.04812 0.959635 0.979636 1.01888
0.969864 0.995963 1.04928 0.972592 0.975447 1.06716
1.06008 0.945482 1.04946 0.970523 0.955658 1.02407
end
gesture a04 hands 2
0.905738 0.585589 1.27571 0.957088 0.949643 1.04178
0.908056 0.600923 1.25156 0.955702 0.955345 1.05618
0.985641 1.03365 0.966917 0.961651 0.978748 1.03743
0.953211 0.810287 1.12486 0.954315 0.961047 1.07058
end
gesture a04 hands 2
0.904143 0.522564 1.3157 0.954883 0.952114 1.06264
0.908075 0.537253 1.29137 0.958097 0.950657 1.04605
0.964992 1.00544 1.04661 0.962992 0.974634 1.04474
0.957894 0.793009 1.11797 0.961312 0.949199 1.02945
end
gesture a04 hands 2
0.898256 0.584637 1.25464 0.962336 0.949983 1.04603
0.915324 0.645514 1.1998 0.959301 0.976714 1.03309
0.996349 1.01432 0.990738 0.970521 0.974522 1.04201
0.952988 0.750349 1.16117 0.969704 0.946263 1.03203
end
gesture a04 hands 2
0.927971 0.36664 1.29614 0.993621 0.980278 1.03356
0.980385 1.14452 1.05822 0.962962 0.943507 1.01758
0.985822 0.872676 1.01735 1.01741 0.985982 1.04127
0.987634 0.782061 1.00373 0.944025 0.968107 1.00931
end
gesture a04 hands 2
0.92096 0.486471 1.19196 0.940044 0.912986 1.11925
0.934798 0.769149 1.15393 0.924084 0.979044 1.02854
0.948076 0.893763 1.05785 0.935488 0.936181 1.09976
0.949044 0.741235 1.04951 0.962742 0.980701 1.05499
end
gesture a04 hands 2
0.915677 0.526289 1.21457 0.950065 0.999691 1.00112
0.976249 0.994733 1.00096 0.967627 0.946397 1.08302
0.959735 0.79597 1.0721 0.9591 0.936569 1.03224
0.954231 0.729715 1.09581 0.9739 0.995676 1.04764
end
gesture a04 hands 2
0.790453 0.423168 1.08087 0.979807 0.966905 1.06882
1.1236 1.12802 1.05909 0.953813 0.959238 1.05646
1.13954 1.07656 1.06159 1.00632 0.967824 1.02653
1.12626 1.02528 1.0656 0.990036 0.98902 1.03969
end
gesture a04 hands 2
0.788442 0.601236 1.13673 0.968496 0.981888 1.04684
0.772477 0.624534 1.06308 0.949643 0.975835 1.01966
1.10918 1.10653 1.00655 1.00466 0.969374 1.00224
0.987426 0.881257 1.04005 0.947516 0.955439 1.05428
end
gesture a04 hands 2
0.687721 0.553597 1.11878 0.937497 0.943222 1.06071
0.698528 0.607485 1.05744 0.930716 0.971407 1.05332
1.03591 0.964545 1.03963 0.969205 0.966659 1.02486
0.910817 0.760326 1.07188 0.945585 0.958347 1.06122
end
gesture a04 hands 2
0.973523 0.498785 1.21606 0.95626 0.945357 1.05606
0.997957 0.576129 1.10268 0.957536 0.963785 1.06626
0.968539 0.920632 1.01978 0.961564 0.969899 1.04008
0.968607 0.822615 1.05391 0.957961 0.969928 1.06966
end
gesture a04 hands 2
0.935487 0.511972 1.19543 0.926643 0.941333 1.07436
0.959468 0.522274 1.11881 0.939414 0.956796 1.07998
0.969519 0.825492 1.05989 0.937585 0.937837 1.12206
0.958835 0.737543 1.07998 0.939306 0.951734 1.09556
end
gesture a04 hands 2
0.935824 0.445892 1.23007 0.926613 0.953279 1.07948
0.961574 0.465315 1.15842 0.942697 0.952744 1.05427
0.955131 0.817136 1.07305 0.940814 0.933981 1.11013
0.949809 0.718456 1.08002 0.932822 0.945173 1.1045
end
gesture a07 hands 2
1.08675 0.624651 1.18604 0.971 0.963085 1.01367
0.929213 1.05888 0.970686 0.979794 0.982655 1.02333
0.929323 1.05141 0.943019 0.930523 0.967307 1.07597
1.01475 0.811327 1.10691 1.03016 0.985638 0.9726
end
gesture a07 hands 2
1.05962 0.679302 1.22139 1.01189 0.974602 1.02088
0.907383 1.02049 0.984889 0.922418 0.956054 1.09548
1.01102 0.902173 0.962446 0.957534 0.984278 0.977266
1.08394 0.69016 1.21199 1.02546 0.976271 1.0269
end
gesture a07 hands 2
1.05649 0.56336 1.29737 1.02768 0.966262 1.02776
0.951127 0.925281 1.07868 0.935459 0.960211 1.03572
1.06249 0.88203 0.97608 0.918547 0.961 1.11999
1.08659 0.743994 1.13813 1.01136 0.973669 1.03496
end
gesture a07 hands 2
0.857077 0.988545 1.26686 1.06601 0.956278 1.04675
0.996231 1.09459 1.12549 1.01208 0.956164 1.02086
0.846445 1.14337 1.09272 0.872727 1.03941 1.01858
0.982189 0.949379 1.01224 0.908426 1.06234 0.988586
end
gesture a07 hands 2
0.972189 0.59828 1.25756 0.978784 0.884676 1.06627
0.922389 0.964009 1.0644 0.916921 0.899203 0.937759
1.03439 0.977627 0.947304 0.801583 0.914202 0.922407
1.01421 0.790466 1.08824 0.92731 1.13989 0.973647
end
gesture a07 hands 2
0.827406 0.642904 1.2309 1.07632 1.48463 1.11291
0.892613 0.952644 1.04589 0.895522 0.945443 1.00941
1.05758 0.970585 0.943268 0.993633 0.91899 0.949854
1.01099 0.718829 1.12124 0.896281 0.835246 1.05692
end
gesture a07 hands 2
1.09706 0.546791 1.37715 0.974645 0.977188 1.06811
0.916709 1.00164 1.06372 0.962813 1.01799 1.03413
0.999886 1.05494 0.860057 0.928621 0.911286 1.07072
1.04546 0.885384 0.975768 0.986689 0.96237 1.03182
end
gesture a07 hands 2
1.10176 0.508289 1.37701 0.972597 0.97617 1.01654
0.936422 0.905362 1.12739 0.952266 1.01213 1.02608
1.10603 0.537988 1.29681 0.968933 0.980777 1.07075
1.08843 0.88809 0.977109 0.979559 0.957349 1.03603
end
gesture a07 hands 2
1.1249 0.525313 1.39012 1.00094 0.964543 1.0321
0.92151 0.937561 1.1112 0.94212 0.938168 1.07689
1.11774 0.520057 1.36162 0.971101 0.981928 1.00952
1.0809 0.904686 0.985743 0.993349 0.96593 1.01627
end
gesture a07 hands 2
1.07299 0.531085 1.37831 0.952529 0.969055 1.04669
1.08073 0.992402 1.01948 0.967541 0.967563 1.0465
0.904871 1.01779 0.901644 0.984516 0.984354 1.01353
0.988327 0.83814 1.01235 0.961354 0.96321 1.05098
end
gesture a07 hands 2
1.07175 0.687719 1.31236 0.950983 0.945576 1.0452
1.05362 0.85154 1.13062 0.936503 0.953624 1.0707
0.938696 0.974434 1.03119 0.933315 0.954247 1.12732
0.995707 0.871488 1.02061 0.94387 0.962147 1.04001
end
gesture a07 hands 2
1.07677 0.700892 1.33432 0.968602 0.955184 1.05602
0.948509 0.950512 1.07594 0.93159 0.960124 1.00128
0.998183 0.918658 0.953508 0.928044 0.950423 1.09506
1.0225 0.858075 1.04638 0.973082 0.960204 1.04531
end
gesture a07 hands 2
1.07995 0.734448 1.28364 0.980149 0.958692 1.05504
0.92341 1.0203 1.01409 0.954677 0.968391 1.14764
1.00901 0.874653 1.06869 0.93621 0.961092 1.03351
1.03358 0.829781 1.10179 0.973158 0.954334 1.0557
end
gesture a07 hands 2
1.02612 0.630589 1.32194 0.961871 0.968704 1.09218
0.918523 0.986917 1.05672 0.988691 0.956294 1.01883
1.02401 1.04831 0.871444 0.957134 0.99447 1.04861
1.05063 0.864175 1.03026 0.98799 0.986407 0.99098
end
gesture a07 hands 2
1.00764 0.60104 1.33538 0.990395 0.95881 1.01335
1.06653 0.762592 1.21058 0.960635 0.959165 1.01413
0.96145 0.943935 1.04281 0.995004 0.945213 1.02701
1.07722 0.792543 1.10087 0.93678 0.953869 1.04703
end
gesture a07 hands 2
1.06014 0.429686 1.44285 0.961976 0.965918 1.01319
1.01826 1.09716 0.934382 0.974281 0.987384 1.01164
0.883521 1.14037 0.939724 1.00614 0.98546 0.976064
1.06396 0.960889 0.974197 0.967796 0.971981 0.993942
end
gesture a07 hands 2
1.02075 0.781538 1.11957 0.983418 0.966284 1.0116
1.11619 0.914676 1.03606 0.984518 0.975077 1.03363
0.92276 1.06246 0.95573 0.972802 0.950725 1.03949
1.05319 0.881027 1.08299 0.96502 0.978905 1.03304
end
gesture a07 hands 2
1.00036 0.679932 1.24886 0.983774 0.966909 1.0219
0.93603 1.0059 1.01004 0.95713 0.978737 1.028
1.1058 0.846513 1.01018 0.963362 0.966973 1.04403
1.00606 0.729976 1.18233 0.969593 0.955208 1.06006
end
gesture a07 hands 2
0.884771 0.485455 1.26753 0.989883 1.00989 1.00282
0.912303 0.864027 1.002 0.953647 0.931101 1.09197
0.842684 1.01791 0.932083 1.03134 0.984161 0.985922
0.985914 0.754202 1.11511 0.954359 0.94285 1.01705
end
gesture a07 hands 2
0.910265 0.448722 1.27438 0.974247 0.979863 0.986654
0.870883 0.805173 1.0943 0.957209 0.997761 1.09767
0.932779 0.726004 1.08745 0.944806 0.977713 0.988139
1.05814 0.7597 1.09504 1.00317 0.984142 1.02069
end
gesture a07 hands 2
0.941958 0.555813 1.25653 0.9972 0.975407 1.06954
0.883535 1.06448 0.966873 0.976322 0.958917 1.00614
0.923092 1.04006 0.934781 0.957822 1.0261 1.07301
0.99561 0.779333 1.09509 0.980933 0.992222 1.02561
end
gesture a07 hands 2
1.00044 0.567625 1.22699 0.959459 0.988421 1.02861
1.02015 0.787551 1.14077 0.973086 0.973417 1.08582
0.919094 0.988071 1.00224 0.96014 0.970331 1.01727
1.05205 0.771389 1.08381 0.960645 0.960351 1.04555
end
gesture a07 hands 2
0.995855 0.519758 1.31735 0.955067 0.958872 1.04899
0.901179 0.958249 1.05935 0.957128 0.941918 1.01691
0.92495 0.970519 1.01876 0.982329 0.969394 1.06185
1.0128 0.729042 1.13768 0.949815 0.967114 1.05046
end
gesture a07 hands 2
1.01772 0.528221 1.29439 0.953994 0.970135 1.0413
1.00134 0.805871 1.07627 0.977958 1.00495 1.05452
0.913443 0.982156 0.996509 0.970044 0.996464 1.08901
0.997817 0.727696 1.12605 0.968844 0.980518 1.00462
end
gesture a07 hands 2
1.02364 0.641214 1.27554 0.952272 0.955817 1.09565
0.951661 0.915239 1.08665 0.957018 0.96222 1.03273
1.0054 0.961628 0.962904 0.966229 0.955623 1.08631
1.01266 0.804464 1.08233 0.957159 0.954205 1.05911
end
gesture a07 hands 2
1.00066 0.494821 1.30688 0.929427 0.939624 1.06128
1.031 0.527294 1.23243 0.943153 0.930085 1.08598
0.966684 0.813391 1.13563 0.932135 0.971193 1.07176
1.0137 0.744202 1.09081 0.932709 0.942659 1.08052
end
gesture a07 hands 2
1.03015 0.578216 1.28635 0.962306 0.951886 1.06249
0.95492 0.862856 1.12472 0.949426 0.956441 1.08265
0.988466 0.896074 1.03393 0.953475 0.980097 1.0652
1.01052 0.791 1.06081 0.947587 0.957092 1.08552
end
gesture a08 hands 2
1.03724 0.488673 1.35881 0.985089 0.960381 1.00658
0.91703 0.713659 1.15941 0.986323 0.954766 1.09033
0.961211 0.898177 1.06987 0.933395 0.930608 1.09553
1.0263 0.864032 1.0495 0.913525 0.975013 1.03209
end
gesture a08 hands 2
1.07685 0.508129 1.35023 0.993655 0.969448 1.03177
1.05183 0.510458 1.33426 0.921307 0.974977 1.145
0.987041 0.932562 1.02879 0.930314 0.967817 1.08665
1.03604 0.844442 1.09385 0.96377 0.984613 0.942746
end
gesture a08 hands 2
1.10801 0.514442 1.33094 1.04 0.979473 1.00298
1.00291 0.696867 1.20949 0.946159 0.954394 1.03259
0.974812 0.887826 1.08042 0.902364 0.939055 1.13719
1.01478 0.843868 1.06752 0.952905 0.959631 0.981055
end
gesture a08 hands 2
0.930393 0.363186 1.3722 0.928665 0.916356 1.10182
0.932149 0.694649 1.16031 1.02786 0.962195 1.07981
0.882491 0.603588 1.17598 0.926598 0.950952 1.13803
1.00085 0.742825 1.12159 0.960267 1.00427 0.994864
end
gesture a08 hands 2
1.03243 0.520579 1.33518 1.07465 0.998949 1.02953
0.99317 0.548685 1.34059 0.969359 0.964113 1.08272
0.902636 0.785078 1.11438 0.886634 0.974629 0.9912
1.0162 0.769543 1.1354 0.980615 0.952714 1.04324
end
gesture a08 hands 2
0.994522 0.592264 1.32616 0.991038 0.913092 1.12593
0.961981 0.937589 1.03933 0.89588 1.0384 0.957607
1.02905 0.890947 1.0282 1.00621 1.04328 0.97418
1.02672 0.750378 1.16744 0.997426 1.00804 1.01763
end
gesture a08 hands 2
0.983642 0.466853 1.3644 0.966889 0.96024 1.05156
0.997731 0.989621 0.992138 0.956918 1.00996 1.062
1.00552 0.932652 1.00422 0.966931 0.947328 1.03984
1.00426 0.826893 1.09066 0.969822 0.955434 1.04311
end
gesture a08 hands 2
0.980347 0.483425 1.40746 0.966581 0.961941 1.04852
0.975003 0.9212 1.07101 0.96191 0.981624 1.02672
1.01462 0.91221 1.04034 0.942479 1.00563 1.07231
1.01401 0.785327 1.13429 0.959051 0.957089 1.04487
end
gesture a08 hands 2
1.02027 0.513402 1.39515 0.964833 0.97331 1.03797
1.01634 0.513707 1.36563 0.944337 0.962889 1.03546
1.00584 0.950152 1.01878 0.969494 0.931091 1.06839
1.02015 0.738181 1.1846 0.985755 0.957518 1.02844
end
gesture a08 hands 2
0.995857 0.56528 1.23534 0.949532 0.980594 1.02338
0.999756 0.555767 1.26351 0.984217 0.967364 1.0339
0.912681 0.739275 1.11101 0.964961 0.946189 1.08599
1.00902 0.865384 1.07127 0.940829 0.955507 1.07107
end
gesture a08 hands 2
1.01753 0.489401 1.32566 0.950348 0.954917 1.05519
1.01043 0.527854 1.25112 0.953372 0.977186 1.03777
0.964396 0.975443 1.04236 0.988785 0.966506 1.02684
1.02134 0.862805 1.0661 0.946625 0.959986 1.06561
end
gesture a08 hands 2
0.995606 0.540215 1.30832 0.950846 0.968136 1.02927
0.866313 0.814786 1.07434 0.980466 0.972706 1.02649
0.985467 1.03309 0.992784 0.960204 0.961457 1.06061
1.02891 0.862749 1.08222 0.952958 0.976172 1.0271
end
gesture a08 hands 2
1.05096 0.656826 1.23929 0.950462 0.936494 1.04306
0.937244 0.828773 1.08687 0.965788 0.963744 1.01435
0.95156 0.980514 1.03188 0.92325 0.942034 1.12273
0.9789 0.845032 1.08457 0.944949 0.956101 1.03592
end
gesture a08 hands 2
1.03358 0.694079 1.28314 0.958281 0.94802 1.09895
0.96639 0.841842 1.08428 0.950851 0.958789 1.10113
0.950642 1.07542 0.970705 0.980014 0.982266 0.992208
0.995993 0.813696 1.1076 0.960812 0.956445 0.998521
end
gesture a08 hands 2
1.05004 0.66186 1.22062 0.9455 0.94234 1.03284
0.955557 0.860389 1.07667 0.942008 0.946582 1.10382
0.969564 1.01007 1.00919 0.967292 0.960466 0.994723
0.964825 0.864104 1.08269 0.95665 0.949859 1.05192
end
gesture a08 hands 2
0.951722 0.489727 1.34066 0.963201 0.951795 1.07251
0.966971 0.494227 1.31631 0.959396 0.951054 1.04387
1.011 1.01103 1.02106 0.960927 0.957287 1.04365
1.01171 0.827888 1.095 0.955591 0.950312 1.01524
end
gesture a08 hands 2
0.984212 0.518873 1.36335 0.936867 0.963479 1.00357
0.997966 0.516491 1.33784 0.951551 0.945434 1.02197
1.00444 0.973733 1.03502 0.976333 0.963261 1.06405
1.01925 0.820851 1.12754 0.96519 0.954977 1.04164
end
gesture a08 hands 2
0.98856 0.460908 1.40547 0.956811 0.97187 0.960998
0.951411 0.875148 1.11176 0.980151 0.965095 0.978453
0.907679 0.945521 0.98401 0.958963 1.00598 1.02489
1.05533 0.935767 1.03141 0.969287 0.957398 1.04403
end
gesture a08 hands 2
0.977378 0.598593 1.39415 0.95437 0.945597 1.06785
0.923197 0.73864 1.22304 0.950199 0.980539 1.04131
0.996063 0.960702 1.01597 0.976964 0.93769 1.04937
1.03735 0.847991 1.08179 0.951398 0.983737 1.03407
end
gesture a08 hands 2
0.963869 0.638071 1.31405 0.959951 0.964761 1.03445
0.866615 0.801264 1.11628 0.964315 0.95886 1.07577
0.965111 0.995433 0.95987 0.963786 0.975977 1.05617
1.02907 0.847039 1.07288 0.969787 0.969616 1.01915
end
gesture a08 hands 2
0.983005 0.589635 1.35513 0.964986 0.95497 1.03701
0.897428 0.774727 1.02985 0.957765 0.962063 1.06518
1.00092 0.944493 0.984682 0.964354 0.978549 1.03839
1.03069 0.798426 1.10036 0.962453 0.969242 1.03087
end
gesture a08 hands 2
0.95038 0.417515 1.31321 0.975986 0.881928 1.05993
0.875079 0.68003 1.14159 0.956274 0.883653 1.02779
0.985721 0.999354 1.03514 0.933666 1.00314 1.01372
1.04064 0.88696 1.0248 0.993524 0.880631 1.07234
end
gesture a08 hands 2
0.992178 0.368282 1.37267 0.972144 0.968848 1.06226
0.97484 0.405205 1.3041 0.929685 0.930749 1.01084
1.00206 0.838631 1.09132 0.998182 0.954843 1.01892
1.01408 0.762699 1.0971 0.971042 0.95073 1.03045
end
gesture a08 hands 2
0.979123 0.39191 1.38057 0.95905 0.962291 1.1047
0.860204 0.657786 1.12806 0.966787 0.991197 1.02373
0.915004 0.779126 1.09974 0.962724 0.968572 1.0765
1.02936 0.800443 1.0846 0.959854 0.974504 1.03529
end
gesture a08 hands 2
0.976913 0.502562 1.26715 0.960025 0.955885 1.04369
0.90478 0.829807 1.00009 0.980258 0.933796 1.0447
0.955714 0.97742 1.01537 0.958706 0.974792 1.06182
1.0195 0.859016 1.04832 0.965577 0.969519 1.06303
end
gesture a08 hands 2
0.970737 0.477931 1.34847 0.957922 0.969108 1.08726
0.921767 0.754079 1.09071 0.959897 0.96474 1.06655
0.966963 0.904673 1.08264 0.967193 0.955216 1.01023
1.01883 0.816629 1.07666 0.962237 0.96573 1.06707
end
gesture a08 hands 2
0.969593 0.562275 1.27066 0.974339 0.97649 1.06088
0.915696 0.866422 1.037 0.97253 0.975871 1.03138
0.965286 1.00761 1.02434 0.971853 0.966491 1.02833
1.00218 0.763305 1.12287 0.967691 0.975183 1.02579
end
gesture a08 hands 2
1.05101 0.473915 1.25001 0.929293 0.934521 1.01242
1.02826 0.638025 1.1713 0.938101 0.937716 1.0405
0.986593 0.901094 1.05095 0.949379 0.94953 1.08285
1.0055 0.802136 1.09258 0.931004 0.951017 1.13776
end
gesture a08 hands 2
1.01473 0.55888 1.28425 0.928649 0.950421 1.12949
0.958095 0.705542 1.13133 0.927385 0.959473 1.04127
0.968393 0.931767 1.03004 0.947197 0.952927 1.06839
0.987728 0.833929 1.07578 0.94514 0.952423 1.06743
end
gesture a08 hands 2
1.01711 0.532984 1.25019 0.935026 0.960314 1.11971
0.957165 0.939823 1.04263 0.937144 0.960024 1.10624
0.983833 0.947754 1.01196 0.952371 0.954701 1.03552
0.996527 0.84659 1.06077 0.939263 0.959734 1.09277
end
gesture a09 hands 2
1.02704 0.520863 1.32114 0.992288 0.973092 1.02957
0.919356 0.874099 1.08019 0.971224 0.990491 0.997778
0.960871 1.01711 0.926934 0.950771 0.958103 1.10972
1.01742 0.904823 0.988224 0.980671 0.974527 1.0343
end
gesture a09 hands 2
1.00287 0.580512 1.38536 0.948441 0.968953 1.07259
1.07807 0.768746 1.20044 1.02832 0.97771 1.0134
0.960866 0.9909 0.934108 0.918538 0.963611 1.07062
1.00298 0.880082 0.982343 0.970361 0.960638 1.06236
end
gesture a09 hands 2
1.00094 0.649486 1.33508 0.968451 0.966678 1.10143
0.935842 1.02497 1.03972 1.00578 1.00015 0.983968
0.998042 1.06311 0.890417 0.912054 0.958509 1.10493
1.03624 0.789372 1.10987 1.02628 0.983534 1.03023
end
gesture a09 hands 2
0.973561 0.62099 1.30512 0.971027 0.908425 1.07193
0.938772 0.617522 1.2752 1.00899 1.06038 0.976722
0.898795 0.961523 1.03943 0.885227 1.13281 0.930177
1.04307 0.995375 0.966189 0.91686 1.17342 0.933233
end
gesture a09 hands 2
1.05458 0.571005 1.44159 0.978568 1.14965 1.08891
0.989588 0.877706 1.10123 1.02008 0.95463 1.10352
0.922078 0.860318 1.16649 0.834215 1.0516 0.943918
1.03094 0.838433 1.11315 0.891102 1.01133 0.994048
end
gesture a09 hands 2
0.985424 0.597548 1.37089 1.05213 0.943321 1.05793
0.986086 0.870079 1.05725 0.921735 0.990867 0.944423
0.926415 0.902536 1.13345 0.824975 1.02414 0.999133
1.03446 0.801403 1.12857 0.971351 0.953733 1.06803
end
gesture a09 hands 2
1.09716 0.569156 1.36765 0.987904 0.976356 0.999117
1.08849 0.574965 1.33953 0.936059 0.945643 1.04005
0.958667 1.10649 0.812247 0.948552 1.01176 1.05874
1.02935 0.953504 0.913501 0.991306 0.942855 1.04912
end
gesture a09 hands 2
1.12158 0.567144 1.42255 0.99778 0.93376 1.04542
0.970822 0.995633 0.972897 0.950163 0.956194 1.02222
1.1055 0.577211 1.33998 0.962307 1.00569 1.0632
1.03207 0.8974 0.994177 0.984166 0.959007 1.03167
end
gesture a09 hands 2
1.11423 0.56025 1.4354 0.98212 0.956594 1.06661
1.05299 0.777483 1.13258 0.938097 0.928927 1.01926
0.97594 1.00906 0.953276 0.97208 0.948143 1.01834
1.02949 0.887034 1.00028 0.987231 0.966287 1.03714
end
gesture a09 hands 2
1.01488 0.697744 1.23064 0.966097 0.979125 1.01944
0.978763 0.995387 1.00382 0.960285 0.970049 1.05361
0.920002 0.97405 0.896429 0.960866 0.96312 1.0291
1.0061 0.767875 1.14024 0.958212 0.973037 1.05716
end
gesture a09 hands 2
1.0248 0.544283 1.36261 0.965719 0.963892 1.05061
1.08021 0.627846 1.18895 0.980501 0.96843 1.01826
1.0059 0.949711 1.07188 0.962623 0.971216 1.04474
0.96934 0.807378 1.01636 0.956664 0.972145 1.05356
end
gesture a09 hands 2
1.01223 0.639665 1.29625 0.972876 0.968462 1.02782
0.935186 0.989511 1.03972 0.970876 0.971556 1.0182
0.94758 0.934531 0.894966 0.95012 0.97744 1.01079
0.995701 0.758912 1.10861 0.968877 0.97465 1.00858
end
gesture a09 hands 2
1.05931 0.667465 1.20646 0.965188 0.945787 1.00626
0.946028 0.883327 1.01147 0.972232 0.987261 1.0089
0.915924 1.04772 0.97875 0.947849 0.950535 1.10576
0.952146 0.932685 1.04548 0.957391 0.957801 1.02945
end
gesture a09 hands 2
1.09269 0.572782 1.26481 0.967911 0.933645 1.02517
0.944536 0.787919 1.09092 0.941714 0.961481 1.02344
0.925043 0.948831 1.04781 0.951308 0.938729 1.07268
0.939211 0.894554 1.05994 0.937034 0.936361 1.06036
end
gesture a09 hands 2
1.11776 0.634066 1.27353 0.952295 0.941345 1.02766
1.03106 0.845251 1.10765 0.980061 0.943469 1.01706
0.92951 1.00675 1.00191 0.954255 0.9681 1.05963
0.939279 0.919547 1.04551 0.952417 0.958996 1.0493
end
gesture a09 hands 2
1.00469 0.567849 1.35427 0.973583 0.961533 1.05572
0.991813 0.797847 1.18519 0.960634 0.969931 1.02917
0.91432 1.01905 0.942627 0.967917 0.973066 1.02893
1.00135 0.914857 0.98912 0.959771 0.970491 1.0274
end
gesture a09 hands 2
1.04862 0.649115 1.34435 0.966832 0.969435 1.03163
1.02791 0.977732 1.00525 0.982233 0.963336 1.02462
0.904851 1.09196 0.829218 0.967464 0.99023 1.0452
1.00068 0.886217 1.05129 0.989622 0.967996 0.999547
end
gesture a09 hands 2
1.01286 0.505548 1.38269 0.975849 0.958915 0.974089
0.905368 1.01733 1.01024 0.985063 0.959735 1.05987
0.979283 1.0799 0.976367 0.966025 0.977189 1.02186
0.992337 0.838322 1.06945 0.965118 0.967752 0.979888
end
gesture a09 hands 2
1.06105 0.670058 1.3193 0.967187 0.945778 1.0395
0.999928 0.850198 1.11399 0.984502 0.929215 1.04701
0.916389 0.97245 0.969756 0.964737 0.975551 1.047
0.958459 0.863597 1.05337 0.963169 0.946015 1.04377
end
gesture a09 hands 2
1.06597 0.675433 1.36796 0.967253 0.954906 1.04159
1.02002 0.867467 1.12694 0.968242 0.955509 1.04095
0.93628 0.967284 1.02494 0.956191 0.982633 1.04401
0.981464 0.88808 1.08802 0.96923 0.956113 1.04031
end
gesture a09 hands 2
1.08283 0.708258 1.33321 0.962035 0.967929 1.02798
0.964703 0.875648 1.05624 0.954526 0.998232 1.05048
0.911929 1.00692 0.940685 0.961123 0.956878 1.05863
0.969729 0.904226 1.06327 0.960647 0.966186 1.02829
end
gesture a09 hands 2
1.01623 0.3881 1.42583 0.977628 0.981787 1.03621
1.01312 0.403839 1.40052 0.938517 0.948429 1.0913
0.959797 0.955951 1.03143 0.923177 0.949064 1.03544
1.01821 0.899087 1.02103 0.997396 0.959108 1.05683
end
gesture a09 hands 2
1.00836 0.365206 1.47335 0.981666 0.977655 1.02383
1.01637 0.368695 1.44472 0.965854 0.972068 1.05668
0.973498 0.940055 1.05365 0.951252 0.944425 1.02219
0.986574 0.823785 1.09193 0.994423 0.969527 1.03977
end
gesture a09 hands 2
0.991822 0.418943 1.45075 1.01812 0.986722 1.03297
0.973967 0.573502 1.23283 0.931839 0.964275 1.01992
0.973291 1.04147 0.97563 0.99008 0.958929 1.01912
1.01164 0.931438 0.999827 0.965865 0.963131 1.0625
end
gesture a09 hands 2
1.04263 0.476469 1.33529 0.972513 0.976679 1.02479
0.9984 0.784005 1.13814 0.969523 0.959979 1.0336
1.09109 0.754048 1.08671 0.983048 0.921716 1.00032
0.988334 0.879944 1.03097 0.964727 0.981722 1.06014
end
gesture a09 hands 2
1.05613 0.514823 1.39914 0.973355 0.972546 1.04644
0.978691 0.754908 1.16252 0.980166 0.959179 1.02083
1.08038 0.76579 1.1113 0.953766 0.982998 1.04349
0.982281 0.852368 1.04747 0.958574 0.965386 1.06469
end
gesture a09 hands 2
1.03747 0.507642 1.36488 0.971167 0.967592 1.06882
0.9674 0.767785 1.13537 0.963499 0.966412 1.02695
0.99665 0.813787 1.12552 0.965818 0.973634 1.04181
0.971147 0.912936 0.989314 0.962567 0.980207 1.05079
end
gesture a09 hands 2
1.04845 0.587218 1.30883 0.956224 0.959232 1.0382
1.066 0.669558 1.12951 0.956063 0.947098 1.06526
0.954952 0.969137 1.02449 0.945841 1.00129 1.05201
0.951485 0.885367 1.04954 0.943237 0.950813 1.07305
end
gesture a09 hands 2
1.06593 0.619477 1.33565 0.926427 0.958196 1.06628
1.00692 0.709406 1.13569 0.953406 0.951188 1.05881
0.964844 0.949342 1.04766 0.953542 0.970977 1.06002
0.971254 0.899778 1.04039 0.956041 0.948589 1.06396
end
gesture a09 hands 2
1.0486 0.635072 1.30184 0.938553 0.948328 1.07203
1.03062 0.718211 1.10552 0.956117 1.0015 1.03986
0.973523 0.951477 1.01926 0.951636 0.958386 1.06746
0.96917 0.886813 1.02873 0.94982 0.954108 1.03803
end
gesture a11 hands 2
0.814918 0.469136 1.07673 1.05458 0.48863 1.03506
1.00196 0.561706 1.03991 1.06158 0.491299 1.00609
0.965895 0.984537 1.02206 0.888345 0.997177 1.03315
0.998266 0.735782 1.05093 0.969777 0.744702 1.05551
end
gesture a11 hands 2
0.905139 0.43813 1.03109 1.088 0.454115 1.08318
0.956883 0.923226 1.03178 0.981036 0.930627 1.04993
1.03586 0.948776 1.05114 0.896927 0.941442 1.03575
0.971481 0.621699 1.04636 0.980621 0.651452 1.04798
end
gesture a11 hands 2
0.814897 0.430483 1.06972 1.11837 0.445624 1.08671
0.90738 0.832904 1.04309 0.938342 0.543354 1.06547
0.999575 0.942788 1.05789 0.975334 0.962209 1.01401
0.969311 0.631542 1.03447 0.99954 0.672981 1.07622
end
gesture a11 hands 2
0.797112 0.510179 1.12785 1.1693 0.498319 1.07989
0.954224 0.610789 1.13618 1.02594 0.764245 1.08118
0.940214 0.893385 1.07921 0.943008 0.853863 1.06143
0.938236 0.674883 1.05735 0.999674 0.635728 1.06547
end
gesture a11 hands 2
0.86586 0.516347 1.07677 1.07605 0.532349 1.06426
0.900711 0.770848 1.0822 0.986731 0.851607 1.05275
1.00623 0.792179 1.07756 0.920161 0.812442 1.06934
0.892612 0.598068 1.09365 1.04684 0.629747 1.09348
end
gesture a11 hands 2
0.704551 0.537256 1.0851 1.18589 0.522816 1.07222
0.912185 0.57586 1.14682 1.02764 0.58459 1.11248
0.948011 0.837906 1.08711 1.01844 0.830715 1.06849
0.912757 0.592519 1.03205 1.04837 0.59974 1.01933
end
gesture a11 hands 2
0.829772 0.480323 1.19755 1.10698 0.45423 1.1065
0.856609 0.471875 1.18743 1.0178 0.772955 1.06418
0.965148 0.845258 1.06268 0.91533 0.851055 1.06705
0.910222 0.593078 1.14977 1.04276 0.573775 1.09544
end
gesture a11 hands 2
0.86035 0.47999 1.20333 1.09201 0.461473 1.13206
0.966465 0.785451 1.08826 0.986229 0.536729 1.10988
1.06282 0.846073 1.04551 0.974837 0.9055 1.05168
0.975145 0.68236 1.11057 0.993928 0.683615 1.08019
end
gesture a11 hands 2
0.819931 0.397847 1.23295 1.10309 0.404197 1.14672
0.972893 0.467552 1.16925 1.00123 0.483663 1.12498
0.971622 0.825007 1.08248 0.983188 0.845336 1.06541
0.943544 0.613945 1.13512 1.0187 0.613451 1.09559
end
gesture a11 hands 2
0.820106 0.444156 1.14724 1.08463 0.443445 1.14187
0.913147 0.727152 1.09808 1.00169 0.749691 1.07819
1.02276 0.796505 1.08654 0.896166 0.794266 1.08858
0.923386 0.596181 1.10089 1.01324 0.601239 1.09789
end
gesture a11 hands 2
0.832584 0.460073 1.10408 1.08996 0.474462 1.07989
0.968403 0.657436 1.08001 0.990366 0.761995 1.05684
0.968215 0.820828 1.05312 0.89312 0.823425 1.07191
0.981014 0.678815 1.09124 0.972713 0.67445 1.09731
end
gesture a11 hands 2
0.819795 0.482886 1.15181 1.10935 0.49528 1.12148
0.959136 0.859861 1.06516 1.00159 0.780013 1.07715
0.941649 0.740763 1.08695 0.900764 0.832571 1.07843
0.924161 0.621665 1.10874 1.03997 0.589611 1.10015
end
gesture a11 hands 2
1.01381 0.526787 1.15292 0.908875 0.520962 1.16468
0.974996 0.656023 1.11625 0.934329 0.556249 1.11757
0.981153 0.628636 1.08761 0.93537 0.76747 1.08544
0.957109 0.783272 1.06493 0.93602 0.794559 1.07276
end
gesture a11 hands 2
1.01714 0.375533 1.25811 0.935882 0.374996 1.24218
0.995639 0.42289 1.1962 0.922795 0.420648 1.17405
0.973979 0.628773 1.16268 0.916763 0.626696 1.14332
0.964181 0.586698 1.12834 0.931957 0.574563 1.12527
end
gesture a11 hands 2
0.959988 0.571969 1.14156 0.959272 0.562904 1.13325
0.944424 0.793627 1.07913 0.944509 0.785995 1.07228
0.946297 0.707084 1.10665 0.951623 0.738134 1.06151
0.94817 0.62054 1.13417 0.943838 0.613621 1.12769
end
gesture a11 hands 2
0.827241 0.31332 1.16567 1.13207 0.339161 1.06175
0.905317 0.761999 1.04095 1.1 0.342121 1.10878
1.02058 0.927558 1.05475 1.02343 0.711283 1.02428
1.06682 0.844054 1.07155 0.890777 0.898353 1.08162
end
gesture a11 hands 2
0.896031 0.288648 1.22174 1.01544 0.342966 1.04607
0.957082 0.780874 1.04874 1.05245 0.439441 1.02886
1.00628 1.057 1.02002 1.04386 1.00519 1.00694
1.03585 0.753796 1.10171 0.916409 0.796311 1.0723
end
gesture a11 hands 2
0.863612 0.208893 1.22604 1.10865 0.19804 1.18962
0.887931 0.210105 1.20885 0.956947 1.11438 1.06159
0.891871 0.823491 1.03693 0.866594 1.09847 1.08885
1.06391 0.875257 1.09288 0.893636 0.871218 1.08892
end
gesture a11 hands 2
0.788248 0.58794 1.06379 1.14851 0.599009 1.06238
1.08261 1.00508 1.05118 0.82532 0.903093 1.05197
0.925014 0.591467 1.07405 0.807893 1.08221 1.02764
1.14094 0.974013 1.05288 0.815018 0.96511 1.0596
end
gesture a11 hands 2
0.779618 0.409803 1.11765 1.14125 0.422527 1.10385
0.926965 0.506429 1.09642 0.988559 0.507962 1.08418
0.93943 0.822932 1.05629 1.00832 0.780896 1.04394
0.9724 0.653671 1.08318 0.972739 0.653535 1.09888
end
gesture a11 hands 2
0.801715 0.481015 1.10506 1.1444 0.491665 1.07989
1.03527 0.957576 1.02536 1.02871 0.514031 1.05222
1.07665 0.923019 1.03033 0.958769 0.926068 1.02347
0.936302 0.656427 1.0768 1.01506 0.648337 1.0712
end
gesture a11 hands 2
0.818086 0.203403 1.243 1.15541 0.201177 1.12295
1.05098 0.663962 1.14948 0.93022 0.471827 1.07986
0.978916 0.88233 1.07753 0.880527 1.10526 1.04465
0.916839 1.03592 0.943303 1.06987 1.08912 0.933855
end
gesture a11 hands 2
0.820383 0.223902 1.29186 1.12202 0.121082 1.17584
0.884307 0.236312 1.23371 0.87587 0.781117 1.09274
1.08521 0.77192 1.09855 1.0012 0.919322 1.02438
0.908356 1.10254 0.950182 1.05164 1.08511 0.958823
end
gesture a11 hands 2
0.811968 0.22317 1.34468 1.1576 0.194627 1.2096
0.856947 0.227259 1.22017 0.886135 0.85651 1.07928
1.12817 0.778193 1.11022 0.844181 1.07886 1.06988
0.911392 1.03112 0.961194 1.08144 1.05104 0.942748
end
gesture a11 hands 2
0.77838 0.409108 1.14855 1.14563 0.390571 1.10947
0.918322 0.430301 1.17378 0.935632 0.496926 1.15425
0.969955 0.920009 1.07306 0.971328 0.92507 1.06666
1.02152 0.873829 1.04787 0.915669 0.858764 1.06487
end
gesture a11 hands 2
0.866125 0.363252 1.25785 1.11915 0.35504 1.22818
0.857008 0.358825 1.22995 0.956821 0.479377 1.18934
0.964863 1.07944 0.992108 0.933657 0.988591 1.0734
0.977231 0.976221 0.966563 0.961127 0.969633 0.977957
end
gesture a11 hands 2
0.859551 0.321899 1.26247 1.12179 0.318214 1.24077
0.95159 0.721627 1.10569 0.99186 0.480801 1.17246
0.977163 1.07574 0.991051 0.990694 1.08742 1.00297
1.01123 0.951495 0.996101 0.926519 0.955721 1.00631
end
gesture a11 hands 2
0.784905 0.447861 1.14308 1.15682 0.457196 1.17053
0.919245 0.621909 1.10927 1.07445 0.465474 1.16923
0.971004 0.790447 1.07733 1.03682 0.735321 1.10928
0.947212 0.672409 1.08538 0.978645 0.673623 1.11666
end
gesture a11 hands 2
0.806818 0.378351 1.18383 1.09841 0.411159 1.22719
0.921405 0.422894 1.15253 1.02559 0.470966 1.1526
0.932936 0.691077 1.11342 1.02221 0.685913 1.1085
0.973313 0.63977 1.09915 0.960641 0.651537 1.12413
end
gesture a11 hands 2
0.819034 0.434584 1.18102 1.11379 0.443225 1.19573
0.938017 0.596395 1.13085 1.07395 0.459285 1.16868
0.973513 0.744907 1.10079 1.01483 0.715503 1.11288
0.986812 0.70229 1.10633 0.954903 0.693705 1.12378
end
gesture a12 hands 2
0.804165 0.705708 0.98015 0.916341 0.949136 1.11644
1.11237 1.14005 1.04844 0.986621 1.01624 1.0097
1.12306 1.09718 1.03876 1.13743 0.99974 0.915919
0.862851 0.794737 1.0087 0.919736 0.948561 1.08931
end
gesture a12 hands 2
0.755938 0.708294 0.988951 0.820067 0.897534 1.0926
0.771228 0.719943 1.0572 0.793415 0.895309 1.07969
0.989368 0.999852 1.08041 1.16872 1.07573 0.980004
0.834714 0.78158 0.986236 0.831214 0.918386 1.06622
end
gesture a12 hands 2
0.615773 0.561672 0.991681 0.778623 0.900667 1.11397
0.695867 0.578538 0.984525 0.780268 0.891829 1.1423
0.97864 0.957517 1.04545 1.06705 1.03911 1.0184
0.994086 0.899046 1.0343 0.920827 0.939384 1.05948
end
gesture a12 hands 2
0.963747 0.889919 1.01752 0.77192 0.473665 1.12503
0.982749 0.871702 1.07073 0.831318 0.753568 1.04476
1.03297 1.00544 1.07123 0.833498 0.591281 1.03915
0.891694 1.00245 1.08327 0.831079 1.09569 1.05749
end
gesture a12 hands 2
0.919648 0.982417 1.06458 0.79929 1.02081 0.983754
0.936791 0.990283 0.950355 0.991237 1.07771 1.05401
1.03391 0.964009 1.03894 1.04935 0.940601 1.10414
0.99336 0.93287 1.11791 1.01606 0.81123 1.0516
end
gesture a12 hands 2
0.910106 0.733295 1.03967 1.19682 1.05225 1.08664
0.755332 0.805178 0.973281 0.916805 0.888298 1.04886
1.04648 1.02846 1.06162 1.11547 1.28931 1.03029
0.819427 0.754039 1.05056 0.901663 0.86451 1.05032
end
gesture a12 hands 2
0.790957 0.516702 0.919581 0.664309 0.692583 1.23902
0.906133 0.56935 0.875869 0.668745 0.700042 1.2106
0.963348 0.647651 0.893745 0.87938 0.858401 1.0908
0.949901 0.791368 0.994506 0.793363 0.798337 1.11561
end
gesture a12 hands 2
0.747452 1.47728 1.19728 0.613392 0.68487 1.19058
0.719863 1.21717 1.07232 0.727656 0.69315 1.10228
0.927383 1.19709 1.06657 0.954554 0.923603 1.02068
1.02632 1.00719 1.04638 0.870315 0.852494 1.03988
end
gesture a12 hands 2
0.811589 0.478369 0.852591 0.64599 0.61737 1.18502
0.858591 0.544595 0.930526 0.628148 0.607628 1.14996
0.972744 0.711393 0.929885 0.940345 0.921357 1.04589
0.943017 1.04191 1.10821 0.789653 0.798723 1.07014
end
gesture a12 hands 2
0.882864 0.473251 0.774477 0.84631 0.976709 1.19805
0.880866 0.67883 0.934464 0.951899 0.982741 0.996133
0.910282 0.937164 1.13469 0.929184 0.926409 1.10611
1.0339 0.905799 1.02561 0.909306 0.97902 1.01437
end
gesture a12 hands 2
0.916222 0.649046 0.996083 0.790017 0.939765 1.18384
0.81972 0.736952 1.14104 0.824958 0.953717 1.10901
0.773474 0.607964 1.18077 1.043 0.947835 1.04318
0.889668 0.864857 1.12889 0.91285 0.95266 1.02903
end
gesture a12 hands 2
0.878563 0.621114 0.976474 0.789569 0.96088 1.15076
0.823242 0.741182 1.14161 1.07304 0.966348 1.03366
0.905818 0.943978 1.11067 1.06858 0.964284 0.997463
0.892623 0.808989 1.07086 0.835155 0.954212 1.11932
end
gesture a12 hands 2
0.791195 0.578614 1.13121 0.902768 0.895619 1.08715
0.791573 0.653791 1.09593 0.902801 0.913414 1.11083
0.863165 0.787376 1.0887 0.922432 0.942344 1.06528
0.863105 0.761308 1.10143 0.921563 0.941621 1.06487
end
gesture a12 hands 2
0.8052 0.611609 1.17772 0.923189 0.909389 1.09232
0.795602 0.694132 1.08096 0.917944 0.935026 1.07413
0.898719 0.861474 1.04105 0.914222 0.921696 1.11508
0.873019 0.760395 1.08683 0.927026 0.920017 1.06862
end
gesture a12 hands 2
0.829411 0.630688 1.18922 0.921824 0.888623 1.10493
0.835901 0.698868 1.13194 0.903512 0.914275 1.0758
0.864643 0.790617 1.08 0.867345 0.924287 1.10184
0.85769 0.705404 1.13923 0.923237 0.926964 1.07303
end
gesture a12 hands 2
0.785846 0.561352 0.981684 0.605162 0.698448 1.04767
1.01132 1.03523 0.970397 0.838465 0.84573 0.991889
1.0383 1.10821 1.06295 1.18951 1.23899 0.985939
0.925864 0.832863 1.05673 1.10028 1.06195 0.973463
end
gesture a12 hands 2
0.806122 0.649551 0.974863 0.655326 0.689595 1.08799
0.967742 0.980352 0.986556 1.00309 1.03945 1.02447
0.995009 1.02319 1.16463 0.745287 0.722539 1.01346
0.910745 0.815296 1.05974 1.06283 1.03123 1.01235
end
gesture a12 hands 2
0.783757 0.710086 1.00777 0.765977 0.744774 1.17944
0.950452 1.01541 1.1139 1.05735 1.03297 1.01127
1.10294 1.05887 1.09609 1.00431 1.0969 0.922692
0.853312 0.796635 1.03768 0.838312 0.86445 1.02038
end
gesture a12 hands 2
0.827333 0.69253 1.07004 0.957109 0.939586 1.07105
0.844998 0.798714 1.01198 0.963313 0.956094 1.03608
1.04081 1.16454 1.00085 0.969445 0.999293 1.02347
0.991312 1.06857 1.0001 0.96643 0.976029 1.05409
end
gesture a12 hands 2
0.851851 0.666161 1.0993 0.966692 0.952468 1.04284
0.855347 0.620916 1.1113 0.958379 0.935984 1.03718
1.05146 1.10577 0.983034 0.980048 0.983986 1.02614
0.934368 0.924406 0.985347 0.962898 0.952114 1.06424
end
gesture a12 hands 2
0.847383 0.706877 1.1185 0.957583 0.949896 1.06499
0.860563 0.756762 1.04773 0.987163 0.986965 0.993267
1.06744 1.12181 0.997014 0.980976 0.994003 0.994137
0.857215 0.749667 1.03992 0.935447 0.981346 1.03905
end
gesture a12 hands 2
0.767743 0.692898 0.939571 0.632387 0.578979 1.03401
1.06137 1.05485 1.0248 1.14874 1.18377 1.00824
1.02545 0.97985 1.17155 1.00413 1.01857 1.02642
0.885994 0.862431 1.04811 0.859522 0.853376 1.0446
end
gesture a12 hands 2
0.7277 0.780525 0.969207 0.555443 0.613407 1.16404
0.739068 0.706535 1.0984 1.05033 1.02876 1.04528
0.95323 0.897791 1.1622 1.04432 1.02613 1.01765
0.880809 0.877731 1.01844 0.808433 0.85731 0.971444
end
gesture a12 hands 2
0.588199 0.695239 0.961802 0.508693 0.59692 1.14824
1.12147 1.10665 1.07492 0.954964 1.00973 0.991298
1.21184 1.1203 1.07852 1.22375 1.11817 1.04611
0.963171 0.90224 0.999621 0.83697 0.878462 1.02213
end
gesture a12 hands 2
0.825207 0.593549 1.04859 0.918055 0.928449 1.13265
0.842403 0.610264 1.03114 0.952812 0.957524 1.06704
0.971808 0.962454 1.04088 0.975385 0.957556 1.02744
0.917993 0.872731 1.0525 0.937602 0.957505 1.06904
end
gesture a12 hands 2
0.778847 0.594236 1.16493 0.918079 0.945916 1.06714
0.780957 0.594592 1.13517 0.935409 0.962641 1.04537
0.964676 0.961339 1.04583 0.976455 0.942552 1.0705
0.929767 0.838862 1.06469 0.942582 0.964639 1.03798
end
gesture a12 hands 2
0.751224 0.533066 1.18225 0.926584 0.953926 1.06243
0.747423 0.536588 1.15291 0.918084 0.943949 1.08924
0.797486 0.787153 1.09531 0.935295 0.952367 1.0382
0.960236 0.842249 1.06776 0.957971 0.933576 1.09719
end
gesture a12 hands 2
0.685859 0.537352 0.975358 0.549705 0.587687 1.21169
0.663845 0.546259 0.993114 0.62444 0.640914 1.10082
0.955596 0.981919 1.04472 0.92598 0.943502 1.05792
0.94534 0.872617 1.04362 0.945226 0.905533 1.0366
end
gesture a12 hands 2
0.686114 0.588339 1.01052 0.514181 0.542643 1.28156
0.83278 0.707239 1.10906 0.543362 0.562216 1.20505
0.96107 0.997829 1.09303 0.881056 0.88968 1.11159
0.982149 0.949388 1.03617 0.839596 0.866279 1.0356
end
gesture a12 hands 2
0.702185 0.593128 0.975028 0.559802 0.546185 1.23571
0.822121 0.776687 1.05559 0.774056 0.771262 1.08542
1.0145 1.08829 1.09548 0.965868 0.957431 1.06401
1.01438 0.983813 1.02519 0.848982 0.859592 1.01222
end
