gesture a01 hands 2
0.950802 0.685312 1.23219 0.955492 0.969903 0.991635
1.03683 0.782672 1.082 0.964246 1.02894 1.08527
0.996097 1.05708 0.961814 0.966682 0.999967 1.15721
1.01198 1.14377 0.898161 0.957565 0.966816 1.11588
1.03539 1.07149 0.906002 0.989516 0.999217 1.06937
end
gesture a01 hands 2
1.00886 0.589015 1.2994 1.00392 0.98185 1.04953
0.99634 0.598626 1.28742 0.97147 0.959341 1.00021
0.955512 1.0233 1.00539 0.930417 0.955883 1.04015
0.985905 1.02664 0.958655 0.949043 0.950646 1.05282
1.00646 0.929145 0.999891 0.965547 0.980042 1.01575
end
gesture a01 hands 2
0.959907 0.613749 1.28492 0.969602 0.960755 1.04585
1.03986 0.610156 1.32061 0.913453 0.9615 1.00559
1.01048 0.719959 1.17184 0.915985 0.987881 1.12005
0.953781 1.03916 0.997151 0.945874 0.994713 1.02276
0.992305 0.983538 0.990538 0.956577 0.97782 1.0451
end
gesture a01 hands 2
0.944246 0.487312 1.29489 1.05683 0.960255 1.02066
1.11316 0.574238 1.1195 0.918567 0.88889 1.05695
1.03783 0.543705 1.20145 1.09958 0.985133 0.99105
1.07275 1.13548 0.94556 0.87412 0.930049 1.01665
0.938162 0.957561 1.01985 0.861206 1.11499 1.06975
end
gesture a01 hands 2
1.0121 0.899317 0.997434 0.47859 0.691629 1.325
0.936396 0.981795 1.03114 0.471096 0.720022 1.33028
0.928109 0.883925 0.925451 0.781007 0.934693 1.11496
0.922355 0.97931 1.10127 0.85182 0.953708 1.06083
0.987822 0.950168 1.14287 0.94038 0.898028 1.18684
end
gesture a01 hands 2
0.52751 0.492211 1.4873 1.17688 0.914575 1.08965
0.778007 0.654293 1.38257 1.15802 0.897614 1.07234
0.78162 0.561309 1.46468 0.92133 1.19221 1.0027
0.853739 0.885251 1.19955 0.934008 1.14217 1.00397
1.00942 0.736275 1.12458 0.910877 0.998803 1.01313
end
gesture a01 hands 2
0.903127 0.424606 1.23077 0.993514 0.974565 1.04696
0.933847 0.699458 1.08555 0.969075 0.981877 1.01495
0.997628 0.529242 1.11128 0.946883 0.932248 1.0539
1.0276 0.947046 1.00296 0.929061 0.987481 1.04187
1.0282 0.792011 1.0766 0.991748 0.996745 1.02356
end
gesture a01 hands 2
0.862995 0.280853 1.40443 0.973814 0.974068 1.02903
0.885325 0.280914 1.38621 0.948818 0.959719 1.02078
0.937019 0.494221 1.26059 0.948379 0.940112 1.07651
1.0056 0.738966 1.13126 0.955102 0.971812 1.02256
1.0102 0.6869 1.14854 0.982165 0.961902 1.02954
end
gesture a01 hands 2
0.888355 0.445855 1.31068 0.96196 0.975034 1.0222
0.986091 0.491344 1.22384 0.971047 0.968834 1.04989
0.952837 0.821624 1.09928 0.949575 0.953969 1.05668
1.06212 0.788162 1.08604 0.960738 0.968517 1.05188
1.01296 0.679444 1.15481 0.973835 0.975995 1.02629
end
gesture a01 hands 2
1.05695 0.47602 1.12655 1.00491 0.960556 1.06296
1.01584 0.65455 1.10074 0.976651 0.986494 1.00318
1.02711 0.522711 1.11354 0.95246 0.977614 1.05417
0.930035 0.969383 1.0115 0.949117 0.982733 1.04467
0.951202 0.838457 1.04158 0.971433 0.970939 1.02872
end
gesture a01 hands 2
1.08834 0.470948 1.21436 0.953489 0.964146 1.03391
0.991449 0.859834 1.06745 0.946924 0.977344 1.01196
1.03813 0.533251 1.13973 0.942049 0.908797 1.07592
0.969178 0.983612 1.03288 0.976109 0.969961 1.02777
0.95061 0.88254 1.02164 0.943617 0.960474 1.05757
end
gesture a01 hands 2
1.10406 0.44339 1.25204 0.955361 0.965825 1.05113
0.997513 0.711754 1.08265 0.949653 0.941809 1.04734
0.95941 0.991548 1.01205 0.960332 0.953044 1.0051
0.941323 0.981373 1.0027 0.948532 0.971554 1.08944
0.967289 0.825315 1.04426 0.964332 0.968067 1.02509
end
gesture a01 hands 2
1.07608 0.34469 1.18357 0.97987 0.969516 1.01864
1.03395 0.75535 1.04554 0.987969 0.981237 0.992469
1.00621 1.15427 0.989373 0.985947 0.965384 1.03353
0.913768 1.12682 1.01948 0.976148 1.00586 1.03046
0.951442 0.819032 1.08156 0.973145 0.959606 1.0303
end
gesture a01 hands 2
1.0143 0.349271 1.28174 0.926945 0.938414 1.0358
0.966945 0.666764 1.13553 0.957338 0.967633 1.04373
1.00033 0.903287 1.06446 0.955238 0.932282 1.0428
1.04525 0.842256 1.04155 0.97017 0.97994 1.05049
1.0308 0.690985 1.11778 0.983319 0.947214 1.02516
end
gesture a01 hands 2
1.04461 0.232298 1.27255 0.930949 0.939945 1.00245
0.998284 0.525972 1.13302 0.989569 0.979961 1.02505
0.901395 0.93959 1.0676 0.972122 0.969602 1.06282
1.01439 1.0852 1.00655 0.971624 0.985642 1.02795
1.08118 0.924817 1.04129 0.976302 0.960866 1.04728
end
gesture a01 hands 2
0.93784 0.382664 1.25108 0.979488 0.953424 1.03559
0.946404 0.727863 1.09737 0.976964 1.00638 1.01781
0.999935 1.12334 0.983617 0.974281 0.990327 1.02444
1.01265 1.07908 0.951827 0.970921 1.00192 1.01949
1.00353 0.877364 1.01799 0.971597 0.974278 1.03108
end
gesture a01 hands 2
0.937092 0.272448 1.28956 0.970239 0.953677 1.03782
0.929086 0.62526 1.13546 0.969178 0.98249 1.02997
0.999748 1.08537 1.0238 0.994142 0.933781 1.02035
1.01598 1.09185 0.974228 0.962111 1.03249 1.01726
1.01704 0.928319 0.98577 0.973969 0.977301 1.03455
end
gesture a01 hands 2
0.910769 0.301966 1.29561 0.96806 0.950598 1.03712
0.903227 0.601045 1.14211 0.963381 0.979912 1.03858
1.00052 1.03451 1.01367 0.98458 0.925677 1.03115
1.01831 1.00212 0.975689 0.965915 0.981782 1.03359
1.00926 0.849064 1.01469 0.969388 0.952361 1.03805
end
gesture a01 hands 2
0.848409 0.220432 1.24739 0.9773 0.978398 0.995296
1.00671 0.948894 1.01505 1.03996 0.986147 1.03242
0.914215 1.00299 1.00077 0.949487 0.955116 1.04944
1.02802 1.08237 1.00364 0.945111 0.951298 1.03487
1.04337 0.900062 1.0377 0.971489 0.988935 1.03533
end
gesture a01 hands 2
0.857788 0.279805 1.33721 0.985078 0.986635 1.03239
0.967331 0.810771 1.05787 1.01059 0.996509 0.980129
0.900016 0.892669 1.04197 0.952183 0.952178 1.05055
1.00965 0.949894 1.02962 0.950888 0.977061 0.991999
1.00101 0.883862 1.05021 0.997826 1.00439 0.994774
end
gesture a01 hands 2
0.84603 0.231283 1.29542 1.01264 0.999282 1.01336
1.02517 0.996707 1.0173 0.922712 0.947912 1.04268
0.89147 1.08689 0.999068 1.01122 0.991292 1.02419
1.02183 1.13361 0.992829 0.911124 0.961755 1.05037
1.01765 0.961616 1.02883 1.00126 1.02465 0.987887
end
gesture a01 hands 2
0.951151 0.386575 1.22307 0.975317 0.970385 1.05261
1.04324 0.851476 1.04746 0.965628 0.970256 1.05274
1.01128 1.10669 0.992636 0.975912 0.965744 1.02308
0.982454 1.03942 0.973912 0.964244 0.970237 1.05276
0.958219 0.89547 1.04592 0.961836 0.976017 1.05333
end
gesture a01 hands 2
0.894464 0.295036 1.37326 0.962262 0.96076 1.06725
0.998956 0.390495 1.27594 0.966412 0.954054 1.0538
0.956275 0.681623 1.1852 0.939616 0.97225 1.08281
0.947314 0.832377 1.12324 0.970562 0.947349 1.04035
0.964695 0.771365 1.07863 0.954873 0.970133 1.05014
end
gesture a01 hands 2
0.867552 0.443147 1.29083 0.923043 0.956003 1.04931
0.917312 0.474857 1.23212 0.918149 0.950674 1.02685
0.962061 0.901097 1.07122 0.984998 0.979085 1.03802
0.986813 0.868508 1.03888 1.01017 0.965026 1.06804
0.984307 0.817289 1.05779 0.963239 0.976995 1.09504
end
gesture a01 hands 2
0.864907 0.27098 1.14945 0.97251 0.964315 1.06253
0.973671 0.544473 1.08287 0.971143 0.959818 1.03164
0.93529 0.900694 1.0467 0.978363 0.962838 1.02817
1.03906 0.967675 1.02512 0.945397 0.979473 1.04091
1.03625 0.889147 1.03385 0.964041 0.97939 1.04503
end
gesture a01 hands 2
0.836382 0.27346 1.14322 0.914423 0.973045 0.967713
0.976529 0.44408 1.09142 0.946742 0.966747 1.00607
0.932952 0.866556 1.05648 0.941597 0.973971 0.95563
1.00618 0.923534 1.03709 0.98671 0.978179 1.04703
0.997679 0.791574 1.05917 0.929431 0.976709 1.04618
end
gesture a01 hands 2
0.877022 0.179472 1.21956 0.944593 0.960734 1.06605
0.962161 0.231624 1.15663 0.951348 0.954817 1.05365
0.956528 0.604746 1.10807 0.941607 0.95845 1.06429
0.983454 0.758844 1.06963 0.960662 0.950857 1.04276
0.990307 0.705427 1.0736 0.94118 0.958124 1.06403
end
gesture a04 hands 2
0.764798 0.493154 1.21034 0.974639 0.950987 1.09199
0.852804 0.70696 1.09105 0.901678 0.983534 1.00814
0.920902 0.892141 1.05746 0.995533 0.965114 1.04469
0.933119 0.862348 1.05148 0.999726 0.985417 1.01781
0.945336 0.832556 1.0455 0.889232 0.966844 1.05145
end
gesture a04 hands 2
0.787918 0.653871 1.19383 0.906561 0.978743 1.03799
0.782047 0.660985 1.12385 0.877886 0.973551 1.04497
1.01136 1.00584 1.00624 0.935515 0.969309 1.05271
1.03607 0.959121 1.00015 1.09631 0.988672 1.00452
0.920059 0.814658 1.07163 0.931138 0.967447 1.05388
end
gesture a04 hands 2
0.632011 0.392168 1.21684 0.894675 0.936514 1.0984
0.673067 0.443704 1.16583 0.880137 0.931821 1.07261
0.813385 0.729192 1.11885 0.90724 0.959122 1.0371
0.869252 0.702504 1.09347 0.993108 0.942859 1.0762
0.85708 0.678156 1.10486 0.965293 0.949165 1.09618
end
gesture a04 hands 2
0.759519 0.679643 1.03022 0.943773 0.951543 1.03779
1.0205 1.03255 1.02565 0.91587 0.997503 1.02535
0.935079 0.892707 1.03297 1.02968 0.927087 1.03158
1.05585 1.00807 1.01784 0.977737 0.984124 1.03556
0.906607 0.846093 1.03541 0.91161 0.973874 1.04468
end
gesture a04 hands 2
0.622416 0.537286 1.12624 0.864862 0.964311 1.07916
0.650519 0.541051 1.13484 1.05921 0.949356 1.03587
0.811027 0.715357 1.09031 1.05262 0.912192 1.04009
0.905454 0.755458 1.06187 0.905401 0.977424 1.07059
0.746273 0.638179 1.10339 0.88283 0.966753 1.07438
end
gesture a04 hands 2
0.718701 0.671569 1.09309 0.893945 0.979679 1.0741
0.990721 0.955553 1.03437 1.05465 0.958016 1.00919
0.869624 0.821989 1.05144 1.09318 0.919645 1.02494
1.01398 0.946057 1.02694 0.910711 1.00692 1.05384
0.837012 0.774302 1.05465 0.889327 0.9542 1.05675
end
gesture a04 hands 2
0.980133 0.447595 1.35657 1.02733 0.970007 1.02156
0.906229 0.950289 0.976738 0.992724 0.973976 1.02054
1.03054 1.27086 0.90927 1.04446 1.0208 0.938385
0.9489 0.79929 1.12555 1.05599 1.00998 1.10814
0.966942 0.666 1.19183 1.00168 0.915474 1.01903
end
gesture a04 hands 2
0.956738 0.610798 1.34988 1.00698 0.947173 1.06308
0.956611 0.636861 1.22206 0.925411 0.916808 1.05553
0.966736 0.798732 1.13137 0.922609 0.974732 1.05756
0.958026 0.866023 1.05533 0.936198 0.973968 1.03841
0.957588 0.781234 1.12243 0.961477 0.979271 1.0237
end
gesture a04 hands 2
0.931261 0.627281 1.16407 0.987839 0.954424 1.02384
0.918984 0.813452 1.02274 0.930349 1.01087 1.01281
0.975937 1.07777 0.972024 0.969216 0.973599 1.00937
0.97609 1.03007 0.942995 0.971021 0.955275 1.0633
0.938214 0.730333 1.11016 0.97117 0.936845 1.03765
end
gesture a04 hands 2
0.920977 0.629846 1.13943 0.956413 0.90744 1.08966
0.911583 0.6351 1.16786 0.933727 0.905384 1.07061
0.898413 0.662791 1.11853 0.918701 0.922314 1.07956
0.918684 0.812168 1.07904 0.905839 0.964774 1.06208
0.929587 0.867221 1.06619 0.939377 0.984252 1.04362
end
gesture a04 hands 2
0.891845 0.460946 1.21149 0.930203 0.904341 1.03888
0.882153 0.499292 1.18446 0.929286 0.951702 1.02561
0.942389 0.852251 1.08712 0.904428 0.986452 1.05102
0.937434 0.863287 1.04405 0.940272 0.979954 1.09645
0.932194 0.760852 1.09132 0.977962 0.92383 1.08045
end
gesture a04 hands 2
1.08242 0.458859 1.38952 0.98299 0.919876 0.99652
1.07182 0.680719 1.24592 0.969148 0.944508 0.987594
0.970638 0.880574 1.08986 0.94772 0.96046 1.09679
0.999443 0.86084 1.06333 0.950401 0.962322 1.099
1.02835 0.741021 1.1738 0.959339 0.951142 1.02531
end
gesture a04 hands 2
1.05477 0.38623 1.41828 0.957778 0.950995 0.962145
1.11323 0.40505 1.41028 0.986529 0.945556 0.968715
1.07339 0.709488 1.22697 0.974157 0.979842 1.07714
0.901464 1.0169 0.983414 0.961353 0.994089 1.05477
0.996301 0.788398 1.1282 0.978785 0.95106 0.951613
end
gesture a04 hands 2
0.837905 0.336669 1.33542 0.941373 0.946561 1.06519
0.906765 0.849754 1.04812 0.959635 0.979636 1.01888
0.969864 0.995963 1.04928 0.972592 0.975447 1.06716
1.06228 1.08575 0.985813 1.00896 0.979173 1.03578
1.06008 0.945482 1.04946 0.970523 0.955658 1.02407
end
gesture a04 hands 2
0.905738 0.585589 1.27571 0.957088 0.949643 1.04178
0.945368 0.826606 1.12135 0.958676 0.967046 1.04681
0.985641 1.03365 0.966917 0.955008 0.958196 1.06338
0.980191 0.978912 0.986727 0.961651 0.978748 1.03743
0.953211 0.810287 1.12486 0.954315 0.961047 1.07058
end
gesture a04 hands 2
0.904143 0.522564 1.3157 0.954883 0.952114 1.06264
0.908075 0.537253 1.29137 0.958097 0.950657 1.04605
0.964992 1.00544 1.04661 0.959704 0.949928 1.03775
0.971509 0.891277 1.05537 0.962992 0.974634 1.04474
0.957894 0.793009 1.11797 0.961312 0.949199 1.02945
end
gesture a04 hands 2
0.898256 0.584637 1.25464 0.962336 0.949983 1.04603
0.915454 0.698903 1.18524 0.959301 0.976714 1.03309
0.974775 1.01692 1.0069 0.964911 0.975618 1.03755
0.996349 1.01432 0.990738 0.970521 0.974522 1.04201
0.952988 0.750349 1.16117 0.969704 0.946263 1.03203
end
gesture a04 hands 2
0.927971 0.36664 1.29614 0.993621 0.980278 1.03356
0.963623 1.12184 1.10481 0.958233 1.00825 0.991646
0.980385 1.14452 1.05822 0.962962 0.943507 1.01758
0.999917 1.03139 0.959257 1.01741 0.985982 1.04127
0.987634 0.782061 1.00373 0.944025 0.968107 1.00931
end
gesture a04 hands 2
0.92096 0.486471 1.19196 0.940044 0.912986 1.11925
0.934798 0.769149 1.15393 0.940261 0.961369 1.05519
0.948076 0.893763 1.05785 0.947679 0.918893 1.01564
0.949039 0.872901 1.00833 0.938522 0.972173 1.08449
0.949044 0.741235 1.04951 0.962742 0.980701 1.05499
end
gesture a04 hands 2
0.915677 0.526289 1.21457 0.950065 0.999691 1.00112
0.979939 0.991081 0.973349 0.967627 0.946397 1.08302
0.96524 0.862224 1.04839 0.9591 0.936569 1.03224
0.983629 0.987429 0.945739 0.962462 0.975132 1.03541
0.954231 0.729715 1.09581 0.9739 0.995676 1.04764
end
gesture a04 hands 2
0.790453 0.423168 1.08087 0.979807 0.966905 1.06882
0.835223 0.652367 0.908705 0.993065 0.967365 1.04767
0.964282 1.10631 1.02592 0.953813 0.959238 1.05646
1.06961 1.14101 1.05342 1.00632 0.967824 1.02653
1.12626 1.02528 1.0656 0.990036 0.98902 1.03969
end
gesture a04 hands 2
0.788442 0.601236 1.13673 0.968496 0.981888 1.04684
0.806358 0.764263 0.978744 0.949643 0.975835 1.01966
1.10918 1.10653 1.00655 1.00466 0.969374 1.00224
1.11707 1.05267 1.00515 0.992667 0.975414 1.05815
0.987426 0.881257 1.04005 0.947516 0.955439 1.05428
end
gesture a04 hands 2
0.687721 0.553597 1.11878 0.937497 0.943222 1.06071
0.698528 0.607485 1.05744 0.930716 0.971407 1.05332
0.931089 0.961152 1.04073 0.969205 0.966659 1.02486
1.03887 0.909754 1.04441 0.964396 0.978367 1.05017
0.910817 0.760326 1.07188 0.945585 0.958347 1.06122
end
gesture a04 hands 2
0.973523 0.498785 1.21606 0.95626 0.945357 1.05606
0.997957 0.576129 1.10268 0.959338 0.963771 1.05147
0.998495 0.63275 1.08928 0.957536 0.963785 1.06626
0.968539 0.920632 1.01978 0.961564 0.969899 1.04008
0.968607 0.822615 1.05391 0.957961 0.969928 1.06966
end
gesture a04 hands 2
0.935487 0.511972 1.19543 0.926643 0.941333 1.07436
0.970817 0.569864 1.09191 0.938553 0.949848 1.09323
0.969519 0.825492 1.05989 0.948255 0.953868 1.06594
0.968256 0.813007 1.03768 0.937585 0.937837 1.12206
0.958835 0.737543 1.07998 0.939306 0.951734 1.09556
end
gesture a04 hands 2
0.935824 0.445892 1.23007 0.926613 0.953279 1.07948
0.961574 0.465315 1.15842 0.933714 0.94363 1.0948
0.968 0.510749 1.13722 0.942697 0.952744 1.05427
0.955131 0.817136 1.07305 0.940814 0.933981 1.11013
0.949809 0.718456 1.08002 0.932822 0.945173 1.1045
end
gesture a07 hands 2
1.08675 0.624651 1.18604 0.971 0.963085 1.01367
1.08367 0.864209 1.03288 0.929976 0.97349 1.07502
0.929213 1.05888 0.970686 1.00498 0.984146 0.997965
0.948175 0.999105 0.951246 0.930523 0.967307 1.07597
1.01475 0.811327 1.10691 1.03016 0.985638 0.9726
end
gesture a07 hands 2
1.05962 0.679302 1.22139 1.01189 0.974602 1.02088
1.04339 0.852915 1.10033 0.92422 0.94774 1.10812
0.907383 1.02049 0.984889 0.922418 0.956054 1.09548
0.926122 0.975136 0.960008 0.920575 0.974006 1.05113
1.08394 0.69016 1.21199 1.02546 0.976271 1.0269
end
gesture a07 hands 2
1.05649 0.56336 1.29737 1.02768 0.966262 1.02776
1.09609 0.759354 1.1847 0.963874 0.959153 1.02391
0.972851 0.877172 1.10363 0.918547 0.961 1.11999
1.01327 0.863685 0.977833 0.988028 0.974826 0.977852
1.08659 0.743994 1.13813 1.01136 0.973669 1.03496
end
gesture a07 hands 2
0.857077 0.988545 1.26686 1.06601 0.956278 1.04675
0.996231 1.09459 1.12549 0.967227 0.916732 1.05652
0.846445 1.14337 1.09272 1.01208 0.956164 1.02086
0.970747 1.0044 1.01132 0.872727 1.03941 1.01858
0.982189 0.949379 1.01224 0.908426 1.06234 0.988586
end
gesture a07 hands 2
0.972189 0.59828 1.25756 0.978784 0.884676 1.06627
1.04275 0.795291 1.2257 0.923853 0.829575 1.08781
0.918711 0.938805 1.10595 0.916921 0.899203 0.937759
1.03439 0.977627 0.947304 0.801583 0.914202 0.922407
1.01421 0.790466 1.08824 0.92731 1.13989 0.973647
end
gesture a07 hands 2
0.827406 0.642904 1.2309 1.07632 1.48463 1.11291
1.00018 0.808671 1.17886 1.12305 1.41259 1.07136
0.867925 0.94427 1.08598 0.895522 0.945443 1.00941
1.05758 0.970585 0.943268 0.993633 0.91899 0.949854
1.01099 0.718829 1.12124 0.896281 0.835246 1.05692
end
gesture a07 hands 2
1.09706 0.546791 1.37715 0.974645 0.977188 1.06811
1.04144 0.909888 1.02535 0.962813 1.01799 1.03413
0.916709 1.00164 1.06372 0.928621 0.911286 1.07072
0.999886 1.05494 0.860057 0.970605 0.996392 1.02164
1.04546 0.885384 0.975768 0.986689 0.96237 1.03182
end
gesture a07 hands 2
1.10176 0.508289 1.37701 0.972597 0.97617 1.01654
1.10121 0.672065 1.21812 0.952266 1.01213 1.02608
0.912803 0.962087 1.09173 0.968933 0.980777 1.07075
1.04255 1.02521 0.880289 0.952013 0.950204 1.03214
1.08843 0.88809 0.977109 0.979559 0.957349 1.03603
end
gesture a07 hands 2
1.1249 0.525313 1.39012 1.00094 0.964543 1.0321
0.948739 0.881805 1.13058 0.997754 0.962084 1.04268
1.10482 0.720775 1.19286 0.94212 0.938168 1.07689
0.987327 1.07884 0.883084 0.971101 0.981928 1.00952
1.0809 0.904686 0.985743 0.993349 0.96593 1.01627
end
gesture a07 hands 2
1.07299 0.531085 1.37831 0.952529 0.969055 1.04669
0.989076 0.734166 1.22593 0.986215 0.972061 1.03092
1.08073 0.992402 1.01948 0.962872 0.966438 1.05039
0.904871 1.01779 0.901644 0.984516 0.984354 1.01353
0.988327 0.83814 1.01235 0.961354 0.96321 1.05098
end
gesture a07 hands 2
1.07175 0.687719 1.31236 0.950983 0.945576 1.0452
1.05362 0.85154 1.13062 0.936477 0.935707 1.01638
0.943994 0.955559 1.08061 0.930421 0.942948 1.07164
0.981954 0.908652 0.979 0.933315 0.954247 1.12732
0.995707 0.871488 1.02061 0.94387 0.962147 1.04001
end
gesture a07 hands 2
1.07677 0.700892 1.33432 0.968602 0.955184 1.05602
1.05389 0.855553 1.15142 0.93159 0.960124 1.00128
0.948509 0.950512 1.07594 0.928044 0.950423 1.09506
0.998183 0.918658 0.953508 0.929436 0.957322 1.03818
1.0225 0.858075 1.04638 0.973082 0.960204 1.04531
end
gesture a07 hands 2
1.07995 0.734448 1.28364 0.980149 0.958692 1.05504
0.997777 0.893838 1.09266 0.979263 0.955563 1.03986
1.06183 0.890087 1.11242 0.954677 0.968391 1.14764
0.935307 1.00927 0.969389 0.93621 0.961092 1.03351
1.03358 0.829781 1.10179 0.973158 0.954334 1.0557
end
gesture a07 hands 2
1.02612 0.630589 1.32194 0.961871 0.968704 1.09218
0.918523 0.986917 1.05672 0.988691 0.956294 1.01883
1.02401 1.04831 0.871444 0.957134 0.99447 1.04861
1.0488 1.00967 0.864931 0.960866 0.972072 1.02881
1.05063 0.864175 1.03026 0.98799 0.986407 0.99098
end
gesture a07 hands 2
1.00764 0.60104 1.33538 0.990395 0.95881 1.01335
1.06653 0.762592 1.21058 0.960635 0.959165 1.01413
0.96145 0.943935 1.04281 0.995004 0.945213 1.02701
1.06019 0.889168 1.01909 0.956595 0.967763 1.06011
1.07722 0.792543 1.10087 0.93678 0.953869 1.04703
end
gesture a07 hands 2
1.06014 0.429686 1.44285 0.961976 0.965918 1.01319
0.973526 0.909006 1.04889 0.991198 0.978485 1.02541
0.923488 1.00162 1.0349 0.968463 0.973683 0.996813
0.883521 1.14037 0.939724 1.00614 0.98546 0.976064
1.06396 0.960889 0.974197 0.967796 0.971981 0.993942
end
gesture a07 hands 2
1.02075 0.781538 1.11957 0.983418 0.966284 1.0116
1.11619 0.914676 1.03606 0.97128 0.955454 1.03661
0.94233 1.05047 0.934657 0.984518 0.975077 1.03363
1.0534 0.900609 1.06222 0.972802 0.950725 1.03949
1.05319 0.881027 1.08299 0.96502 0.978905 1.03304
end
gesture a07 hands 2
1.00036 0.679932 1.24886 0.983774 0.966909 1.0219
1.0785 0.857508 1.14549 0.963362 0.966973 1.04403
0.93603 1.0059 1.01004 0.968814 0.956679 1.05806
1.10056 0.867925 1.01925 0.964222 0.969823 1.03462
1.00606 0.729976 1.18233 0.969593 0.955208 1.06006
end
gesture a07 hands 2
0.884771 0.485455 1.26753 0.989883 1.00989 1.00282
0.961565 0.855573 1.0185 0.959111 0.926171 1.03117
0.816848 0.997226 0.999607 0.967378 0.96127 1.07362
0.842684 1.01791 0.932083 1.02662 0.99679 0.988365
0.985914 0.754202 1.11511 0.954359 0.94285 1.01705
end
gesture a07 hands 2
0.910265 0.448722 1.27438 0.974247 0.979863 0.986654
0.965876 0.705735 1.12388 0.960805 0.921979 1.05535
0.856651 0.894886 1.01964 0.957209 0.997761 1.09767
1.06601 0.830955 1.05701 0.944806 0.977713 0.988139
1.05814 0.7597 1.09504 1.00317 0.984142 1.02069
end
gesture a07 hands 2
0.941958 0.555813 1.25653 0.9972 0.975407 1.06954
0.943038 0.948529 1.01732 0.976322 0.958917 1.00614
0.949131 0.893174 1.02003 0.957822 1.0261 1.07301
0.923092 1.04006 0.934781 0.960983 0.956816 1.09856
0.99561 0.779333 1.09509 0.980933 0.992222 1.02561
end
gesture a07 hands 2
1.00044 0.567625 1.22699 0.959459 0.988421 1.02861
0.9159 0.853015 1.06501 0.956657 0.947008 1.0479
0.919094 0.988071 1.00224 0.973086 0.973417 1.08582
1.05664 0.887967 1.00861 0.96014 0.970331 1.01727
1.05205 0.771389 1.08381 0.960645 0.960351 1.04555
end
gesture a07 hands 2
0.995855 0.519758 1.31735 0.955067 0.958872 1.04899
1.03091 0.541988 1.24145 0.957128 0.941918 1.01691
1.04533 0.778935 1.14098 0.967586 0.953729 1.05041
0.92495 0.970519 1.01876 0.947948 0.988679 1.07113
1.0128 0.729042 1.13768 0.949815 0.967114 1.05046
end
gesture a07 hands 2
1.01772 0.528221 1.29439 0.953994 0.970135 1.0413
1.07365 0.794177 1.13979 0.969597 0.944706 1.06798
0.902177 0.974017 1.04078 0.97665 0.992049 1.0381
0.948523 0.938706 1.00106 0.970044 0.996464 1.08901
0.997817 0.727696 1.12605 0.968844 0.980518 1.00462
end
gesture a07 hands 2
1.02364 0.641214 1.27554 0.952272 0.955817 1.09565
1.00984 0.769341 1.12627 0.957018 0.96222 1.03273
0.951661 0.915239 1.08665 0.966229 0.955623 1.08631
1.0054 0.961628 0.962904 0.954783 0.952757 1.02945
1.01266 0.804464 1.08233 0.957159 0.954205 1.05911
end
gesture a07 hands 2
1.00066 0.494821 1.30688 0.929427 0.939624 1.06128
1.02006 0.669202 1.18611 0.930781 0.955409 1.06652
0.966684 0.813391 1.13563 0.943153 0.930085 1.08598
0.990346 0.815459 1.08361 0.932135 0.971193 1.07176
1.0137 0.744202 1.09081 0.932709 0.942659 1.08052
end
gesture a07 hands 2
1.03015 0.578216 1.28635 0.962306 0.951886 1.06249
1.01388 0.719688 1.16914 0.951451 0.968269 1.07392
0.95492 0.862856 1.12472 0.948506 0.956767 1.08408
0.988466 0.896074 1.03393 0.953475 0.980097 1.0652
1.01052 0.791 1.06081 0.947587 0.957092 1.08552
end
gesture a08 hands 2
1.03724 0.488673 1.35881 0.985089 0.960381 1.00658
0.94661 0.692031 1.20332 0.986323 0.954766 1.09033
0.91703 0.713659 1.15941 0.933395 0.930608 1.09553
0.961211 0.898177 1.06987 0.908941 0.970093 1.09095
1.0263 0.864032 1.0495 0.913525 0.975013 1.03209
end
gesture a08 hands 2
1.07685 0.508129 1.35023 0.993655 0.969448 1.03177
1.05183 0.510458 1.33426 0.921307 0.974977 1.145
1.01927 0.611542 1.21028 0.930314 0.967817 1.08665
0.949073 0.904475 1.04944 0.921403 0.981199 0.970321
1.03604 0.844442 1.09385 0.96377 0.984613 0.942746
end
gesture a08 hands 2
1.10801 0.514442 1.33094 1.04 0.979473 1.00298
1.05605 0.5583 1.26284 0.92575 0.929501 1.08452
0.950884 0.751706 1.14009 0.946116 0.952098 1.00692
0.974812 0.887826 1.08042 0.902364 0.939055 1.13719
1.01478 0.843868 1.06752 0.952905 0.959631 0.981055
end
gesture a08 hands 2
0.930393 0.363186 1.3722 0.928665 0.916356 1.10182
0.92694 0.509797 1.28856 1.02786 0.962195 1.07981
0.882491 0.603588 1.17598 0.926598 0.950952 1.13803
0.95381 0.788861 1.12965 0.892671 0.947462 0.980784
1.00085 0.742825 1.12159 0.960267 1.00427 0.994864
end
gesture a08 hands 2
1.03243 0.520579 1.33518 1.07465 0.998949 1.02953
0.902636 0.785078 1.11438 0.974341 0.932584 1.03904
0.972348 0.90151 1.04973 0.969359 0.964113 1.08272
1.0054 0.868722 1.04149 0.886634 0.974629 0.9912
1.0162 0.769543 1.1354 0.980615 0.952714 1.04324
end
gesture a08 hands 2
0.994522 0.592264 1.32616 0.991038 0.913092 1.12593
0.927689 0.771089 1.20193 0.949586 0.997088 0.959206
0.961981 0.937589 1.03933 0.9779 1.02018 0.966693
1.02905 0.890947 1.0282 1.00621 1.04328 0.97418
1.02672 0.750378 1.16744 0.997426 1.00804 1.01763
end
gesture a08 hands 2
0.983642 0.466853 1.3644 0.966889 0.96024 1.05156
0.889517 0.751305 1.12737 0.956918 1.00996 1.062
0.997731 0.989621 0.992138 0.95538 1.00944 1.06817
1.00552 0.932652 1.00422 0.963184 0.956589 1.04502
1.00426 0.826893 1.09066 0.969822 0.955434 1.04311
end
gesture a08 hands 2
0.980347 0.483425 1.40746 0.966581 0.961941 1.04852
0.912556 0.629527 1.2519 0.95453 0.983784 1.06041
0.894185 0.67139 1.22465 0.96191 0.981624 1.02672
0.975003 0.9212 1.07101 0.942479 1.00563 1.07231
1.01401 0.785327 1.13429 0.959051 0.957089 1.04487
end
gesture a08 hands 2
1.02027 0.513402 1.39515 0.964833 0.97331 1.03797
0.914338 0.700365 1.22949 0.962126 0.985666 1.07778
0.981373 0.949636 1.05669 0.944337 0.962889 1.03546
1.0164 0.9007 1.03759 0.969494 0.931091 1.06839
1.02015 0.738181 1.1846 0.985755 0.957518 1.02844
end
gesture a08 hands 2
0.995857 0.56528 1.23534 0.949532 0.980594 1.02338
0.912681 0.739275 1.11101 0.974589 0.956776 1.05994
0.853485 0.824856 1.07104 0.946252 0.956989 1.06643
0.971901 1.02975 0.985976 0.964961 0.946189 1.08599
1.00902 0.865384 1.07127 0.940829 0.955507 1.07107
end
gesture a08 hands 2
1.01753 0.489401 1.32566 0.950348 0.954917 1.05519
0.964705 0.664324 1.19358 0.953372 0.977186 1.03777
0.888867 0.788213 1.11513 0.948311 0.964286 1.05865
0.964396 0.975443 1.04236 0.988785 0.966506 1.02684
1.02134 0.862805 1.0661 0.946625 0.959986 1.06561
end
gesture a08 hands 2
0.995606 0.540215 1.30832 0.950846 0.968136 1.02927
0.873191 0.86065 1.04327 0.973297 0.966904 1.037
0.985467 1.03309 0.992784 0.980466 0.972706 1.02649
1.04524 1.00226 0.991365 0.952433 0.965427 1.05483
1.02891 0.862749 1.08222 0.952958 0.976172 1.0271
end
gesture a08 hands 2
1.05096 0.656826 1.23929 0.950462 0.936494 1.04306
0.937244 0.828773 1.08687 0.945865 0.96167 1.04019
0.95156 0.980514 1.03188 0.92325 0.942034 1.12273
0.945746 0.956128 1.00617 0.959195 0.97105 1.01446
0.9789 0.845032 1.08457 0.944949 0.956101 1.03592
end
gesture a08 hands 2
1.03358 0.694079 1.28314 0.958281 0.94802 1.09895
0.936788 0.869987 1.06096 0.950851 0.958789 1.10113
0.950642 1.07542 0.970705 0.980014 0.982266 0.992208
0.948553 1.02409 0.96386 0.950699 0.95649 1.03123
0.995993 0.813696 1.1076 0.960812 0.956445 0.998521
end
gesture a08 hands 2
1.05004 0.66186 1.22062 0.9455 0.94234 1.03284
0.958316 0.823993 1.1162 0.963665 0.941377 1.04682
0.946289 0.856674 1.07064 0.942008 0.946582 1.10382
0.969564 1.01007 1.00919 0.967292 0.960466 0.994723
0.964825 0.864104 1.08269 0.95665 0.949859 1.05192
end
gesture a08 hands 2
0.951722 0.489727 1.34066 0.963201 0.951795 1.07251
0.925926 0.656781 1.21077 0.960161 0.95417 1.04376
0.986685 0.972905 1.05387 0.956542 0.950497 1.0224
1.02819 0.962231 1.00567 0.960927 0.957287 1.04365
1.01171 0.827888 1.095 0.955591 0.950312 1.01524
end
gesture a08 hands 2
0.984212 0.518873 1.36335 0.936867 0.963479 1.00357
0.936768 0.735169 1.14769 0.9566 0.96337 1.03381
0.980709 0.938895 1.06967 0.951551 0.945434 1.02197
1.0256 0.924966 1.04191 0.976333 0.963261 1.06405
1.01925 0.820851 1.12754 0.96519 0.954977 1.04164
end
gesture a08 hands 2
0.98856 0.460908 1.40547 0.956811 0.97187 0.960998
0.951411 0.875148 1.11176 0.969501 0.961697 1.01759
0.907679 0.945521 0.98401 0.980151 0.965095 0.978453
1.04936 1.07016 0.948943 0.958963 1.00598 1.02489
1.05533 0.935767 1.03141 0.969287 0.957398 1.04403
end
gesture a08 hands 2
0.977378 0.598593 1.39415 0.95437 0.945597 1.06785
0.89609 0.793744 1.08345 0.941808 0.958146 1.09195
0.957524 0.928657 1.04396 0.949 0.97734 1.04854
1.03603 0.933293 1.00924 0.976964 0.93769 1.04937
1.03735 0.847991 1.08179 0.951398 0.983737 1.03407
end
gesture a08 hands 2
0.963869 0.638071 1.31405 0.959951 0.964761 1.03445
0.866615 0.801264 1.11628 0.964315 0.95886 1.07577
0.965111 0.995433 0.95987 0.963786 0.975977 1.05617
1.05078 0.966621 0.955103 0.963257 0.993095 1.03657
1.02907 0.847039 1.07288 0.969787 0.969616 1.01915
end
gesture a08 hands 2
0.983005 0.589635 1.35513 0.964986 0.95497 1.03701
0.895317 0.782552 1.1765 0.96467 0.96676 1.0377
0.897428 0.774727 1.02985 0.957765 0.962063 1.06518
1.00092 0.944493 0.984682 0.964354 0.978549 1.03839
1.03069 0.798426 1.10036 0.962453 0.969242 1.03087
end
gesture a08 hands 2
0.95038 0.417515 1.31321 0.975986 0.881928 1.05993
0.879934 0.807259 1.05178 0.927921 0.951647 1.00573
0.985721 0.999354 1.03514 0.944459 1.00075 1.01885
1.02821 1.01086 1.00824 0.952523 0.84444 0.9925
1.04064 0.88696 1.0248 0.993524 0.880631 1.07234
end
gesture a08 hands 2
0.992178 0.368282 1.37267 0.972144 0.968848 1.06226
0.933584 0.719567 1.14102 0.965036 0.944915 1.05349
0.8681 0.638636 1.15704 0.929685 0.930749 1.01084
1.00206 0.838631 1.09132 0.961219 0.967964 1.00158
1.01408 0.762699 1.0971 0.971042 0.95073 1.03045
end
gesture a08 hands 2
0.979123 0.39191 1.38057 0.95905 0.962291 1.1047
0.872719 0.704772 1.09669 0.966787 0.991197 1.02373
0.969803 0.900466 1.07142 0.962724 0.968572 1.0765
1.01439 0.920065 1.04544 0.950644 0.958901 0.996879
1.02936 0.800443 1.0846 0.959854 0.974504 1.03529
end
gesture a08 hands 2
0.976913 0.502562 1.26715 0.960025 0.955885 1.04369
0.90478 0.829807 1.00009 0.959365 0.965339 1.05276
0.955714 0.97742 1.01537 0.980258 0.933796 1.0447
1.02427 0.952607 0.986815 0.958706 0.974792 1.06182
1.0195 0.859016 1.04832 0.965577 0.969519 1.06303
end
gesture a08 hands 2
0.970737 0.477931 1.34847 0.957922 0.969108 1.08726
0.921767 0.754079 1.09071 0.962375 0.959483 1.03813
0.966963 0.904673 1.08264 0.959897 0.96474 1.06655
1.02143 0.914168 1.02245 0.967193 0.955216 1.01023
1.01883 0.816629 1.07666 0.962237 0.96573 1.06707
end
gesture a08 hands 2
0.969593 0.562275 1.27066 0.974339 0.97649 1.06088
0.90604 0.81752 1.06051 0.97253 0.975871 1.03138
0.965286 1.00761 1.02434 0.967341 0.971491 1.02847
1.02814 0.980887 0.992184 0.962151 0.967111 1.02557
1.00218 0.763305 1.12287 0.967691 0.975183 1.02579
end
gesture a08 hands 2
1.05101 0.473915 1.25001 0.929293 0.934521 1.01242
0.982579 0.681914 1.15237 0.938718 0.93987 1.04407
0.974217 0.886793 1.08833 0.946868 0.947654 1.07404
0.986593 0.901094 1.05095 0.938101 0.937716 1.0405
1.0055 0.802136 1.09258 0.931004 0.951017 1.13776
end
gesture a08 hands 2
1.01473 0.55888 1.28425 0.928649 0.950421 1.12949
1.00777 0.567309 1.19838 0.940617 0.950494 1.09841
0.958095 0.705542 1.13133 0.927385 0.959473 1.04127
0.968393 0.931767 1.03004 0.952585 0.950568 1.06733
0.987728 0.833929 1.07578 0.94514 0.952423 1.06743
end
gesture a08 hands 2
1.01711 0.532984 1.25019 0.935026 0.960314 1.11971
0.947601 0.699882 1.1104 0.943699 0.957507 1.07761
0.945621 0.886843 1.04917 0.937144 0.960024 1.10624
0.983833 0.947754 1.01196 0.952371 0.954701 1.03552
0.996527 0.84659 1.06077 0.939263 0.959734 1.09277
end
gesture a09 hands 2
1.02704 0.520863 1.32114 0.992288 0.973092 1.02957
1.03061 0.78216 1.12136 0.971224 0.990491 0.997778
0.925954 0.921035 1.06083 0.950771 0.958103 1.10972
0.960871 1.01711 0.926934 0.948542 0.971182 1.00928
1.01742 0.904823 0.988224 0.980671 0.974527 1.0343
end
gesture a09 hands 2
1.00287 0.580512 1.38536 0.948441 0.968953 1.07259
1.0723 0.739122 1.24225 1.02832 0.97771 1.0134
0.987935 0.963165 1.04363 0.918538 0.963611 1.07062
0.960866 0.9909 0.934108 0.938194 0.968833 1.01922
1.00298 0.880082 0.982343 0.970361 0.960638 1.06236
end
gesture a09 hands 2
1.00094 0.649486 1.33508 0.968451 0.966678 1.10143
1.03785 0.692979 1.28043 1.00578 1.00015 0.983968
0.932152 0.977585 1.06533 0.917146 0.96874 1.03875
1.01251 1.01162 0.903513 0.906369 0.969751 0.996238
1.03624 0.789372 1.10987 1.02628 0.983534 1.03023
end
gesture a09 hands 2
0.973561 0.62099 1.30512 0.971027 0.908425 1.07193
0.958381 0.760339 1.19483 0.964316 0.988706 1.02007
0.898795 0.961523 1.03943 1.00899 1.06038 0.976722
1.00622 1.0963 0.899064 0.885227 1.13281 0.930177
1.04307 0.995375 0.966189 0.91686 1.17342 0.933233
end
gesture a09 hands 2
1.05458 0.571005 1.44159 0.978568 1.14965 1.08891
0.982887 0.740157 1.21858 0.993931 0.931912 1.08499
0.922078 0.860318 1.16649 1.02008 0.95463 1.10352
1.04106 0.934999 1.01219 0.834215 1.0516 0.943918
1.03094 0.838433 1.11315 0.891102 1.01133 0.994048
end
gesture a09 hands 2
0.985424 0.597548 1.37089 1.05213 0.943321 1.05793
0.926415 0.902536 1.13345 0.921735 0.990867 0.944423
1.01981 0.976349 0.943684 0.812704 1.02048 1.01056
1.04202 0.933066 0.954071 0.824975 1.02414 0.999133
1.03446 0.801403 1.12857 0.971351 0.953733 1.06803
end
gesture a09 hands 2
1.09716 0.569156 1.36765 0.987904 0.976356 0.999117
1.02184 0.827329 1.11451 0.978183 1.00527 0.996313
0.930679 1.05138 1.01613 0.936059 0.945643 1.04005
0.995081 1.06674 0.807747 0.948552 1.01176 1.05874
1.02935 0.953504 0.913501 0.991306 0.942855 1.04912
end
gesture a09 hands 2
1.12158 0.567144 1.42255 0.99778 0.93376 1.04542
0.967747 0.902145 1.1263 0.965805 0.986797 1.05073
0.959322 1.05832 0.837717 0.950163 0.956194 1.02222
0.995849 1.01675 0.858175 0.962307 1.00569 1.0632
1.03207 0.8974 0.994177 0.984166 0.959007 1.03167
end
gesture a09 hands 2
1.11423 0.56025 1.4354 0.98212 0.956594 1.06661
1.08117 0.682423 1.23946 0.938097 0.928927 1.01926
0.97624 0.930823 1.10407 0.946017 0.955404 1.03828
0.998561 0.985809 0.915434 0.953937 0.981882 1.0573
1.02949 0.887034 1.00028 0.987231 0.966287 1.03714
end
gesture a09 hands 2
1.01488 0.697744 1.23064 0.966097 0.979125 1.01944
0.950545 0.808154 1.04778 0.963685 0.962104 1.03603
0.978763 0.995387 1.00382 0.959248 0.971543 1.05538
0.920002 0.97405 0.896429 0.960866 0.96312 1.0291
1.0061 0.767875 1.14024 0.958212 0.973037 1.05716
end
gesture a09 hands 2
1.0248 0.544283 1.36261 0.965719 0.963892 1.05061
0.940705 0.814063 1.08668 0.970688 0.970182 1.03501
1.01964 0.928016 1.02594 0.980501 0.96843 1.01826
0.915682 0.891026 0.959723 0.959643 0.97168 1.04915
0.96934 0.807378 1.01636 0.956664 0.972145 1.05356
end
gesture a09 hands 2
1.01223 0.639665 1.29625 0.972876 0.968462 1.02782
0.918004 0.943179 1.04529 0.961498 0.972951 1.0193
1.0255 1.0328 1.01076 0.970876 0.971556 1.0182
0.976721 0.894261 0.921073 0.95012 0.97744 1.01079
0.995701 0.758912 1.10861 0.968877 0.97465 1.00858
end
gesture a09 hands 2
1.05931 0.667465 1.20646 0.965188 0.945787 1.00626
1.00834 0.869693 1.08461 0.972232 0.987261 1.0089
0.946028 0.883327 1.01147 0.947849 0.950535 1.10576
0.915924 1.04772 0.97875 0.932281 0.962436 1.05216
0.952146 0.932685 1.04548 0.957391 0.957801 1.02945
end
gesture a09 hands 2
1.09269 0.572782 1.26481 0.967911 0.933645 1.02517
1.0335 0.759477 1.15015 0.941714 0.961481 1.02344
0.944536 0.787919 1.09092 0.951308 0.938729 1.07268
0.925043 0.948831 1.04781 0.934114 0.948949 1.08733
0.939211 0.894554 1.05994 0.937034 0.936361 1.06036
end
gesture a09 hands 2
1.11776 0.634066 1.27353 0.952295 0.941345 1.02766
1.09553 0.63996 1.25496 0.980061 0.943469 1.01706
1.03106 0.845251 1.10765 0.954255 0.9681 1.05963
0.92951 1.00675 1.00191 0.938795 0.963758 1.048
0.939279 0.919547 1.04551 0.952417 0.958996 1.0493
end
gesture a09 hands 2
1.00469 0.567849 1.35427 0.973583 0.961533 1.05572
1.05166 0.624356 1.25543 0.97075 0.9673 1.04232
0.991813 0.797847 1.18519 0.966677 0.966012 1.04156
0.935392 0.994204 0.988295 0.967917 0.973066 1.02893
1.00135 0.914857 0.98912 0.959771 0.970491 1.0274
end
gesture a09 hands 2
1.04862 0.649115 1.34435 0.966832 0.969435 1.03163
1.02205 0.959061 1.05872 0.993586 0.960865 1.05348
0.88183 1.08973 0.874655 0.990613 0.966213 1.01303
0.904851 1.09196 0.829218 0.967464 0.99023 1.0452
1.00068 0.886217 1.05129 0.989622 0.967996 0.999547
end
gesture a09 hands 2
1.01286 0.505548 1.38269 0.975849 0.958915 0.974089
0.932242 1.06303 0.998156 0.985063 0.959735 1.05987
1.01472 1.05565 0.941465 0.966025 0.977189 1.02186
0.827382 1.08783 0.866408 0.984587 0.981731 1.03523
0.992337 0.838322 1.06945 0.965118 0.967752 0.979888
end
gesture a09 hands 2
1.06105 0.670058 1.3193 0.967187 0.945778 1.0395
1.04526 0.720444 1.17423 0.962064 0.969948 1.0516
1.07789 0.877271 1.06873 0.984502 0.929215 1.04701
0.916389 0.97245 0.969756 0.957535 0.976546 1.05789
0.958459 0.863597 1.05337 0.963169 0.946015 1.04377
end
gesture a09 hands 2
1.06597 0.675433 1.36796 0.967253 0.954906 1.04159
1.07386 0.869559 1.11284 0.961722 0.968769 1.0428
1.02876 0.850791 1.09335 0.968242 0.955509 1.04095
0.93628 0.967284 1.02494 0.956191 0.982633 1.04401
0.981464 0.88808 1.08802 0.96923 0.956113 1.04031
end
gesture a09 hands 2
1.08283 0.708258 1.33321 0.962035 0.967929 1.02798
1.05433 0.71681 1.25399 0.967478 0.975742 1.04158
0.964703 0.875648 1.05624 0.954526 0.998232 1.05048
0.911929 1.00692 0.940685 0.961123 0.956878 1.05863
0.969729 0.904226 1.06327 0.960647 0.966186 1.02829
end
gesture a09 hands 2
1.01623 0.3881 1.42583 0.977628 0.981787 1.03621
0.994318 0.664032 1.24211 0.997232 0.97186 1.03097
0.933515 0.85921 1.0743 0.938517 0.948429 1.0913
0.995169 0.976692 0.999493 0.923177 0.949064 1.03544
1.01821 0.899087 1.02103 0.997396 0.959108 1.05683
end
gesture a09 hands 2
1.00836 0.365206 1.47335 0.981666 0.977655 1.02383
1.01607 0.394386 1.39538 0.959634 1.00313 1.01256
1.02515 0.584364 1.29599 0.965854 0.972068 1.05668
0.973498 0.940055 1.05365 0.951252 0.944425 1.02219
0.986574 0.823785 1.09193 0.994423 0.969527 1.03977
end
gesture a09 hands 2
0.991822 0.418943 1.45075 1.01812 0.986722 1.03297
0.973868 0.459405 1.2913 0.931839 0.964275 1.01992
0.984889 0.613061 1.22679 0.99008 0.958929 1.01912
0.973291 1.04147 0.97563 0.995083 0.976982 1.04734
1.01164 0.931438 0.999827 0.965865 0.963131 1.0625
end
gesture a09 hands 2
1.04263 0.476469 1.33529 0.972513 0.976679 1.02479
0.976214 0.735227 1.15266 0.981045 0.940916 1.01409
1.09208 0.805468 1.10721 0.969523 0.959979 1.0336
0.962226 0.973335 0.98938 0.983048 0.921716 1.00032
0.988334 0.879944 1.03097 0.964727 0.981722 1.06014
end
gesture a09 hands 2
1.05613 0.514823 1.39914 0.973355 0.972546 1.04644
0.978691 0.754908 1.16252 0.963561 0.977772 1.04497
1.08038 0.76579 1.1113 0.980166 0.959179 1.02083
0.951828 0.94909 1.0197 0.953766 0.982998 1.04349
0.982281 0.852368 1.04747 0.958574 0.965386 1.06469
end
gesture a09 hands 2
1.03747 0.507642 1.36488 0.971167 0.967592 1.06882
0.9674 0.767785 1.13537 0.963499 0.966412 1.02695
1.06972 0.768692 1.08074 0.965818 0.973634 1.04181
0.955745 0.962652 0.978016 0.95965 0.969288 1.02302
0.971147 0.912936 0.989314 0.962567 0.980207 1.05079
end
gesture a09 hands 2
1.04845 0.587218 1.30883 0.956224 0.959232 1.0382
1.066 0.669558 1.12951 0.956063 0.947098 1.06526
1.03176 0.89265 1.04931 0.945841 1.00129 1.05201
0.954952 0.969137 1.02449 0.953518 0.948435 1.04527
0.951485 0.885367 1.04954 0.943237 0.950813 1.07305
end
gesture a09 hands 2
1.06593 0.619477 1.33565 0.926427 0.958196 1.06628
1.00692 0.709406 1.13569 0.945502 0.958984 1.04336
0.964844 0.949342 1.04766 0.954724 0.949888 1.06138
0.948978 0.970093 1.00095 0.953542 0.970977 1.06002
0.971254 0.899778 1.04039 0.956041 0.948589 1.06396
end
gesture a09 hands 2
1.0486 0.635072 1.30184 0.938553 0.948328 1.07203
1.08288 0.646533 1.16615 0.959645 0.95167 1.06096
1.03062 0.718211 1.10552 0.956117 1.0015 1.03986
0.973523 0.951477 1.01926 0.951636 0.958386 1.06746
0.96917 0.886813 1.02873 0.94982 0.954108 1.03803
end
gesture a11 hands 2
0.814918 0.469136 1.07673 1.05458 0.48863 1.03506
1.00196 0.561706 1.03991 0.942112 0.750568 1.06143
0.965895 0.984537 1.02206 0.885849 0.565488 1.08777
1.0563 0.998861 1.04048 0.933569 1.02349 1.02722
0.998266 0.735782 1.05093 0.969777 0.744702 1.05551
end
gesture a11 hands 2
0.905139 0.43813 1.03109 1.088 0.454115 1.08318
1.02748 0.588178 1.05831 0.888667 0.63457 1.07053
0.952777 0.868091 1.03357 0.970851 0.875741 1.05724
1.03586 0.948776 1.05114 0.921341 0.988935 1.02522
0.971481 0.621699 1.04636 0.980621 0.651452 1.04798
end
gesture a11 hands 2
0.814897 0.430483 1.06972 1.11837 0.445624 1.08671
0.95573 0.541959 1.07482 0.938342 0.543354 1.06547
0.90738 0.832904 1.04309 1.00522 0.863782 1.0347
1.02489 0.897679 1.07035 0.895682 0.924159 1.02738
0.969311 0.631542 1.03447 0.99954 0.672981 1.07622
end
gesture a11 hands 2
0.797112 0.510179 1.12785 1.1693 0.498319 1.07989
0.954224 0.610789 1.13618 1.02089 0.595243 1.11082
0.940214 0.893385 1.07921 1.02594 0.764245 1.08118
1.02056 0.882033 1.06244 0.943008 0.853863 1.06143
0.938236 0.674883 1.05735 0.999674 0.635728 1.06547
end
gesture a11 hands 2
0.86586 0.516347 1.07677 1.07605 0.532349 1.06426
0.918262 0.601477 1.11002 0.968578 0.654419 1.08607
0.949229 0.854067 1.06274 0.901772 0.860625 1.05099
1.00623 0.792179 1.07756 0.920161 0.812442 1.06934
0.892612 0.598068 1.09365 1.04684 0.629747 1.09348
end
gesture a11 hands 2
0.704551 0.537256 1.0851 1.18589 0.522816 1.07222
0.912185 0.57586 1.14682 1.02764 0.58459 1.11248
0.894012 0.754517 1.11194 1.03806 0.77915 1.07991
0.999472 0.821953 1.09758 0.945621 0.816517 1.0944
0.912757 0.592519 1.03205 1.04837 0.59974 1.01933
end
gesture a11 hands 2
0.829772 0.480323 1.19755 1.10698 0.45423 1.1065
0.966855 0.540407 1.12345 1.01675 0.513734 1.10262
0.940618 0.80473 1.07411 1.0178 0.772955 1.06418
1.05069 0.822661 1.05841 0.91533 0.851055 1.06705
0.910222 0.593078 1.14977 1.04276 0.573775 1.09544
end
gesture a11 hands 2
0.86035 0.47999 1.20333 1.09201 0.461473 1.13206
1.00261 0.534558 1.1406 0.986229 0.536729 1.10988
0.966465 0.785451 1.08826 0.974837 0.9055 1.05168
1.06282 0.846073 1.04551 0.916856 0.867546 1.04789
0.975145 0.68236 1.11057 0.993928 0.683615 1.08019
end
gesture a11 hands 2
0.819931 0.397847 1.23295 1.10309 0.404197 1.14672
0.972893 0.467552 1.16925 1.01231 0.697357 1.08876
0.943564 0.785892 1.09713 0.983188 0.845336 1.06541
1.03831 0.773922 1.07952 0.925727 0.786855 1.06962
0.943544 0.613945 1.13512 1.0187 0.613451 1.09559
end
gesture a11 hands 2
0.820106 0.444156 1.14724 1.08463 0.443445 1.14187
0.934475 0.508476 1.13756 0.984118 0.525124 1.11326
0.913147 0.727152 1.09808 1.00169 0.749691 1.07819
1.01945 0.739092 1.09408 0.896166 0.794266 1.08858
0.923386 0.596181 1.10089 1.01324 0.601239 1.09789
end
gesture a11 hands 2
0.832584 0.460073 1.10408 1.08996 0.474462 1.07989
0.929733 0.622919 1.08111 0.963427 0.537977 1.08025
0.952755 0.507269 1.09524 0.976728 0.813988 1.05063
1.0481 0.799656 1.07258 0.89312 0.823425 1.07191
0.981014 0.678815 1.09124 0.972713 0.67445 1.09731
end
gesture a11 hands 2
0.819795 0.482886 1.15181 1.10935 0.49528 1.12148
1.01046 0.875693 1.05935 0.981502 0.569713 1.11158
0.967312 0.748679 1.08404 1.00159 0.780013 1.07715
1.03979 0.835431 1.06851 0.91771 0.779785 1.09256
0.924161 0.621665 1.10874 1.03997 0.589611 1.10015
end
gesture a11 hands 2
1.01381 0.526787 1.15292 0.908875 0.520962 1.16468
0.992883 0.528774 1.16758 0.938284 0.522762 1.16136
0.987018 0.578705 1.12759 0.934329 0.556249 1.11757
0.981153 0.628636 1.08761 0.93537 0.76747 1.08544
0.957109 0.783272 1.06493 0.93602 0.794559 1.07276
end
gesture a11 hands 2
1.01714 0.375533 1.25811 0.935882 0.374996 1.24218
1.00633 0.381845 1.23146 0.942019 0.381559 1.21384
0.995639 0.42289 1.1962 0.922795 0.420648 1.17405
0.973979 0.628773 1.16268 0.916763 0.626696 1.14332
0.964181 0.586698 1.12834 0.931957 0.574563 1.12527
end
gesture a11 hands 2
0.959988 0.571969 1.14156 0.959272 0.562904 1.13325
0.964253 0.752414 1.10573 0.944509 0.785995 1.07228
0.944424 0.793627 1.07913 0.951623 0.738134 1.06151
0.946272 0.648372 1.12559 0.945862 0.696642 1.10238
0.94817 0.62054 1.13417 0.943838 0.613621 1.12769
end
gesture a11 hands 2
0.827241 0.31332 1.16567 1.13207 0.339161 1.06175
0.906328 0.669364 1.05169 1.03319 0.453087 1.03157
0.910846 0.439255 1.06309 1.02343 0.711283 1.02428
1.02058 0.927558 1.05475 0.935187 0.980925 1.05241
1.06682 0.844054 1.07155 0.890777 0.898353 1.08162
end
gesture a11 hands 2
0.896031 0.288648 1.22174 1.01544 0.342966 1.04607
0.957082 0.780874 1.04874 1.05245 0.439441 1.02886
1.00628 1.057 1.02002 1.04386 1.00519 1.00694
1.09702 0.977804 1.0445 0.87274 1.10246 1.05002
1.03585 0.753796 1.10171 0.916409 0.796311 1.0723
end
gesture a11 hands 2
0.863612 0.208893 1.22604 1.10865 0.19804 1.18962
0.895624 0.623341 1.07138 0.956947 1.11438 1.06159
0.922275 0.673379 1.06847 0.880115 0.984847 1.08888
1.05895 1.13665 1.04338 0.860189 1.04978 1.094
1.06391 0.875257 1.09288 0.893636 0.871218 1.08892
end
gesture a11 hands 2
0.788248 0.58794 1.06379 1.14851 0.599009 1.06238
1.12117 0.717724 1.10525 0.826381 0.718568 1.07927
0.925014 0.591467 1.07405 0.803917 0.763712 1.0767
1.15535 1.09383 1.04132 0.807893 1.08221 1.02764
1.14094 0.974013 1.05288 0.815018 0.96511 1.0596
end
gesture a11 hands 2
0.779618 0.409803 1.11765 1.14125 0.422527 1.10385
0.926965 0.506429 1.09642 0.988559 0.507962 1.08418
0.90863 0.775875 1.05903 1.00832 0.780896 1.04394
0.990706 0.838416 1.05762 0.89952 0.801803 1.07553
0.9724 0.653671 1.08318 0.972739 0.653535 1.09888
end
gesture a11 hands 2
0.801715 0.481015 1.10506 1.1444 0.491665 1.07989
1.05596 0.940297 1.02785 0.982347 0.548261 1.05412
0.985784 0.807001 1.05108 0.984623 0.876694 1.02389
1.07665 0.923019 1.03033 0.874668 0.857829 1.06607
0.936302 0.656427 1.0768 1.01506 0.648337 1.0712
end
gesture a11 hands 2
0.818086 0.203403 1.243 1.15541 0.201177 1.12295
1.05098 0.663962 1.14948 0.976957 0.261487 1.08207
0.978916 0.88233 1.07753 0.999498 0.924158 1.02675
1.12239 0.962934 1.06833 0.88646 1.01598 1.07259
0.916839 1.03592 0.943303 1.06987 1.08912 0.933855
end
gesture a11 hands 2
0.820383 0.223902 1.29186 1.12202 0.121082 1.17584
1.0919 0.816771 1.08 0.886352 0.73134 1.10528
0.950591 1.01747 1.02535 1.0012 0.919322 1.02438
0.914206 1.12746 0.94905 0.8276 1.1048 1.05574
0.908356 1.10254 0.950182 1.05164 1.08511 0.958823
end
gesture a11 hands 2
0.811968 0.22317 1.34468 1.1576 0.194627 1.2096
1.12817 0.778193 1.11022 0.94982 0.446009 1.11085
0.999901 0.928209 1.04311 0.982179 1.05593 1.01234
1.16933 1.05775 1.03215 0.853965 1.12244 1.04116
0.911392 1.03112 0.961194 1.08144 1.05104 0.942748
end
gesture a11 hands 2
0.77838 0.409108 1.14855 1.14563 0.390571 1.10947
0.995603 0.50139 1.16984 0.935632 0.496926 1.15425
0.969955 0.920009 1.07306 0.971328 0.92507 1.06666
0.98768 0.966989 1.05301 0.932519 0.957643 1.05217
1.02152 0.873829 1.04787 0.915669 0.858764 1.06487
end
gesture a11 hands 2
0.866125 0.363252 1.25785 1.11915 0.35504 1.22818
0.961065 0.39948 1.21193 0.966372 0.426594 1.20366
1.00252 0.755187 1.1315 0.956638 0.737559 1.13131
0.964863 1.07944 0.992108 0.97003 1.07138 1.00473
0.977231 0.976221 0.966563 0.961127 0.969633 0.977957
end
gesture a11 hands 2
0.859551 0.321899 1.26247 1.12179 0.318214 1.24077
0.975926 0.630522 1.1518 0.99186 0.480801 1.17246
0.966737 1.10796 0.980261 0.990694 1.08742 1.00297
1.00587 1.07794 0.964144 0.915656 1.05071 0.983399
1.01123 0.951495 0.996101 0.926519 0.955721 1.00631
end
gesture a11 hands 2
0.784905 0.447861 1.14308 1.15682 0.457196 1.17053
0.874677 0.565914 1.12542 1.04135 0.501413 1.16385
0.900263 0.492397 1.13378 1.04754 0.685662 1.11848
0.971004 0.790447 1.07733 0.949519 0.791687 1.09732
0.947212 0.672409 1.08538 0.978645 0.673623 1.11666
end
gesture a11 hands 2
0.806818 0.378351 1.18383 1.09841 0.411159 1.22719
0.89333 0.488172 1.14531 1.10429 0.396834 1.16439
0.921405 0.422894 1.15253 1.02559 0.470966 1.1526
0.980823 0.713372 1.10217 0.98085 0.721726 1.10935
0.973313 0.63977 1.09915 0.960641 0.651537 1.12413
end
gesture a11 hands 2
0.819034 0.434584 1.18102 1.11379 0.443225 1.19573
0.905604 0.562415 1.14014 1.03566 0.495592 1.16176
0.934883 0.486423 1.15215 1.03193 0.668637 1.12251
0.908687 0.676947 1.11938 0.967963 0.73497 1.11121
0.986812 0.70229 1.10633 0.954903 0.693705 1.12378
end
gesture a12 hands 2
0.804165 0.705708 0.98015 0.916341 0.949136 1.11644
1.0025 0.96878 1.03877 1.03186 1.02375 0.950824
0.906496 0.851299 1.03622 0.986621 1.01624 1.0097
1.11237 1.14005 1.04844 1.13743 0.99974 0.915919
0.862851 0.794737 1.0087 0.919736 0.948561 1.08931
end
gesture a12 hands 2
0.755938 0.708294 0.988951 0.820067 0.897534 1.0926
0.910345 0.929233 1.08085 1.16872 1.07573 0.980004
1.0396 0.993834 1.06787 1.02718 1.00842 1.02266
1.02521 0.939867 1.06037 0.885631 0.941102 1.06532
0.834714 0.78158 0.986236 0.831214 0.918386 1.06622
end
gesture a12 hands 2
0.615773 0.561672 0.991681 0.778623 0.900667 1.11397
0.816025 0.818457 1.04469 0.937345 0.967883 1.08313
0.928425 0.934588 1.05531 0.889592 0.909275 1.06619
1.00722 0.922017 1.03438 1.06705 1.03911 1.0184
0.994086 0.899046 1.0343 0.920827 0.939384 1.05948
end
gesture a12 hands 2
0.963747 0.889919 1.01752 0.77192 0.473665 1.12503
0.91766 0.886633 0.986434 0.863725 0.724627 1.04395
0.968924 0.890225 1.05906 0.833498 0.591281 1.03915
1.01432 0.965327 1.08483 0.969467 0.999615 1.0378
0.891694 1.00245 1.08327 0.831079 1.09569 1.05749
end
gesture a12 hands 2
0.919648 0.982417 1.06458 0.79929 1.02081 0.983754
0.933355 1.03205 1.04687 0.879885 1.07933 1.06067
0.936791 0.990283 0.950355 0.991237 1.07771 1.05401
1.03391 0.964009 1.03894 1.04935 0.940601 1.10414
0.99336 0.93287 1.11791 1.01606 0.81123 1.0516
end
gesture a12 hands 2
0.910106 0.733295 1.03967 1.19682 1.05225 1.08664
0.719933 0.775408 0.99732 1.14392 1.24513 1.02687
0.755332 0.805178 0.973281 0.916805 0.888298 1.04886
1.04648 1.02846 1.06162 1.11547 1.28931 1.03029
0.819427 0.754039 1.05056 0.901663 0.86451 1.05032
end
gesture a12 hands 2
0.790957 0.516702 0.919581 0.664309 0.692583 1.23902
0.906133 0.56935 0.875869 0.771844 0.775492 1.16491
0.963348 0.647651 0.893745 0.668745 0.700042 1.2106
0.95534 0.681475 0.930677 0.87938 0.858401 1.0908
0.949901 0.791368 0.994506 0.793363 0.798337 1.11561
end
gesture a12 hands 2
0.747452 1.47728 1.19728 0.613392 0.68487 1.19058
0.733657 1.34723 1.1348 0.632691 0.549227 1.21205
0.674035 1.41914 1.10979 0.727656 0.69315 1.10228
1.07106 1.13915 1.05463 0.954554 0.923603 1.02068
1.02632 1.00719 1.04638 0.870315 0.852494 1.03988
end
gesture a12 hands 2
0.811589 0.478369 0.852591 0.64599 0.61737 1.18502
0.858591 0.544595 0.930526 0.768082 0.759205 1.121
0.972744 0.711393 0.929885 0.628148 0.607628 1.14996
0.974079 0.7569 0.954209 0.940345 0.921357 1.04589
0.943017 1.04191 1.10821 0.789653 0.798723 1.07014
end
gesture a12 hands 2
0.882864 0.473251 0.774477 0.84631 0.976709 1.19805
0.783182 0.434612 0.861087 0.951899 0.982741 0.996133
0.868194 0.766532 1.01731 0.929184 0.926409 1.10611
0.910282 0.937164 1.13469 0.956563 0.970717 0.99926
1.0339 0.905799 1.02561 0.909306 0.97902 1.01437
end
gesture a12 hands 2
0.916222 0.649046 0.996083 0.790017 0.939765 1.18384
0.761623 0.608505 1.16698 0.824958 0.953717 1.10901
0.81972 0.736952 1.14104 1.043 0.947835 1.04318
0.773474 0.607964 1.18077 0.998956 0.988725 0.982265
0.889668 0.864857 1.12889 0.91285 0.95266 1.02903
end
gesture a12 hands 2
0.878563 0.621114 0.976474 0.789569 0.96088 1.15076
0.830256 0.630259 1.08784 1.07304 0.966348 1.03366
0.764849 0.633415 1.1578 1.04159 0.969423 1.01132
0.905818 0.943978 1.11067 0.961191 0.971148 0.997201
0.892623 0.808989 1.07086 0.835155 0.954212 1.11932
end
gesture a12 hands 2
0.791195 0.578614 1.13121 0.902768 0.895619 1.08715
0.791573 0.653791 1.09593 0.9126 0.918982 1.07622
0.844385 0.73501 1.09226 0.902801 0.913414 1.11083
0.863165 0.787376 1.0887 0.922432 0.942344 1.06528
0.863105 0.761308 1.10143 0.921563 0.941621 1.06487
end
gesture a12 hands 2
0.8052 0.611609 1.17772 0.923189 0.909389 1.09232
0.795602 0.694132 1.08096 0.917944 0.935026 1.07413
0.834311 0.727263 1.0839 0.914222 0.921696 1.11508
0.898719 0.861474 1.04105 0.929906 0.943816 1.07495
0.873019 0.760395 1.08683 0.927026 0.920017 1.06862
end
gesture a12 hands 2
0.829411 0.630688 1.18922 0.921824 0.888623 1.10493
0.814111 0.692332 1.12465 0.91205 0.926721 1.07843
0.860947 0.776596 1.11132 0.867345 0.924287 1.10184
0.864643 0.790617 1.08 0.920588 0.939167 1.08105
0.85769 0.705404 1.13923 0.923237 0.926964 1.07303
end
gesture a12 hands 2
0.785846 0.561352 0.981684 0.605162 0.698448 1.04767
1.01132 1.03523 0.970397 0.784343 0.752085 1.00424
0.989541 1.02925 1.12471 1.18951 1.23899 0.985939
1.0383 1.10821 1.06295 1.22532 1.18621 0.935215
0.925864 0.832863 1.05673 1.10028 1.06195 0.973463
end
gesture a12 hands 2
0.806122 0.649551 0.974863 0.655326 0.689595 1.08799
0.967742 0.980352 0.986556 0.993727 0.993635 0.995104
0.963857 0.922417 1.07328 1.19881 1.21883 1.00723
0.995009 1.02319 1.16463 1.18025 1.1363 0.972976
0.910745 0.815296 1.05974 1.06283 1.03123 1.01235
end
gesture a12 hands 2
0.783757 0.710086 1.00777 0.765977 0.744774 1.17944
1.07803 1.09604 1.12394 1.08007 1.13851 0.979623
0.965672 0.94634 1.08081 1.00431 1.0969 0.922692
1.10294 1.05887 1.09609 0.892132 0.932123 1.02469
0.853312 0.796635 1.03768 0.838312 0.86445 1.02038
end
gesture a12 hands 2
0.827333 0.69253 1.07004 0.957109 0.939586 1.07105
0.844998 0.798714 1.01198 0.95707 0.966902 1.03122
0.864166 0.960567 1.00292 0.963313 0.956094 1.03608
1.04081 1.16454 1.00085 0.969445 0.999293 1.02347
0.991312 1.06857 1.0001 0.96643 0.976029 1.05409
end
gesture a12 hands 2
0.851851 0.666161 1.0993 0.966692 0.952468 1.04284
0.849448 0.667435 1.07827 0.970388 0.961631 1.03907
1.02844 1.04491 1.04327 0.958379 0.935984 1.03718
1.01688 1.0653 0.958681 0.98225 0.974054 1.00667
0.934368 0.924406 0.985347 0.962898 0.952114 1.06424
end
gesture a12 hands 2
0.847383 0.706877 1.1185 0.957583 0.949896 1.06499
0.906528 0.923979 1.04167 0.987163 0.986965 0.993267
1.03301 1.08855 1.02709 0.980976 0.994003 0.994137
1.06866 1.08518 0.966049 0.963471 0.977975 1.04873
0.857215 0.749667 1.03992 0.935447 0.981346 1.03905
end
gesture a12 hands 2
0.767743 0.692898 0.939571 0.632387 0.578979 1.03401
1.06137 1.05485 1.0248 0.992697 1.13523 0.979151
1.02545 0.97985 1.17155 1.14874 1.18377 1.00824
1.10795 1.03163 1.06337 1.176 1.18773 1.05855
0.885994 0.862431 1.04811 0.859522 0.853376 1.0446
end
gesture a12 hands 2
0.7277 0.780525 0.969207 0.555443 0.613407 1.16404
0.739068 0.706535 1.0984 1.00065 1.00444 1.04953
0.95323 0.897791 1.1622 0.8659 0.898857 0.976088
1.05391 0.972565 1.05106 1.00312 0.997374 0.950032
0.880809 0.877731 1.01844 0.808433 0.85731 0.971444
end
gesture a12 hands 2
0.588199 0.695239 0.961802 0.508693 0.59692 1.14824
0.79477 0.884798 0.921811 1.22947 1.13575 1.02168
1.02695 1.01157 1.12525 1.22375 1.11817 1.04611
1.17348 1.04346 1.01437 1.02789 1.02686 0.987491
0.963171 0.90224 0.999621 0.83697 0.878462 1.02213
end
gesture a12 hands 2
0.825207 0.593549 1.04859 0.918055 0.928449 1.13265
0.842403 0.610264 1.03114 0.964099 0.95754 1.04724
0.866645 0.775958 1.01685 0.941405 0.95751 1.06854
0.956125 1.00173 1.01384 0.975385 0.957556 1.02744
0.917993 0.872731 1.0525 0.937602 0.957505 1.06904
end
gesture a12 hands 2
0.778847 0.594236 1.16493 0.918079 0.945916 1.06714
0.829589 0.79084 1.06981 0.919754 0.935319 1.09487
0.964676 0.961339 1.04583 0.935409 0.962641 1.04537
0.96806 0.90755 1.03667 0.976455 0.942552 1.0705
0.929767 0.838862 1.06469 0.942582 0.964639 1.03798
end
gesture a12 hands 2
0.751224 0.533066 1.18225 0.926584 0.953926 1.06243
0.797486 0.787153 1.09531 0.930939 0.953147 1.05031
0.907541 0.897168 1.08432 0.918084 0.943949 1.08924
0.958943 0.896619 1.06624 0.935295 0.952367 1.0382
0.960236 0.842249 1.06776 0.957971 0.933576 1.09719
end
gesture a12 hands 2
0.685859 0.537352 0.975358 0.549705 0.587687 1.21169
0.74118 0.62578 0.969738 0.62444 0.640914 1.10082
0.915257 0.882223 1.0359 0.92598 0.943502 1.05792
0.965711 0.924653 1.03875 0.958282 0.929514 1.03447
0.94534 0.872617 1.04362 0.945226 0.905533 1.0366
end
gesture a12 hands 2
0.686114 0.588339 1.01052 0.514181 0.542643 1.28156
0.862438 0.750014 1.1035 0.727366 0.742991 1.14681
0.96107 0.997829 1.09303 0.736602 0.763098 1.12877
1.00163 1.01931 1.0651 0.881056 0.88968 1.11159
0.982149 0.949388 1.03617 0.839596 0.866279 1.0356
end
gesture a12 hands 2
0.702185 0.593128 0.975028 0.559802 0.546185 1.23571
0.822121 0.776687 1.05559 0.870133 0.862869 1.08783
0.974394 1.05314 1.10484 0.61285 0.618792 1.13808
1.05581 1.09496 1.05825 0.965868 0.957431 1.06401
1.01438 0.983813 1.02519 0.848982 0.859592 1.01222
end
