Observações:
- Todos os gestos foram normalizados e centralizados na origem.

Template da Tabela:
  Gesto     g1 g2 g3 g4 g5 g6 g7
  VP        x  x  x  x  x  x  x
  VN        x  x  x  x  x  x  x
  FP        x  x  x  x  x  x  x
  FN        x  x  x  x  x  x  x

=================== Quantidade de Pontos Diferentes =====================
-------- Sem Processamento ---------
43	61	42	41	38	40	58
18	5	  1	  1	  7	  1	  0
0	  0	  2	  0	  0	  0	  5
0	  0	  6  	0  	0  	0  	0

-------- Laplacian ---------
43	61	42	41	38	40	58
18	5	  1	  1	  7	  1  	0
0	  0  	2  	0	  0	  0	  5
0	  0	  6	  0	  0	  0 	0

-------- B-Spline ---------
43	60	43	41	39	40	58
18	6	  1	  1	  6	  1	  0
0	  0	  2	  0	  0	  0	  5
0	  0	  5	  0	  0	  0	  0

-------- Curvatura ---------
43	62	40	41	38	40	59
18	4	  0	  1	  7	  1	  0
0  	0  	3  	0  	0  	0  	4
0  	0  	8  	0  	0  	0  	0

-------- Curvatura + Laplacian ---------
43	62	40	41	38	40	59
18	4  	0  	1  	7  	1  	0
0	  0	  3	  0	  0	  0	  4
0	  0	  8	  0	  0	  0	  0

-------- Curvatura + B-Spline ---------
43	61	42	41	38	40	59
18	5	  1	  1	  7	  1	  0
0  	0  	1  	0  	0  	0  	4
0  	0  	7  	0  	0  	0  	0

-------- DouglasPeuker ---------
43	59	37	41	41	39	56
18	5	  0	  1	  4	  2	  0
0	  0	  1	  0	  0	  0	  4
0	  2	  13 	0 	0 	0 	3

-------- DouglasPeuker + Laplacian ---------
43	60	39	41	37	39	55
18	5	  0	  1	  8 	2 	0
0	  0	  1	  0	  0	  0	  4
0	  1	  11	0 	0 	0 	4

-------- DouglasPeuker + B-Spline ---------
42	56	44	41	42	39	52
18	8	  3	  0	  3	  2	  3
0	  1	  0	  1	  0	  0	  6
1	  1	  4	  0	  0	  0	  2

==================== Quantidade de Pontos Iguais ========================

-------- Sem Processamento ---------
43	60	40	41	38	40	58
18	6	  2	  1	  7	  1	  0
0	  0	  1	  0	  0	  0	  5
0	  0	  8	  0	  0	  0	  0

-------- Laplacian ---------
43	60	40	41	38	40	59
18	6	  2	  1	  7	  1	  0
0	  0  	1  	0  	0  	0  	4
0	  0	  8	  0	  0	  0	  0

-------- B-Spline ---------
43	60	43	41	37	40	59
18	6	  1	  1	  8	  1	  0
0	  0	  0	  0	  0	  0	  4
0	  0	  7	  0	  0	  0	  0

-------- Curvatura ---------
43	61	40	41	38	40	56
18	5	  1	  1	  7	  1	  0
0	  0	  2	  0	  0	  0	  5
0	  0	  8	  0	  0	  0	  2

-------- Curvatura + Laplacian ---------
43	61	40	40	38	40	58
18	5	  1	  2	  7	  1	  0
0	  0	  2	  0	  0	  0	  4
0	  0	  8  	0  	0  	0  	1

-------- Curvatura + B-Spline ---------
43	60	42	41	37	40	59
18	6	  1	  1	  8	  1	  0
0	  0	  0	  0	  0	  0  	3
0	  0	  8	  0	  0	  0  	1

-------- DouglasPeuker ---------
42	59	42	41	41	39	54
18	5	  0	  1	  4	  2	  0
0	  1	  1	  0	  0	  0	  7
1	  1	  8	  0	  0	  0	  2

-------- DouglasPeuker + Laplacian ---------
43	60	40	41	35	39	55
18 	5  	0  	1  	10	2	  0
0	  0	  1	  0 	0	  0	  5
0	  1	  10  0  	0  	0  	3

-------- DouglasPeuker + B-Spline ---------
42	58	44	41	37	39	51
18	7	  3	  1	  8  	2  	3
0	  0	  0	  0  	0  	0  	7
1  	1  	4  	0  	0  	0  	2
