Observações:
- Todos os gestos foram normalizados e centralizados na origem.

Matriz de Confusão:
     g1 g2 g3 g4 g5 g6 g7
  g1 x  x  x  x  x  x  x
  g2 x  x  x  x  x  x  x
  g3 x  x  x  x  x  x  x
  g4 x  x  x  x  x  x  x
  g5 x  x  x  x  x  x  x
  g6 x  x  x  x  x  x  x
  g7 x  x  x  x  x  x  x

=================== Quantidade de Pontos Diferentes =====================
-------- Sem Processamento ---------
43	4	0	0	0	14	0
5	61	0	0	0	0	0
3	0	48	0	0	0	0
0	0	1	41	0	0	0
0	0	0	7	38	0	0
1	0	0	0	0	40	0
2	1	2	0	0	0	58
-------- Laplacian ---------
43	4	0	0	0	14	0
5	61	0	0	0	0	0
3	0	48	0	0	0	0
0	0	1	41	0	0	0
0	0	0	7	38	0	0
1	0	0	0	0	40	0
2	1	2	0	0	0	58
-------- B-Spline ---------
43	4	0	0	0	14	0
6	60	0	0	0	0	0
2	0	48	0	0	0	1
0	0	1	41	0	0	0
0	0	0	6	39	0	0
1	0	0	0	0	40	0
2	1	2	0	0	0	58
-------- Curvatura ---------
43	4	0	0	0	14	0
4	62	0	0	0	0	0
3	0	48	0	0	0	0
0	0	1	41	0	0	0
0	0	0	7	38	0	0
1	0	0	0	0	40	0
2	1	1	0	0	0	59
-------- Curvatura + Laplacian ---------
43	4	0	0	0	14	0
4	62	0	0	0	0	0
3	0	48	0	0	0	0
0	0	1	41	0	0	0
0	0	0	7	38	0	0
1	0	0	0	0	40	0
2	1	1	0	0	0	59
-------- Curvatura + B-Spline ---------
43	4	0	0	0	14	0
5	61	0	0	0	0	0
2	0	49	0	0	0	0
0	0	1	41	0	0	0
0	0	0	7	38	0	0
1	0	0	0	0	40	0
2	1	1	0	0	0	59
-------- DouglasPeuker ---------
43	2	0	0	0	16	0
5	61	0	0	0	0	0
1	0	50	0	0	0	0
0	0	1	41	0	0	0
0	0	0	4	41	0	0
2	0	0	0	0	39	0
0	4	0	0	0	0	59
-------- DouglasPeuker + Laplacian ---------
43	2	0	0	0	16	0
5	61	0	0	0	0	0
1	0	50	0	0	0	0
0	0	1	41	0	0	0
0	0	0	8	37	0	0
2	0	0	0	0	39	0
2	2	0	0	0	0	59
-------- DouglasPeuker + B-Spline ---------
43	3	0	0	0	15	0
9	57	0	0	0	0	0
2	1	48	0	0	0	0
0	0	1	41	0	0	0
0	0	0	3	42	0	0
2	0	0	0	0	39	0
0	3	6	0	0	0	54

==================== Quantidade de Pontos Iguais ========================

-------- Sem Processamento ---------
43	4	0	0	0	14	0
6	60	0	0	0	0	0
2	0	48	1	0	0	0
0	0	1	41	0	0	0
0	0	0	7	38	0	0
1	0	0	0	0	40	0
1	3	1	0	0	0	58
-------- Laplacian ---------
43	4	0	0	0	14	0
6	60	0	0	0	0	0
2	0	48	1	0	0	0
0	0	1	41	0	0	0
0	0	0	7	38	0	0
1	0	0	0	0	40	0
0	3	1	0	0	0	59
-------- B-Spline ---------
43	4	0	0	0	14	0
6	60	0	0	0	0	0
0	0	50	1	0	0	0
0	0	1	41	0	0	0
0	0	0	8	37	0	0
1	0	0	0	0	40	0
0	3	1	0	0	0	59
-------- Curvatura ---------
43	4	0	0	0	14	0
5	61	0	0	0	0	0
2	0	48	1	0	0	0
0	0	1	41	0	0	0
0	0	0	7	38	0	0
1	0	0	0	0	40	0
0	3	2	0	0	0	58
-------- Curvatura + Laplacian ---------
43	4	0	0	0	14	0
5	61	0	0	0	0	0
2	0	48	1	0	0	0
0	0	1	40	1	0	0
0	0	0	7	38	0	0
1	0	0	0	0	40	0
0	3	1	0	0	0	59
-------- Curvatura + B-Spline ---------
43	3	0	0	0	15	0
6	60	0	0	0	0	0
0	0	50	1	0	0	0
0	0	1	41	0	0	0
0	0	0	8	37	0	0
1	0	0	0	0	40	0
0	3	0	0	0	0	60
-------- DouglasPeuker ---------
43	2	0	0	0	16	0
6	60	0	0	0	0	0
1	0	50	0	0	0	0
0	0	1	41	0	0	0
0	0	0	4	41	0	0
2	0	0	0	0	39	0
0	4	3	0	0	0	56
-------- DouglasPeuker + Laplacian ---------
43	2	0	0	0	16	0
5	61	0	0	0	0	0
1	0	50	0	0	0	0
0	0	1	41	0	0	0
0	0	0	10	35	0	0
2	0	0	0	0	39	0
2	2	1	0	0	0	58
-------- DouglasPeuker + B-Spline ---------
43	2	0	0	0	16	0
7	59	0	0	0	0	0
2	1	48	0	0	0	0
0	0	1	41	0	0	0
0	0	0	8	37	0	0
1	1	0	0	0	39	0
1	4	5	0	0	0	53
