Normal

   128     0     0     0     0    12     0
     3   114     0     0     0     3     0
     0     0   177     0     0     0     0
     0     0     1    94     0     0     0
     0     0     0     0   138     0     0
     0     0     0     0     0   116     0
     0     2    19     0     0     0    95


Laplacian

   128     0     0     0     0    12     0
     3   113     0     0     0     4     0
     0     0   177     0     0     0     0
     0     0     1    94     0     0     0
     0     0     0     0   138     0     0
     0     0     0     0     0   116     0
     0     2    20     0     0     0    94


Curvature

   128     0     0     0     0    12     0
     3   117     0     0     0     0     0
     0     0   177     0     0     0     0
     0     0     0    94     1     0     0
     0     0     0     0   138     0     0
     0     0     0     0     0   116     0
     0     2    20     0     0     0    94


DouglasPeucker

   128     0     0     0     0    12     0
     1   119     0     0     0     0     0
     0     0   177     0     0     0     0
     0     0     0    94     1     0     0
     0     0     0     0   138     0     0
     0     0     0     0     0   116     0
     0     2    21     0     0     0    93


Laplacian + Curvature

   128     0     0     0     0    12     0
     3   117     0     0     0     0     0
     0     0   177     0     0     0     0
     0     0     1    94     0     0     0
     0     0     0     0   138     0     0
     0     0     0     0     0   116     0
     1     1    21     0     0     0    93


Laplacian + DouglasPeucker

   128     0     0     0     0    12     0
     0   117     0     0     0     3     0
     0     0   177     0     0     0     0
     0     0     0    94     1     0     0
     0     0     0     0   138     0     0
     0     0     0     0     0   116     0
     0     1    19     0     0     0    96
