Normal

   131     0     0     0     0     9     0
    23    91     0     0     0     6     0
     2     0   175     0     0     0     0
     1     0     0    94     0     0     0
     0     0     1     1   136     0     0
     0     0     0     0     0   116     0
     1     0    24     0     0     0    91


Laplacian

   130     0     0     0     0    10     0
    24    89     0     0     0     7     0
     3     0   174     0     0     0     0
     1     0     0    94     0     0     0
     0     0     1     1   136     0     0
     0     0     0     0     0   116     0
     1     0    24     0     0     0    91


Curvature

   130     0     0     0     0    10     0
    26    87     0     0     0     7     0
     3     0   174     0     0     0     0
     0     0     0    94     1     0     0
     0     0     2     0   136     0     0
     0     0     0     0     0   116     0
     1     0    28     0     0     0    87


DouglasPeucker

   130     1     0     0     0     9     0
    12   108     0     0     0     0     0
     0     0   177     0     0     0     0
     0     0     0    94     1     0     0
     0     0     0     2   136     0     0
     0     0     0     0     0   116     0
     1     1    51     0     0     0    63


Laplacian + Curvature

   130     1     0     0     0     9     0
    19    99     0     0     0     2     0
     0     0   177     0     0     0     0
     0     0     0    94     1     0     0
     0     0     0     2   136     0     0
     0     0     0     0     0   116     0
     1     1    58     0     0     0    56


Laplacian + DouglasPeucker

   128     0     0     0     0    12     0
    36    66     0     0     0    18     0
     0     0   177     0     0     0     0
     0     0     0    92     3     0     0
     0     0     0     0   138     0     0
     0     0     0     0     0   116     0
     1     1    57     0     2     0    55
