Normal

    60     0     0     0     0     0     0
     8    38     0     0     0     5     0
     1     0    74     0     0     0     0
     0     0     0    40     0     0     0
     0     0     0     1    58     0     0
     0     0     0     0     0    49     0
     0     0    18     0     0     0    31


Laplacian

    60     0     0     0     0     0     0
     9    36     0     0     0     6     0
     2     0    73     0     0     0     0
     0     0     0    40     0     0     0
     0     0     0     1    58     0     0
     0     0     0     0     0    49     0
     0     0    18     0     0     0    31


Curvature

    60     0     0     0     0     0     0
    11    34     0     0     0     6     0
     2     0    73     0     0     0     0
     0     0     0    40     0     0     0
     0     0     1     0    58     0     0
     0     0     0     0     0    49     0
     0     0    20     0     0     0    29


DouglasPeucker

    60     0     0     0     0     0     0
     5    46     0     0     0     0     0
     0     0    75     0     0     0     0
     0     0     0    40     0     0     0
     0     0     0     1    58     0     0
     0     0     0     0     0    49     0
     0     1    27     0     0     0    21


Laplacian + Curvature

    60     0     0     0     0     0     0
     8    41     0     0     0     2     0
     0     0    75     0     0     0     0
     0     0     0    40     0     0     0
     0     0     0     2    57     0     0
     0     0     0     0     0    49     0
     0     1    31     0     0     0    17


Laplacian + DouglasPeucker

    60     0     0     0     0     0     0
    20    18     0     0     0    13     0
     0     0    75     0     0     0     0
     0     0     0    39     1     0     0
     0     0     0     0    59     0     0
     0     0     0     0     0    49     0
     0     1    28     0     1     0    19
