Normal

   128     0     0     0     0    12     0
     1   118     0     0     0     1     0
     0     0   177     0     0     0     0
     0     0     1    94     0     0     0
     0     0     0     0   138     0     0
     0     0     0     0     0   116     0
     1     1    21     0     0     0    93


Laplacian

   128     0     0     0     0    12     0
     2   118     0     0     0     0     0
     0     0   177     0     0     0     0
     0     0     1    94     0     0     0
     0     0     0     0   138     0     0
     0     0     0     0     0   116     0
     1     1    21     0     0     0    93


Curvature

   128     0     0     0     0    12     0
     1   118     0     0     0     1     0
     0     0   177     0     0     0     0
     0     0     1    94     0     0     0
     0     0     0     0   138     0     0
     0     0     0     0     0   116     0
     0     2    22     0     0     0    92


DouglasPeucker

   128     0     0     0     0    12     0
     1   119     0     0     0     0     0
     0     0   177     0     0     0     0
     0     0     0    94     1     0     0
     0     0     0     0   138     0     0
     0     0     0     0     0   116     0
     0     2    21     0     0     0    93


Laplacian + Curvature

   128     0     0     0     0    12     0
     1   119     0     0     0     0     0
     0     0   177     0     0     0     0
     0     0     1    94     0     0     0
     0     0     0     0   138     0     0
     0     0     0     0     0   116     0
     0     2    22     0     0     0    92


Laplacian + DouglasPeucker

   128     0     0     0     0    12     0
     2   115     0     0     0     3     0
     0     0   177     0     0     0     0
     0     0     1    94     0     0     0
     0     0     0     0   138     0     0
     0     0     0     0     0   116     0
     0     1    18     0     0     0    97
