Normal

    60     0     0     0     0     0     0
     0    51     0     0     0     0     0
     0     0    75     0     0     0     0
     0     0     0    40     0     0     0
     0     0     0     0    59     0     0
     0     0     0     0     0    49     0
     0     0     1     0     0     0    48


Laplacian

    60     0     0     0     0     0     0
     0    51     0     0     0     0     0
     0     0    75     0     0     0     0
     0     0     0    40     0     0     0
     0     0     0     0    59     0     0
     0     0     0     0     0    49     0
     0     0     1     0     0     0    48


Curvature

    60     0     0     0     0     0     0
     0    51     0     0     0     0     0
     0     0    75     0     0     0     0
     0     0     0    40     0     0     0
     0     0     0     0    59     0     0
     0     0     0     0     0    49     0
     0     1     1     0     0     0    47


DouglasPeucker

    60     0     0     0     0     0     0
     0    51     0     0     0     0     0
     0     0    75     0     0     0     0
     0     0     0    40     0     0     0
     0     0     0     0    59     0     0
     0     0     0     0     0    49     0
     0     0     0     0     0     0    49


Laplacian + Curvature

    60     0     0     0     0     0     0
     0    51     0     0     0     0     0
     0     0    75     0     0     0     0
     0     0     0    40     0     0     0
     0     0     0     0    59     0     0
     0     0     0     0     0    49     0
     0     0     1     0     0     0    48


Laplacian + DouglasPeucker

    60     0     0     0     0     0     0
     0    51     0     0     0     0     0
     0     0    75     0     0     0     0
     0     0     0    40     0     0     0
     0     0     0     0    59     0     0
     0     0     0     0     0    49     0
     0     0     0     0     0     0    49
