G1 =

 61.0000    1.4878
 61.0000    1.5294
 28.0500    0.3267
 18.0333    0.1574
 27.7167    0.3209
 15.5167    0.1111


G2 =

 57.0000    1.4201
 57.0000    1.4452
 27.9412    0.3251
 25.9216    0.2148
 27.5490    0.3176
 20.1569    0.1404


G3 =

 89.0000    2.2270
 89.0000    2.1902
 38.1333    0.4388
 14.8533    0.1977
 37.6133    0.4313
 10.7467    0.1329


G4 =

 70.0000    1.7498
 70.0000    1.6488
 33.4250    0.3882
 28.0250    0.2341
 33.1250    0.3826
 24.9500    0.1754


G5 =

 85.0000    2.0984
 85.0000    2.0422
 29.4576    0.3451
 28.7119    0.2416
 28.9153    0.3357
 27.5932    0.1958


G6 =

 66.0000    1.5625
 66.0000    1.5188
 33.9184    0.3971
 21.9796    0.1867
 33.8980    0.3864
 19.5306    0.1415


G7 =

101.0000    2.4129
101.0000    2.3165
 46.5306    0.5348
 14.7959    0.2217
 46.2449    0.5278
  9.8163    0.1532
