G1 =

   61.0000    0.6004
   61.0000    0.6005
   28.4714    0.1431
   19.1286    0.0704
   28.1571    0.1405
   16.2071    0.0502


G2 =

   57.0000    0.5656
   57.0000    0.5647
   27.7833    0.1399
   25.8083    0.0966
   27.4250    0.1372
   18.6583    0.0563


G3 =

   89.0000    0.8697
   89.0000    0.8720
   41.2034    0.2043
   17.4859    0.0946
   40.8531    0.2016
   12.0282    0.0589


G4 =

   70.0000    0.6874
   70.0000    0.6894
   33.0737    0.1660
   27.2211    0.0964
   32.7684    0.1636
   24.4526    0.0732


G5 =

   85.0000    0.8329
   85.0000    0.8347
   35.6377    0.1795
   31.4855    0.1118
   35.2681    0.1753
   28.7029    0.0857


G6 =

   66.0000    0.6485
   66.0000    0.6498
   31.9828    0.1598
   22.4828    0.0791
   31.8190    0.1575
   19.9828    0.0604


G7 =

  101.0000    0.9844
  101.0000    0.9870
   45.3017    0.2343
   15.0776    0.0946
   44.8362    0.2223
    9.8017    0.0639
