G1 =

   16.2071    0.0032
   16.2071    0.0032
    9.3429    0.0011
    8.8571    0.0005
    5.6643    0.0003
    5.6643    0.0002


G2 =

   18.6583    0.0036
   18.6583    0.0036
   10.5417    0.0012
   10.1167    0.0006
    6.2500    0.0003
    6.2500    0.0003


G3 =

   12.0282    0.0036
   12.0282    0.0036
    7.2994    0.0012
    5.3616    0.0006
    3.9492    0.0002
    2.8475    0.0002


G4 =

   24.4526    0.0046
   24.4526    0.0046
   13.4842    0.0014
   13.2316    0.0007
    7.8737    0.0003
    7.8737    0.0003


G5 =

   28.7029    0.0054
   28.7029    0.0054
   15.5870    0.0017
   15.2536    0.0008
    8.8768    0.0003
    8.7754    0.0003


G6 =

   19.9828    0.0038
   19.9828    0.0039
   11.2500    0.0012
   10.6466    0.0006
    6.5776    0.0003
    6.5431    0.0003


G7 =

    9.8017    0.0038
    9.8017    0.0038
    6.1034    0.0013
    4.2586    0.0006
    3.3793    0.0003
    2.5517    0.0003
