G1 =

   15.5167    0.0031
   15.5167    0.0030
    8.9667    0.0011
    8.4167    0.0005
    5.4500    0.0002
    5.4500    0.0002


G2 =

   20.1569    0.0038
   20.1569    0.0038
   11.2549    0.0012
   10.8431    0.0006
    6.6078    0.0003
    6.6078    0.0003


G3 =

   10.7467    0.0034
   10.7467    0.0034
    6.6533    0.0011
    5.0000    0.0005
    3.7467    0.0002
    2.8533    0.0002


G4 =

   24.9500    0.0047
   24.9500    0.0047
   13.7250    0.0014
   13.4500    0.0007
    8.0000    0.0003
    8.0000    0.0003


G5 =

   27.5932    0.0053
   27.5932    0.0051
   15.0169    0.0016
   14.5932    0.0008
    8.5085    0.0003
    8.3729    0.0003


G6 =

   19.5306    0.0040
   19.5306    0.0038
   10.9796    0.0012
   10.2857    0.0006
    6.3878    0.0003
    6.3469    0.0003


G7 =

    9.8163    0.0041
    9.8163    0.0039
    6.0816    0.0013
    4.1224    0.0006
    3.3469    0.0003
    2.6531    0.0002
