G1 =

   46.3214    0.4669
   46.3214    0.4482
   24.4071    0.1230
   18.6000    0.0672
   24.4071    0.1285
   16.2500    0.0510


G2 =

   42.2333    0.4187
   42.2333    0.3919
   22.3667    0.1138
   24.6750    0.0861
   22.3667    0.1143
   18.4500    0.0566


G3 =

   77.0734    0.7673
   77.0734    0.7002
   39.7797    0.1958
   17.4463    0.0925
   39.7797    0.1952
   12.1356    0.0596


G4 =

   56.4632    0.5991
   56.4632    0.5169
   29.5263    0.1470
   26.1789    0.0919
   29.5263    0.1469
   24.6842    0.0742


G5 =

   67.0145    0.6677
   67.0145    0.6118
   34.7681    0.1722
   31.0072    0.1083
   34.7681    0.1721
   28.9275    0.0869


G6 =

   56.4397    0.5692
   56.4397    0.5158
   29.4655    0.1466
   22.1293    0.0775
   29.4655    0.1464
   20.0172    0.0609


G7 =

   77.8707    0.7294
   77.8707    0.7049
   40.1983    0.1966
   15.0517    0.0907
   40.1983    0.1964
    9.7414    0.0642
