G1 =

   47.7667    1.0164
   47.7667    0.9782
   25.1333    0.2974
   17.8667    0.1617
   25.1333    0.3008
   15.6000    0.1209


G2 =

   41.9020    0.8768
   41.9020    0.8689
   22.2157    0.2706
   24.7451    0.2091
   22.2157    0.2724
   19.9216    0.1492


G3 =

   64.2533    1.3141
   64.2533    1.4624
   33.3733    0.3995
   14.8533    0.1945
   33.3733    0.3804
   10.7867    0.1360


G4 =

   55.3250    1.1380
   55.3250    1.2252
   28.9500    0.3453
   26.4500    0.2283
   28.9500    0.3267
   25.3000    0.1814


G5 =

   46.7966    1.0086
   46.7966    1.0152
   24.6441    0.2893
   28.5932    0.2442
   24.6441    0.2992
   27.6780    0.1961


G6 =

   65.0408    1.3170
   65.0408    1.3577
   33.7347    0.3812
   21.8163    0.1929
   33.7347    0.4015
   19.5306    0.1443


G7 =

   83.6122    1.6901
   83.6122    1.7904
   43.0816    0.5029
   14.7755    0.2244
   43.0816    0.4958
    9.8571    0.1569
