gesture a06 hands 2
0.938574 0.482655 1.19935 0.925706 0.948372 1.06781
1.02596 0.598187 1.09 1.03648 0.999748 0.977401
1.02985 0.855856 1.16269 1.0337 1.03134 0.934541
0.982365 1.00101 1.0248 0.930169 0.966332 0.965584
0.973893 1.0066 0.973165 0.924535 0.920619 1.1292
0.974741 0.904012 0.993646 0.978801 0.98008 1.08803
end
gesture a06 hands 2
0.928005 0.438638 1.2921 0.944393 0.981762 1.0923
0.939543 0.483584 1.15237 1.00662 0.984903 1.06535
0.978891 0.730142 1.21002 0.97882 1.00892 0.956188
0.978353 0.776332 1.19495 0.928591 0.906472 0.978519
0.953782 0.92527 1.05566 0.940457 0.961004 1.13811
0.95379 0.861167 1.0074 0.93255 0.963084 1.16681
end
gesture a06 hands 2
0.900299 0.601686 1.19998 0.952952 0.963518 1.11312
0.953396 0.585949 1.17799 0.940313 0.967483 1.13981
0.957623 0.629921 1.07655 1.01679 1.02019 0.925781
1.00817 0.861622 1.11434 0.948828 0.954812 0.923744
0.994496 1.0383 0.973412 0.961104 0.970762 1.144
0.928795 0.717334 1.06236 0.97289 0.962306 0.994091
end
gesture a06 hands 2
0.898899 0.702814 1.11441 0.880229 0.871591 1.15114
0.971413 0.711751 1.1441 0.956965 0.829501 1.16637
0.998631 0.828138 1.09312 1.0462 0.911106 1.04962
0.968768 1.07359 0.988062 0.983147 1.10669 0.887218
0.991128 1.03173 0.930907 0.957728 1.15102 0.939087
0.970284 0.861496 1.03762 0.941164 0.945902 1.07555
end
gesture a06 hands 2
0.93438 0.688278 1.1938 0.879858 0.74611 1.17151
1.0072 0.775018 1.09048 0.991834 0.791891 1.09481
0.983546 1.01911 1.00465 1.02733 0.995376 1.04882
0.978669 0.938444 1.02338 0.983442 1.09213 1.01275
0.9881 1.02221 0.951158 0.950032 1.08345 0.975931
0.973792 0.85778 1.0421 0.947689 0.877832 1.07193
end
gesture a06 hands 2
0.984913 0.548524 1.10159 0.966586 0.812679 1.12243
1.04664 0.697103 1.07117 1.02491 0.978135 0.894575
0.99504 0.949987 0.973308 0.989687 1.08155 0.919268
1.09168 1.0299 0.962219 1.00634 0.974677 0.873039
0.862691 1.14828 1.08422 0.95046 1.22803 0.953243
0.835383 1.15207 1.09571 0.965688 0.846989 1.13775
end
gesture a06 hands 2
0.955261 0.493412 1.20319 1.02798 0.868767 1.02753
1.10961 0.66051 1.22616 0.92103 0.986634 0.835373
1.06186 0.771921 1.15555 0.893789 1.03523 0.821128
1.11662 0.687272 1.22857 0.942446 1.03775 1.05759
1.02112 0.910094 1.08734 0.946847 1.01336 1.15607
1.0578 0.861922 1.07206 1.00893 0.919469 0.997384
end
gesture a06 hands 2
1.01896 0.3993 1.35238 1.00058 0.90558 1.00935
1.11317 0.528877 1.32806 0.927185 0.955751 0.892967
1.114 0.572822 1.30949 0.88444 0.98697 0.879022
1.02058 0.796063 1.15956 1.00544 0.982665 1.11421
1.02112 0.832422 1.11788 0.932874 1.00019 1.19611
1.04324 0.755838 1.12158 0.899547 0.987453 1.039
end
gesture a06 hands 2
1.0266 0.481231 1.34075 1.01593 0.936819 1.03544
1.12047 0.648229 1.27978 0.890744 0.99405 0.941255
1.02645 0.872544 1.11746 0.99878 0.990182 1.12899
1.02767 0.647837 1.19897 0.904592 0.998727 1.17725
1.05244 0.829574 1.08106 0.884083 0.977219 1.03929
1.02594 0.614224 1.21688 1.00323 0.925209 1.05261
end
gesture a06 hands 2
1.01321 0.636498 1.1382 0.976539 0.947871 1.03295
1.02634 0.806575 1.13945 0.876056 1.01151 0.915772
0.97606 0.962345 1.01823 0.885807 1.00326 0.972279
0.953757 0.94604 0.984027 0.932729 0.94569 1.12942
0.962247 0.891574 1.00348 0.935554 0.952383 1.13037
0.992048 0.786334 1.0981 0.980977 0.949312 1.02912
end
gesture a06 hands 2
1.00849 0.603299 1.2385 0.952563 0.926765 1.06045
1.01596 0.63533 1.14557 0.960744 0.928696 1.07929
1.04414 0.686264 1.14716 0.94425 0.999486 0.896771
1.02491 0.875027 1.12871 0.955502 0.948436 1.1248
0.984879 0.93524 1.0408 0.943462 0.954884 1.09691
0.962458 0.8308 1.05188 0.928477 0.960708 1.03949
end
gesture a06 hands 2
1.0248 0.658038 1.22124 0.958196 0.955352 0.983806
1.02729 0.687058 1.11813 0.969219 0.946925 1.06884
1.06164 0.835227 1.15696 0.932501 0.963875 0.9603
1.00625 0.988212 1.04726 0.944964 1.01249 0.964667
0.964531 0.960132 0.987806 0.961555 0.957167 1.12576
0.975697 0.889242 1.03782 0.968967 0.964556 1.03837
end
gesture a06 hands 2
1.00558 0.367983 1.20558 0.960651 0.953341 1.03838
1.09175 0.617443 1.19401 0.969242 0.988969 0.982831
1.02674 0.838145 1.05925 0.991605 0.973996 1.0366
1.00216 0.999996 1.10187 0.961535 0.992067 0.996619
0.963555 1.09233 0.973816 0.989784 0.999881 1.05339
0.976395 0.80967 1.02392 0.970345 0.955008 1.04598
end
gesture a06 hands 2
1.01106 0.386817 1.20474 0.962045 0.964156 1.00152
1.06217 0.545829 1.17021 0.999021 0.94239 1.01536
1.01227 0.842199 1.10183 0.948657 0.995652 0.983964
0.976431 1.14238 1.04252 0.991754 0.997352 1.01727
0.951826 1.12012 0.942494 0.962408 0.955393 1.0893
0.977722 0.855793 1.05452 0.968808 0.954985 0.981748
end
gesture a06 hands 2
0.934385 0.386387 1.13392 0.969499 0.93759 1.07482
0.968045 0.761195 1.09287 0.96536 0.997942 1.02287
0.96491 0.804242 1.07107 0.988307 0.945639 1.02019
0.944604 1.0151 1.03568 0.98464 0.919963 1.04236
0.968026 1.06229 1.05716 0.962017 0.974942 1.04323
1.02235 0.871302 1.06502 0.956303 0.978159 1.04901
end
gesture a06 hands 2
0.93412 0.504427 1.1806 0.953143 0.944267 1.07119
0.996465 0.741944 1.13905 0.957298 0.974475 1.04417
0.982972 0.937793 1.04354 0.970316 0.929275 1.05208
1.00339 0.933326 0.998129 0.958683 0.984544 1.03516
1.00607 0.877872 1.00832 0.964324 0.989385 1.03979
0.974248 0.705971 1.09988 0.959171 0.95185 1.03455
end
gesture a06 hands 2
0.885489 0.465806 1.15264 0.966375 0.93501 1.06306
0.949461 0.700227 1.08794 0.963568 0.965015 1.03599
0.948286 0.753395 1.07843 0.971802 0.948739 1.0373
0.947831 0.948445 1.01942 0.965106 0.958632 1.04271
1.0168 0.995173 1.05196 0.960762 0.995021 1.00893
0.997059 0.765637 1.09992 0.960606 0.928147 1.09323
end
gesture a06 hands 2
0.95893 0.399252 1.19628 0.972753 0.94443 1.07364
0.957706 0.418413 1.17222 0.961741 1.00518 0.97716
0.979148 0.511067 1.11448 0.965341 0.91131 0.998342
0.973702 0.901184 1.113 0.951526 0.913716 1.02711
0.973475 0.988911 0.975631 0.973986 0.987898 1.08857
0.980664 0.890953 0.96823 0.993382 0.975351 1.05727
end
gesture a06 hands 2
0.976591 0.494545 1.26651 0.974458 0.993958 1.05833
0.977597 0.629603 1.18143 0.953716 0.886726 1.0053
0.969045 0.840852 1.17105 0.961 0.908966 1.01143
0.96787 0.927441 1.03968 0.950153 0.885643 0.986085
0.971986 0.895924 1.00199 0.987329 0.957731 1.06434
0.976853 0.772769 1.06581 0.965193 0.97332 1.06047
end
gesture a06 hands 2
0.953679 0.520025 1.24903 0.989489 0.97035 0.995739
1.00589 0.820391 1.16309 0.941723 0.978477 1.0172
0.979916 0.941938 1.01887 0.9818 0.915517 0.994775
0.979421 0.79538 1.08511 0.967122 0.964952 1.12555
0.979347 0.899846 0.987461 0.976506 0.972093 1.10399
0.979256 0.746528 1.10719 0.969038 1.01748 1.02713
end
gesture a06 hands 2
0.960498 0.395035 1.22449 0.956529 0.969592 1.05935
1.01104 0.481924 1.1504 0.960071 0.97622 0.982103
0.971881 0.676784 1.19036 0.975893 0.957442 1.0678
0.968119 0.895757 1.05558 0.960078 0.966233 1.0524
0.99712 0.882719 0.984512 0.951293 0.973783 1.11073
0.990269 0.763645 1.04603 0.928435 0.978576 1.09194
end
gesture a06 hands 2
0.966558 0.329468 1.31543 0.946438 0.966494 1.08175
0.986612 0.354559 1.23414 0.95073 0.972399 0.996116
1.00589 0.448411 1.19439 0.991783 0.906977 1.05413
0.985219 0.702403 1.20399 0.954507 0.966833 1.08263
0.965589 0.864613 1.06188 0.968714 0.93391 1.09888
0.964418 0.785497 1.04724 0.949182 0.975384 1.08671
end
gesture a06 hands 2
0.959965 0.454241 1.31966 0.948412 0.969923 1.06503
0.995715 0.510277 1.15327 0.959117 0.963687 1.0382
0.995648 0.564424 1.142 0.952805 0.939741 1.03738
0.963444 0.766971 1.18605 0.970073 0.97478 1.04626
0.956852 0.935001 1.06871 0.986308 1.00107 1.04507
1.00919 0.892997 0.981859 0.977839 0.984175 1.05407
end
gesture a06 hands 2
0.981677 0.451286 1.3109 0.945155 0.942921 1.07674
1.02382 0.521822 1.21326 0.949445 0.956992 1.05078
1.01116 0.680343 1.2025 0.976716 0.955873 1.01029
0.98789 0.812057 1.11489 0.941971 0.94967 1.06689
0.976209 0.82965 1.06492 0.944143 0.968942 1.04095
0.970674 0.711851 1.11167 0.926087 0.950611 1.14333
end
gesture a06 hands 2
0.959482 0.42726 1.29373 0.929689 0.952635 1.12019
1.00778 0.553086 1.17575 0.949916 0.966019 1.03828
1.00111 0.650058 1.18602 0.957228 0.954368 1.06185
0.984256 0.796765 1.12718 0.962712 0.94563 1.07952
0.979668 0.854011 1.04513 0.961357 0.952449 1.03071
0.979328 0.799841 1.03223 0.96454 0.942717 1.08541
end
gesture a06 hands 2
0.961049 0.416514 1.26442 0.917127 0.940491 1.12664
0.990399 0.434957 1.22913 0.933437 0.946077 1.09122
1.00429 0.479788 1.20038 0.916424 0.942965 1.09676
0.982096 0.735323 1.14967 0.927991 0.942759 1.10064
0.977548 0.766906 1.0793 0.949747 0.951662 1.05581
0.975953 0.739025 1.08706 0.930888 0.921718 1.12428
end
gesture a15 hands 2
0.996703 0.920909 1.03304 1.04375 0.966964 1.0847
0.939393 0.984691 1.09041 0.920746 0.946889 1.07267
1.01783 1.04539 1.15233 0.805448 0.975362 1.02268
0.989539 0.98964 1.08221 0.915355 0.957549 1.00816
0.951735 0.983788 1.11692 1.02855 0.955197 1.03994
0.967365 0.933291 0.95383 1.03607 0.955954 1.06888
end
gesture a15 hands 2
0.948947 0.958925 1.02848 1.00561 0.98008 1.09498
0.915274 0.940571 1.0795 0.919038 0.964739 1.08854
0.983591 1.03743 1.19707 0.811135 0.98292 0.981449
0.989642 0.942694 0.963945 0.98733 0.972783 0.996793
1.0275 0.925974 1.00689 1.00287 0.956694 1.04639
1.00154 0.94595 0.976432 1.06024 0.973045 1.00112
end
gesture a15 hands 2
0.869435 0.87674 0.980579 1.01967 0.961425 1.06448
0.980856 0.971539 1.04683 0.852722 0.966542 1.02141
0.922785 0.910752 1.0258 0.842713 0.995027 0.959788
1.06585 1.06522 1.05438 1.05051 0.980222 0.957314
0.925192 0.885004 1.00278 1.07384 0.977763 1.01089
0.831027 0.890434 1.04846 0.87264 0.959531 1.06716
end
gesture a15 hands 2
1.05766 0.895815 1.13403 0.979749 0.956037 1.10144
0.872481 0.984357 0.99814 0.980658 0.938809 1.08897
0.875986 0.992581 1.00099 0.873736 0.949419 1.1039
0.863062 0.991994 1.05307 0.856251 0.936726 1.01233
0.913453 0.985268 1.03057 0.968172 0.949659 1.02999
1.0543 0.905674 1.09914 1.00491 0.947532 1.11758
end
gesture a15 hands 2
1.07781 0.948645 1.05149 1.05826 0.976287 1.07286
1.01881 0.944829 1.05906 0.887347 0.978933 1.00047
0.997122 0.959868 1.10654 0.845289 0.959413 1.03611
0.908463 0.998912 0.96954 0.948865 0.966498 0.984294
0.884923 1.02727 0.950015 0.99426 0.967757 1.06389
1.01509 0.928354 1.11022 0.946389 0.9568 1.05782
end
gesture a15 hands 2
1.03689 0.896549 1.06544 1.09328 0.968837 1.03822
1.00028 0.885516 1.08004 0.767105 0.983659 1.16458
0.897521 1.07558 1.01789 0.803686 0.994893 0.982473
0.890326 0.999792 0.973296 1.06962 0.977495 1.00648
1.10105 0.933062 1.01082 0.850107 1.01442 1.03015
1.11082 0.897162 1.04883 1.16163 0.968906 0.9953
end
gesture a15 hands 2
1.09836 0.875281 1.07378 1.07552 0.984099 1.01602
0.934556 1.05249 0.98516 1.11504 0.96394 1.04351
0.853091 1.13274 0.966059 0.98144 0.97895 0.925732
0.893407 1.10128 0.951567 0.825749 0.982652 1.12702
0.948539 0.951597 1.01605 1.15881 0.970816 0.989042
1.09606 0.904498 1.02584 1.17952 0.974939 0.968395
end
gesture a15 hands 2
1.10432 0.908183 1.13991 1.18446 1.07747 1.12622
0.992429 0.886914 1.05218 0.993773 0.917211 1.14167
0.948175 0.873035 1.07117 0.984264 0.937872 0.979662
0.922065 1.07405 0.983631 0.855024 0.956926 0.984765
0.975364 1.0956 1.0201 0.932242 0.985423 0.903186
0.999767 0.996775 1.01878 0.894542 1.00912 0.984341
end
gesture a15 hands 2
0.950837 0.927744 1.05365 0.995904 0.969623 1.03134
0.93342 0.92898 1.05539 0.94876 0.953259 1.05349
1.01371 1.00047 1.0552 0.885578 1.01105 1.02807
0.9827 1.00338 1.05863 0.914546 0.983016 0.986489
1.09399 1.07196 1.055 0.957693 0.951735 1.05909
0.894913 0.947843 0.979241 0.969114 0.960356 1.02007
end
gesture a15 hands 2
0.890713 0.905563 0.995741 0.960571 0.941428 1.01028
0.895738 0.93458 1.06458 0.909289 0.974451 1.0549
1.07181 1.07569 1.03595 0.942011 0.97532 1.00717
1.01582 0.980535 1.10655 0.994043 0.961149 1.10737
0.93452 0.888018 1.00529 0.999903 0.958359 1.05962
0.942923 0.900484 1.01548 1.01084 0.954413 1.05903
end
gesture a15 hands 2
0.925994 0.922238 1.00065 0.992071 0.966684 1.03462
1.04054 1.03096 1.0739 0.963149 0.949047 1.02487
1.07194 1.02661 1.15587 0.891294 0.982043 1.00488
0.988725 0.976045 1.03786 0.916562 0.970768 1.0031
0.909005 0.939644 0.985619 0.966485 0.971084 1.10649
0.939549 0.941137 0.989473 1.03227 0.974756 1.0764
end
gesture a15 hands 2
1.00425 0.937952 1.02353 1.03268 0.981665 1.01439
0.952336 0.946364 1.05192 1.01551 0.973883 1.0377
1.01702 1.02408 1.0464 0.926208 0.966254 1.0617
1.00433 1.0596 1.01156 0.913344 0.951795 1.04687
0.934334 0.991091 1.04947 0.987769 0.983818 1.00301
0.980932 0.935724 1.01207 1.00101 0.997735 0.980211
end
gesture a15 hands 2
0.915992 0.925812 0.996262 0.960623 0.994575 1.0302
0.899087 0.911383 1.01626 0.943357 0.979015 1.06648
0.933364 0.958064 1.01486 0.956461 0.984184 1.05778
1.03357 1.02325 1.13667 0.926091 0.963455 1.10276
0.946828 0.965673 1.07695 0.917025 0.93396 1.05215
0.973518 0.897418 0.99352 1.00817 0.976537 1.02109
end
gesture a15 hands 2
0.959339 0.915885 1.00586 1.01135 0.983124 1.04764
0.914201 0.952711 0.991098 1.00848 0.991308 1.01905
0.959524 0.978216 1.01216 0.956954 0.985747 1.04711
1.02161 1.05179 1.14881 0.933155 0.925272 1.06772
0.963931 0.960158 1.01088 0.892149 0.959058 1.04431
0.935511 0.920933 0.979049 1.00525 0.979157 1.00679
end
gesture a15 hands 2
1.0738 0.909025 1.07918 1.02435 0.96585 1.03976
0.944109 1.01869 1.01058 0.897959 0.953398 1.08744
0.848642 1.02234 1.01824 0.966412 0.959281 1.05323
0.855494 0.999057 0.993888 0.885782 0.952154 1.11314
0.998637 0.946067 1.08059 0.985171 0.960828 1.05039
1.02102 0.905618 1.08705 0.984188 0.968175 1.0456
end
gesture a15 hands 2
1.06587 0.87615 1.10161 1.00041 0.954141 1.06928
1.02761 0.907553 1.06527 0.979639 0.967413 1.05271
0.887658 1.0019 1.03744 0.950259 0.97113 1.08077
0.8393 1.02074 1.05148 0.881212 0.92293 1.05103
0.862432 0.992785 1.04891 0.977793 0.944423 1.03737
1.01721 0.924466 1.0845 0.949243 0.945233 1.04514
end
gesture a15 hands 2
0.986091 0.923899 1.07861 0.931329 0.947615 1.03877
0.8826 1.02994 1.0305 0.974183 0.95227 1.05701
0.868327 1.00803 1.03261 0.956565 0.93838 1.0569
0.947914 0.964541 1.06585 1.01345 0.953681 1.05732
1.09328 0.903135 1.04313 0.938947 0.924491 1.05679
1.07226 0.899898 1.02213 1.02654 0.954152 1.05743
end
gesture a15 hands 2
1.00073 0.865209 1.09493 1.03578 0.931404 1.05734
0.985442 0.9478 1.08274 1.00878 0.941705 1.06462
0.918586 1.03511 0.997631 0.955552 0.957066 1.08343
0.936761 0.983211 1.0204 0.841275 0.971175 1.08978
0.956836 0.917451 1.11449 0.924061 0.92908 1.06673
0.956924 0.86565 1.1403 0.97936 0.931333 1.06194
end
gesture a15 hands 2
0.998854 0.851996 1.14985 1.02231 0.934733 1.0954
0.941123 0.981772 1.04342 1.01319 0.948846 1.07495
0.964472 0.93462 1.0711 0.91294 0.945338 1.06139
0.899517 1.06801 0.975267 0.842738 0.980275 0.987814
0.930399 1.02198 0.994811 0.955499 0.924885 1.11405
1.0022 0.892338 1.12754 1.02999 0.945163 1.07772
end
gesture a15 hands 2
1.00007 0.823437 1.16739 1.01801 0.929332 1.10846
0.986925 0.839561 1.14628 1.00023 0.929772 1.13255
0.968344 0.89205 1.13653 0.958651 0.920395 1.12381
0.956365 0.923434 1.08874 0.868266 0.950361 1.05798
0.900008 0.994165 1.00186 0.890236 0.94504 1.04835
0.968814 0.922505 1.10802 0.956588 0.910122 1.12878
end
gesture a16 hands 2
1.00996 0.848516 1.10376 0.946403 0.854442 1.07927
1.01229 0.903759 0.980239 0.920038 0.881043 1.18697
0.978292 0.981659 1.07027 0.954688 0.978616 1.05374
0.91356 1.15041 0.961087 0.973555 1.07497 1.00827
0.930989 1.05959 0.998463 0.989629 1.10847 0.899359
1.03332 0.877058 1.10099 0.960504 0.937678 1.06185
end
gesture a16 hands 2
1.07814 0.859543 1.08602 0.986229 0.861003 1.10318
1.0068 0.972076 1.06495 0.958097 0.921782 1.05986
0.941896 1.09239 0.988631 1.04395 1.13432 0.945936
0.953316 1.07587 1.04303 0.974046 1.01896 1.03382
0.936282 0.962861 0.975943 0.947608 0.934698 0.957143
0.982893 0.863755 1.06461 0.932402 0.874465 1.11944
end
gesture a16 hands 2
0.984861 0.852682 1.13404 0.892911 0.866037 1.09155
0.938973 1.11016 0.96997 0.88306 0.842962 1.15955
0.944815 1.05895 1.01156 0.956991 1.01356 1.04522
0.974724 1.04148 0.996491 1.02297 1.1554 0.964518
0.934792 1.07809 0.971096 0.981238 0.911209 1.04882
1.05534 0.84487 1.07704 0.989785 0.865105 1.06112
end
gesture a16 hands 2
1.01696 0.785095 1.17018 0.902097 0.764443 1.11878
0.982569 0.802757 1.09024 0.961915 0.935855 1.02728
1.03877 0.785797 1.1831 0.925242 0.854205 1.06807
0.985847 0.958858 1.04367 0.952977 1.06594 1.00209
1.03701 0.971409 1.07219 0.929561 1.02555 1.03534
0.955646 1.04226 0.98024 0.981843 0.98329 1.05058
end
gesture a16 hands 2
1.03166 0.806001 1.18903 0.958697 0.808769 1.20956
1.0525 0.985555 1.13681 0.998009 0.89278 1.09127
0.935964 1.10768 0.903982 0.959236 0.896963 1.11908
0.975174 0.999079 0.96051 0.985397 1.10796 0.92159
0.920391 1.09868 0.893163 0.990464 0.893567 0.977866
1.00252 0.852369 1.01272 0.937608 0.822484 1.09319
end
gesture a16 hands 2
0.977699 0.833104 1.08386 0.931391 0.786859 1.17539
1.0124 0.896626 1.19552 0.909849 0.900279 1.12094
0.979052 0.959953 1.11089 0.947244 1.03231 1.02094
1.00382 1.0285 1.0572 0.928093 0.990364 1.03315
0.949625 1.10057 0.945854 1.00921 1.04595 0.95164
1.04251 0.855142 1.03348 0.997925 0.823721 1.08314
end
gesture a16 hands 2
1.03207 0.859913 1.0825 0.961324 0.860367 1.10594
0.980983 1.0564 1.02743 0.997598 0.905266 1.061
0.895222 1.11371 0.944595 1.0043 1.09214 0.937109
0.925459 1.0277 1.0159 1.01137 1.06827 1.01946
0.905069 1.06479 0.972696 0.944289 0.991575 1.02364
0.979805 0.891674 1.10123 0.929745 0.887362 1.107
end
gesture a16 hands 2
1.02473 0.846648 1.12451 0.989325 0.838513 1.1446
0.957547 1.01847 1.05085 0.990051 1.05276 0.98681
0.895861 1.13636 0.958788 0.97683 1.03425 1.04049
0.941993 1.07687 1.02437 0.974871 1.15781 0.933951
0.964362 1.00078 0.972047 0.973488 1.10073 0.940844
1.05651 0.860979 1.08723 0.947222 0.855713 1.08123
end
gesture a16 hands 2
1.02683 0.824176 1.10294 0.921486 0.833837 1.09404
0.964613 0.913897 1.03109 0.98391 1.05558 0.955352
0.943196 1.03247 1.04787 0.975046 1.01733 0.998595
0.880551 1.14423 0.965137 1.00422 1.09233 0.939759
1.07441 0.857262 1.10003 0.973941 0.866081 1.09698
1.04228 0.829108 1.06983 0.956319 0.817571 1.12445
end
gesture a16 hands 2
1.01563 0.802492 1.14423 0.892288 0.783622 1.14317
0.937535 1.05358 0.976018 0.944613 0.84131 1.11269
0.917409 1.09838 0.946426 0.958909 1.0374 0.997555
0.942886 1.0624 0.969882 1.04527 1.12081 0.950172
1.0374 0.839459 1.13785 1.00095 1.02179 0.970066
1.04145 0.813188 1.15171 0.948633 0.898852 1.07703
end
gesture a16 hands 2
1.03788 0.775675 1.15162 0.906231 0.772571 1.11518
0.903022 1.12444 0.928323 0.934429 0.950788 0.991432
0.962881 1.00021 1.0238 1.01498 1.09729 0.950721
0.989661 0.951483 1.075 1.00737 1.05492 1.00362
0.896721 1.1512 0.935246 1.02649 1.05918 0.975914
1.01644 0.902752 1.1262 0.957462 0.902317 1.12326
end
gesture a16 hands 2
1.04391 0.7997 1.18422 0.938709 0.808678 1.15693
0.925391 1.05384 0.965791 0.996487 1.1137 0.943261
0.914999 1.16834 0.922483 1.03849 1.12624 0.918553
0.995326 0.992527 0.986454 0.97762 0.966434 1.06355
0.918625 1.1678 0.914893 0.950049 0.810134 1.07361
1.03939 0.802336 1.15133 0.955787 0.813052 1.12336
end
gesture a16 hands 2
1.11439 0.737082 1.23846 0.966488 0.774048 1.20807
0.970161 1.06931 1.00626 0.967589 0.797246 1.22863
0.978515 0.993089 1.02252 0.984371 1.06538 0.981248
0.905837 1.11714 0.934921 0.951949 0.992015 0.962521
0.889671 1.02677 0.906522 0.949721 1.11958 0.830231
0.978642 0.958344 1.00015 0.958766 1.01751 0.919357
end
gesture a16 hands 2
1.10876 0.752661 1.18385 0.915394 0.781363 1.22703
1.08505 0.761461 1.16251 0.917598 0.832153 1.14281
0.99707 0.925314 1.03688 0.996942 1.10495 0.943457
0.92811 1.06012 0.96242 0.987091 1.02172 1.01771
0.973718 0.998308 1.03396 1.00916 1.10198 0.921325
0.981805 0.948537 1.01515 0.989456 0.935537 1.06984
end
gesture a16 hands 2
1.0977 0.763891 1.25966 0.941231 0.796688 1.25075
0.959435 1.11039 1.01307 0.946608 0.814133 1.13892
0.935534 1.09001 0.964207 1.00867 0.985972 1.02499
0.983395 0.904263 1.03007 0.966633 1.08456 0.893686
0.934808 1.00237 0.922993 0.929996 0.854733 1.12466
1.00468 0.853071 1.06685 0.886645 0.81203 1.08957
end
gesture a16 hands 2
0.945769 0.939487 1.08627 0.959196 0.895455 1.10988
0.96226 0.9525 1.14991 1.00964 0.938752 1.1963
0.971341 0.997622 0.984472 1.04172 0.987416 1.09659
0.9782 1.01133 0.987647 0.967421 1.01326 0.950884
0.951741 0.9609 1.0889 0.937468 0.962088 1.08797
0.961666 0.956218 1.03344 0.947869 0.955225 0.955934
end
gesture a16 hands 2
1.01782 0.961042 1.10622 1.02697 0.948164 1.07757
0.97087 0.98436 1.0917 0.958442 0.934755 1.09838
1.00435 1.02035 0.942097 0.960345 0.978047 0.994094
0.995402 0.977576 1.04952 0.953447 0.951383 1.10667
0.975005 0.970656 0.944704 0.922764 0.982549 0.968664
0.98867 0.967152 1.04575 0.970634 0.945406 1.0697
end
gesture a16 hands 2
0.993545 0.982036 1.08032 1.00846 0.948303 1.09579
0.974283 0.952629 1.05634 0.968216 0.972997 0.968705
1.01579 1.01198 0.922297 0.976306 0.967564 1.08174
1.01126 0.976174 1.03406 0.924447 1.01549 0.921068
1.00829 0.974355 0.96956 1.00769 0.973229 1.06917
0.931149 0.984696 1.04268 0.9508 0.946881 1.0551
end
gesture a16 hands 2
1.0196 0.804472 1.14599 0.903228 0.832014 1.12686
1.03313 0.827588 1.13828 0.922081 0.853104 1.04222
0.956778 0.974039 1.00802 0.923614 0.918357 1.10232
0.915635 1.11119 0.974905 1.03842 1.09441 0.946701
0.978385 1.01769 1.04451 0.973366 0.924139 1.08312
1.04402 0.880173 1.06863 0.954878 0.902841 1.07342
end
gesture a16 hands 2
1.04133 0.807389 1.18593 0.912658 0.840335 1.15596
0.957104 0.95876 1.02577 0.931971 0.849686 1.14418
0.998223 0.999937 1.09544 0.965339 0.978387 1.04395
0.981768 0.970887 1.05793 0.991366 1.05964 0.96665
0.941577 1.03943 0.934549 0.970197 0.99667 1.0592
0.990041 0.902415 1.07316 0.932252 0.876667 1.06298
end
gesture a16 hands 2
1.00037 0.829951 1.21919 0.907842 0.872802 1.1573
1.00302 0.865808 1.08414 0.899406 0.845496 1.12494
0.968382 0.994331 1.03106 0.990601 1.05095 1.00796
0.951305 1.09748 0.943649 0.954846 1.01219 1.03461
0.943701 1.05883 1.00008 1.00509 1.09165 0.896964
1.03418 0.879178 1.07043 0.974895 0.906536 1.07162
end
gesture a16 hands 2
1.04181 0.754303 1.16748 0.937485 0.795416 1.11153
0.976429 0.933252 1.0123 0.956327 0.975242 1.04598
0.955878 0.922257 1.01946 0.951702 0.937095 1.07829
1.00472 0.966182 1.0605 1.01472 1.13614 0.942582
0.979037 1.07592 0.926063 1.02952 1.08832 0.941017
0.980192 0.979721 0.988386 0.948082 0.906947 1.05407
end
gesture a16 hands 2
1.03885 0.786786 1.29228 0.911208 0.814337 1.18536
0.971236 0.947501 1.05672 0.950235 0.8555 1.06719
0.96725 1.08037 0.887391 0.955313 0.857694 1.22059
0.998039 0.936091 1.0285 0.99359 1.04912 0.989884
0.969718 1.05372 0.898554 0.978637 1.00608 1.01474
1.00912 0.879116 1.07926 0.941997 0.893949 1.02134
end
gesture a16 hands 2
1.00905 0.799935 1.17357 0.894926 0.738687 1.22711
0.991816 1.06618 0.991093 0.992985 0.947854 1.0368
1.00364 1.00862 1.08105 0.963943 0.941505 1.1172
0.95655 0.990111 1.00638 0.975092 1.01618 1.02252
0.967272 1.01097 0.895113 1.00663 1.02503 0.958482
0.978814 0.798569 1.11219 0.899263 0.776 1.04667
end
gesture a16 hands 2
1.0786 0.717783 1.19795 0.961706 0.731418 1.21656
0.985862 0.910731 1.07314 0.994963 1.01682 1.02097
0.934058 1.07772 0.985361 0.993965 1.03969 1.04705
0.945581 1.04698 1.03351 0.961696 1.12423 0.977717
0.923984 1.10346 0.916547 0.905926 0.922515 1.0309
0.964141 0.975143 1.01891 0.903046 0.903454 1.05301
end
gesture a16 hands 2
1.00391 0.798047 1.20169 0.886068 0.763987 1.25202
0.98954 0.795579 1.11094 0.903062 0.782661 1.14081
0.945048 1.04187 0.983481 1.02407 1.16296 0.937909
0.979853 1.05697 1.01945 0.996776 1.02353 0.994072
0.95184 1.15493 0.979078 1.01143 1.12079 0.945168
1.0044 0.885954 1.04237 0.965867 0.91544 1.0335
end
gesture a16 hands 2
1.01906 0.845096 1.24525 0.911459 0.822459 1.0981
0.959921 0.86805 1.05276 0.94994 0.819384 1.14012
0.963888 1.11378 0.970307 0.981849 0.97313 0.988423
0.975883 1.09602 1.0255 1.01006 1.18553 0.910339
0.947871 1.20472 0.916692 1.02926 1.1635 0.862096
0.997458 0.839431 1.04423 0.945367 0.825477 1.08942
end
gesture a16 hands 2
0.926555 0.841805 1.10505 0.91831 0.76798 1.15665
0.979202 0.909555 1.04338 0.97901 0.826658 1.09437
0.983544 0.922288 1.1145 0.958039 0.96934 1.02701
0.95908 1.00519 1.04793 0.960206 0.930493 1.07142
0.978559 0.945371 1.09423 0.956 1.02199 1.01605
0.973837 0.894452 1.01893 0.962399 0.933397 1.10395
end
gesture a16 hands 2
0.983373 0.842712 1.1057 0.968457 0.823203 1.25862
0.985934 0.983401 1.04625 0.965398 0.860878 1.05759
0.973404 1.07814 0.992964 0.969395 0.870716 1.17122
0.972814 1.02537 0.995469 0.962593 1.04579 0.942351
0.974184 0.970606 1.09428 0.965226 0.97429 1.01657
0.981198 0.836848 1.0684 0.967859 0.902792 1.09079
end
gesture a16 hands 2
0.959212 0.818429 1.11142 0.917698 0.823017 1.09036
0.946651 0.934858 1.03449 0.943301 0.827404 1.12223
0.954253 0.887213 1.05612 0.968039 0.9523 1.03481
0.963874 0.893907 1.11358 0.986711 0.955317 1.09254
0.959311 1.02385 0.985718 0.961821 1.03708 0.953357
1.00285 0.836259 1.12926 0.962362 0.938785 1.04495
end
gesture a17 hands 2
0.954801 0.770826 1.15445 0.945748 0.964227 1.27255
1.12694 0.974671 1.156 1.06644 1.02768 1.00088
1.10551 0.985266 1.24058 0.910669 0.989151 0.784739
0.977817 1.00487 0.99748 0.975663 0.960312 1.02656
1.00928 0.919036 0.955988 0.91459 0.946886 0.828359
0.997423 0.777464 1.13375 0.98935 0.958008 1.13993
end
gesture a17 hands 2
0.858285 0.68176 0.964568 0.930028 0.991958 1.20485
0.940266 0.774505 0.928743 1.07115 1.05434 1.02498
0.984095 0.97064 1.02955 1.08333 1.02897 0.973131
1.06436 1.05935 1.11213 0.947616 0.863558 0.764901
1.09635 1.02477 1.01351 0.953921 0.883699 0.819161
0.937532 0.796584 0.99614 0.956679 0.985892 1.14257
end
gesture a17 hands 2
0.993358 0.699391 1.12508 0.951397 0.951409 1.16147
1.09713 0.95802 1.16826 1.12896 1.06312 0.82228
1.07877 0.915103 1.10252 1.00727 0.982708 0.755567
1.01724 1.05566 0.978976 0.946721 0.963619 1.09
0.895025 0.790817 1.03651 0.79724 0.932959 1.22792
0.910439 0.715344 1.13598 0.913355 0.940981 1.16584
end
gesture a17 hands 2
0.960771 0.82414 1.09315 0.933629 0.931638 1.19706
1.10719 0.952203 1.22854 1.13199 0.966739 1.05646
1.05674 1.0092 1.10126 1.00625 1.04652 0.834182
1.09359 0.938904 1.18616 0.956569 1.05483 0.805073
1.00706 0.996176 0.980003 0.962336 0.93411 1.14423
0.942759 0.805455 1.13283 0.954285 0.930625 1.1807
end
gesture a17 hands 2
0.913671 0.747915 1.19201 0.882024 0.888322 1.20657
1.07105 0.98337 1.18114 1.19643 1.03018 1.1253
1.11254 0.994341 1.19429 1.22437 1.04292 1.10398
1.0504 1.04817 1.05567 0.927346 1.00784 0.875582
1.0118 1.00246 0.977315 0.90133 0.986103 0.912932
0.892812 0.759177 1.12661 0.960304 0.91638 1.17513
end
gesture a17 hands 2
0.870812 0.741977 1.19028 0.973143 0.910359 1.21267
0.989075 0.947774 1.20993 1.14649 1.0098 1.08364
0.992984 0.910437 1.17164 1.02457 1.00091 0.893522
0.970567 0.948032 0.96623 0.903206 0.971431 0.998069
0.99349 0.807361 1.13917 0.886148 1.02022 0.916326
0.969013 0.742153 1.1915 0.913917 0.883873 1.22026
end
gesture a17 hands 2
0.889373 0.686467 0.795023 0.98135 0.657838 1.15211
0.995509 0.812715 0.859677 1.03872 0.677979 1.07134
1.02138 0.864217 0.873722 1.0702 0.717497 1.02108
1.04598 0.929575 0.953057 0.99586 0.912171 1.0223
1.03443 1.00174 1.08277 0.95257 0.977115 0.965713
0.970635 0.968181 1.0595 1.01479 0.930917 0.977137
end
gesture a17 hands 2
0.641306 0.53886 1.21112 1.22539 0.809209 1.04823
0.899054 0.691673 1.2554 1.18578 0.879759 0.873499
0.941396 0.678839 1.20611 1.04031 0.876713 0.861537
0.885841 0.828565 1.08734 0.947936 0.951806 0.972973
0.944273 0.690145 1.18404 0.913956 1.00681 1.12177
0.861845 0.847782 0.988699 0.883992 0.963943 1.11351
end
gesture a17 hands 2
1.02754 0.764323 0.990904 0.979121 0.856321 1.04734
1.14924 0.906293 1.25632 1.14103 0.948882 0.845855
1.10894 0.948376 1.1622 1.12021 0.973267 0.803877
1.16857 0.899593 1.19526 0.945427 0.980534 1.09742
1.03484 1.01433 1.08304 0.89517 0.879014 0.970308
1.03401 0.787309 1.07951 0.944886 0.81378 1.03403
end
gesture a17 hands 2
0.917655 0.589273 1.12176 0.858118 0.906748 1.19402
0.956032 0.772837 1.1083 0.869166 0.91429 1.1673
0.942263 0.680792 1.03897 1.00318 0.982878 1.00765
1.05128 0.89872 1.16618 1.07653 0.884306 0.94509
0.93829 0.917758 0.887723 0.893164 1.03485 1.06958
0.921815 0.893432 0.888854 0.835494 0.91196 1.1615
end
gesture a17 hands 2
1.01816 0.585282 1.07646 0.86495 0.933731 1.10224
1.03083 0.694483 0.980561 1.11456 0.940881 0.932209
1.10537 0.884202 1.10154 1.0541 0.987781 0.964975
1.12417 0.882895 1.04152 1.14242 0.940407 0.922428
0.917035 0.998299 0.958189 0.943917 1.02981 1.07042
0.933428 0.80052 0.979056 0.903737 0.951786 1.09359
end
gesture a17 hands 2
0.915087 0.62216 1.13133 0.900991 0.961174 1.09271
0.945319 0.718237 1.05715 1.14369 0.922813 0.945356
0.99769 0.950167 1.15175 1.02606 0.9923 0.986651
0.98786 1.01517 0.990743 1.03966 1.01113 0.946481
0.930024 0.948025 0.899293 0.923515 0.95159 1.08265
0.927676 0.643123 1.13932 0.89676 0.988508 1.0633
end
gesture a17 hands 2
0.947325 0.792994 1.0678 1.012 0.908978 1.04058
1.04734 0.89745 1.1641 0.97701 0.941959 1.01488
1.0728 0.856985 1.16112 0.879204 1.00058 0.993555
1.05016 0.873417 1.11542 0.841405 0.992063 1.03015
0.947855 0.938226 1.01475 0.945367 0.940883 1.14196
0.958754 0.868343 1.05534 0.997722 0.889947 1.07053
end
gesture a17 hands 2
1.00335 0.807574 1.20479 0.985852 0.902956 1.07608
0.914543 0.860264 1.02987 0.960342 0.975167 0.98127
0.97393 0.940923 1.0133 0.854565 1.0071 0.976968
1.07481 0.970308 1.10182 0.88539 0.992964 1.05268
0.931959 0.977988 0.969471 0.867576 1.01695 1.02699
0.928521 0.932362 1.00374 0.974983 0.946762 1.129
end
gesture a17 hands 2
0.970553 0.803819 1.14845 1.02268 0.916522 1.0711
0.885191 0.842268 1.03915 1.01459 0.934065 0.99149
0.898455 0.949429 1.01593 1.002 0.922903 1.10109
0.989218 0.95127 1.09803 0.864989 0.998608 1.00021
0.917443 0.988456 0.951234 0.92477 0.955552 1.10191
0.908338 0.92643 0.952261 0.933654 0.937048 1.08042
end
gesture a17 hands 2
0.87424 0.654607 1.02079 0.943764 0.927839 1.08072
1.01747 0.693899 0.956452 1.03829 0.937475 1.04078
1.07455 0.847268 1.04556 0.978431 0.974411 0.947698
1.06797 0.831123 1.04365 0.866938 0.982629 0.971488
1.00713 1.01086 0.948728 1.02941 1.03139 1.11109
0.963138 0.842116 1.04801 0.967612 0.963124 0.927845
end
gesture a17 hands 2
0.911489 0.61256 1.18517 0.984835 0.959472 0.979912
1.02177 0.789825 1.05599 1 0.94359 1.06568
1.03971 0.792552 1.18563 0.958775 0.979516 0.977791
0.978779 0.945743 1.01506 1.01512 1.00959 1.09456
0.975928 0.922028 0.956097 1.02776 0.982581 1.08334
0.922898 0.800599 1.05992 0.924222 0.948145 0.948616
end
gesture a17 hands 2
0.878946 0.685028 1.16763 0.919242 0.955192 0.967865
0.984366 0.768663 0.968939 0.962944 0.91892 1.14257
1.02394 0.871775 0.996411 1.01036 0.974851 0.950593
1.0302 0.851843 1.06135 0.888762 0.96858 0.942576
0.972622 0.992569 0.933349 0.982884 1.02213 1.06019
0.939183 0.820932 1.09127 0.915438 0.949915 1.0254
end
gesture a17 hands 2
0.915468 0.576277 1.08993 0.936549 0.924815 1.07224
1.0442 0.73052 1.01744 1.04622 1.00471 0.932285
1.06591 0.902784 1.14149 0.942354 1.02829 1.01854
1.05849 0.916574 1.1339 0.928146 1.04004 1.0411
1.01184 1.02728 1.04246 0.949954 0.949128 1.07113
0.969131 0.877346 0.992719 0.930869 0.938096 1.09082
end
gesture a17 hands 2
0.97689 0.694515 1.18507 0.974464 0.91892 1.05861
1.11626 0.887657 1.25188 1.01855 0.997815 0.948037
1.08946 0.858358 1.26418 1.01702 0.998514 0.947824
1.03011 0.988209 1.12128 0.914958 1.02806 1.03637
0.961363 0.962549 0.946309 0.949563 0.987456 1.07819
0.956742 0.82179 1.03849 0.96261 0.936918 1.05196
end
gesture a17 hands 2
0.93364 0.61386 1.13465 0.952402 0.930101 1.03066
0.998713 0.750173 1.03714 1.01108 1.02761 0.93868
1.05158 0.882488 1.13016 1.04698 0.996033 0.92465
1.04396 0.871511 1.13482 0.934447 1.02875 0.988318
0.981303 1.01659 1.01724 0.989534 1.02262 1.08239
0.949634 0.789805 1.03051 0.960727 0.936987 1.04034
end
gesture a17 hands 2
0.914098 0.624545 1.01227 0.953504 0.965326 0.986104
1.09058 0.833775 1.11226 0.942794 0.955607 1.01206
1.13654 0.834853 1.08603 1.05091 0.975204 0.937287
1.02933 1.0142 1.04405 0.925391 0.98299 1.12274
0.945165 1.01134 0.980136 0.907386 0.958032 1.10402
0.940968 0.815456 0.976072 1.00294 0.965906 0.991419
end
gesture a17 hands 2
1.00666 0.569783 1.07007 0.983774 0.95583 0.980582
1.10453 0.794394 1.04249 1.00402 0.966108 0.940487
1.13969 0.795083 1.04058 0.975323 0.953506 0.982011
0.965233 0.989255 0.997883 0.911653 0.996818 1.13741
0.876314 0.912846 0.969923 0.975412 0.970366 1.05693
0.936174 0.68984 0.999798 0.985529 0.960555 1.03041
end
gesture a17 hands 2
1.00782 0.663999 1.01377 1.00743 0.97567 1.01674
1.09394 0.887487 1.01975 0.998797 0.967204 1.04405
1.10047 0.913248 0.988218 0.999425 1.00531 0.938736
0.905615 0.982954 0.969318 1.02323 0.950958 0.899939
0.963919 0.65584 1.05223 0.956734 0.986868 0.986933
0.979117 0.632307 1.06257 0.933242 0.966002 1.0892
end
gesture a17 hands 2
0.924204 0.58346 1.01725 0.948192 0.929311 1.07394
1.03429 0.705642 1.06199 0.98337 0.975926 0.944321
1.06993 0.770156 1.19783 1.00613 0.981822 0.952378
1.07241 0.735053 1.16536 0.954206 0.947688 1.1063
0.992118 0.917471 0.988939 0.931876 0.993629 1.07712
0.976218 0.844186 1.01334 0.936677 0.964613 1.08195
end
gesture a17 hands 2
0.927279 0.59667 1.1947 0.928265 0.961259 1.09806
0.990126 0.642803 1.0384 0.927353 0.950065 1.07054
1.06893 0.795985 1.13673 0.974763 0.981211 0.972617
1.09853 0.779278 1.12501 1.00885 0.992632 0.927628
0.992968 0.931976 1.03559 0.96679 0.972959 1.06499
0.971263 0.788543 1.04751 0.936339 0.964933 1.05404
end
gesture a17 hands 2
0.906684 0.498686 1.20058 0.932475 0.964042 1.04655
0.994074 0.581249 1.08199 0.989494 0.98895 0.919572
1.04765 0.711238 1.14763 1.00733 0.989106 0.933322
1.07447 0.745443 1.12436 0.97229 0.951358 1.09285
0.98101 0.92896 0.987221 0.959199 0.971802 1.05593
0.969974 0.77885 1.02421 0.938407 0.965031 1.08443
end
gesture a17 hands 2
0.899281 0.511459 1.16291 0.984485 0.968844 1.02987
1.07316 0.649267 1.20401 0.954779 0.909513 1.04367
1.09036 0.647621 1.25181 0.960008 0.935095 1.04079
1.05946 0.633138 1.17647 0.950214 0.880828 1.04907
0.999553 0.803434 1.12059 0.96526 0.991078 1.04677
0.956772 0.774049 1.07036 0.911323 0.970681 1.07005
end
gesture a17 hands 2
0.888462 0.588774 1.35398 0.905492 0.962223 1.10335
1.00839 0.72022 1.26109 0.957331 0.959272 1.03181
1.04386 0.720821 1.29277 0.968663 0.941531 1.01311
1.02362 0.706354 1.21106 0.967885 0.96744 1.06338
0.968822 0.874297 1.08659 0.987955 0.973383 1.01252
0.947473 0.751788 1.14008 0.941835 0.969791 1.12101
end
gesture a17 hands 2
0.915835 0.543871 1.30655 0.947188 0.980068 1.102
1.01077 0.675324 1.19275 0.936349 0.942949 1.07067
1.0586 0.716117 1.26033 0.98423 0.981358 1.02229
1.02447 0.70143 1.18115 0.925509 0.905831 1.03935
0.971471 0.84275 1.11011 0.970203 0.972151 1.02062
0.932473 0.725175 1.09444 0.941858 0.940993 1.13809
end
gesture a18 hands 2
0.904767 0.568831 1.06985 0.783028 0.693099 1.19009
1.13296 0.716907 1.14607 0.847891 0.627263 1.12955
1.10902 0.859245 1.21682 0.998488 0.855177 1.08903
1.09574 0.90852 1.21121 0.952364 0.96969 0.912734
1.02897 1.04934 1.0626 0.982637 0.983537 0.94386
1.00447 0.95253 1.00642 0.915453 0.873404 1.04987
end
gesture a18 hands 2
0.938368 0.631959 1.23931 0.807686 0.80461 1.40428
0.893553 0.627283 1.11301 0.836566 0.778205 1.25015
0.966294 0.626817 1.20382 0.826757 0.741597 1.29107
1.14582 0.87777 1.21877 0.989137 0.911032 1.07092
1.07167 1.05667 1.06999 0.991549 0.919673 0.901249
1.05421 1.00626 1.0325 0.875133 0.826752 1.04113
end
gesture a18 hands 2
0.950384 0.795123 1.15195 0.872011 0.769618 1.2738
1.11456 0.853921 1.10447 0.86089 0.738885 1.16872
1.14185 1.06755 1.19955 1.00677 0.994037 1.0291
1.02317 0.929563 1.05006 0.914244 0.918342 0.935563
1.03514 0.974396 1.00964 0.906639 0.820447 1.07608
0.974311 0.783133 1.0932 0.950164 0.812426 1.05069
end
gesture a18 hands 2
0.973706 0.660326 1.14049 0.947996 0.75253 1.24232
1.10848 0.865994 1.21307 1.0418 0.960867 1.04838
1.00476 0.984659 0.998492 0.881143 0.970408 0.919349
1.009 0.888468 1.03984 0.860598 0.888916 0.982471
1.00006 0.930063 0.984116 0.932685 0.778903 1.1712
1.01624 0.705334 1.15888 0.951005 0.759584 1.18431
end
gesture a18 hands 2
1.06082 0.643628 1.238 0.962739 0.762811 1.25293
1.13757 0.720015 1.27043 1.04446 0.96465 1.07633
1.13259 0.862333 1.27521 0.999321 1.00101 0.980396
1.07522 0.928586 1.16892 0.897298 0.891919 1.02676
1.01586 0.886762 1.06003 0.860538 0.940354 0.91972
1.0248 0.766243 1.13772 0.89537 0.803055 1.12418
end
gesture a18 hands 2
1.02256 0.676875 1.18669 0.886406 0.734937 1.23795
1.11005 0.86759 1.32129 0.93137 0.736233 1.22985
1.10135 0.902518 1.29273 1.00746 0.939735 1.09379
1.02616 0.911019 1.07191 0.894329 1.00788 0.909966
1.03806 0.766673 1.14917 0.906258 0.96182 0.936243
0.990161 0.727318 1.05698 0.921274 0.749568 1.20562
end
gesture a18 hands 2
1.0886 0.785273 1.11996 0.873721 0.734888 1.2689
1.26338 0.771513 1.17864 0.973591 0.719796 1.08851
1.30673 0.831432 1.11336 0.984347 0.886009 1.00398
1.27761 1.02838 1.12814 0.926157 0.873081 0.980941
1.21249 1.01824 1.10487 0.958945 0.773135 1.18086
0.910787 0.928984 1.0183 1.06418 0.837176 1.15128
end
gesture a18 hands 2
0.854711 1.24681 0.59665 0.661171 0.856111 1.08418
0.863384 1.24255 0.607504 0.65784 0.874301 1.06151
0.876924 1.18589 0.692005 0.665936 0.912653 1.01978
0.872058 1.23828 0.618359 0.702797 0.941095 0.989545
0.899136 1.12497 0.787359 0.755496 0.931017 1.00808
0.905823 1.07845 0.856766 0.856234 0.895622 1.1047
end
gesture a18 hands 2
1.10922 0.806267 1.2371 0.952063 0.71868 1.20962
1.22611 1.07121 1.16812 0.960022 0.868733 0.978178
0.958621 0.981652 1.01986 0.949337 0.785502 1.11767
0.996455 1.03694 0.958473 1.07982 0.9328 1.21387
1.14259 0.816565 1.15872 0.960933 0.948148 1.12962
1.13976 0.797463 1.18138 0.999714 0.714182 1.13467
end
gesture a18 hands 2
1.00661 0.667514 0.993589 0.942271 0.629649 1.21017
1.21035 0.738502 1.18977 0.91143 0.811622 0.96578
1.19887 0.841487 1.20347 0.871408 0.785876 0.98916
1.18937 0.859286 1.19078 0.882635 0.811105 1.13645
0.987469 1.0351 1.06157 0.994308 0.994092 1.10023
0.989723 0.8112 1.02384 0.962018 0.730845 1.14461
end
gesture a18 hands 2
1.05188 0.787512 1.0701 1.01079 0.813638 1.06127
1.15861 0.828425 1.0076 0.987385 0.770596 1.09871
1.23153 0.816572 1.1478 0.977943 0.946138 0.949567
1.18359 0.980418 1.16557 0.939591 0.907728 0.931673
0.966788 0.954504 0.966125 0.960553 0.822344 1.23078
1.00475 0.869844 1.00267 0.967229 0.808845 1.0729
end
gesture a18 hands 2
1.04129 0.789338 1.07504 0.96038 0.737041 1.10191
1.15173 0.777772 1.16536 0.975018 0.889835 1.02342
1.23968 0.889213 1.29719 0.948633 0.860146 0.949423
1.17558 0.978585 1.22922 0.923483 0.795027 1.10156
0.988315 0.935664 1.01326 0.937911 0.915054 1.23151
1.05546 0.818273 1.04386 0.970994 0.784996 1.081
end
gesture a18 hands 2
1.06933 0.70405 1.14446 0.943578 0.86448 1.15618
0.970781 0.767894 1.02744 0.981898 0.935103 0.998418
0.984186 0.905459 1.10016 0.974353 0.971257 0.910319
0.983338 0.95978 1.10121 0.951446 0.934469 0.944591
0.912453 1.03547 0.936347 0.905466 0.884086 1.14121
0.9703 0.909535 1.02669 0.947562 0.896011 1.08732
end
gesture a18 hands 2
1.06045 0.692945 1.19504 0.956291 0.875044 1.15124
1.02696 0.946983 1.10993 0.958788 0.860626 1.10477
0.947309 1.00035 0.96828 0.93528 0.949692 0.987722
0.995771 0.88504 1.04649 0.938793 0.874985 1.20173
0.937685 0.982765 0.951812 0.952158 0.871803 1.20819
1.00872 0.840742 1.06707 0.948406 0.886043 1.04255
end
gesture a18 hands 2
1.05226 0.73054 1.16005 0.959814 0.869999 1.0539
1.03866 0.954631 1.13525 0.931813 0.94555 0.953474
0.932451 0.994138 0.953709 0.902992 0.913668 1.06103
0.967971 0.893879 1.02571 0.951127 0.853458 1.21711
0.928174 0.947769 0.949358 0.913265 0.885925 1.11008
1.00349 0.79362 1.09772 0.920696 0.859794 1.11284
end
gesture a18 hands 2
0.899147 0.808071 1.051 0.829826 0.68632 1.20432
0.985092 0.818047 1.03274 0.834769 0.677624 1.23229
0.975522 0.712603 1.06486 0.824463 0.739195 1.13307
0.978854 0.769956 1.07326 0.847659 0.629292 1.15526
1.04861 0.921788 1.06252 0.935984 0.850342 1.06558
0.98434 0.978453 1.0419 0.949885 0.830498 1.07578
end
gesture a18 hands 2
0.990655 0.728537 1.05787 0.943284 0.753961 1.40541
0.960487 0.579467 1.15386 0.894447 0.799671 1.20591
1.03836 0.722366 1.12327 0.893515 0.779015 1.19517
0.981902 0.623451 1.13258 0.761927 0.773966 1.14868
1.06031 0.978946 1.1216 0.973406 0.958979 0.917178
0.997792 1.05145 0.968135 0.956785 0.92446 1.11115
end
gesture a18 hands 2
0.952877 0.862699 0.900816 0.972522 0.878208 1.17552
0.924098 0.835446 1.03811 0.813854 0.949307 1.01023
0.951419 0.737853 1.05974 0.883241 0.915495 1.03077
1.08744 0.976679 1.10887 0.957689 0.931773 0.865217
1.00498 1.094 0.954466 1.00157 0.936692 1.13858
0.946237 0.838642 1.02495 0.996914 0.859026 1.1522
end
gesture a18 hands 2
0.925647 0.7488 1.04239 0.869617 0.868747 1.17535
1.10668 1.02263 1.11 1.00786 0.852251 0.973622
1.00324 1.0383 0.986635 1.05324 0.987541 0.899432
0.992979 0.880046 0.994207 0.953122 0.976059 0.934644
0.990743 1.01779 0.970045 1.00324 0.924311 1.01133
0.985394 0.820457 0.991201 0.93753 0.905306 1.19848
end
gesture a18 hands 2
0.989173 0.737325 1.09145 0.951979 0.878442 1.13257
1.10204 0.860102 1.09363 0.965135 0.819349 1.05975
1.08569 1.00624 1.10351 1.03833 0.953914 0.892922
0.959145 0.973202 0.95168 0.941072 0.927366 0.931558
0.955379 0.915406 0.949312 0.924678 0.886448 1.11282
0.960287 0.790364 1.02595 0.879918 0.864552 1.1224
end
gesture a18 hands 2
0.956707 0.744114 1.03065 0.888721 0.873396 1.1398
1.06049 0.906822 1.08459 0.975138 0.867517 1.0148
1.06581 0.815128 1.04253 1.0087 0.971526 0.88917
1.037 1.06253 1.05042 1.00159 0.961317 0.874507
0.965307 0.975024 0.946542 0.931044 0.899215 1.13553
0.970446 0.752707 1.06234 0.919058 0.867779 1.12164
end
gesture a18 hands 2
0.906403 0.768307 0.995379 0.758638 0.711543 1.22038
1.11513 0.953668 1.08387 0.810719 0.651109 1.27508
1.10338 1.04635 1.08577 0.828036 0.649176 1.22006
0.970261 0.922648 0.989612 1.01442 0.938387 1.03539
0.962548 0.982323 0.955505 1.02122 0.92224 0.99569
0.953717 0.814689 1.00977 0.863639 0.860156 1.0371
end
gesture a18 hands 2
0.928321 0.760432 1.07848 0.783933 0.709707 1.17962
1.07004 0.808654 1.04897 0.754096 0.668957 1.31564
1.12112 0.976491 1.14055 0.768135 0.660581 1.26056
1.10414 1.00202 1.11072 0.880708 0.837451 1.15383
0.957035 0.947653 0.955332 0.986283 0.921762 1.04666
0.948287 0.853291 1.01857 0.877896 0.830246 1.07578
end
gesture a18 hands 2
0.948687 0.818977 1.06636 0.836176 0.753721 1.22089
1.09644 1.04423 1.0959 0.790814 0.746907 1.29694
0.958708 1.03168 0.877047 0.835612 0.743678 1.1931
0.948199 0.932059 0.956634 1.03346 0.985514 0.968246
0.954303 0.980658 0.88302 1.08547 1.00608 0.958055
0.935089 0.817047 1.08331 0.859709 0.794032 1.08433
end
gesture a18 hands 2
0.933825 0.637323 1.09581 0.867071 0.737389 1.2483
1.10675 0.759885 1.12811 0.891126 0.758652 1.06137
1.08836 0.943652 1.18163 0.902056 0.797944 1.03179
1.07598 0.997716 1.17244 0.979161 1.01041 0.912495
1.01198 0.931017 0.985369 0.952257 0.936701 0.938218
0.97173 0.729326 1.05636 0.904726 0.741091 1.19977
end
gesture a18 hands 2
0.955434 0.663552 1.10107 0.902171 0.704177 1.26643
1.1225 0.788797 1.283 0.943196 0.818837 1.10373
1.08361 0.943539 1.22682 0.925271 0.742805 1.13449
1.00679 0.913149 1.09223 0.955048 0.95853 0.986254
1.00358 0.883398 1.04547 0.906998 0.694254 1.23695
1.01447 0.782959 1.13043 0.90077 0.689148 1.26557
end
gesture a18 hands 2
0.975456 0.654565 1.20056 0.968081 0.710413 1.23391
0.982382 0.686654 1.05993 0.990823 0.91993 1.00511
1.07235 0.736201 1.10397 0.95613 0.933106 0.9661
1.08075 0.927521 1.17057 0.951255 0.816861 1.16599
0.95024 0.922488 0.932192 0.930505 0.774423 1.10007
0.993283 0.812466 1.05758 0.904593 0.755161 1.24
end
gesture a18 hands 2
0.981948 0.6456 1.08439 0.899803 0.640182 1.31748
1.01151 0.621405 1.11753 0.904531 0.622213 1.1712
1.08845 0.69647 1.106 0.935425 0.793711 1.10068
1.06236 0.893456 1.13432 0.957747 0.834725 1.04138
0.977544 0.854711 0.997481 0.98364 0.884561 0.97921
0.976678 0.77753 1.03463 0.938871 0.766733 1.16443
end
gesture a18 hands 2
0.97113 0.652309 1.19451 0.865684 0.631743 1.42814
1.0589 0.762643 1.13164 0.953703 0.859994 1.11562
1.02567 0.91782 1.11716 0.945975 0.915834 1.00669
0.991611 0.940994 1.02408 0.931752 0.853579 1.07745
0.979067 0.911533 0.97861 0.933436 0.90528 0.984599
0.980348 0.791531 1.04378 0.904991 0.780771 1.12613
end
gesture a18 hands 2
0.983199 0.680486 1.11888 0.914997 0.70031 1.2818
1.0497 0.875608 1.1383 0.911861 0.689459 1.25232
0.987662 0.968803 0.983388 0.970017 0.939291 0.976148
0.973697 0.936503 0.944462 0.95339 0.911459 0.966234
0.985984 0.831583 1.07931 0.927369 0.758672 1.20066
0.990309 0.806175 1.0917 0.925751 0.738606 1.15384
end
gesture a20 hands 2
0.978462 0.837615 1.1963 1.02367 1.05158 1.01688
0.91776 0.578095 1.12081 1.00991 0.790808 1.2146
0.882302 0.43431 1.10113 0.992225 0.858505 1.16624
0.954905 0.698281 1.04659 1.01386 0.993774 0.92233
0.966245 0.889602 0.941766 0.947997 0.992008 0.860826
1.00322 0.873729 1.04326 0.982486 1.03632 1.07469
end
gesture a20 hands 2
1.03019 0.745768 1.36717 0.937715 1.08063 1.14568
0.922896 0.691078 1.1744 1.01235 0.765997 1.17416
0.883373 0.466629 1.17855 1.01546 0.815923 1.14498
0.943119 0.553342 1.11888 0.992409 0.987809 0.934638
0.97394 0.902262 1.0341 0.954755 0.999109 0.893861
0.994928 0.870763 1.01197 0.959766 1.09551 1.08662
end
gesture a20 hands 2
1.024 0.843099 1.25447 0.972247 1.06611 1.08589
0.919749 0.781136 1.15555 1.02844 0.76242 1.15189
0.856343 0.453353 1.12181 1.02423 0.913874 1.06054
0.902632 0.555576 1.10819 1.04868 0.869117 1.15811
0.975174 0.962544 0.991555 0.95089 1.01462 0.847494
1.03454 0.936468 1.0397 0.98261 1.07339 1.11579
end
gesture a20 hands 2
0.949611 0.836859 1.05946 1.08527 0.888567 0.981181
1.14985 0.705279 1.14984 1.26433 1.04199 0.876572
1.20823 0.832963 1.18743 1.23605 1.09313 0.806906
1.04853 0.955575 1.06623 1.05928 1.04328 1.02845
1.0106 0.892066 1.05813 0.988473 0.988073 1.08094
1.07623 0.7619 1.15536 0.931726 0.867841 1.00273
end
gesture a20 hands 2
1.00969 0.72011 1.17838 0.890546 0.855661 1.14325
1.13247 0.607431 1.26525 1.01306 0.925028 1.00506
1.12021 0.775072 1.22466 1.05942 0.926037 0.971301
1.18729 0.723665 1.29205 1.09343 0.971963 0.860198
1.04932 0.864403 1.13202 0.986424 0.985617 0.952881
1.04157 0.87636 1.10842 0.902589 0.922609 1.14336
end
gesture a20 hands 2
0.977362 0.958588 0.893301 0.765032 0.891617 1.05139
1.04285 0.721539 1.12807 0.99941 0.823407 0.920455
1.10796 0.733478 1.19305 0.969615 0.959463 0.884362
0.997043 0.980545 1.02448 0.964006 0.953662 0.995296
0.962205 0.947073 1.00367 0.979426 1.10854 0.931695
1.08647 0.814906 1.16769 0.978883 1.0047 1.09118
end
gesture a20 hands 2
1.01059 0.992291 1.14579 0.976271 1.04811 1.01635
0.997439 0.710778 1.08406 1.0686 0.812473 1.01418
0.997782 0.657627 1.07921 1.02006 0.788033 0.991976
0.992507 0.815352 1.15783 1.01542 0.903992 0.981242
0.980828 1.09933 1.09983 0.920475 1.02882 0.911716
0.997315 1.05717 1.08436 0.940938 1.00177 1.07189
end
gesture a20 hands 2
1.04137 0.776676 1.24106 0.912832 1.02208 1.09121
0.997901 0.529266 1.10159 0.980002 0.77668 1.03348
0.98485 0.479549 1.01274 0.970398 0.755106 1.05683
1.02988 0.750478 1.08214 1.05293 0.943389 0.957958
0.963675 0.967537 0.903818 0.951244 1.0319 0.967547
0.990917 0.895496 1.02176 0.903553 1.00913 1.0807
end
gesture a20 hands 2
1.05413 0.755272 1.26417 0.951947 1.03531 1.06937
0.985591 0.435849 1.06615 1.03978 0.780738 0.983024
1.06901 0.48374 1.06541 1.01368 0.831597 0.977043
1.0712 0.712746 1.10851 0.946223 1.05597 0.898535
0.983967 0.842241 0.989788 0.924891 1.05127 1.12531
0.998349 0.825304 1.04506 0.92463 1.03215 1.04912
end
gesture a20 hands 2
1.18034 0.777126 1.18645 1.0073 0.990984 1.02671
1.08316 0.729912 1.15527 0.931147 0.854848 1.13734
0.988639 0.616807 1.09764 0.925638 0.801035 1.09888
0.982332 0.659197 1.06783 0.966146 0.961352 0.957109
0.953025 0.940145 0.996357 0.94674 1.01034 0.964142
1.00052 0.846832 1.07306 0.923064 0.974524 1.15747
end
gesture a20 hands 2
1.11965 0.763646 1.31183 0.946527 1.003 1.04596
1.08195 0.797681 1.17507 0.990686 1.03472 0.99008
0.953081 0.624873 1.06594 0.96129 0.872311 1.13369
0.969396 0.830755 1.06484 0.941805 0.830693 1.07976
0.945348 0.96791 0.990684 0.954017 0.950242 0.957463
0.964923 0.896474 1.01643 0.952043 1.01039 1.0919
end
gesture a20 hands 2
1.06907 0.7821 1.12645 0.938198 1.02209 1.08177
0.930735 0.571748 1.06099 0.911558 0.861057 1.13788
0.925183 0.616532 1.03172 0.905244 0.811957 1.10918
0.945399 0.771958 1.06219 0.9635 0.969684 0.932237
0.917502 0.942693 0.946847 0.943031 0.999774 1.1051
0.985387 0.888187 1.02075 0.909278 1.00678 1.05707
end
gesture a20 hands 2
0.954625 0.86623 1.19138 0.904088 1.04533 1.1143
0.996991 0.668919 1.00923 0.987841 0.808023 0.93506
1.00203 0.851094 1.06004 0.992618 0.781147 0.984658
0.982755 0.542319 1.01906 0.989827 1.04498 0.994273
1.05769 0.812119 1.08476 0.977583 1.09589 1.01983
0.981247 0.93554 1.00742 0.951632 1.07058 1.20716
end
gesture a20 hands 2
0.837531 1.07026 0.867617 0.812049 1.11388 0.993376
0.935138 0.921649 1.02134 1.00954 0.873687 1.12782
0.894346 0.615862 0.946583 1.0136 0.694262 0.996404
1.00428 0.887872 0.9359 0.959994 0.980102 0.941378
0.968849 0.9618 0.872278 1.01202 1.07195 1.16475
0.967511 0.926879 1.15291 0.934107 1.07462 0.985753
end
gesture a20 hands 2
0.989617 0.695548 1.6988 0.830598 0.735393 1.7366
1.03953 0.623309 1.87918 0.886938 0.550354 1.70002
1.02388 0.738463 1.50255 0.95528 0.753457 1.3632
1.03912 1.03349 1.61247 0.980751 0.803739 1.37899
0.994905 1.09506 1.4691 0.947491 1.09107 1.43823
0.995791 0.953548 1.55708 0.832498 0.847356 1.60308
end
gesture a20 hands 2
0.934898 0.742595 1.17839 0.941399 1.05453 0.984999
0.935755 0.551391 1.11012 0.995962 0.872458 1.03416
0.87561 0.574986 1.04756 0.963187 1.01289 1.0623
0.960762 0.992577 1.01942 1.01982 0.698405 1.06717
1.04132 1.05249 0.908245 1.00206 0.750594 1.07459
1.05621 0.973276 0.935352 0.952636 1.11868 1.03333
end
gesture a20 hands 2
1.05417 0.717043 1.35171 0.908715 0.929545 1.34669
0.968878 0.478622 1.31849 0.909429 0.790155 1.48896
0.87345 0.485231 1.12757 0.943326 0.858282 1.36957
0.926409 0.899377 1.17282 0.891135 0.778801 1.49179
1.02621 0.920079 1.14923 0.95893 0.915054 1.25301
0.994746 0.773502 1.31542 0.916097 0.928828 1.33646
end
gesture a20 hands 2
0.982259 0.947216 1.16135 0.908914 1.0295 1.06499
0.97461 0.807777 1.12988 1.10308 0.737104 1.05347
0.947567 0.594021 1.04513 0.976596 0.942992 1.04669
0.99382 0.941779 1.18838 1.00572 0.91699 1.00626
0.882592 0.444812 0.977126 0.995965 1.05424 0.85717
0.934622 0.885614 0.924069 0.943558 1.0345 1.0772
end
gesture a20 hands 2
1.08703 0.788541 1.13846 0.877991 0.985908 0.867462
0.966797 0.502666 1.03542 0.967911 0.725076 1.21815
0.900965 0.51054 0.942816 1.00425 0.685502 1.23297
0.957978 0.772131 0.942304 0.95352 0.765901 1.19506
0.962402 0.70339 0.893106 1.0169 1.09487 0.926419
0.93839 1.04022 0.895027 0.928183 1.0667 0.991791
end
gesture a20 hands 2
0.93462 0.836778 0.909669 0.742348 0.910343 1.33168
1.0175 0.702295 1.00964 0.929756 0.865627 1.16008
0.973975 0.426361 0.95872 0.95547 0.65803 1.21896
0.87978 0.489381 1.00608 0.883474 0.795892 1.21247
0.934449 0.878014 1.08291 1.02728 1.12229 0.870917
0.942229 1.00669 0.952206 0.931868 1.02494 0.985971
end
gesture a20 hands 2
0.947193 0.825233 0.925711 0.892784 0.975977 1.18668
0.969814 0.490859 0.941041 0.942219 0.760463 1.17567
0.876883 0.556167 1.0168 1.01504 0.857957 1.21551
0.949292 0.941607 1.05888 1.0162 1.07311 0.840874
0.940688 1.06719 1.00109 0.947219 1.03712 0.86157
1.00427 1.00472 1.10967 0.904541 1.00758 1.07076
end
gesture a20 hands 2
1.00405 0.692827 1.26856 0.990891 1.02754 0.906685
1.03035 0.524088 1.13052 0.941445 0.910106 1.15203
1.00632 0.367881 1.09283 1.00658 0.811972 1.07382
1.01252 0.468388 1.05568 1.04272 0.850207 1.09461
0.98982 0.800943 1.02815 0.973498 0.996522 0.969563
0.964795 0.838669 1.00791 0.921268 1.03841 1.01203
end
gesture a20 hands 2
1.06313 0.640359 1.2326 0.94056 1.15901 1.06949
1.09242 0.531903 1.14646 0.937691 0.854758 1.08001
1.08095 0.369786 1.10837 0.955459 0.883211 1.03841
0.958981 0.537674 1.11602 0.991599 0.718188 1.10176
0.944113 0.789531 1.07702 0.973227 0.911665 0.996808
0.958083 0.842955 1.02014 0.949356 1.08165 1.02174
end
gesture a20 hands 2
1.13204 1.12851 0.853706 0.76668 0.758292 0.973982
1.17463 0.905223 0.971883 0.705904 0.649522 1.16219
1.14939 0.830247 1.04262 0.670025 0.66015 1.16602
0.871185 0.983506 1.03682 0.785829 0.76085 1.12848
0.760676 1.05519 1.13527 0.939652 0.979748 1.06889
0.787132 1.05716 1.12447 0.941984 0.972067 1.06793
end
