gesture a06 hands 2
0.938574 0.482655 1.19935 0.925706 0.948372 1.06781
1.00914 0.93086 1.10479 0.995456 1.03581 0.908027
0.973893 1.0066 0.973165 0.924535 0.920619 1.1292
0.974741 0.904012 0.993646 0.978801 0.98008 1.08803
end
gesture a06 hands 2
0.928005 0.438638 1.2921 0.944393 0.981762 1.0923
0.941678 0.806202 1.08587 0.97882 1.00892 0.956188
0.978891 0.730142 1.21002 0.928591 0.906472 0.978519
0.95379 0.861167 1.0074 0.93255 0.963084 1.16681
end
gesture a06 hands 2
0.900299 0.601686 1.19998 0.952952 0.963518 1.11312
1.01474 0.810366 1.09859 0.948828 0.954812 0.923744
0.989806 1.03378 1.02462 0.961104 0.970762 1.144
0.928795 0.717334 1.06236 0.97289 0.962306 0.994091
end
gesture a06 hands 2
0.898899 0.702814 1.11441 0.880229 0.871591 1.15114
0.968768 1.07359 0.988062 0.983147 1.10669 0.887218
0.991128 1.03173 0.930907 0.965209 1.20319 0.931366
0.970284 0.861496 1.03762 0.941164 0.945902 1.07555
end
gesture a06 hands 2
0.93438 0.688278 1.1938 0.879858 0.74611 1.17151
0.983546 1.01911 1.00465 0.983442 1.09213 1.01275
0.9881 1.02221 0.951158 0.950032 1.08345 0.975931
0.973792 0.85778 1.0421 0.947689 0.877832 1.07193
end
gesture a06 hands 2
0.984913 0.548524 1.10159 0.966586 0.812679 1.12243
0.99504 0.949987 0.973308 0.935892 1.18151 0.922425
1.09168 1.0299 0.962219 0.95046 1.22803 0.953243
0.835383 1.15207 1.09571 0.965688 0.846989 1.13775
end
gesture a06 hands 2
0.955261 0.493412 1.20319 1.02798 0.868767 1.02753
1.11662 0.687272 1.22857 0.855675 1.049 0.861903
1.01684 0.951964 1.06272 0.946847 1.01336 1.15607
1.0578 0.861922 1.07206 1.00893 0.919469 0.997384
end
gesture a06 hands 2
1.01896 0.3993 1.35238 1.00058 0.90558 1.00935
1.114 0.572822 1.30949 0.88444 0.98697 0.879022
1.02112 0.832422 1.11788 1.00544 0.982665 1.11421
1.04324 0.755838 1.12158 0.899547 0.987453 1.039
end
gesture a06 hands 2
1.0266 0.481231 1.34075 1.01593 0.936819 1.03544
1.02645 0.872544 1.11746 0.890744 0.99405 0.941255
1.03978 0.883129 1.07362 0.99878 0.990182 1.12899
1.02594 0.614224 1.21688 1.00323 0.925209 1.05261
end
gesture a06 hands 2
1.01321 0.636498 1.1382 0.976539 0.947871 1.03295
1.02634 0.806575 1.13945 0.876056 1.01151 0.915772
0.97606 0.962345 1.01823 0.932729 0.94569 1.12942
0.992048 0.786334 1.0981 0.980977 0.949312 1.02912
end
gesture a06 hands 2
1.00849 0.603299 1.2385 0.952563 0.926765 1.06045
1.03867 0.84141 1.15987 0.94425 0.999486 0.896771
0.984879 0.93524 1.0408 0.955502 0.948436 1.1248
0.962458 0.8308 1.05188 0.928477 0.960708 1.03949
end
gesture a06 hands 2
1.0248 0.658038 1.22124 0.958196 0.955352 0.983806
1.0216 0.869126 1.06198 0.920218 1.0324 0.916061
1.05458 0.885979 1.15103 0.961555 0.957167 1.12576
0.975697 0.889242 1.03782 0.968967 0.964556 1.03837
end
gesture a06 hands 2
1.00558 0.367983 1.20558 0.960651 0.953341 1.03838
1.00216 0.999996 1.10187 0.969242 0.988969 0.982831
0.967586 1.06193 0.9291 0.991605 0.973996 1.0366
0.976395 0.80967 1.02392 0.970345 0.955008 1.04598
end
gesture a06 hands 2
1.01106 0.386817 1.20474 0.962045 0.964156 1.00152
0.97478 1.09959 1.06529 0.948657 0.995652 0.983964
0.949406 1.0699 0.925354 0.962408 0.955393 1.0893
0.977722 0.855793 1.05452 0.968808 0.954985 0.981748
end
gesture a06 hands 2
0.934385 0.386387 1.13392 0.969499 0.93759 1.07482
0.96491 0.804242 1.07107 0.96536 0.997942 1.02287
0.968026 1.06229 1.05716 0.975 0.958952 1.03261
1.02235 0.871302 1.06502 0.956303 0.978159 1.04901
end
gesture a06 hands 2
0.93412 0.504427 1.1806 0.953143 0.944267 1.07119
0.994649 0.530043 1.1505 0.970316 0.929275 1.05208
0.982972 0.937793 1.04354 0.964324 0.989385 1.03979
0.974248 0.705971 1.09988 0.959171 0.95185 1.03455
end
gesture a06 hands 2
0.885489 0.465806 1.15264 0.966375 0.93501 1.06306
0.951501 0.552408 1.06931 0.971802 0.948739 1.0373
0.947831 0.948445 1.01942 0.960762 0.995021 1.00893
0.997059 0.765637 1.09992 0.960606 0.928147 1.09323
end
gesture a06 hands 2
0.95893 0.399252 1.19628 0.972753 0.94443 1.07364
0.973702 0.901184 1.113 0.961741 1.00518 0.97716
0.973475 0.988911 0.975631 0.965341 0.91131 0.998342
0.980664 0.890953 0.96823 0.993382 0.975351 1.05727
end
gesture a06 hands 2
0.976591 0.494545 1.26651 0.974458 0.993958 1.05833
0.973784 0.73889 1.19954 0.950153 0.885643 0.986085
0.96787 0.927441 1.03968 0.959074 0.984322 1.09402
0.976853 0.772769 1.06581 0.965193 0.97332 1.06047
end
gesture a06 hands 2
0.953679 0.520025 1.24903 0.989489 0.97035 0.995739
0.979916 0.941938 1.01887 0.9818 0.915517 0.994775
0.979338 0.770954 1.09615 0.967122 0.964952 1.12555
0.979256 0.746528 1.10719 0.969038 1.01748 1.02713
end
gesture a06 hands 2
0.960498 0.395035 1.22449 0.956529 0.969592 1.05935
0.967165 0.77109 1.15977 0.960071 0.97622 0.982103
0.978327 0.923957 1.00817 0.975893 0.957442 1.0678
0.990269 0.763645 1.04603 0.928435 0.978576 1.09194
end
gesture a06 hands 2
0.966558 0.329468 1.31543 0.946438 0.966494 1.08175
0.999095 0.395525 1.20341 0.95073 0.972399 0.996116
0.985219 0.702403 1.20399 0.991783 0.906977 1.05413
0.964418 0.785497 1.04724 0.949182 0.975384 1.08671
end
gesture a06 hands 2
0.959965 0.454241 1.31966 0.948412 0.969923 1.06503
0.995648 0.564424 1.142 0.952805 0.939741 1.03738
0.968614 0.96391 1.02311 0.986308 1.00107 1.04507
1.00919 0.892997 0.981859 0.977839 0.984175 1.05407
end
gesture a06 hands 2
0.981677 0.451286 1.3109 0.945155 0.942921 1.07674
1.01116 0.680343 1.2025 0.976716 0.955873 1.01029
0.976209 0.82965 1.06492 0.941971 0.94967 1.06689
0.970674 0.711851 1.11167 0.926087 0.950611 1.14333
end
gesture a06 hands 2
0.959482 0.42726 1.29373 0.929689 0.952635 1.12019
0.979417 0.838849 1.09592 0.949916 0.966019 1.03828
0.979668 0.854011 1.04513 0.957228 0.954368 1.06185
0.979328 0.799841 1.03223 0.96454 0.942717 1.08541
end
gesture a06 hands 2
0.961049 0.416514 1.26442 0.917127 0.940491 1.12664
0.984347 0.410029 1.28148 0.916424 0.942965 1.09676
0.978365 0.781058 1.1164 0.949747 0.951662 1.05581
0.975953 0.739025 1.08706 0.930888 0.921718 1.12428
end
gesture a15 hands 2
0.996703 0.920909 1.03304 1.04375 0.966964 1.0847
1.01783 1.04539 1.15233 0.805448 0.975362 1.02268
0.992599 0.989341 1.05308 0.859459 0.972352 0.998347
0.967365 0.933291 0.95383 1.03607 0.955954 1.06888
end
gesture a15 hands 2
0.948947 0.958925 1.02848 1.00561 0.98008 1.09498
0.983591 1.03743 1.19707 0.811135 0.98292 0.981449
0.989642 0.942694 0.963945 1.00287 0.956694 1.04639
1.00154 0.94595 0.976432 1.06024 0.973045 1.00112
end
gesture a15 hands 2
0.869435 0.87674 0.980579 1.01967 0.961425 1.06448
1.06472 1.04562 1.06725 0.842713 0.995027 0.959788
0.960356 0.930059 1.01568 1.05051 0.980222 0.957314
0.831027 0.890434 1.04846 0.87264 0.959531 1.06716
end
gesture a15 hands 2
1.05766 0.895815 1.13403 0.979749 0.956037 1.10144
0.872481 0.984357 0.99814 0.873736 0.949419 1.1039
0.875986 0.992581 1.00099 0.856251 0.936726 1.01233
1.0543 0.905674 1.09914 1.00491 0.947532 1.11758
end
gesture a15 hands 2
1.07781 0.948645 1.05149 1.05826 0.976287 1.07286
0.951866 0.989151 1.00255 0.845289 0.959413 1.03611
0.884923 1.02727 0.950015 1.00341 0.973467 1.00642
1.01509 0.928354 1.11022 0.946389 0.9568 1.05782
end
gesture a15 hands 2
1.03689 0.896549 1.06544 1.09328 0.968837 1.03822
0.897521 1.07558 1.01789 0.803686 0.994893 0.982473
0.890326 0.999792 0.973296 1.11563 0.973201 1.00089
1.11082 0.897162 1.04883 1.16163 0.968906 0.9953
end
gesture a15 hands 2
1.09836 0.875281 1.07378 1.07552 0.984099 1.01602
0.853091 1.13274 0.966059 0.825749 0.982652 1.12702
1.07175 0.926449 1.07085 1.15881 0.970816 0.989042
1.09606 0.904498 1.02584 1.17952 0.974939 0.968395
end
gesture a15 hands 2
1.10432 0.908183 1.13991 1.18446 1.07747 1.12622
0.948175 0.873035 1.07117 0.993773 0.917211 1.14167
0.922065 1.07405 0.983631 0.984264 0.937872 0.979662
0.999767 0.996775 1.01878 0.894542 1.00912 0.984341
end
gesture a15 hands 2
0.950837 0.927744 1.05365 0.995904 0.969623 1.03134
0.95002 0.986181 1.03601 0.885578 1.01105 1.02807
1.09399 1.07196 1.055 0.914546 0.983016 0.986489
0.894913 0.947843 0.979241 0.969114 0.960356 1.02007
end
gesture a15 hands 2
0.890713 0.905563 0.995741 0.960571 0.941428 1.01028
1.07181 1.07569 1.03595 0.942011 0.97532 1.00717
0.93452 0.888018 1.00529 0.994043 0.961149 1.10737
0.942923 0.900484 1.01548 1.01084 0.954413 1.05903
end
gesture a15 hands 2
0.925994 0.922238 1.00065 0.992071 0.966684 1.03462
1.07648 1.04338 1.11721 0.916562 0.970768 1.0031
1.02407 1.00351 1.14666 0.966485 0.971084 1.10649
0.939549 0.941137 0.989473 1.03227 0.974756 1.0764
end
gesture a15 hands 2
1.00425 0.937952 1.02353 1.03268 0.981665 1.01439
0.952336 0.946364 1.05192 0.926208 0.966254 1.0617
1.01702 1.02408 1.0464 0.913344 0.951795 1.04687
0.980932 0.935724 1.01207 1.00101 0.997735 0.980211
end
gesture a15 hands 2
0.915992 0.925812 0.996262 0.960623 0.994575 1.0302
0.933364 0.958064 1.01486 0.926091 0.963455 1.10276
1.03357 1.02325 1.13667 0.919348 0.94921 1.06442
0.973518 0.897418 0.99352 1.00817 0.976537 1.02109
end
gesture a15 hands 2
0.959339 0.915885 1.00586 1.01135 0.983124 1.04764
1.02161 1.05179 1.14881 0.933155 0.925272 1.06772
1.00752 1.02102 1.10082 0.892149 0.959058 1.04431
0.935511 0.920933 0.979049 1.00525 0.979157 1.00679
end
gesture a15 hands 2
1.0738 0.909025 1.07918 1.02435 0.96585 1.03976
0.848642 1.02234 1.01824 0.885782 0.952154 1.11314
0.855494 0.999057 0.993888 0.985171 0.960828 1.05039
1.02102 0.905618 1.08705 0.984188 0.968175 1.0456
end
gesture a15 hands 2
1.06587 0.87615 1.10161 1.00041 0.954141 1.06928
0.8393 1.02074 1.05148 0.881212 0.92293 1.05103
0.928253 0.972605 1.06799 0.977793 0.944423 1.03737
1.01721 0.924466 1.0845 0.949243 0.945233 1.04514
end
gesture a15 hands 2
0.986091 0.923899 1.07861 0.931329 0.947615 1.03877
0.868327 1.00803 1.03261 1.00036 0.953211 1.05722
1.09328 0.903135 1.04313 0.938947 0.924491 1.05679
1.07226 0.899898 1.02213 1.02654 0.954152 1.05743
end
gesture a15 hands 2
1.00073 0.865209 1.09493 1.03578 0.931404 1.05734
0.918586 1.03511 0.997631 0.897291 0.964219 1.07473
0.956836 0.917451 1.11449 0.841275 0.971175 1.08978
0.956924 0.86565 1.1403 0.97936 0.931333 1.06194
end
gesture a15 hands 2
0.998854 0.851996 1.14985 1.02231 0.934733 1.0954
0.899517 1.06801 0.975267 0.842738 0.980275 0.987814
0.999871 0.914738 1.10912 0.873725 0.972713 1.03665
1.0022 0.892338 1.12754 1.02999 0.945163 1.07772
end
gesture a15 hands 2
1.00007 0.823437 1.16739 1.01801 0.929332 1.10846
0.956365 0.923434 1.08874 0.868266 0.950361 1.05798
0.900008 0.994165 1.00186 0.890236 0.94504 1.04835
0.968814 0.922505 1.10802 0.956588 0.910122 1.12878
end
gesture a16 hands 2
1.00996 0.848516 1.10376 0.946403 0.854442 1.07927
0.983114 0.990503 1.04402 0.954688 0.978616 1.05374
0.91356 1.15041 0.961087 0.98565 1.054 0.901445
1.03332 0.877058 1.10099 0.960504 0.937678 1.06185
end
gesture a16 hands 2
1.07814 0.859543 1.08602 0.986229 0.861003 1.10318
0.941896 1.09239 0.988631 1.04395 1.13432 0.945936
0.953316 1.07587 1.04303 0.936055 0.931248 1.04891
0.982893 0.863755 1.06461 0.932402 0.874465 1.11944
end
gesture a16 hands 2
0.984861 0.852682 1.13404 0.892911 0.866037 1.09155
0.964533 0.86283 1.15354 1.02297 1.1554 0.964518
0.938973 1.11016 0.96997 0.980074 0.867439 1.08918
1.05534 0.84487 1.07704 0.989785 0.865105 1.06112
end
gesture a16 hands 2
1.01696 0.785095 1.17018 0.902097 0.764443 1.11878
1.03601 0.831289 1.20799 0.952977 1.06594 1.00209
0.990162 1.00742 1.00815 0.929561 1.02555 1.03534
0.955646 1.04226 0.98024 0.981843 0.98329 1.05058
end
gesture a16 hands 2
1.03166 0.806001 1.18903 0.958697 0.808769 1.20956
0.935964 1.10768 0.903982 0.938546 1.04011 0.97968
0.996144 0.885407 1.00048 0.920705 1.00352 1.01992
1.00252 0.852369 1.01272 0.937608 0.822484 1.09319
end
gesture a16 hands 2
0.977699 0.833104 1.08386 0.931391 0.786859 1.17539
0.958735 1.0345 1.01899 0.928093 0.990364 1.03315
0.949625 1.10057 0.945854 1.00921 1.04595 0.95164
1.04251 0.855142 1.03348 0.997925 0.823721 1.08314
end
gesture a16 hands 2
1.03207 0.859913 1.0825 0.961324 0.860367 1.10594
0.895222 1.11371 0.944595 1.0043 1.09214 0.937109
0.955697 0.941691 1.08721 1.00595 1.04511 0.97105
0.979805 0.891674 1.10123 0.929745 0.887362 1.107
end
gesture a16 hands 2
1.02473 0.846648 1.12451 0.989325 0.838513 1.1446
0.895861 1.13636 0.958788 0.996737 1.00103 1.01293
0.908811 1.0856 0.985155 0.973488 1.10073 0.940844
1.05651 0.860979 1.08723 0.947222 0.855713 1.08123
end
gesture a16 hands 2
1.02683 0.824176 1.10294 0.921486 0.833837 1.09404
0.880551 1.14423 0.965137 0.975046 1.01733 0.998595
0.944127 1.08649 1.0236 1.00422 1.09233 0.939759
1.04228 0.829108 1.06983 0.956319 0.817571 1.12445
end
gesture a16 hands 2
1.01563 0.802492 1.14423 0.892288 0.783622 1.14317
0.917409 1.09838 0.946426 0.958909 1.0374 0.997555
0.979427 0.955787 1.04907 1.04527 1.12081 0.950172
1.04145 0.813188 1.15171 0.948633 0.898852 1.07703
end
gesture a16 hands 2
1.03788 0.775675 1.15162 0.906231 0.772571 1.11518
0.909322 1.09767 0.9214 0.952206 1.00557 0.982455
0.962881 1.00021 1.0238 1.02649 1.05918 0.975914
1.01644 0.902752 1.1262 0.957462 0.902317 1.12326
end
gesture a16 hands 2
1.04391 0.7997 1.18422 0.938709 0.808678 1.15693
0.914999 1.16834 0.922483 1.02233 1.169 0.937814
0.973704 1.00609 1.02022 1.03849 1.12624 0.918553
1.03939 0.802336 1.15133 0.955787 0.813052 1.12336
end
gesture a16 hands 2
1.11439 0.737082 1.23846 0.966488 0.774048 1.20807
0.934304 1.06929 0.96124 0.967589 0.797246 1.22863
0.978515 0.993089 1.02252 0.984371 1.06538 0.981248
0.978642 0.958344 1.00015 0.958766 1.01751 0.919357
end
gesture a16 hands 2
1.10876 0.752661 1.18385 0.915394 0.781363 1.22703
1.06445 0.791086 1.11653 0.996942 1.10495 0.943457
0.92856 1.07658 1.00951 0.988274 0.97863 1.04378
0.981805 0.948537 1.01515 0.989456 0.935537 1.06984
end
gesture a16 hands 2
1.0977 0.763891 1.25966 0.941231 0.796688 1.25075
0.959435 1.11039 1.01307 0.966633 1.08456 0.893686
0.935534 1.09001 0.964207 0.929996 0.854733 1.12466
1.00468 0.853071 1.06685 0.886645 0.81203 1.08957
end
gesture a16 hands 2
0.945769 0.939487 1.08627 0.959196 0.895455 1.10988
0.96226 0.9525 1.14991 0.967421 1.01326 0.950884
0.971341 0.997622 0.984472 0.937468 0.962088 1.08797
0.961666 0.956218 1.03344 0.947869 0.955225 0.955934
end
gesture a16 hands 2
1.01782 0.961042 1.10622 1.02697 0.948164 1.07757
0.982341 0.983079 0.944053 0.953447 0.951383 1.10667
0.995402 0.977576 1.04952 0.922764 0.982549 0.968664
0.98867 0.967152 1.04575 0.970634 0.945406 1.0697
end
gesture a16 hands 2
0.993545 0.982036 1.08032 1.00846 0.948303 1.09579
1.01579 1.01198 0.922297 0.924447 1.01549 0.921068
1.01126 0.976174 1.03406 1.00769 0.973229 1.06917
0.931149 0.984696 1.04268 0.9508 0.946881 1.0551
end
gesture a16 hands 2
1.0196 0.804472 1.14599 0.903228 0.832014 1.12686
0.937479 1.07635 1.0085 1.03842 1.09441 0.946701
0.953129 1.03913 1.04956 0.973366 0.924139 1.08312
1.04402 0.880173 1.06863 0.954878 0.902841 1.07342
end
gesture a16 hands 2
1.04133 0.807389 1.18593 0.912658 0.840335 1.15596
0.998223 0.999937 1.09544 0.991366 1.05964 0.96665
0.941577 1.03943 0.934549 0.970197 0.99667 1.0592
0.990041 0.902415 1.07316 0.932252 0.876667 1.06298
end
gesture a16 hands 2
1.00037 0.829951 1.21919 0.907842 0.872802 1.1573
0.99914 0.834833 1.19 0.954846 1.01219 1.03461
0.943701 1.05883 1.00008 1.00509 1.09165 0.896964
1.03418 0.879178 1.07043 0.974895 0.906536 1.07162
end
gesture a16 hands 2
1.04181 0.754303 1.16748 0.937485 0.795416 1.11153
0.955878 0.922257 1.01946 1.01472 1.13614 0.942582
0.979037 1.07592 0.926063 1.02952 1.08832 0.941017
0.980192 0.979721 0.988386 0.948082 0.906947 1.05407
end
gesture a16 hands 2
1.03885 0.786786 1.29228 0.911208 0.814337 1.18536
0.96862 1.06831 0.948567 0.99359 1.04912 0.989884
1.00639 0.909502 1.05948 1.02354 1.04185 0.872831
1.00912 0.879116 1.07926 0.941997 0.893949 1.02134
end
gesture a16 hands 2
1.00905 0.799935 1.17357 0.894926 0.738687 1.22711
1.00364 1.00862 1.08105 1.02096 1.07435 0.932036
0.967272 1.01097 0.895113 0.954202 0.904275 1.06739
0.978814 0.798569 1.11219 0.899263 0.776 1.04667
end
gesture a16 hands 2
1.0786 0.717783 1.19795 0.961706 0.731418 1.21656
1.05876 0.739669 1.19452 0.989349 1.11501 0.962329
0.934058 1.07772 0.985361 0.961696 1.12423 0.977717
0.964141 0.975143 1.01891 0.903046 0.903454 1.05301
end
gesture a16 hands 2
1.00391 0.798047 1.20169 0.886068 0.763987 1.25202
0.926456 1.09642 0.990445 0.964057 1.0189 1.00469
0.95184 1.15493 0.979078 1.02407 1.16296 0.937909
1.0044 0.885954 1.04237 0.965867 0.91544 1.0335
end
gesture a16 hands 2
1.01906 0.845096 1.24525 0.911459 0.822459 1.0981
0.963888 1.11378 0.970307 0.992049 1.15121 0.953045
0.947871 1.20472 0.916692 1.02926 1.1635 0.862096
0.997458 0.839431 1.04423 0.945367 0.825477 1.08942
end
gesture a16 hands 2
0.926555 0.841805 1.10505 0.91831 0.76798 1.15665
0.95908 1.00519 1.04793 0.960766 0.919971 1.04744
0.978559 0.945371 1.09423 0.97901 0.826658 1.09437
0.973837 0.894452 1.01893 0.962399 0.933397 1.10395
end
gesture a16 hands 2
0.983373 0.842712 1.1057 0.968457 0.823203 1.25862
0.973404 1.07814 0.992964 0.965812 0.853234 1.11545
0.974184 0.970606 1.09428 0.962593 1.04579 0.942351
0.981198 0.836848 1.0684 0.967859 0.902792 1.09079
end
gesture a16 hands 2
0.959212 0.818429 1.11142 0.917698 0.823017 1.09036
0.963874 0.893907 1.11358 0.986711 0.955317 1.09254
0.959311 1.02385 0.985718 0.961821 1.03708 0.953357
1.00285 0.836259 1.12926 0.962362 0.938785 1.04495
end
gesture a17 hands 2
0.954801 0.770826 1.15445 0.945748 0.964227 1.27255
1.13328 0.999904 1.1983 1.03844 1.02172 0.952559
0.996727 1.01807 1.04591 0.91459 0.946886 0.828359
0.997423 0.777464 1.13375 0.98935 0.958008 1.13993
end
gesture a17 hands 2
0.858285 0.68176 0.964568 0.930028 0.991958 1.20485
1.00962 1.0774 1.09888 1.08333 1.02897 0.973131
1.12636 1.05947 1.04536 0.947616 0.863558 0.764901
0.937532 0.796584 0.99614 0.956679 0.985892 1.14257
end
gesture a17 hands 2
0.993358 0.699391 1.12508 0.951397 0.951409 1.16147
1.01724 1.05566 0.978976 1.00727 0.982708 0.755567
0.895025 0.790817 1.03651 0.79724 0.932959 1.22792
0.910439 0.715344 1.13598 0.913355 0.940981 1.16584
end
gesture a17 hands 2
0.960771 0.82414 1.09315 0.933629 0.931638 1.19706
1.10719 0.952203 1.22854 1.13199 0.966739 1.05646
1.02354 1.04044 1.00982 0.956569 1.05483 0.805073
0.942759 0.805455 1.13283 0.954285 0.930625 1.1807
end
gesture a17 hands 2
0.913671 0.747915 1.19201 0.882024 0.888322 1.20657
1.09176 1.02458 1.21587 1.22437 1.04292 1.10398
1.0118 1.00246 0.977315 0.980501 1.03294 0.883001
0.892812 0.759177 1.12661 0.960304 0.91638 1.17513
end
gesture a17 hands 2
0.870812 0.741977 1.19028 0.973143 0.910359 1.21267
0.992984 0.910437 1.17164 1.14649 1.0098 1.08364
0.944657 0.981936 0.989145 0.973228 1.00279 0.868213
0.969013 0.742153 1.1915 0.913917 0.883873 1.22026
end
gesture a17 hands 2
0.889373 0.686467 0.795023 0.98135 0.657838 1.15211
1.06396 0.959258 0.999502 1.07219 0.693283 1.02519
1.03443 1.00174 1.08277 0.972478 0.956824 1.00593
0.970635 0.968181 1.0595 1.01479 0.930917 0.977137
end
gesture a17 hands 2
0.641306 0.53886 1.21112 1.22539 0.809209 1.04823
0.93852 0.667533 1.22817 1.04031 0.876713 0.861537
0.868282 0.882242 1.0404 0.944666 0.99312 1.07705
0.861845 0.847782 0.988699 0.883992 0.963943 1.11351
end
gesture a17 hands 2
1.02754 0.764323 0.990904 0.979121 0.856321 1.04734
1.18304 0.882417 1.24136 1.03442 1.00205 0.855197
0.971818 0.987802 1.02757 0.960242 1.03561 1.09844
1.03401 0.787309 1.07951 0.944886 0.81378 1.03403
end
gesture a17 hands 2
0.917655 0.589273 1.12176 0.858118 0.906748 1.19402
0.942263 0.680792 1.03897 0.869166 0.91429 1.1673
1.01651 0.919282 1.19196 1.04571 0.973693 0.970551
0.921815 0.893432 0.888854 0.835494 0.91196 1.1615
end
gesture a17 hands 2
1.01816 0.585282 1.07646 0.86495 0.933731 1.10224
1.12417 0.882895 1.04152 1.14242 0.940407 0.922428
0.962455 0.994652 0.987053 1.0215 1.03421 0.987959
0.933428 0.80052 0.979056 0.903737 0.951786 1.09359
end
gesture a17 hands 2
0.915087 0.62216 1.13133 0.900991 0.961174 1.09271
1.0421 0.921782 1.1096 1.14369 0.922813 0.945356
0.930024 0.948025 0.899293 1.03966 1.01113 0.946481
0.927676 0.643123 1.13932 0.89676 0.988508 1.0633
end
gesture a17 hands 2
0.947325 0.792994 1.0678 1.012 0.908978 1.04058
1.0728 0.856985 1.16112 0.841405 0.992063 1.03015
0.947855 0.938226 1.01475 0.945367 0.940883 1.14196
0.958754 0.868343 1.05534 0.997722 0.889947 1.07053
end
gesture a17 hands 2
1.00335 0.807574 1.20479 0.985852 0.902956 1.07608
0.97393 0.940923 1.0133 0.854565 1.0071 0.976968
1.07481 0.970308 1.10182 0.920752 0.964222 1.11519
0.928521 0.932362 1.00374 0.974983 0.946762 1.129
end
gesture a17 hands 2
0.970553 0.803819 1.14845 1.02268 0.916522 1.0711
0.898455 0.949429 1.01593 1.002 0.922903 1.10109
0.989218 0.95127 1.09803 0.864989 0.998608 1.00021
0.908338 0.92643 0.952261 0.933654 0.937048 1.08042
end
gesture a17 hands 2
0.87424 0.654607 1.02079 0.943764 0.927839 1.08072
1.08484 0.808414 1.08307 0.866938 0.982629 0.971488
1.00713 1.01086 0.948728 1.02941 1.03139 1.11109
0.963138 0.842116 1.04801 0.967612 0.963124 0.927845
end
gesture a17 hands 2
0.911489 0.61256 1.18517 0.984835 0.959472 0.979912
1.02614 0.781426 1.13753 0.958775 0.979516 0.977791
0.974349 0.971814 0.967269 1.01512 1.00959 1.09456
0.922898 0.800599 1.05992 0.924222 0.948145 0.948616
end
gesture a17 hands 2
0.878946 0.685028 1.16763 0.919242 0.955192 0.967865
1.03603 0.90858 1.03553 1.01378 0.91982 1.1122
0.969553 0.97285 0.923917 0.975896 0.99545 0.908124
0.939183 0.820932 1.09127 0.915438 0.949915 1.0254
end
gesture a17 hands 2
0.915468 0.576277 1.08993 0.936549 0.924815 1.07224
0.959813 0.595827 1.034 1.04622 1.00471 0.932285
1.08635 0.940196 1.17437 0.997971 0.989398 0.965505
0.969131 0.877346 0.992719 0.930869 0.938096 1.09082
end
gesture a17 hands 2
0.97689 0.694515 1.18507 0.974464 0.91892 1.05861
1.08946 0.858358 1.26418 1.01702 0.998514 0.947824
0.957725 0.907287 0.96053 0.914958 1.02806 1.03637
0.956742 0.82179 1.03849 0.96261 0.936918 1.05196
end
gesture a17 hands 2
0.93364 0.61386 1.13465 0.952402 0.930101 1.03066
1.04396 0.871511 1.13482 1.04698 0.996033 0.92465
0.961844 1.02452 0.968861 0.934447 1.02875 0.988318
0.949634 0.789805 1.03051 0.960727 0.936987 1.04034
end
gesture a17 hands 2
0.914098 0.624545 1.01227 0.953504 0.965326 0.986104
1.15339 0.810289 1.12794 1.05091 0.975204 0.937287
0.945165 1.01134 0.980136 0.899534 0.990264 1.14752
0.940968 0.815456 0.976072 1.00294 0.965906 0.991419
end
gesture a17 hands 2
1.00666 0.569783 1.07007 0.983774 0.95583 0.980582
1.13969 0.795083 1.04058 1.00402 0.966108 0.940487
0.909821 1.00465 0.99247 0.911653 0.996818 1.13741
0.936174 0.68984 0.999798 0.985529 0.960555 1.03041
end
gesture a17 hands 2
1.00782 0.663999 1.01377 1.00743 0.97567 1.01674
1.12917 0.877776 1.00556 0.999425 1.00531 0.938736
0.905615 0.982954 0.969318 1.02323 0.950958 0.899939
0.979117 0.632307 1.06257 0.933242 0.966002 1.0892
end
gesture a17 hands 2
0.924204 0.58346 1.01725 0.948192 0.929311 1.07394
1.06993 0.770156 1.19783 1.00613 0.981822 0.952378
1.07241 0.735053 1.16536 0.967937 0.978946 1.06294
0.976218 0.844186 1.01334 0.936677 0.964613 1.08195
end
gesture a17 hands 2
0.927279 0.59667 1.1947 0.928265 0.961259 1.09806
1.09853 0.779278 1.12501 1.00885 0.992632 0.927628
0.992968 0.931976 1.03559 0.96679 0.972959 1.06499
0.971263 0.788543 1.04751 0.936339 0.964933 1.05404
end
gesture a17 hands 2
0.906684 0.498686 1.20058 0.932475 0.964042 1.04655
1.06676 0.737834 1.18922 1.00733 0.989106 0.933322
0.982646 0.916741 1.0384 0.97229 0.951358 1.09285
0.969974 0.77885 1.02421 0.938407 0.965031 1.08443
end
gesture a17 hands 2
0.899281 0.511459 1.16291 0.984485 0.968844 1.02987
1.07316 0.649267 1.20401 0.950214 0.880828 1.04907
1.07877 0.610208 1.21941 0.96526 0.991078 1.04677
0.956772 0.774049 1.07036 0.911323 0.970681 1.07005
end
gesture a17 hands 2
0.888462 0.588774 1.35398 0.905492 0.962223 1.10335
1.03625 0.688554 1.25101 0.963999 0.974096 1.04804
0.976144 0.874527 1.1307 0.987955 0.973383 1.01252
0.947473 0.751788 1.14008 0.941835 0.969791 1.12101
end
gesture a17 hands 2
0.915835 0.543871 1.30655 0.947188 0.980068 1.102
1.02447 0.70143 1.18115 0.925509 0.905831 1.03935
0.971471 0.84275 1.11011 0.970203 0.972151 1.02062
0.932473 0.725175 1.09444 0.941858 0.940993 1.13809
end
gesture a18 hands 2
0.904767 0.568831 1.06985 0.783028 0.693099 1.19009
1.07458 0.885931 1.07839 0.998488 0.855177 1.08903
1.10902 0.859245 1.21682 0.982637 0.983537 0.94386
1.00447 0.95253 1.00642 0.915453 0.873404 1.04987
end
gesture a18 hands 2
0.938368 0.631959 1.23931 0.807686 0.80461 1.40428
0.966294 0.626817 1.20382 0.96288 0.903207 1.05505
1.14582 0.87777 1.21877 0.961004 0.912645 1.1207
1.05421 1.00626 1.0325 0.875133 0.826752 1.04113
end
gesture a18 hands 2
0.950384 0.795123 1.15195 0.872011 0.769618 1.2738
1.14185 1.06755 1.19955 0.872416 0.755712 1.11318
1.04991 1.07079 1.03259 1.00677 0.994037 1.0291
0.974311 0.783133 1.0932 0.950164 0.812426 1.05069
end
gesture a18 hands 2
0.973706 0.660326 1.14049 0.947996 0.75253 1.24232
1.10002 0.908989 1.19256 0.922624 1.01126 0.913385
1.00476 0.984659 0.998492 0.932685 0.778903 1.1712
1.01624 0.705334 1.15888 0.951005 0.759584 1.18431
end
gesture a18 hands 2
1.06082 0.643628 1.238 0.962739 0.762811 1.25293
1.13259 0.862333 1.27521 0.999321 1.00101 0.980396
1.01586 0.886762 1.06003 0.860538 0.940354 0.91972
1.0248 0.766243 1.13772 0.89537 0.803055 1.12418
end
gesture a18 hands 2
1.02256 0.676875 1.18669 0.886406 0.734937 1.23795
1.11005 0.86759 1.32129 0.932618 0.8096 1.15483
1.02777 0.983281 1.12784 0.894329 1.00788 0.909966
0.990161 0.727318 1.05698 0.921274 0.749568 1.20562
end
gesture a18 hands 2
1.0886 0.785273 1.11996 0.873721 0.734888 1.2689
1.24531 1.04173 1.09323 0.984347 0.886009 1.00398
0.956345 0.960986 1.00238 0.958945 0.773135 1.18086
0.910787 0.928984 1.0183 1.06418 0.837176 1.15128
end
gesture a18 hands 2
0.854711 1.24681 0.59665 0.661171 0.856111 1.08418
0.880267 1.16263 0.726708 0.665936 0.912653 1.01978
0.872058 1.23828 0.618359 0.702797 0.941095 0.989545
0.905823 1.07845 0.856766 0.856234 0.895622 1.1047
end
gesture a18 hands 2
1.10922 0.806267 1.2371 0.952063 0.71868 1.20962
1.0966 0.857836 1.12401 0.960022 0.868733 0.978178
0.996455 1.03694 0.958473 0.949337 0.785502 1.11767
1.13976 0.797463 1.18138 0.999714 0.714182 1.13467
end
gesture a18 hands 2
1.00661 0.667514 0.993589 0.942271 0.629649 1.21017
1.20837 0.823688 1.21616 0.871408 0.785876 0.98916
0.987469 1.0351 1.06157 0.994308 0.994092 1.10023
0.989723 0.8112 1.02384 0.962018 0.730845 1.14461
end
gesture a18 hands 2
1.05188 0.787512 1.0701 1.01079 0.813638 1.06127
1.24581 0.841347 1.19098 0.905175 0.878262 0.959583
1.01162 0.932169 1.06449 0.936635 0.804308 1.27583
1.00475 0.869844 1.00267 0.967229 0.808845 1.0729
end
gesture a18 hands 2
1.04129 0.789338 1.07504 0.96038 0.737041 1.10191
1.21183 0.974279 1.26146 0.923483 0.795027 1.10156
0.988315 0.935664 1.01326 0.945666 0.95002 1.27492
1.05546 0.818273 1.04386 0.970994 0.784996 1.081
end
gesture a18 hands 2
1.06933 0.70405 1.14446 0.943578 0.86448 1.15618
0.984186 0.905459 1.10016 0.974353 0.971257 0.910319
0.912453 1.03547 0.936347 0.951446 0.934469 0.944591
0.9703 0.909535 1.02669 0.947562 0.896011 1.08732
end
gesture a18 hands 2
1.06045 0.692945 1.19504 0.956291 0.875044 1.15124
0.956932 1.01793 0.984749 0.93528 0.949692 0.987722
0.982825 0.929338 1.02591 0.938793 0.874985 1.20173
1.00872 0.840742 1.06707 0.948406 0.886043 1.04255
end
gesture a18 hands 2
1.05226 0.73054 1.16005 0.959814 0.869999 1.0539
1.03866 0.954631 1.13525 0.902992 0.913668 1.06103
0.932451 0.994138 0.953709 0.951127 0.853458 1.21711
1.00349 0.79362 1.09772 0.920696 0.859794 1.11284
end
gesture a18 hands 2
0.899147 0.808071 1.051 0.829826 0.68632 1.20432
0.978854 0.769956 1.07326 0.847659 0.629292 1.15526
1.01497 0.995507 1.08141 0.935984 0.850342 1.06558
0.98434 0.978453 1.0419 0.949885 0.830498 1.07578
end
gesture a18 hands 2
0.990655 0.728537 1.05787 0.943284 0.753961 1.40541
1.00999 0.756145 1.148 0.844522 0.766074 1.09788
0.981902 0.623451 1.13258 0.979787 1.03952 0.995799
0.997792 1.05145 0.968135 0.956785 0.92446 1.11115
end
gesture a18 hands 2
0.952877 0.862699 0.900816 0.972522 0.878208 1.17552
1.05343 0.916973 1.09659 0.982495 1.02447 0.894852
1.0184 1.13772 0.981876 0.979 0.906729 1.17309
0.946237 0.838642 1.02495 0.996914 0.859026 1.1522
end
gesture a18 hands 2
0.925647 0.7488 1.04239 0.869617 0.868747 1.17535
1.01574 1.05881 1.00323 1.00786 0.852251 0.973622
0.989187 0.850252 0.992704 1.05324 0.987541 0.899432
0.985394 0.820457 0.991201 0.93753 0.905306 1.19848
end
gesture a18 hands 2
0.989173 0.737325 1.09145 0.951979 0.878442 1.13257
1.08569 1.00624 1.10351 1.03833 0.953914 0.892922
0.959145 0.973202 0.95168 0.924678 0.886448 1.11282
0.960287 0.790364 1.02595 0.879918 0.864552 1.1224
end
gesture a18 hands 2
0.956707 0.744114 1.03065 0.888721 0.873396 1.1398
1.037 1.06253 1.05042 1.0087 0.971526 0.88917
0.998627 0.838076 1.02097 1.00159 0.961317 0.874507
0.970446 0.752707 1.06234 0.919058 0.867779 1.12164
end
gesture a18 hands 2
0.906403 0.768307 0.995379 0.758638 0.711543 1.22038
1.10338 1.04635 1.08577 0.828036 0.649176 1.22006
0.986805 1.03061 0.969456 1.01442 0.938387 1.03539
0.953717 0.814689 1.00977 0.863639 0.860156 1.0371
end
gesture a18 hands 2
0.928321 0.760432 1.07848 0.783933 0.709707 1.17962
1.12112 0.976491 1.14055 0.768135 0.660581 1.26056
0.957035 0.947653 0.955332 0.986283 0.921762 1.04666
0.948287 0.853291 1.01857 0.877896 0.830246 1.07578
end
gesture a18 hands 2
0.948687 0.818977 1.06636 0.836176 0.753721 1.22089
1.07629 1.08158 1.06119 0.835612 0.743678 1.1931
0.954303 0.980658 0.88302 1.03346 0.985514 0.968246
0.935089 0.817047 1.08331 0.859709 0.794032 1.08433
end
gesture a18 hands 2
0.933825 0.637323 1.09581 0.867071 0.737389 1.2483
1.07598 0.997716 1.17244 0.979161 1.01041 0.912495
1.01198 0.931017 0.985369 0.937611 0.874887 1.07596
0.97173 0.729326 1.05636 0.904726 0.741091 1.19977
end
gesture a18 hands 2
0.955434 0.663552 1.10107 0.902171 0.704177 1.26643
1.10451 0.931355 1.2693 0.91448 0.714779 1.18078
1.00358 0.883398 1.04547 0.955048 0.95853 0.986254
1.01447 0.782959 1.13043 0.90077 0.689148 1.26557
end
gesture a18 hands 2
0.975456 0.654565 1.20056 0.968081 0.710413 1.23391
1.04848 0.972601 1.10798 0.95613 0.933106 0.9661
0.974174 0.883124 0.908705 0.959041 0.855178 1.00041
0.993283 0.812466 1.05758 0.904593 0.755161 1.24
end
gesture a18 hands 2
0.981948 0.6456 1.08439 0.899803 0.640182 1.31748
1.05804 0.653974 1.10355 0.930286 0.730603 1.16613
1.06236 0.893456 1.13432 0.98364 0.884561 0.97921
0.976678 0.77753 1.03463 0.938871 0.766733 1.16443
end
gesture a18 hands 2
0.97113 0.652309 1.19451 0.865684 0.631743 1.42814
1.04017 0.867593 1.14154 0.909236 0.649427 1.24036
0.979067 0.911533 0.97861 0.933436 0.90528 0.984599
0.980348 0.791531 1.04378 0.904991 0.780771 1.12613
end
gesture a18 hands 2
0.983199 0.680486 1.11888 0.914997 0.70031 1.2818
1.02336 0.948413 1.08217 0.911861 0.689459 1.25232
0.987662 0.968803 0.983388 0.970017 0.939291 0.976148
0.990309 0.806175 1.0917 0.925751 0.738606 1.15384
end
gesture a20 hands 2
0.978462 0.837615 1.1963 1.02367 1.05158 1.01688
0.882302 0.43431 1.10113 0.992225 0.858505 1.16624
0.96885 0.697879 1.09131 0.947997 0.992008 0.860826
1.00322 0.873729 1.04326 0.982486 1.03632 1.07469
end
gesture a20 hands 2
1.03019 0.745768 1.36717 0.937715 1.08063 1.14568
0.970872 0.882086 1.05353 1.01546 0.815923 1.14498
0.883373 0.466629 1.17855 0.954755 0.999109 0.893861
0.994928 0.870763 1.01197 0.959766 1.09551 1.08662
end
gesture a20 hands 2
1.024 0.843099 1.25447 0.972247 1.06611 1.08589
0.856343 0.453353 1.12181 1.02844 0.76242 1.15189
0.885805 0.502458 1.11672 0.95089 1.01462 0.847494
1.03454 0.936468 1.0397 0.98261 1.07339 1.11579
end
gesture a20 hands 2
0.949611 0.836859 1.05946 1.08527 0.888567 0.981181
1.20823 0.832963 1.18743 1.27314 1.08171 0.841943
1.00637 0.943125 1.03327 1.13708 1.08003 0.828039
1.07623 0.7619 1.15536 0.931726 0.867841 1.00273
end
gesture a20 hands 2
1.00969 0.72011 1.17838 0.890546 0.855661 1.14325
1.11634 0.78105 1.21286 1.09343 0.971963 0.860198
1.18729 0.723665 1.29205 0.954874 0.937312 1.14282
1.04157 0.87636 1.10842 0.902589 0.922609 1.14336
end
gesture a20 hands 2
0.977362 0.958588 0.893301 0.765032 0.891617 1.05139
1.13683 0.83391 1.17928 0.99941 0.823407 0.920455
0.962205 0.947073 1.00367 0.969615 0.959463 0.884362
1.08647 0.814906 1.16769 0.978883 1.0047 1.09118
end
gesture a20 hands 2
1.01059 0.992291 1.14579 0.976271 1.04811 1.01635
0.986528 0.647147 1.1277 1.02006 0.788033 0.991976
0.998487 0.983557 1.18796 0.920475 1.02882 0.911716
0.997315 1.05717 1.08436 0.940938 1.00177 1.07189
end
gesture a20 hands 2
1.04137 0.776676 1.24106 0.912832 1.02208 1.09121
0.978568 0.53278 1.00063 0.970398 0.755106 1.05683
0.987178 0.785132 0.989441 0.990751 1.0356 0.942505
0.990917 0.895496 1.02176 0.903553 1.00913 1.0807
end
gesture a20 hands 2
1.05413 0.755272 1.26417 0.951947 1.03531 1.06937
0.985591 0.435849 1.06615 1.03978 0.780738 0.983024
1.07799 0.662777 1.12006 1.03508 1.0461 0.896905
0.998349 0.825304 1.04506 0.92463 1.03215 1.04912
end
gesture a20 hands 2
1.18034 0.777126 1.18645 1.0073 0.990984 1.02671
0.982332 0.659197 1.06783 0.925638 0.801035 1.09888
0.953025 0.940145 0.996357 0.966146 0.961352 0.957109
1.00052 0.846832 1.07306 0.923064 0.974524 1.15747
end
gesture a20 hands 2
1.11965 0.763646 1.31183 0.946527 1.003 1.04596
0.984913 0.634327 1.10114 0.942658 0.8193 1.13402
0.945348 0.96791 0.990684 0.967758 0.999388 0.9296
0.964923 0.896474 1.01643 0.952043 1.01039 1.0919
end
gesture a20 hands 2
1.06907 0.7821 1.12645 0.938198 1.02209 1.08177
0.930735 0.571748 1.06099 0.922308 0.821243 1.05677
0.924118 0.75722 1.00392 0.9635 0.969684 0.932237
0.985387 0.888187 1.02075 0.909278 1.00678 1.05707
end
gesture a20 hands 2
0.954625 0.86623 1.19138 0.904088 1.04533 1.1143
1.00203 0.851094 1.06004 0.992618 0.781147 0.984658
0.982755 0.542319 1.01906 0.977583 1.09589 1.01983
0.981247 0.93554 1.00742 0.951632 1.07058 1.20716
end
gesture a20 hands 2
0.837531 1.07026 0.867617 0.812049 1.11388 0.993376
0.894346 0.615862 0.946583 1.0136 0.694262 0.996404
0.968849 0.9618 0.872278 0.959994 0.980102 0.941378
0.967511 0.926879 1.15291 0.934107 1.07462 0.985753
end
gesture a20 hands 2
0.989617 0.695548 1.6988 0.830598 0.735393 1.7366
1.01711 0.786845 1.53041 0.980751 0.803739 1.37899
1.00076 1.17862 1.49648 0.947491 1.09107 1.43823
0.995791 0.953548 1.55708 0.832498 0.847356 1.60308
end
gesture a20 hands 2
0.934898 0.742595 1.17839 0.941399 1.05453 0.984999
0.87561 0.574986 1.04756 1.01982 0.698405 1.06717
1.00001 1.06012 0.94688 0.980031 1.07097 0.972266
1.05621 0.973276 0.935352 0.952636 1.11868 1.03333
end
gesture a20 hands 2
1.05417 0.717043 1.35171 0.908715 0.929545 1.34669
0.87345 0.485231 1.12757 0.891135 0.778801 1.49179
0.946361 0.940765 1.15495 0.95893 0.915054 1.25301
0.994746 0.773502 1.31542 0.916097 0.928828 1.33646
end
gesture a20 hands 2
0.982259 0.947216 1.16135 0.908914 1.0295 1.06499
0.931384 0.483228 1.0188 1.10308 0.737104 1.05347
0.99382 0.941779 1.18838 0.976596 0.942992 1.04669
0.934622 0.885614 0.924069 0.943558 1.0345 1.0772
end
gesture a20 hands 2
1.08703 0.788541 1.13846 0.877991 0.985908 0.867462
0.966797 0.502666 1.03542 1.00425 0.685502 1.23297
0.948684 1.05494 0.918723 0.951619 0.811319 1.16306
0.93839 1.04022 0.895027 0.928183 1.0667 0.991791
end
gesture a20 hands 2
0.93462 0.836778 0.909669 0.742348 0.910343 1.33168
0.932767 0.399152 0.987105 0.883474 0.795892 1.21247
0.940934 1.02365 0.975098 1.02728 1.12229 0.870917
0.942229 1.00669 0.952206 0.931868 1.02494 0.985971
end
gesture a20 hands 2
0.947193 0.825233 0.925711 0.892784 0.975977 1.18668
0.926681 0.462119 0.982858 1.01504 0.857957 1.21551
0.946393 0.991292 1.0612 1.0162 1.07311 0.840874
1.00427 1.00472 1.10967 0.904541 1.00758 1.07076
end
gesture a20 hands 2
1.00405 0.692827 1.26856 0.990891 1.02754 0.906685
1.00632 0.367881 1.09283 0.941445 0.910106 1.15203
0.98982 0.800943 1.02815 1.00658 0.811972 1.07382
0.964795 0.838669 1.00791 0.921268 1.03841 1.01203
end
gesture a20 hands 2
1.06313 0.640359 1.2326 0.94056 1.15901 1.06949
1.08095 0.369786 1.10837 0.95894 1.05238 1.0822
0.944113 0.789531 1.07702 0.991599 0.718188 1.10176
0.958083 0.842955 1.02014 0.949356 1.08165 1.02174
end
gesture a20 hands 2
1.13204 1.12851 0.853706 0.76668 0.758292 0.973982
1.18069 0.796014 1.00873 0.670025 0.66015 1.16602
1.14939 0.830247 1.04262 0.939652 0.979748 1.06889
0.787132 1.05716 1.12447 0.941984 0.972067 1.06793
end
