gesture a06 hands 2
0.938574 0.482655 1.19935 0.925706 0.948372 1.06781
0.973893 1.0066 0.973165 0.924535 0.920619 1.1292
0.974741 0.904012 0.993646 0.978801 0.98008 1.08803
end
gesture a06 hands 2
0.928005 0.438638 1.2921 0.944393 0.981762 1.0923
0.978891 0.730142 1.21002 0.928591 0.906472 0.978519
0.95379 0.861167 1.0074 0.93255 0.963084 1.16681
end
gesture a06 hands 2
0.900299 0.601686 1.19998 0.952952 0.963518 1.11312
0.989806 1.03378 1.02462 0.961104 0.970762 1.144
0.928795 0.717334 1.06236 0.97289 0.962306 0.994091
end
gesture a06 hands 2
0.898899 0.702814 1.11441 0.880229 0.871591 1.15114
0.968768 1.07359 0.988062 0.965209 1.20319 0.931366
0.970284 0.861496 1.03762 0.941164 0.945902 1.07555
end
gesture a06 hands 2
0.93438 0.688278 1.1938 0.879858 0.74611 1.17151
0.9881 1.02221 0.951158 0.954113 1.13531 0.98978
0.973792 0.85778 1.0421 0.947689 0.877832 1.07193
end
gesture a06 hands 2
0.984913 0.548524 1.10159 0.966586 0.812679 1.12243
1.00244 0.993328 0.935532 0.95046 1.22803 0.953243
0.835383 1.15207 1.09571 0.965688 0.846989 1.13775
end
gesture a06 hands 2
0.955261 0.493412 1.20319 1.02798 0.868767 1.02753
1.01684 0.951964 1.06272 0.946847 1.01336 1.15607
1.0578 0.861922 1.07206 1.00893 0.919469 0.997384
end
gesture a06 hands 2
1.01896 0.3993 1.35238 1.00058 0.90558 1.00935
1.02112 0.832422 1.11788 1.00544 0.982665 1.11421
1.04324 0.755838 1.12158 0.899547 0.987453 1.039
end
gesture a06 hands 2
1.0266 0.481231 1.34075 1.01593 0.936819 1.03544
1.04611 0.856351 1.07734 0.99878 0.990182 1.12899
1.02594 0.614224 1.21688 1.00323 0.925209 1.05261
end
gesture a06 hands 2
1.01321 0.636498 1.1382 0.976539 0.947871 1.03295
0.953757 0.94604 0.984027 0.969978 0.973109 1.02249
0.992048 0.786334 1.0981 0.980977 0.949312 1.02912
end
gesture a06 hands 2
1.00849 0.603299 1.2385 0.952563 0.926765 1.06045
0.984879 0.93524 1.0408 0.937576 0.941155 1.12225
0.962458 0.8308 1.05188 0.928477 0.960708 1.03949
end
gesture a06 hands 2
1.0248 0.658038 1.22124 0.958196 0.955352 0.983806
0.979621 1.00643 1.00056 0.961555 0.957167 1.12576
0.975697 0.889242 1.03782 0.968967 0.964556 1.03837
end
gesture a06 hands 2
1.00558 0.367983 1.20558 0.960651 0.953341 1.03838
0.967586 1.06193 0.9291 0.991605 0.973996 1.0366
0.976395 0.80967 1.02392 0.970345 0.955008 1.04598
end
gesture a06 hands 2
1.01106 0.386817 1.20474 0.962045 0.964156 1.00152
0.949406 1.0699 0.925354 0.962408 0.955393 1.0893
0.977722 0.855793 1.05452 0.968808 0.954985 0.981748
end
gesture a06 hands 2
0.934385 0.386387 1.13392 0.969499 0.93759 1.07482
0.968026 1.06229 1.05716 0.98464 0.919963 1.04236
1.02235 0.871302 1.06502 0.956303 0.978159 1.04901
end
gesture a06 hands 2
0.93412 0.504427 1.1806 0.953143 0.944267 1.07119
0.982972 0.937793 1.04354 0.964324 0.989385 1.03979
0.974248 0.705971 1.09988 0.959171 0.95185 1.03455
end
gesture a06 hands 2
0.885489 0.465806 1.15264 0.966375 0.93501 1.06306
0.947831 0.948445 1.01942 0.960762 0.995021 1.00893
0.997059 0.765637 1.09992 0.960606 0.928147 1.09323
end
gesture a06 hands 2
0.95893 0.399252 1.19628 0.972753 0.94443 1.07364
0.973735 0.81917 1.16608 0.965341 0.91131 0.998342
0.980664 0.890953 0.96823 0.993382 0.975351 1.05727
end
gesture a06 hands 2
0.976591 0.494545 1.26651 0.974458 0.993958 1.05833
0.96787 0.927441 1.03968 0.959074 0.984322 1.09402
0.976853 0.772769 1.06581 0.965193 0.97332 1.06047
end
gesture a06 hands 2
0.953679 0.520025 1.24903 0.989489 0.97035 0.995739
0.979338 0.770954 1.09615 0.967122 0.964952 1.12555
0.979256 0.746528 1.10719 0.969038 1.01748 1.02713
end
gesture a06 hands 2
0.960498 0.395035 1.22449 0.956529 0.969592 1.05935
0.978327 0.923957 1.00817 0.975893 0.957442 1.0678
0.990269 0.763645 1.04603 0.928435 0.978576 1.09194
end
gesture a06 hands 2
0.966558 0.329468 1.31543 0.946438 0.966494 1.08175
0.985219 0.702403 1.20399 0.973481 0.929455 1.02191
0.964418 0.785497 1.04724 0.949182 0.975384 1.08671
end
gesture a06 hands 2
0.959965 0.454241 1.31966 0.948412 0.969923 1.06503
0.968614 0.96391 1.02311 0.986308 1.00107 1.04507
1.00919 0.892997 0.981859 0.977839 0.984175 1.05407
end
gesture a06 hands 2
0.981677 0.451286 1.3109 0.945155 0.942921 1.07674
0.98789 0.812057 1.11489 0.953553 0.951738 1.04802
0.970674 0.711851 1.11167 0.926087 0.950611 1.14333
end
gesture a06 hands 2
0.959482 0.42726 1.29373 0.929689 0.952635 1.12019
0.979417 0.838849 1.09592 0.949916 0.966019 1.03828
0.979328 0.799841 1.03223 0.96454 0.942717 1.08541
end
gesture a06 hands 2
0.961049 0.416514 1.26442 0.917127 0.940491 1.12664
0.978365 0.781058 1.1164 0.949747 0.951662 1.05581
0.975953 0.739025 1.08706 0.930888 0.921718 1.12428
end
gesture a15 hands 2
0.996703 0.920909 1.03304 1.04375 0.966964 1.0847
0.992599 0.989341 1.05308 0.859459 0.972352 0.998347
0.967365 0.933291 0.95383 1.03607 0.955954 1.06888
end
gesture a15 hands 2
0.948947 0.958925 1.02848 1.00561 0.98008 1.09498
0.989642 0.942694 0.963945 1.00287 0.956694 1.04639
1.00154 0.94595 0.976432 1.06024 0.973045 1.00112
end
gesture a15 hands 2
0.869435 0.87674 0.980579 1.01967 0.961425 1.06448
0.960356 0.930059 1.01568 1.05051 0.980222 0.957314
0.831027 0.890434 1.04846 0.87264 0.959531 1.06716
end
gesture a15 hands 2
1.05766 0.895815 1.13403 0.979749 0.956037 1.10144
0.875986 0.992581 1.00099 0.856251 0.936726 1.01233
1.0543 0.905674 1.09914 1.00491 0.947532 1.11758
end
gesture a15 hands 2
1.07781 0.948645 1.05149 1.05826 0.976287 1.07286
0.857135 1.02127 0.952151 1.00341 0.973467 1.00642
1.01509 0.928354 1.11022 0.946389 0.9568 1.05782
end
gesture a15 hands 2
1.03689 0.896549 1.06544 1.09328 0.968837 1.03822
1.14637 0.896246 1.0131 0.803686 0.994893 0.982473
1.11082 0.897162 1.04883 1.16163 0.968906 0.9953
end
gesture a15 hands 2
1.09836 0.875281 1.07378 1.07552 0.984099 1.01602
1.07175 0.926449 1.07085 0.825749 0.982652 1.12702
1.09606 0.904498 1.02584 1.17952 0.974939 0.968395
end
gesture a15 hands 2
1.10432 0.908183 1.13991 1.18446 1.07747 1.12622
0.922065 1.07405 0.983631 1.00859 0.917381 1.0928
0.999767 0.996775 1.01878 0.894542 1.00912 0.984341
end
gesture a15 hands 2
0.950837 0.927744 1.05365 0.995904 0.969623 1.03134
1.09399 1.07196 1.055 0.914546 0.983016 0.986489
0.894913 0.947843 0.979241 0.969114 0.960356 1.02007
end
gesture a15 hands 2
0.890713 0.905563 0.995741 0.960571 0.941428 1.01028
0.93452 0.888018 1.00529 0.994043 0.961149 1.10737
0.942923 0.900484 1.01548 1.01084 0.954413 1.05903
end
gesture a15 hands 2
0.925994 0.922238 1.00065 0.992071 0.966684 1.03462
1.02407 1.00351 1.14666 0.966485 0.971084 1.10649
0.939549 0.941137 0.989473 1.03227 0.974756 1.0764
end
gesture a15 hands 2
1.00425 0.937952 1.02353 1.03268 0.981665 1.01439
1.01702 1.02408 1.0464 0.913344 0.951795 1.04687
0.980932 0.935724 1.01207 1.00101 0.997735 0.980211
end
gesture a15 hands 2
0.915992 0.925812 0.996262 0.960623 0.994575 1.0302
1.03357 1.02325 1.13667 0.919348 0.94921 1.06442
0.973518 0.897418 0.99352 1.00817 0.976537 1.02109
end
gesture a15 hands 2
0.959339 0.915885 1.00586 1.01135 0.983124 1.04764
1.00752 1.02102 1.10082 0.892149 0.959058 1.04431
0.935511 0.920933 0.979049 1.00525 0.979157 1.00679
end
gesture a15 hands 2
1.0738 0.909025 1.07918 1.02435 0.96585 1.03976
0.855494 0.999057 0.993888 0.985171 0.960828 1.05039
1.02102 0.905618 1.08705 0.984188 0.968175 1.0456
end
gesture a15 hands 2
1.06587 0.87615 1.10161 1.00041 0.954141 1.06928
0.928253 0.972605 1.06799 0.977793 0.944423 1.03737
1.01721 0.924466 1.0845 0.949243 0.945233 1.04514
end
gesture a15 hands 2
0.986091 0.923899 1.07861 0.931329 0.947615 1.03877
1.09328 0.903135 1.04313 0.938947 0.924491 1.05679
1.07226 0.899898 1.02213 1.02654 0.954152 1.05743
end
gesture a15 hands 2
1.00073 0.865209 1.09493 1.03578 0.931404 1.05734
0.956836 0.917451 1.11449 0.841275 0.971175 1.08978
0.956924 0.86565 1.1403 0.97936 0.931333 1.06194
end
gesture a15 hands 2
0.998854 0.851996 1.14985 1.02231 0.934733 1.0954
0.999871 0.914738 1.10912 0.873725 0.972713 1.03665
1.0022 0.892338 1.12754 1.02999 0.945163 1.07772
end
gesture a15 hands 2
1.00007 0.823437 1.16739 1.01801 0.929332 1.10846
0.900008 0.994165 1.00186 0.890236 0.94504 1.04835
0.968814 0.922505 1.10802 0.956588 0.910122 1.12878
end
gesture a16 hands 2
1.00996 0.848516 1.10376 0.946403 0.854442 1.07927
0.91356 1.15041 0.961087 0.989629 1.10847 0.899359
1.03332 0.877058 1.10099 0.960504 0.937678 1.06185
end
gesture a16 hands 2
1.07814 0.859543 1.08602 0.986229 0.861003 1.10318
0.953316 1.07587 1.04303 0.939319 0.976557 1.03634
0.982893 0.863755 1.06461 0.932402 0.874465 1.11944
end
gesture a16 hands 2
0.984861 0.852682 1.13404 0.892911 0.866037 1.09155
0.924846 1.12969 0.948826 0.980074 0.867439 1.08918
1.05534 0.84487 1.07704 0.989785 0.865105 1.06112
end
gesture a16 hands 2
1.01696 0.785095 1.17018 0.902097 0.764443 1.11878
0.985847 0.958858 1.04367 0.929561 1.02555 1.03534
0.955646 1.04226 0.98024 0.981843 0.98329 1.05058
end
gesture a16 hands 2
1.03166 0.806001 1.18903 0.958697 0.808769 1.20956
0.996144 0.885407 1.00048 0.920705 1.00352 1.01992
1.00252 0.852369 1.01272 0.937608 0.822484 1.09319
end
gesture a16 hands 2
0.977699 0.833104 1.08386 0.931391 0.786859 1.17539
0.949625 1.10057 0.945854 1.00921 1.04595 0.95164
1.04251 0.855142 1.03348 0.997925 0.823721 1.08314
end
gesture a16 hands 2
1.03207 0.859913 1.0825 0.961324 0.860367 1.10594
0.955697 0.941691 1.08721 1.00595 1.04511 0.97105
0.979805 0.891674 1.10123 0.929745 0.887362 1.107
end
gesture a16 hands 2
1.02473 0.846648 1.12451 0.989325 0.838513 1.1446
0.908811 1.0856 0.985155 0.973488 1.10073 0.940844
1.05651 0.860979 1.08723 0.947222 0.855713 1.08123
end
gesture a16 hands 2
1.02683 0.824176 1.10294 0.921486 0.833837 1.09404
0.944127 1.08649 1.0236 0.958953 0.922538 1.08872
1.04228 0.829108 1.06983 0.956319 0.817571 1.12445
end
gesture a16 hands 2
1.01563 0.802492 1.14423 0.892288 0.783622 1.14317
0.979427 0.955787 1.04907 1.04527 1.12081 0.950172
1.04145 0.813188 1.15171 0.948633 0.898852 1.07703
end
gesture a16 hands 2
1.03788 0.775675 1.15162 0.906231 0.772571 1.11518
0.989661 0.951483 1.075 1.02649 1.05918 0.975914
1.01644 0.902752 1.1262 0.957462 0.902317 1.12326
end
gesture a16 hands 2
1.04391 0.7997 1.18422 0.938709 0.808678 1.15693
0.973704 1.00609 1.02022 1.03849 1.12624 0.918553
1.03939 0.802336 1.15133 0.955787 0.813052 1.12336
end
gesture a16 hands 2
1.11439 0.737082 1.23846 0.966488 0.774048 1.20807
1.0203 0.878798 1.07591 0.949721 1.11958 0.830231
0.978642 0.958344 1.00015 0.958766 1.01751 0.919357
end
gesture a16 hands 2
1.10876 0.752661 1.18385 0.915394 0.781363 1.22703
0.934178 0.97055 1.05045 0.996942 1.10495 0.943457
0.981805 0.948537 1.01515 0.989456 0.935537 1.06984
end
gesture a16 hands 2
1.0977 0.763891 1.25966 0.941231 0.796688 1.25075
0.935534 1.09001 0.964207 0.929996 0.854733 1.12466
1.00468 0.853071 1.06685 0.886645 0.81203 1.08957
end
gesture a16 hands 2
0.945769 0.939487 1.08627 0.959196 0.895455 1.10988
0.971341 0.997622 0.984472 0.937468 0.962088 1.08797
0.961666 0.956218 1.03344 0.947869 0.955225 0.955934
end
gesture a16 hands 2
1.01782 0.961042 1.10622 1.02697 0.948164 1.07757
0.995402 0.977576 1.04952 0.950281 0.973981 0.957365
0.98867 0.967152 1.04575 0.970634 0.945406 1.0697
end
gesture a16 hands 2
0.993545 0.982036 1.08032 1.00846 0.948303 1.09579
1.01126 0.976174 1.03406 1.00769 0.973229 1.06917
0.931149 0.984696 1.04268 0.9508 0.946881 1.0551
end
gesture a16 hands 2
1.0196 0.804472 1.14599 0.903228 0.832014 1.12686
1.01975 0.919312 1.06573 1.03932 1.05044 0.984922
1.04402 0.880173 1.06863 0.954878 0.902841 1.07342
end
gesture a16 hands 2
1.04133 0.807389 1.18593 0.912658 0.840335 1.15596
0.941577 1.03943 0.934549 0.991366 1.05964 0.96665
0.990041 0.902415 1.07316 0.932252 0.876667 1.06298
end
gesture a16 hands 2
1.00037 0.829951 1.21919 0.907842 0.872802 1.1573
0.943701 1.05883 1.00008 1.00509 1.09165 0.896964
1.03418 0.879178 1.07043 0.974895 0.906536 1.07162
end
gesture a16 hands 2
1.04181 0.754303 1.16748 0.937485 0.795416 1.11153
0.979037 1.07592 0.926063 1.01472 1.13614 0.942582
0.980192 0.979721 0.988386 0.948082 0.906947 1.05407
end
gesture a16 hands 2
1.03885 0.786786 1.29228 0.911208 0.814337 1.18536
1.00639 0.909502 1.05948 1.02354 1.04185 0.872831
1.00912 0.879116 1.07926 0.941997 0.893949 1.02134
end
gesture a16 hands 2
1.00905 0.799935 1.17357 0.894926 0.738687 1.22711
0.967272 1.01097 0.895113 1.02096 1.07435 0.932036
0.978814 0.798569 1.11219 0.899263 0.776 1.04667
end
gesture a16 hands 2
1.0786 0.717783 1.19795 0.961706 0.731418 1.21656
0.934058 1.07772 0.985361 0.975019 1.06672 0.983466
0.964141 0.975143 1.01891 0.903046 0.903454 1.05301
end
gesture a16 hands 2
1.00391 0.798047 1.20169 0.886068 0.763987 1.25202
0.95184 1.15493 0.979078 1.01143 1.12079 0.945168
1.0044 0.885954 1.04237 0.965867 0.91544 1.0335
end
gesture a16 hands 2
1.01906 0.845096 1.24525 0.911459 0.822459 1.0981
0.947871 1.20472 0.916692 1.02926 1.1635 0.862096
0.997458 0.839431 1.04423 0.945367 0.825477 1.08942
end
gesture a16 hands 2
0.926555 0.841805 1.10505 0.91831 0.76798 1.15665
0.983544 0.922288 1.1145 0.960219 0.951369 1.06548
0.973837 0.894452 1.01893 0.962399 0.933397 1.10395
end
gesture a16 hands 2
0.983373 0.842712 1.1057 0.968457 0.823203 1.25862
0.974184 0.970606 1.09428 0.962593 1.04579 0.942351
0.981198 0.836848 1.0684 0.967859 0.902792 1.09079
end
gesture a16 hands 2
0.959212 0.818429 1.11142 0.917698 0.823017 1.09036
1.00218 0.864636 1.12103 0.961821 1.03708 0.953357
1.00285 0.836259 1.12926 0.962362 0.938785 1.04495
end
gesture a17 hands 2
0.954801 0.770826 1.15445 0.945748 0.964227 1.27255
0.996727 1.01807 1.04591 0.957642 0.964163 0.942634
0.997423 0.777464 1.13375 0.98935 0.958008 1.13993
end
gesture a17 hands 2
0.858285 0.68176 0.964568 0.930028 0.991958 1.20485
1.09635 1.02477 1.01351 0.947616 0.863558 0.764901
0.937532 0.796584 0.99614 0.956679 0.985892 1.14257
end
gesture a17 hands 2
0.993358 0.699391 1.12508 0.951397 0.951409 1.16147
1.01724 1.05566 0.978976 0.79724 0.932959 1.22792
0.910439 0.715344 1.13598 0.913355 0.940981 1.16584
end
gesture a17 hands 2
0.960771 0.82414 1.09315 0.933629 0.931638 1.19706
1.00706 0.996176 0.980003 0.919778 1.02602 0.816822
0.942759 0.805455 1.13283 0.954285 0.930625 1.1807
end
gesture a17 hands 2
0.913671 0.747915 1.19201 0.882024 0.888322 1.20657
1.04603 1.04068 1.05868 0.980501 1.03294 0.883001
0.892812 0.759177 1.12661 0.960304 0.91638 1.17513
end
gesture a17 hands 2
0.870812 0.741977 1.19028 0.973143 0.910359 1.21267
0.993507 0.908294 0.999569 0.886148 1.02022 0.916326
0.969013 0.742153 1.1915 0.913917 0.883873 1.22026
end
gesture a17 hands 2
0.889373 0.686467 0.795023 0.98135 0.657838 1.15211
0.912477 0.699061 0.809321 0.972478 0.956824 1.00593
0.970635 0.968181 1.0595 1.01479 0.930917 0.977137
end
gesture a17 hands 2
0.641306 0.53886 1.21112 1.22539 0.809209 1.04823
0.93852 0.667533 1.22817 0.944666 0.99312 1.07705
0.861845 0.847782 0.988699 0.883992 0.963943 1.11351
end
gesture a17 hands 2
1.02754 0.764323 0.990904 0.979121 0.856321 1.04734
0.971818 0.987802 1.02757 0.960242 1.03561 1.09844
1.03401 0.787309 1.07951 0.944886 0.81378 1.03403
end
gesture a17 hands 2
0.917655 0.589273 1.12176 0.858118 0.906748 1.19402
1.01651 0.919282 1.19196 1.04571 0.973693 0.970551
0.921815 0.893432 0.888854 0.835494 0.91196 1.1615
end
gesture a17 hands 2
1.01816 0.585282 1.07646 0.86495 0.933731 1.10224
0.917035 0.998299 0.958189 0.943917 1.02981 1.07042
0.933428 0.80052 0.979056 0.903737 0.951786 1.09359
end
gesture a17 hands 2
0.915087 0.62216 1.13133 0.900991 0.961174 1.09271
0.930024 0.948025 0.899293 1.03966 1.01113 0.946481
0.927676 0.643123 1.13932 0.89676 0.988508 1.0633
end
gesture a17 hands 2
0.947325 0.792994 1.0678 1.012 0.908978 1.04058
0.947855 0.938226 1.01475 0.945367 0.940883 1.14196
0.958754 0.868343 1.05534 0.997722 0.889947 1.07053
end
gesture a17 hands 2
1.00335 0.807574 1.20479 0.985852 0.902956 1.07608
1.05662 1.0082 1.11682 0.920752 0.964222 1.11519
0.928521 0.932362 1.00374 0.974983 0.946762 1.129
end
gesture a17 hands 2
0.970553 0.803819 1.14845 1.02268 0.916522 1.0711
0.989218 0.95127 1.09803 0.864989 0.998608 1.00021
0.908338 0.92643 0.952261 0.933654 0.937048 1.08042
end
gesture a17 hands 2
0.87424 0.654607 1.02079 0.943764 0.927839 1.08072
1.00713 1.01086 0.948728 1.02941 1.03139 1.11109
0.963138 0.842116 1.04801 0.967612 0.963124 0.927845
end
gesture a17 hands 2
0.911489 0.61256 1.18517 0.984835 0.959472 0.979912
0.974349 0.971814 0.967269 1.01512 1.00959 1.09456
0.922898 0.800599 1.05992 0.924222 0.948145 0.948616
end
gesture a17 hands 2
0.878946 0.685028 1.16763 0.919242 0.955192 0.967865
0.972622 0.992569 0.933349 0.975896 0.99545 0.908124
0.939183 0.820932 1.09127 0.915438 0.949915 1.0254
end
gesture a17 hands 2
0.915468 0.576277 1.08993 0.936549 0.924815 1.07224
1.08635 0.940196 1.17437 0.997971 0.989398 0.965505
0.969131 0.877346 0.992719 0.930869 0.938096 1.09082
end
gesture a17 hands 2
0.97689 0.694515 1.18507 0.974464 0.91892 1.05861
0.976444 1.00827 0.9756 0.914958 1.02806 1.03637
0.956742 0.82179 1.03849 0.96261 0.936918 1.05196
end
gesture a17 hands 2
0.93364 0.61386 1.13465 0.952402 0.930101 1.03066
0.961844 1.02452 0.968861 0.934447 1.02875 0.988318
0.949634 0.789805 1.03051 0.960727 0.936987 1.04034
end
gesture a17 hands 2
0.914098 0.624545 1.01227 0.953504 0.965326 0.986104
0.945165 1.01134 0.980136 0.899534 0.990264 1.14752
0.940968 0.815456 0.976072 1.00294 0.965906 0.991419
end
gesture a17 hands 2
1.00666 0.569783 1.07007 0.983774 0.95583 0.980582
0.909821 1.00465 0.99247 0.911653 0.996818 1.13741
0.936174 0.68984 0.999798 0.985529 0.960555 1.03041
end
gesture a17 hands 2
1.00782 0.663999 1.01377 1.00743 0.97567 1.01674
0.905615 0.982954 0.969318 1.02323 0.950958 0.899939
0.979117 0.632307 1.06257 0.933242 0.966002 1.0892
end
gesture a17 hands 2
0.924204 0.58346 1.01725 0.948192 0.929311 1.07394
1.07241 0.735053 1.16536 0.967937 0.978946 1.06294
0.976218 0.844186 1.01334 0.936677 0.964613 1.08195
end
gesture a17 hands 2
0.927279 0.59667 1.1947 0.928265 0.961259 1.09806
0.992968 0.931976 1.03559 0.969341 0.958658 1.09278
0.971263 0.788543 1.04751 0.936339 0.964933 1.05404
end
gesture a17 hands 2
0.906684 0.498686 1.20058 0.932475 0.964042 1.04655
0.982646 0.916741 1.0384 0.97229 0.951358 1.09285
0.969974 0.77885 1.02421 0.938407 0.965031 1.08443
end
gesture a17 hands 2
0.899281 0.511459 1.16291 0.984485 0.968844 1.02987
0.98182 0.839048 1.08148 0.96526 0.991078 1.04677
0.956772 0.774049 1.07036 0.911323 0.970681 1.07005
end
gesture a17 hands 2
0.888462 0.588774 1.35398 0.905492 0.962223 1.10335
0.976144 0.874527 1.1307 0.987955 0.973383 1.01252
0.947473 0.751788 1.14008 0.941835 0.969791 1.12101
end
gesture a17 hands 2
0.915835 0.543871 1.30655 0.947188 0.980068 1.102
0.971471 0.84275 1.11011 0.970203 0.972151 1.02062
0.932473 0.725175 1.09444 0.941858 0.940993 1.13809
end
gesture a18 hands 2
0.904767 0.568831 1.06985 0.783028 0.693099 1.19009
1.01621 1.05496 1.0107 0.982637 0.983537 0.94386
1.00447 0.95253 1.00642 0.915453 0.873404 1.04987
end
gesture a18 hands 2
0.938368 0.631959 1.23931 0.807686 0.80461 1.40428
1.14582 0.87777 1.21877 1.00665 0.908394 0.95564
1.05421 1.00626 1.0325 0.875133 0.826752 1.04113
end
gesture a18 hands 2
0.950384 0.795123 1.15195 0.872011 0.769618 1.2738
1.03752 1.0297 0.999363 1.02137 1.01805 0.983306
0.974311 0.783133 1.0932 0.950164 0.812426 1.05069
end
gesture a18 hands 2
0.973706 0.660326 1.14049 0.947996 0.75253 1.24232
1.02577 0.992438 1.05019 0.860598 0.888916 0.982471
1.01624 0.705334 1.15888 0.951005 0.759584 1.18431
end
gesture a18 hands 2
1.06082 0.643628 1.238 0.962739 0.762811 1.25293
1.01586 0.886762 1.06003 0.899227 0.980784 0.929337
1.0248 0.766243 1.13772 0.89537 0.803055 1.12418
end
gesture a18 hands 2
1.02256 0.676875 1.18669 0.886406 0.734937 1.23795
1.02166 0.967303 1.08025 0.894329 1.00788 0.909966
0.990161 0.727318 1.05698 0.921274 0.749568 1.20562
end
gesture a18 hands 2
1.0886 0.785273 1.11996 0.873721 0.734888 1.2689
0.956345 0.960986 1.00238 0.958945 0.773135 1.18086
0.910787 0.928984 1.0183 1.06418 0.837176 1.15128
end
gesture a18 hands 2
0.854711 1.24681 0.59665 0.661171 0.856111 1.08418
0.905823 1.07845 0.856766 0.702797 0.941095 0.989545
0 0 0 0.856234 0.895622 1.1047
end
gesture a18 hands 2
1.10922 0.806267 1.2371 0.952063 0.71868 1.20962
1.14259 0.816565 1.15872 0.949337 0.785502 1.11767
1.13976 0.797463 1.18138 0.999714 0.714182 1.13467
end
gesture a18 hands 2
1.00661 0.667514 0.993589 0.942271 0.629649 1.21017
0.987469 1.0351 1.06157 0.994308 0.994092 1.10023
0.989723 0.8112 1.02384 0.962018 0.730845 1.14461
end
gesture a18 hands 2
1.05188 0.787512 1.0701 1.01079 0.813638 1.06127
0.966788 0.954504 0.966125 0.960553 0.822344 1.23078
1.00475 0.869844 1.00267 0.967229 0.808845 1.0729
end
gesture a18 hands 2
1.04129 0.789338 1.07504 0.96038 0.737041 1.10191
0.988315 0.935664 1.01326 0.945666 0.95002 1.27492
1.05546 0.818273 1.04386 0.970994 0.784996 1.081
end
gesture a18 hands 2
1.06933 0.70405 1.14446 0.943578 0.86448 1.15618
0.912453 1.03547 0.936347 0.951446 0.934469 0.944591
0.9703 0.909535 1.02669 0.947562 0.896011 1.08732
end
gesture a18 hands 2
1.06045 0.692945 1.19504 0.956291 0.875044 1.15124
0.937685 0.982765 0.951812 0.938793 0.874985 1.20173
1.00872 0.840742 1.06707 0.948406 0.886043 1.04255
end
gesture a18 hands 2
1.05226 0.73054 1.16005 0.959814 0.869999 1.0539
0.932451 0.994138 0.953709 0.951127 0.853458 1.21711
1.00349 0.79362 1.09772 0.920696 0.859794 1.11284
end
gesture a18 hands 2
0.899147 0.808071 1.051 0.829826 0.68632 1.20432
1.01497 0.995507 1.08141 0.935984 0.850342 1.06558
0.98434 0.978453 1.0419 0.949885 0.830498 1.07578
end
gesture a18 hands 2
0.990655 0.728537 1.05787 0.943284 0.753961 1.40541
1.0595 0.932824 1.14214 0.973406 0.958979 0.917178
0.997792 1.05145 0.968135 0.956785 0.92446 1.11115
end
gesture a18 hands 2
0.952877 0.862699 0.900816 0.972522 0.878208 1.17552
1.08879 1.02849 1.12395 0.979 0.906729 1.17309
0.946237 0.838642 1.02495 0.996914 0.859026 1.1522
end
gesture a18 hands 2
0.925647 0.7488 1.04239 0.869617 0.868747 1.17535
0.989187 0.850252 0.992704 1.05324 0.987541 0.899432
0.985394 0.820457 0.991201 0.93753 0.905306 1.19848
end
gesture a18 hands 2
0.989173 0.737325 1.09145 0.951979 0.878442 1.13257
0.970969 0.994016 0.967372 0.910363 0.874532 1.16815
0.960287 0.790364 1.02595 0.879918 0.864552 1.1224
end
gesture a18 hands 2
0.956707 0.744114 1.03065 0.888721 0.873396 1.1398
0.990941 0.780916 1.01627 1.00159 0.961317 0.874507
0.970446 0.752707 1.06234 0.919058 0.867779 1.12164
end
gesture a18 hands 2
0.906403 0.768307 0.995379 0.758638 0.711543 1.22038
0.986805 1.03061 0.969456 1.01442 0.938387 1.03539
0.953717 0.814689 1.00977 0.863639 0.860156 1.0371
end
gesture a18 hands 2
0.928321 0.760432 1.07848 0.783933 0.709707 1.17962
1.10414 1.00202 1.11072 0.986283 0.921762 1.04666
0.948287 0.853291 1.01857 0.877896 0.830246 1.07578
end
gesture a18 hands 2
0.948687 0.818977 1.06636 0.836176 0.753721 1.22089
0.958708 1.03168 0.877047 1.03346 0.985514 0.968246
0.935089 0.817047 1.08331 0.859709 0.794032 1.08433
end
gesture a18 hands 2
0.933825 0.637323 1.09581 0.867071 0.737389 1.2483
1.01502 0.985013 0.99243 0.970367 0.990482 0.90237
0.97173 0.729326 1.05636 0.904726 0.741091 1.19977
end
gesture a18 hands 2
0.955434 0.663552 1.10107 0.902171 0.704177 1.26643
1.00679 0.913149 1.09223 0.955048 0.95853 0.986254
1.01447 0.782959 1.13043 0.90077 0.689148 1.26557
end
gesture a18 hands 2
0.975456 0.654565 1.20056 0.968081 0.710413 1.23391
0.95024 0.922488 0.932192 0.959041 0.855178 1.00041
0.993283 0.812466 1.05758 0.904593 0.755161 1.24
end
gesture a18 hands 2
0.981948 0.6456 1.08439 0.899803 0.640182 1.31748
1.06236 0.893456 1.13432 0.98364 0.884561 0.97921
0.976678 0.77753 1.03463 0.938871 0.766733 1.16443
end
gesture a18 hands 2
0.97113 0.652309 1.19451 0.865684 0.631743 1.42814
0.979067 0.911533 0.97861 0.933436 0.90528 0.984599
0.980348 0.791531 1.04378 0.904991 0.780771 1.12613
end
gesture a18 hands 2
0.983199 0.680486 1.11888 0.914997 0.70031 1.2818
0.973697 0.936503 0.944462 0.970017 0.939291 0.976148
0.990309 0.806175 1.0917 0.925751 0.738606 1.15384
end
gesture a20 hands 2
0.978462 0.837615 1.1963 1.02367 1.05158 1.01688
0.957229 0.819438 1.02039 0.947997 0.992008 0.860826
1.00322 0.873729 1.04326 0.982486 1.03632 1.07469
end
gesture a20 hands 2
1.03019 0.745768 1.36717 0.937715 1.08063 1.14568
0.883373 0.466629 1.17855 0.954755 0.999109 0.893861
0.994928 0.870763 1.01197 0.959766 1.09551 1.08662
end
gesture a20 hands 2
1.024 0.843099 1.25447 0.972247 1.06611 1.08589
0.964989 0.873907 1.05637 0.995936 1.02874 0.87128
1.03454 0.936468 1.0397 0.98261 1.07339 1.11579
end
gesture a20 hands 2
0.949611 0.836859 1.05946 1.08527 0.888567 0.981181
1.00637 0.943125 1.03327 1.13708 1.08003 0.828039
1.07623 0.7619 1.15536 0.931726 0.867841 1.00273
end
gesture a20 hands 2
1.00969 0.72011 1.17838 0.890546 0.855661 1.14325
1.1911 0.68574 1.3173 1.09343 0.971963 0.860198
1.04157 0.87636 1.10842 0.902589 0.922609 1.14336
end
gesture a20 hands 2
0.977362 0.958588 0.893301 0.765032 0.891617 1.05139
0.997043 0.980545 1.02448 0.969615 0.959463 0.884362
1.08647 0.814906 1.16769 0.978883 1.0047 1.09118
end
gesture a20 hands 2
1.01059 0.992291 1.14579 0.976271 1.04811 1.01635
0.998487 0.983557 1.18796 0.920475 1.02882 0.911716
0.997315 1.05717 1.08436 0.940938 1.00177 1.07189
end
gesture a20 hands 2
1.04137 0.776676 1.24106 0.912832 1.02208 1.09121
1.01875 0.622285 1.0264 0.990751 1.0356 0.942505
0.990917 0.895496 1.02176 0.903553 1.00913 1.0807
end
gesture a20 hands 2
1.05413 0.755272 1.26417 0.951947 1.03531 1.06937
0.9688 0.877533 0.952441 1.03508 1.0461 0.896905
0.998349 0.825304 1.04506 0.92463 1.03215 1.04912
end
gesture a20 hands 2
1.18034 0.777126 1.18645 1.0073 0.990984 1.02671
0.953025 0.940145 0.996357 0.966146 0.961352 0.957109
1.00052 0.846832 1.07306 0.923064 0.974524 1.15747
end
gesture a20 hands 2
1.11965 0.763646 1.31183 0.946527 1.003 1.04596
0.945348 0.96791 0.990684 0.967758 0.999388 0.9296
0.964923 0.896474 1.01643 0.952043 1.01039 1.0919
end
gesture a20 hands 2
1.06907 0.7821 1.12645 0.938198 1.02209 1.08177
0.945554 0.827555 1.05549 0.9635 0.969684 0.932237
0.985387 0.888187 1.02075 0.909278 1.00678 1.05707
end
gesture a20 hands 2
0.954625 0.86623 1.19138 0.904088 1.04533 1.1143
0.977987 0.531601 0.996476 0.977583 1.09589 1.01983
0.981247 0.93554 1.00742 0.951632 1.07058 1.20716
end
gesture a20 hands 2
0.837531 1.07026 0.867617 0.812049 1.11388 0.993376
0.974645 0.811109 0.885144 0.959994 0.980102 0.941378
0.967511 0.926879 1.15291 0.934107 1.07462 0.985753
end
gesture a20 hands 2
0.989617 0.695548 1.6988 0.830598 0.735393 1.7366
1.00076 1.17862 1.49648 0.947491 1.09107 1.43823
0.995791 0.953548 1.55708 0.832498 0.847356 1.60308
end
gesture a20 hands 2
0.934898 0.742595 1.17839 0.941399 1.05453 0.984999
1.00001 1.06012 0.94688 0.980031 1.07097 0.972266
1.05621 0.973276 0.935352 0.952636 1.11868 1.03333
end
gesture a20 hands 2
1.05417 0.717043 1.35171 0.908715 0.929545 1.34669
0.946361 0.940765 1.15495 0.95893 0.915054 1.25301
0.994746 0.773502 1.31542 0.916097 0.928828 1.33646
end
gesture a20 hands 2
0.982259 0.947216 1.16135 0.908914 1.0295 1.06499
0.99382 0.941779 1.18838 0.976596 0.942992 1.04669
0.934622 0.885614 0.924069 0.943558 1.0345 1.0772
end
gesture a20 hands 2
1.08703 0.788541 1.13846 0.877991 0.985908 0.867462
0.939186 0.65453 0.881642 0.998749 1.1236 0.885834
0.93839 1.04022 0.895027 0.928183 1.0667 0.991791
end
gesture a20 hands 2
0.93462 0.836778 0.909669 0.742348 0.910343 1.33168
0.940934 1.02365 0.975098 1.02728 1.12229 0.870917
0.942229 1.00669 0.952206 0.931868 1.02494 0.985971
end
gesture a20 hands 2
0.947193 0.825233 0.925711 0.892784 0.975977 1.18668
0.943738 1.07095 0.950433 1.0162 1.07311 0.840874
1.00427 1.00472 1.10967 0.904541 1.00758 1.07076
end
gesture a20 hands 2
1.00405 0.692827 1.26856 0.990891 1.02754 0.906685
0.969239 0.854658 0.984748 1.00658 0.811972 1.07382
0.964795 0.838669 1.00791 0.921268 1.03841 1.01203
end
gesture a20 hands 2
1.06313 0.640359 1.2326 0.94056 1.15901 1.06949
1.08095 0.369786 1.10837 0.991599 0.718188 1.10176
0.958083 0.842955 1.02014 0.949356 1.08165 1.02174
end
gesture a20 hands 2
1.13204 1.12851 0.853706 0.76668 0.758292 0.973982
1.14939 0.830247 1.04262 0.939652 0.979748 1.06889
0.787132 1.05716 1.12447 0.941984 0.972067 1.06793
end
