gesture a06 hands 2
0.938574 0.482655 1.19935 0.925706 0.948372 1.06781
0.964639 0.51493 1.12575 0.930614 0.957683 1.09579
1.02596 0.598187 1.09 1.0337 1.03134 0.934541
1.03535 0.805005 1.16732 0.945471 0.979653 0.944624
1.02985 0.855856 1.16269 0.939874 0.937483 1.03582
0.982365 1.00101 1.0248 0.930169 0.966332 0.965584
0.973893 1.0066 0.973165 0.924535 0.920619 1.1292
0.974741 0.904012 0.993646 0.978801 0.98008 1.08803
end
gesture a06 hands 2
0.928005 0.438638 1.2921 0.944393 0.981762 1.0923
0.905367 0.448999 1.1765 0.991062 0.984118 1.07209
0.939543 0.483584 1.15237 0.967577 0.971049 1.10747
0.982571 0.676738 1.19788 1.00662 0.984903 1.06535
0.978353 0.776332 1.19495 0.97882 1.00892 0.956188
0.953782 0.92527 1.05566 0.940361 0.929467 0.925222
0.955985 0.915532 1.00008 0.94559 0.910685 1.03355
0.95379 0.861167 1.0074 0.93255 0.963084 1.16681
end
gesture a06 hands 2
0.900299 0.601686 1.19998 0.952952 0.963518 1.11312
0.953396 0.585949 1.17799 0.940313 0.967483 1.13981
0.957623 0.629921 1.07655 0.969515 0.962698 1.04422
1.00584 0.716813 1.05756 1.01679 1.02019 0.925781
1.00413 0.909704 1.10516 0.973523 1.00283 0.899545
0.994496 1.0383 0.973412 0.962197 0.947878 1.08971
0.993246 0.98881 0.971722 0.961104 0.970762 1.144
0.928795 0.717334 1.06236 0.97289 0.962306 0.994091
end
gesture a06 hands 2
0.898899 0.702814 1.11441 0.880229 0.871591 1.15114
0.953969 0.663128 1.16921 0.91694 0.809412 1.20316
0.971413 0.711751 1.1441 0.990961 0.843851 1.12349
0.975561 0.721659 1.08941 1.0021 0.951451 0.952966
0.998631 0.828138 1.09312 0.983147 1.10669 0.887218
0.968768 1.07359 0.988062 0.965209 1.20319 0.931366
0.983527 1.08598 0.937015 0.957728 1.15102 0.939087
0.970284 0.861496 1.03762 0.941164 0.945902 1.07555
end
gesture a06 hands 2
0.93438 0.688278 1.1938 0.879858 0.74611 1.17151
0.998024 0.754399 1.10422 0.92658 0.721673 1.14998
0.994558 0.728106 1.08029 0.991834 0.791891 1.09481
0.98098 0.970263 1.03174 1.03119 0.943655 1.0697
0.985823 1.02066 0.977905 0.983442 1.09213 1.01275
0.978669 0.938444 1.02338 0.954113 1.13531 0.98978
0.9881 1.02221 0.951158 0.950032 1.08345 0.975931
0.973792 0.85778 1.0421 0.947689 0.877832 1.07193
end
gesture a06 hands 2
0.984913 0.548524 1.10159 0.966586 0.812679 1.12243
1.00261 0.597816 1.05086 1.06299 0.910994 0.999633
1.04664 0.697103 1.07117 1.06813 0.951814 0.959102
0.99504 0.949987 0.973308 1.00634 0.974677 0.873039
1.00244 0.993328 0.935532 0.992 1.02939 0.870514
1.09168 1.0299 0.962219 0.95046 1.22803 0.953243
1.01038 1.0988 1.00445 0.92648 1.10542 1.031
0.835383 1.15207 1.09571 0.965688 0.846989 1.13775
end
gesture a06 hands 2
0.955261 0.493412 1.20319 1.02798 0.868767 1.02753
1.09326 0.585368 1.20639 0.92103 0.986634 0.835373
1.11662 0.687272 1.22857 0.893789 1.03523 0.821128
1.06887 0.798683 1.15795 0.860192 1.05525 0.915931
1.11613 0.733483 1.20529 0.920955 1.04259 1.0064
1.02112 0.910094 1.08734 0.942446 1.03775 1.05759
1.04996 0.974465 1.03205 0.946847 1.01336 1.15607
1.0578 0.861922 1.07206 1.00893 0.919469 0.997384
end
gesture a06 hands 2
1.01896 0.3993 1.35238 1.00058 0.90558 1.00935
1.11358 0.55085 1.31878 0.927185 0.955751 0.892967
1.06687 0.66247 1.24381 0.88444 0.98697 0.879022
1.09044 0.617646 1.27665 0.98054 0.991625 1.06441
1.03215 0.762665 1.18062 1.00544 0.982665 1.11421
1.114 0.572822 1.30949 0.932874 1.00019 1.19611
1.02058 0.796063 1.15956 0.899778 0.996097 1.14966
1.04324 0.755838 1.12158 0.899547 0.987453 1.039
end
gesture a06 hands 2
1.0266 0.481231 1.34075 1.01593 0.936819 1.03544
1.12047 0.648229 1.27978 0.924323 0.962226 0.940747
1.03771 0.829476 1.15225 0.890744 0.99405 0.941255
1.03978 0.883129 1.07362 0.99878 0.990182 1.12899
1.03286 0.748677 1.14525 0.904592 0.998727 1.17725
1.02681 0.631031 1.20792 0.884083 0.977219 1.03929
1.05244 0.829574 1.08106 0.962053 0.95664 0.983507
1.02594 0.614224 1.21688 1.00323 0.925209 1.05261
end
gesture a06 hands 2
1.01321 0.636498 1.1382 0.976539 0.947871 1.03295
1.03026 0.709065 1.11433 0.961219 0.970339 0.951658
1.02634 0.806575 1.13945 0.919327 0.977313 0.923623
0.97606 0.962345 1.01823 0.876056 1.01151 0.915772
0.953757 0.94604 0.984027 0.932729 0.94569 1.12942
0.962247 0.891574 1.00348 0.935554 0.952383 1.13037
0.985866 0.807791 1.08029 0.969978 0.973109 1.02249
0.992048 0.786334 1.0981 0.980977 0.949312 1.02912
end
gesture a06 hands 2
1.00849 0.603299 1.2385 0.952563 0.926765 1.06045
1.01596 0.63533 1.14557 0.960744 0.928696 1.07929
1.04414 0.686264 1.14716 0.970674 0.942427 1.0499
1.04508 0.78863 1.17029 0.94425 0.999486 0.896771
1.02491 0.875027 1.12871 0.940287 0.964239 1.03843
0.984879 0.93524 1.0408 0.955502 0.948436 1.1248
0.955035 0.905177 1.00819 0.937576 0.941155 1.12225
0.962458 0.8308 1.05188 0.928477 0.960708 1.03949
end
gesture a06 hands 2
1.0248 0.658038 1.22124 0.958196 0.955352 0.983806
1.00362 0.67446 1.1377 0.975732 0.943704 1.06883
1.02729 0.687058 1.11813 0.969219 0.946925 1.06884
1.06357 0.731818 1.12339 0.932501 0.963875 0.9603
1.06164 0.835227 1.15696 0.910907 0.990611 0.951073
1.00625 0.988212 1.04726 0.920218 1.0324 0.916061
0.979621 1.00643 1.00056 0.961555 0.957167 1.12576
0.975697 0.889242 1.03782 0.968967 0.964556 1.03837
end
gesture a06 hands 2
1.00558 0.367983 1.20558 0.960651 0.953341 1.03838
1.11297 0.475115 1.17406 0.969242 0.988969 0.982831
1.1118 0.526541 1.17851 0.980424 0.981482 1.00971
1.03656 0.791381 1.07728 0.956276 0.988845 0.993958
1.00216 0.999996 1.10187 0.991605 0.973996 1.0366
0.963555 1.09233 0.973816 0.961535 0.992067 0.996619
0.980139 1.01119 0.937102 0.989784 0.999881 1.05339
0.976395 0.80967 1.02392 0.970345 0.955008 1.04598
end
gesture a06 hands 2
1.01106 0.386817 1.20474 0.962045 0.964156 1.00152
1.06217 0.545829 1.17021 1.00193 0.966759 0.962286
1.01227 0.842199 1.10183 0.999021 0.94239 1.01536
0.997467 0.955613 1.00428 0.948657 0.995652 0.983964
0.97478 1.09959 1.06529 0.949203 1.00496 1.02212
0.976431 1.14238 1.04252 0.977859 0.970743 0.998426
0.949406 1.0699 0.925354 0.962408 0.955393 1.0893
0.977722 0.855793 1.05452 0.968808 0.954985 0.981748
end
gesture a06 hands 2
0.934385 0.386387 1.13392 0.969499 0.93759 1.07482
0.982372 0.49365 1.07362 0.967429 0.967766 1.04884
0.973962 0.70932 1.10033 0.976515 0.947657 1.04778
0.96491 0.804242 1.07107 0.96536 0.997942 1.02287
0.944604 1.0151 1.03568 0.988307 0.945639 1.02019
0.968026 1.06229 1.05716 0.98464 0.919963 1.04236
1.02955 0.973277 1.04856 0.962017 0.974942 1.04323
1.02235 0.871302 1.06502 0.956303 0.978159 1.04901
end
gesture a06 hands 2
0.93412 0.504427 1.1806 0.953143 0.944267 1.07119
0.994649 0.530043 1.1505 0.957298 0.974475 1.04417
1.00821 0.583075 1.13889 0.963807 0.951875 1.04812
0.996465 0.741944 1.13905 0.958336 0.982027 1.03741
0.985005 0.89165 1.07387 0.970316 0.929275 1.05208
1.00339 0.933326 0.998129 0.958683 0.984544 1.03516
1.00607 0.877872 1.00832 0.964324 0.989385 1.03979
0.974248 0.705971 1.09988 0.959171 0.95185 1.03455
end
gesture a06 hands 2
0.885489 0.465806 1.15264 0.966375 0.93501 1.06306
0.956952 0.603124 1.07032 0.963568 0.965015 1.03599
0.949461 0.700227 1.08794 0.971802 0.948739 1.0373
0.946699 0.894169 1.0212 0.96405 0.975178 1.02492
0.969079 0.997325 1.03534 0.965106 0.958632 1.04271
1.0168 0.995173 1.05196 0.963432 0.961106 1.04406
1.0287 0.845953 1.08886 0.960762 0.995021 1.00893
0.997059 0.765637 1.09992 0.960606 0.928147 1.09323
end
gesture a06 hands 2
0.95893 0.399252 1.19628 0.972753 0.94443 1.07364
0.957706 0.418413 1.17222 0.957376 1.00144 1.01453
0.989146 0.56236 1.11394 0.961741 1.00518 0.97716
0.978888 0.769635 1.16445 0.965341 0.91131 0.998342
0.973735 0.81917 1.16608 0.951526 0.913716 1.02711
0.967114 0.97111 1.02548 0.973986 0.987898 1.08857
0.973475 0.988911 0.975631 0.984698 0.947652 1.06455
0.980664 0.890953 0.96823 0.993382 0.975351 1.05727
end
gesture a06 hands 2
0.976591 0.494545 1.26651 0.974458 0.993958 1.05833
0.954702 0.496381 1.25092 0.953716 0.886726 1.0053
0.973781 0.574854 1.18601 0.964642 0.920086 1.0145
0.977597 0.629603 1.18143 0.950153 0.885643 0.986085
0.969045 0.840852 1.17105 0.987329 0.957731 1.06434
0.96787 0.927441 1.03968 0.959074 0.984322 1.09402
0.971986 0.895924 1.00199 0.939591 0.961842 1.07023
0.976853 0.772769 1.06581 0.965193 0.97332 1.06047
end
gesture a06 hands 2
0.953679 0.520025 1.24903 0.989489 0.97035 0.995739
1.01639 0.661548 1.15613 0.967012 0.967122 0.989731
1.00589 0.820391 1.16309 0.941723 0.978477 1.0172
0.995743 0.893526 1.11118 0.954004 0.935784 0.984696
0.979916 0.941938 1.01887 0.9818 0.915517 0.994775
0.979347 0.899846 0.987461 0.967122 0.964952 1.12555
0.981699 0.849801 1.01194 0.976506 0.972093 1.10399
0.979256 0.746528 1.10719 0.969038 1.01748 1.02713
end
gesture a06 hands 2
0.960498 0.395035 1.22449 0.956529 0.969592 1.05935
1.01104 0.481924 1.1504 0.960071 0.97622 0.982103
0.971881 0.676784 1.19036 0.986678 0.94907 1.02616
0.967165 0.77109 1.15977 0.967985 0.961837 1.0601
0.968119 0.895757 1.05558 0.963593 0.965613 1.08926
0.978327 0.923957 1.00817 0.960078 0.966233 1.0524
0.997033 0.833525 1.00246 0.951293 0.973783 1.11073
0.990269 0.763645 1.04603 0.928435 0.978576 1.09194
end
gesture a06 hands 2
0.966558 0.329468 1.31543 0.946438 0.966494 1.08175
0.986612 0.354559 1.23414 0.95073 0.972399 0.996116
1.00589 0.448411 1.19439 0.991783 0.906977 1.05413
0.992789 0.609724 1.21865 0.954507 0.966833 1.08263
0.980155 0.749442 1.17301 0.961611 0.950372 1.09076
0.971362 0.832628 1.10521 0.950513 0.973247 1.08569
0.965589 0.864613 1.06188 0.968714 0.93391 1.09888
0.964418 0.785497 1.04724 0.949182 0.975384 1.08671
end
gesture a06 hands 2
0.959965 0.454241 1.31966 0.948412 0.969923 1.06503
0.954816 0.43059 1.29007 0.951177 0.949168 1.03741
0.995715 0.510277 1.15327 0.960712 0.964536 1.03833
0.995648 0.564424 1.142 0.952805 0.939741 1.03738
0.960777 0.81291 1.16906 0.970073 0.97478 1.04626
0.956852 0.935001 1.06871 0.973956 0.979477 1.05017
0.996253 0.945385 0.980965 0.986308 1.00107 1.04507
1.00919 0.892997 0.981859 0.977839 0.984175 1.05407
end
gesture a06 hands 2
0.981677 0.451286 1.3109 0.945155 0.942921 1.07674
1.00789 0.470792 1.23435 0.949445 0.956992 1.05078
1.02382 0.521822 1.21326 0.976716 0.955873 1.01029
1.01898 0.62377 1.215 0.953553 0.951738 1.04802
1.01116 0.680343 1.2025 0.948848 0.96034 1.04449
0.976209 0.82965 1.06492 0.936181 0.948636 1.07632
0.97247 0.778007 1.05988 0.944143 0.968942 1.04095
0.970674 0.711851 1.11167 0.926087 0.950611 1.14333
end
gesture a06 hands 2
0.959482 0.42726 1.29373 0.929689 0.952635 1.12019
0.981263 0.458779 1.21469 0.949916 0.966019 1.03828
1.00778 0.553086 1.17575 0.957228 0.954368 1.06185
0.99451 0.706102 1.17322 0.960884 0.948542 1.07363
0.984256 0.796765 1.12718 0.96112 0.950496 1.05217
0.979417 0.838849 1.09592 0.962712 0.94563 1.07952
0.979668 0.854011 1.04513 0.961357 0.952449 1.03071
0.979328 0.799841 1.03223 0.96454 0.942717 1.08541
end
gesture a06 hands 2
0.961049 0.416514 1.26442 0.917127 0.940491 1.12664
0.984347 0.410029 1.28148 0.933437 0.946077 1.09122
0.990399 0.434957 1.22913 0.916424 0.942965 1.09676
0.996027 0.639172 1.19204 0.938869 0.947211 1.07823
0.982096 0.735323 1.14967 0.936666 0.942605 1.10356
0.978365 0.781058 1.1164 0.949747 0.951662 1.05581
0.977548 0.766906 1.0793 0.939557 0.942553 1.10453
0.975953 0.739025 1.08706 0.930888 0.921718 1.12428
end
gesture a15 hands 2
0.996703 0.920909 1.03304 1.04375 0.966964 1.0847
0.925842 0.942206 1.05788 0.974291 0.957349 1.05004
0.939393 0.984691 1.09041 0.920746 0.946889 1.07267
0.999147 1.02959 1.13581 0.814195 0.97513 1.05079
0.966099 0.998793 1.11811 0.805448 0.975362 1.02268
1.01783 1.04539 1.15233 0.915355 0.957549 1.00816
0.951735 0.983788 1.11692 1.02855 0.955197 1.03994
0.967365 0.933291 0.95383 1.03607 0.955954 1.06888
end
gesture a15 hands 2
0.948947 0.958925 1.02848 1.00561 0.98008 1.09498
0.915274 0.940571 1.0795 0.918119 0.965237 1.06083
0.983591 1.03743 1.19707 0.919038 0.964739 1.08854
0.987338 1.03434 1.08731 0.854813 0.979882 0.989313
0.970749 0.963709 1.09942 0.811135 0.98292 0.981449
0.989642 0.942694 0.963945 0.92329 0.971851 0.964026
1.0275 0.925974 1.00689 1.00287 0.956694 1.04639
1.00154 0.94595 0.976432 1.06024 0.973045 1.00112
end
gesture a15 hands 2
0.869435 0.87674 0.980579 1.01967 0.961425 1.06448
0.871203 0.884156 1.02702 0.95397 0.97052 1.0816
1.02144 1.03565 1.04019 0.852722 0.966542 1.02141
1.06585 1.06522 1.05438 0.842713 0.995027 0.959788
1.06359 1.02602 1.08012 0.950955 0.960278 0.968325
0.931199 0.910408 1.03878 1.05051 0.980222 0.957314
0.925192 0.885004 1.00278 1.07384 0.977763 1.01089
0.831027 0.890434 1.04846 0.87264 0.959531 1.06716
end
gesture a15 hands 2
1.05766 0.895815 1.13403 0.979749 0.956037 1.10144
0.998089 0.941594 1.05878 0.980658 0.938809 1.08897
0.951702 0.946492 1.06359 0.873736 0.949419 1.1039
0.872481 0.984357 0.99814 0.838971 0.946578 1.06167
0.875986 0.992581 1.00099 0.876897 0.942823 1.03538
0.863062 0.991994 1.05307 0.856251 0.936726 1.01233
0.913453 0.985268 1.03057 0.968172 0.949659 1.02999
1.0543 0.905674 1.09914 1.00491 0.947532 1.11758
end
gesture a15 hands 2
1.07781 0.948645 1.05149 1.05826 0.976287 1.07286
1.035 0.935095 1.11209 0.988437 0.962024 1.03247
1.01881 0.944829 1.05906 1.01267 0.976637 1.0801
0.997122 0.959868 1.10654 0.887347 0.978933 1.00047
0.951866 0.989151 1.00255 0.845289 0.959413 1.03611
0.857135 1.02127 0.952151 0.948865 0.966498 0.984294
0.884923 1.02727 0.950015 0.99426 0.967757 1.06389
1.01509 0.928354 1.11022 0.946389 0.9568 1.05782
end
gesture a15 hands 2
1.03689 0.896549 1.06544 1.09328 0.968837 1.03822
1.00028 0.885516 1.08004 0.898784 0.959974 1.06217
0.897521 1.07558 1.01789 0.767105 0.983659 1.16458
0.85296 1.09562 0.985836 0.727441 0.981446 1.13629
0.890326 0.999792 0.973296 0.803686 0.994893 0.982473
0.993675 0.978417 1.01523 0.793563 1.00326 1.04
1.14637 0.896246 1.0131 1.13193 0.972354 0.994157
1.11082 0.897162 1.04883 1.16163 0.968906 0.9953
end
gesture a15 hands 2
1.09836 0.875281 1.07378 1.07552 0.984099 1.01602
1.0462 0.871115 1.0644 1.11504 0.96394 1.04351
0.934556 1.05249 0.98516 0.98144 0.97895 0.925732
0.853091 1.13274 0.966059 0.880717 0.993133 1.04923
0.92202 1.05277 0.965617 0.880107 0.989927 0.975297
0.979011 0.929071 1.05388 0.825749 0.982652 1.12702
1.05716 0.920229 1.03666 1.15881 0.970816 0.989042
1.09606 0.904498 1.02584 1.17952 0.974939 0.968395
end
gesture a15 hands 2
1.10432 0.908183 1.13991 1.18446 1.07747 1.12622
0.992429 0.886914 1.05218 1.05509 0.958583 1.14399
0.948175 0.873035 1.07117 0.993773 0.917211 1.14167
0.956836 0.952323 1.0366 0.984264 0.937872 0.979662
0.932151 1.06314 1.01607 0.948614 0.953546 0.939735
0.922065 1.07405 0.983631 0.855024 0.956926 0.984765
0.975364 1.0956 1.0201 0.932242 0.985423 0.903186
0.999767 0.996775 1.01878 0.894542 1.00912 0.984341
end
gesture a15 hands 2
0.950837 0.927744 1.05365 0.995904 0.969623 1.03134
0.962346 0.927163 1.02627 1.01473 0.963712 1.05415
0.93342 0.92898 1.05539 0.94876 0.953259 1.05349
1.09714 1.06342 1.0639 0.885578 1.01105 1.02807
1.09399 1.07196 1.055 0.914546 0.983016 0.986489
0.990383 1.01826 1.0612 0.957693 0.951735 1.05909
0.915714 0.964744 0.99209 0.946295 0.962 1.06906
0.894913 0.947843 0.979241 0.969114 0.960356 1.02007
end
gesture a15 hands 2
0.890713 0.905563 0.995741 0.960571 0.941428 1.01028
0.895738 0.93458 1.06458 0.927839 0.953357 1.04951
1.07181 1.07569 1.03595 0.934925 0.964338 1.02834
1.07801 1.06955 1.08641 0.909289 0.974451 1.0549
1.01582 0.980535 1.10655 0.949318 0.966252 1.05944
0.941164 0.924483 1.03757 0.942011 0.97532 1.00717
0.93452 0.888018 1.00529 0.994043 0.961149 1.10737
0.942923 0.900484 1.01548 1.01084 0.954413 1.05903
end
gesture a15 hands 2
0.925994 0.922238 1.00065 0.992071 0.966684 1.03462
0.947971 0.976539 1.03452 0.963149 0.949047 1.02487
1.04054 1.03096 1.0739 0.891294 0.982043 1.00488
1.07194 1.02661 1.15587 0.920037 0.972243 1.02774
1.02407 1.00351 1.14666 0.916562 0.970768 1.0031
0.988725 0.976045 1.03786 0.972572 0.958683 1.06222
0.909005 0.939644 0.985619 0.966485 0.971084 1.10649
0.939549 0.941137 0.989473 1.03227 0.974756 1.0764
end
gesture a15 hands 2
1.00425 0.937952 1.02353 1.03268 0.981665 1.01439
0.952336 0.946364 1.05192 0.999008 0.979359 1.03753
1.01702 1.02408 1.0464 1.01551 0.973883 1.0377
1.05059 1.06332 1.04779 0.926208 0.966254 1.0617
1.00433 1.0596 1.01156 0.9393 0.966277 1.0495
0.934334 0.991091 1.04947 0.913344 0.951795 1.04687
0.955706 0.951746 1.01108 0.987769 0.983818 1.00301
0.980932 0.935724 1.01207 1.00101 0.997735 0.980211
end
gesture a15 hands 2
0.915992 0.925812 0.996262 0.960623 0.994575 1.0302
0.899087 0.911383 1.01626 0.943357 0.979015 1.06648
0.933364 0.958064 1.01486 0.956461 0.984184 1.05778
1.01695 0.995753 1.08777 0.928626 0.957953 1.06276
1.03357 1.02325 1.13667 0.926091 0.963455 1.10276
0.983774 1.00921 1.09324 0.919348 0.94921 1.06442
0.9482 0.928182 1.03402 0.917025 0.93396 1.05215
0.973518 0.897418 0.99352 1.00817 0.976537 1.02109
end
gesture a15 hands 2
0.959339 0.915885 1.00586 1.01135 0.983124 1.04764
0.929601 0.915596 1.00719 0.984152 0.984435 1.04738
0.914201 0.952711 0.991098 1.00848 0.991308 1.01905
0.993246 0.989582 1.05975 0.925557 0.95189 1.07729
1.01974 1.01041 1.10663 0.933155 0.925272 1.06772
1.02161 1.05179 1.14881 0.892149 0.959058 1.04431
0.988523 0.995711 1.05089 0.93609 0.942361 1.03916
0.935511 0.920933 0.979049 1.00525 0.979157 1.00679
end
gesture a15 hands 2
1.0738 0.909025 1.07918 1.02435 0.96585 1.03976
1.00529 0.944107 1.05902 0.935543 0.962666 1.05949
0.944109 1.01869 1.01058 0.943383 0.94714 1.01339
0.848642 1.02234 1.01824 0.910135 0.954641 1.06174
0.855494 0.999057 0.993888 0.931023 0.952186 1.07908
0.955757 0.961918 1.04304 0.885782 0.952154 1.11314
1.02038 0.908788 1.11647 0.985171 0.960828 1.05039
1.02102 0.905618 1.08705 0.984188 0.968175 1.0456
end
gesture a15 hands 2
1.06587 0.87615 1.10161 1.00041 0.954141 1.06928
1.07932 0.882681 1.07581 0.975334 0.962635 1.07502
1.02761 0.907553 1.06527 0.979639 0.967413 1.05271
0.988347 0.944597 1.04212 0.9113 0.965122 1.07897
0.887658 1.0019 1.03744 0.881212 0.92293 1.05103
0.8393 1.02074 1.05148 0.93611 0.919384 1.0444
0.862432 0.992785 1.04891 0.977793 0.944423 1.03737
1.01721 0.924466 1.0845 0.949243 0.945233 1.04514
end
gesture a15 hands 2
0.986091 0.923899 1.07861 0.931329 0.947615 1.03877
0.959333 0.92802 1.06633 0.974183 0.95227 1.05701
0.974625 0.960724 1.05331 0.956565 0.93838 1.0569
0.8826 1.02994 1.0305 1.00036 0.953211 1.05722
0.868327 1.00803 1.03261 0.969654 0.938851 1.057
1.05802 0.920221 1.0722 1.02 0.953916 1.05738
1.09328 0.903135 1.04313 0.938947 0.924491 1.05679
1.07226 0.899898 1.02213 1.02654 0.954152 1.05743
end
gesture a15 hands 2
1.00073 0.865209 1.09493 1.03578 0.931404 1.05734
0.984396 0.88978 1.08977 0.995666 0.944235 1.07039
0.985442 0.9478 1.08274 1.00878 0.941705 1.06462
0.952168 1.0318 1.00971 0.955552 0.957066 1.08343
0.918586 1.03511 0.997631 0.897291 0.964219 1.07473
0.948413 0.943783 1.06328 0.841275 0.971175 1.08978
0.956836 0.917451 1.11449 0.874536 0.945103 1.07313
0.956924 0.86565 1.1403 0.97936 0.931333 1.06194
end
gesture a15 hands 2
0.998854 0.851996 1.14985 1.02231 0.934733 1.0954
0.990791 0.873766 1.13071 1.01526 0.949393 1.12059
0.994196 0.861087 1.12198 1.01319 0.948846 1.07495
0.919463 1.02046 1.00426 0.91294 0.945338 1.06139
0.899517 1.06801 0.975267 0.842738 0.980275 0.987814
0.930399 1.02198 0.994811 0.903026 0.972045 1.02911
0.982554 0.943817 1.06153 0.955499 0.924885 1.11405
1.0022 0.892338 1.12754 1.02999 0.945163 1.07772
end
gesture a15 hands 2
1.00007 0.823437 1.16739 1.01801 0.929332 1.10846
0.986925 0.839561 1.14628 1.00023 0.929772 1.13255
0.968344 0.89205 1.13653 0.958651 0.920395 1.12381
0.956365 0.923434 1.08874 0.924444 0.932717 1.08608
0.899511 1.00203 1.02174 0.868266 0.950361 1.05798
0.900008 0.994165 1.00186 0.890236 0.94504 1.04835
0.920198 0.963352 1.04777 0.914377 0.922849 1.09801
0.968814 0.922505 1.10802 0.956588 0.910122 1.12878
end
gesture a16 hands 2
1.00996 0.848516 1.10376 0.946403 0.854442 1.07927
1.01229 0.903759 0.980239 0.920038 0.881043 1.18697
1.0014 0.948062 0.984703 0.954688 0.978616 1.05374
0.978292 0.981659 1.07027 1.02464 1.11348 0.960201
0.956412 1.06004 0.992734 0.973555 1.07497 1.00827
0.91356 1.15041 0.961087 0.989629 1.10847 0.899359
1.00842 0.920468 1.06949 0.962477 0.956034 1.03957
1.03332 0.877058 1.10099 0.960504 0.937678 1.06185
end
gesture a16 hands 2
1.07814 0.859543 1.08602 0.986229 0.861003 1.10318
1.0128 0.965988 1.02439 0.979845 0.85869 1.00744
1.0068 0.972076 1.06495 0.958097 0.921782 1.05986
0.941896 1.09239 0.988631 1.01831 1.12395 0.975687
0.953316 1.07587 1.04303 1.04395 1.13432 0.945936
0.939803 1.03653 0.936646 0.939319 0.976557 1.03634
0.979614 0.91864 1.07322 0.947608 0.934698 0.957143
0.982893 0.863755 1.06461 0.932402 0.874465 1.11944
end
gesture a16 hands 2
0.984861 0.852682 1.13404 0.892911 0.866037 1.09155
0.945906 0.944554 1.02173 0.895964 0.894522 1.13899
0.951884 1.00373 1.0695 0.956991 1.01356 1.04522
0.938973 1.11016 0.96997 0.989552 1.01559 1.05012
0.948783 1.06847 1.00984 1.02297 1.1554 0.964518
0.924846 1.12969 0.948826 0.982921 0.988138 0.960621
1.0246 0.953278 1.04416 0.980074 0.867439 1.08918
1.05534 0.84487 1.07704 0.989785 0.865105 1.06112
end
gesture a16 hands 2
1.01696 0.785095 1.17018 0.902097 0.764443 1.11878
0.982569 0.802757 1.09024 0.962566 0.855779 1.04753
1.03877 0.785797 1.1831 0.925242 0.854205 1.06807
1.03539 0.903036 1.1216 0.952977 1.06594 1.00209
0.985847 0.958858 1.04367 0.929561 1.02555 1.03534
1.03701 0.971409 1.07219 0.984045 1.11163 0.987213
0.959689 1.06871 0.968877 1.02488 1.10548 0.991244
0.955646 1.04226 0.98024 0.981843 0.98329 1.05058
end
gesture a16 hands 2
1.03166 0.806001 1.18903 0.958697 0.808769 1.20956
1.02175 0.96081 1.10253 0.965365 0.929103 1.09033
1.0525 0.985555 1.13681 0.959236 0.896963 1.11908
0.960311 1.03102 1.04346 0.967377 0.984743 1.03081
0.980405 1.01055 1.06886 0.925298 0.977924 1.06875
0.980393 1.03285 0.986438 0.985397 1.10796 0.92159
0.920391 1.09868 0.893163 0.990464 0.893567 0.977866
1.00252 0.852369 1.01272 0.937608 0.822484 1.09319
end
gesture a16 hands 2
0.977699 0.833104 1.08386 0.931391 0.786859 1.17539
1.01455 0.841091 1.19056 0.929725 0.892578 1.06818
0.998298 0.960472 1.15267 0.909849 0.900279 1.12094
1.00168 0.985407 1.14467 0.912888 0.945707 1.0767
0.98443 1.05472 1.01346 0.947244 1.03231 1.02094
1.00382 1.0285 1.0572 0.928093 0.990364 1.03315
0.949625 1.10057 0.945854 1.00921 1.04595 0.95164
1.04251 0.855142 1.03348 0.997925 0.823721 1.08314
end
gesture a16 hands 2
1.03207 0.859913 1.0825 0.961324 0.860367 1.10594
0.974786 1.01752 0.991439 0.997598 0.905266 1.061
0.980983 1.0564 1.02743 1.0043 1.09214 0.937109
0.977328 1.09987 1.00041 1.00595 1.04511 0.97105
0.957717 1.07854 0.950391 1.01137 1.06827 1.01946
0.895222 1.11371 0.944595 0.944289 0.991575 1.02364
0.905069 1.06479 0.972696 0.91194 0.909229 1.0978
0.979805 0.891674 1.10123 0.929745 0.887362 1.107
end
gesture a16 hands 2
1.02473 0.846648 1.12451 0.989325 0.838513 1.1446
0.997222 0.86615 1.04475 0.958702 0.856944 1.09472
0.961083 0.968199 1.01219 0.990051 1.05276 0.98681
0.957547 1.01847 1.05085 0.97683 1.03425 1.04049
0.895861 1.13636 0.958788 0.974871 1.15781 0.933951
0.941993 1.07687 1.02437 0.973488 1.10073 0.940844
0.964362 1.00078 0.972047 0.968909 0.90619 1.06093
1.05651 0.860979 1.08723 0.947222 0.855713 1.08123
end
gesture a16 hands 2
1.02683 0.824176 1.10294 0.921486 0.833837 1.09404
0.954166 0.950577 1.00166 0.984504 0.92119 1.05158
0.943196 1.03247 1.04787 0.98391 1.05558 0.955352
0.928061 1.04637 0.99502 0.975046 1.01733 0.998595
0.880551 1.14423 0.965137 0.997759 1.14585 0.920959
0.999908 0.991642 1.02532 1.00422 1.09233 0.939759
1.07441 0.857262 1.10003 0.973941 0.866081 1.09698
1.04228 0.829108 1.06983 0.956319 0.817571 1.12445
end
gesture a16 hands 2
1.01563 0.802492 1.14423 0.892288 0.783622 1.14317
0.965615 0.899062 1.04851 0.944613 0.84131 1.11269
0.917409 1.09838 0.946426 0.95729 0.932188 1.04493
0.921628 1.09679 0.936863 1.00481 1.12816 0.949342
0.951577 1.03564 0.987063 1.01037 1.04312 0.985451
0.942886 1.0624 0.969882 1.04527 1.12081 0.950172
1.01918 0.888614 1.10981 1.00095 1.02179 0.970066
1.04145 0.813188 1.15171 0.948633 0.898852 1.07703
end
gesture a16 hands 2
1.03788 0.775675 1.15162 0.906231 0.772571 1.11518
0.997963 0.812588 1.08422 0.900586 0.796283 1.05257
0.938726 1.00371 0.98609 0.952206 1.00557 0.982455
0.909322 1.09767 0.9214 1.01498 1.09729 0.950721
0.896721 1.1512 0.935246 1.00737 1.05492 1.00362
0.974629 0.988878 1.06339 1.02771 1.10801 1.00092
0.956839 1.03129 1.03195 1.02649 1.05918 0.975914
1.01644 0.902752 1.1262 0.957462 0.902317 1.12326
end
gesture a16 hands 2
1.04391 0.7997 1.18422 0.938709 0.808678 1.15693
0.97104 0.891548 1.07052 0.935786 0.908763 1.01197
0.975555 0.854274 1.07205 0.996487 1.1137 0.943261
0.92446 1.11283 0.942694 1.03849 1.12624 0.918553
0.942449 1.06077 0.960018 0.97762 0.966434 1.06355
0.911374 1.16889 0.930073 0.950049 0.810134 1.07361
0.918625 1.1678 0.914893 0.931831 0.795806 1.12711
1.03939 0.802336 1.15133 0.955787 0.813052 1.12336
end
gesture a16 hands 2
1.11439 0.737082 1.23846 0.966488 0.774048 1.20807
1.10904 0.748961 1.21111 0.970337 0.797939 1.12026
1.0437 0.915996 1.08426 0.967589 0.797246 1.22863
1.0032 0.995329 1.07502 0.984866 0.954982 1.11431
0.886736 1.08247 0.899201 0.980777 1.0401 0.950195
0.882667 0.995597 0.953448 0.951949 0.992015 0.962521
0.879144 1.05243 0.966652 0.949721 1.11958 0.830231
0.978642 0.958344 1.00015 0.958766 1.01751 0.919357
end
gesture a16 hands 2
1.10876 0.752661 1.18385 0.915394 0.781363 1.22703
1.08505 0.761461 1.16251 0.914107 0.830997 1.03641
0.99707 0.925314 1.03688 0.917598 0.832153 1.14281
0.930563 1.02715 1.03752 0.953974 0.972996 1.01933
0.92811 1.06012 0.96242 0.980546 0.964931 1.04971
0.973718 0.998308 1.03396 0.984726 1.10791 0.965589
0.947654 1.04154 0.968828 1.01367 1.05274 0.951026
0.981805 0.948537 1.01515 0.989456 0.935537 1.06984
end
gesture a16 hands 2
1.0977 0.763891 1.25966 0.941231 0.796688 1.25075
1.02366 0.879324 1.11617 1.00867 0.985972 1.02499
1.00829 0.923984 1.08656 1.00242 0.996216 0.968882
0.975273 1.08116 1.0563 0.959517 1.01079 1.02947
0.935534 1.09001 0.964207 0.98683 1.1094 0.984411
0.934679 1.01741 1.03658 0.969883 1.03987 0.927195
0.919532 1.05784 0.919734 0.96124 0.899589 1.10331
1.00468 0.853071 1.06685 0.886645 0.81203 1.08957
end
gesture a16 hands 2
0.945769 0.939487 1.08627 0.959196 0.895455 1.10988
0.979752 0.953408 1.03226 1.00964 0.938752 1.1963
0.999636 0.987857 1.04707 1.04172 0.987416 1.09659
0.96226 0.9525 1.14991 0.967421 1.01326 0.950884
0.971663 0.993263 1.04243 0.937468 0.962088 1.08797
0.9782 1.01133 0.987647 0.91348 0.93881 1.04555
0.951741 0.9609 1.0889 0.916029 0.984927 0.943018
0.961666 0.956218 1.03344 0.947869 0.955225 0.955934
end
gesture a16 hands 2
1.01782 0.961042 1.10622 1.02697 0.948164 1.07757
0.94956 0.955716 1.04666 0.997959 0.945818 1.09688
0.97087 0.98436 1.0917 0.990552 0.956161 0.989854
1.00435 1.02035 0.942097 0.958442 0.934755 1.09838
0.995402 0.977576 1.04952 0.960345 0.978047 0.994094
0.975005 0.970656 0.944704 0.953447 0.951383 1.10667
0.962581 0.968535 1.04321 0.922764 0.982549 0.968664
0.98867 0.967152 1.04575 0.970634 0.945406 1.0697
end
gesture a16 hands 2
0.993545 0.982036 1.08032 1.00846 0.948303 1.09579
0.974283 0.952629 1.05634 0.968216 0.972997 0.968705
1.01579 1.01198 0.922297 0.976306 0.967564 1.08174
1.01126 0.976174 1.03406 0.982849 0.972204 0.97323
1.00829 0.974355 0.96956 0.984151 0.973837 1.08794
0.93319 0.983738 1.04582 0.924447 1.01549 0.921068
0.990155 0.993655 1.03939 1.00769 0.973229 1.06917
0.931149 0.984696 1.04268 0.9508 0.946881 1.0551
end
gesture a16 hands 2
1.0196 0.804472 1.14599 0.903228 0.832014 1.12686
1.03313 0.827588 1.13828 0.922081 0.853104 1.04222
0.956778 0.974039 1.00802 0.918888 0.87073 1.09748
0.959324 1.04152 1.04209 0.953423 0.989653 1.01796
0.915635 1.11119 0.974905 0.945895 1.03351 1.04912
0.946935 1.03673 1.05702 1.03842 1.09441 0.946701
0.990585 1.00793 0.987091 0.973366 0.924139 1.08312
1.04402 0.880173 1.06863 0.954878 0.902841 1.07342
end
gesture a16 hands 2
1.04133 0.807389 1.18593 0.912658 0.840335 1.15596
0.973081 0.903729 1.03052 0.931971 0.849686 1.14418
0.957104 0.95876 1.02577 0.965339 0.978387 1.04395
0.998223 0.999937 1.09544 0.96505 1.00268 1.06439
0.955499 1.05172 1.00264 0.991366 1.05964 0.96665
0.973495 1.03936 1.04269 0.970197 0.99667 1.0592
0.941577 1.03943 0.934549 0.984277 0.967829 1.01375
0.990041 0.902415 1.07316 0.932252 0.876667 1.06298
end
gesture a16 hands 2
1.00037 0.829951 1.21919 0.907842 0.872802 1.1573
1.00302 0.865808 1.08414 0.899406 0.845496 1.12494
0.966607 0.950785 1.02527 0.964213 1.00414 1.03022
0.980353 1.04574 1.04141 0.954846 1.01219 1.03461
0.951305 1.09748 0.943649 1.00509 1.09165 0.896964
0.943701 1.05883 1.00008 1.01484 1.04463 0.926128
0.977675 1.01502 0.986799 0.979052 0.92798 1.05233
1.03418 0.879178 1.07043 0.974895 0.906536 1.07162
end
gesture a16 hands 2
1.04181 0.754303 1.16748 0.937485 0.795416 1.11153
0.976429 0.933252 1.0123 0.947467 0.820888 1.04444
0.955878 0.922257 1.01946 0.919275 0.851128 1.14279
0.953099 1.02115 0.981155 0.946182 0.933496 1.07426
1.00472 0.966182 1.0605 0.951702 0.937095 1.07829
1.01004 0.995551 1.00165 1.01472 1.13614 0.942582
0.979037 1.07592 0.926063 1.02952 1.08832 0.941017
0.980192 0.979721 0.988386 0.948082 0.906947 1.05407
end
gesture a16 hands 2
1.03885 0.786786 1.29228 0.911208 0.814337 1.18536
0.963166 0.957266 1.00359 0.950235 0.8555 1.06719
0.971236 0.947501 1.05672 0.955313 0.857694 1.22059
0.96862 1.06831 0.948567 0.99359 1.04912 0.989884
0.99818 1.00066 1.00015 0.978637 1.00608 1.01474
0.964782 1.10702 0.876227 1.01263 1.01221 0.977968
0.969718 1.05372 0.898554 1.02354 1.04185 0.872831
1.00912 0.879116 1.07926 0.941997 0.893949 1.02134
end
gesture a16 hands 2
1.00905 0.799935 1.17357 0.894926 0.738687 1.22711
1.00306 0.980435 1.06985 0.992985 0.947854 1.0368
1.01975 0.972224 1.11434 0.963943 0.941505 1.1172
0.991816 1.06618 0.991093 1.00185 1.101 0.968694
1.00364 1.00862 1.08105 0.975092 1.01618 1.02252
0.962369 1.01169 0.949292 1.02096 1.07435 0.932036
0.967272 1.01097 0.895113 0.913141 0.802271 1.04349
0.978814 0.798569 1.11219 0.899263 0.776 1.04667
end
gesture a16 hands 2
1.0786 0.717783 1.19795 0.961706 0.731418 1.21656
1.02379 0.817796 1.12815 0.971286 0.858585 1.08936
0.978655 1.01336 1.02763 0.994963 1.01682 1.02097
0.932953 1.08233 0.989107 0.993965 1.03969 1.04705
0.945581 1.04698 1.03351 0.989349 1.11501 0.962329
0.919021 1.11663 0.94399 0.961696 1.12423 0.977717
0.939471 1.05353 0.938669 0.923655 0.966278 0.99772
0.964141 0.975143 1.01891 0.903046 0.903454 1.05301
end
gesture a16 hands 2
1.00391 0.798047 1.20169 0.886068 0.763987 1.25202
0.98954 0.795579 1.11094 0.903062 0.782661 1.14081
0.945048 1.04187 0.983481 0.920947 0.920926 1.03914
0.926456 1.09642 0.990445 0.999748 1.11117 0.952212
0.979853 1.05697 1.01945 1.02407 1.16296 0.937909
0.95184 1.15493 0.979078 1.02108 1.11365 0.9679
0.984635 1.05852 1.02568 1.01143 1.12079 0.945168
1.0044 0.885954 1.04237 0.965867 0.91544 1.0335
end
gesture a16 hands 2
1.01906 0.845096 1.24525 0.911459 0.822459 1.0981
0.959921 0.86805 1.05276 0.980473 0.840079 1.09453
0.963888 1.11378 0.970307 0.979243 1.03008 0.977112
0.975883 1.09602 1.0255 1.01006 1.18553 0.910339
0.947871 1.20472 0.916692 0.992049 1.15121 0.953045
1.00767 1.03729 1.01468 1.02926 1.1635 0.862096
0.928241 0.940837 0.988299 0.986456 1.01743 1.0247
0.997458 0.839431 1.04423 0.945367 0.825477 1.08942
end
gesture a16 hands 2
0.926555 0.841805 1.10505 0.91831 0.76798 1.15665
0.979202 0.909555 1.04338 0.968947 0.771862 1.10875
0.983544 0.922288 1.1145 0.97901 0.826658 1.09437
0.96842 1.00595 1.04608 0.958039 0.96934 1.02701
0.95908 1.00519 1.04793 0.957817 0.930393 1.07178
0.978559 0.945371 1.09423 0.956 1.02199 1.01605
0.981704 0.912103 0.996103 0.972489 0.993359 1.0084
0.973837 0.894452 1.01893 0.962399 0.933397 1.10395
end
gesture a16 hands 2
0.983373 0.842712 1.1057 0.968457 0.823203 1.25862
0.978953 0.852222 1.07309 0.969843 0.824607 1.2297
0.972118 0.944202 1.01304 0.965398 0.860878 1.05759
0.985934 0.983401 1.04625 0.965812 0.853234 1.11545
0.973404 1.07814 0.992964 0.951725 0.980214 1.06109
0.972814 1.02537 0.995469 0.980915 0.933526 1.07524
0.974184 0.970606 1.09428 0.962593 1.04579 0.942351
0.981198 0.836848 1.0684 0.967859 0.902792 1.09079
end
gesture a16 hands 2
0.959212 0.818429 1.11142 0.917698 0.823017 1.09036
0.946651 0.934858 1.03449 0.910521 0.854848 1.02079
0.954253 0.887213 1.05612 0.943301 0.827404 1.12223
0.963874 0.893907 1.11358 0.947039 0.867785 1.12804
0.959311 1.02385 0.985718 0.968039 0.9523 1.03481
0.982219 0.970093 1.04271 0.986711 0.955317 1.09254
0.96641 0.975412 1.00964 0.961821 1.03708 0.953357
1.00285 0.836259 1.12926 0.962362 0.938785 1.04495
end
gesture a17 hands 2
0.954801 0.770826 1.15445 0.945748 0.964227 1.27255
1.09053 0.890748 1.09451 0.971283 0.961466 1.19272
1.12694 0.974671 1.156 1.06644 1.02768 1.00088
1.10551 0.985266 1.24058 1.01681 1.00187 0.907044
1.08374 0.965656 1.1498 0.92344 0.998285 0.838405
0.977817 1.00487 0.99748 0.921599 0.971865 0.774787
1.00928 0.919036 0.955988 0.927006 0.940504 0.88625
0.997423 0.777464 1.13375 0.98935 0.958008 1.13993
end
gesture a17 hands 2
0.858285 0.68176 0.964568 0.930028 0.991958 1.20485
0.952833 0.821482 0.941742 0.993929 1.01374 1.17345
0.992859 1.0519 1.05689 1.04976 1.04142 1.07724
1.06436 1.05935 1.11213 1.08333 1.02897 0.973131
1.12636 1.05947 1.04536 0.976096 0.937331 0.801123
1.09635 1.02477 1.01351 0.947616 0.863558 0.764901
1.00966 0.88094 1.02937 0.948507 0.905484 0.872311
0.937532 0.796584 0.99614 0.956679 0.985892 1.14257
end
gesture a17 hands 2
0.993358 0.699391 1.12508 0.951397 0.951409 1.16147
1.09713 0.95802 1.16826 0.970783 0.945175 1.13681
1.07877 0.915103 1.10252 1.09563 1.0017 0.95683
1.01724 1.05566 0.978976 1.05261 1.01295 0.755833
1.00991 1.03514 0.947017 0.999739 0.972117 0.812477
0.895025 0.790817 1.03651 0.892772 0.943016 1.1923
0.915869 0.724204 1.19423 0.79724 0.932959 1.22792
0.910439 0.715344 1.13598 0.913355 0.940981 1.16584
end
gesture a17 hands 2
0.960771 0.82414 1.09315 0.933629 0.931638 1.19706
1.11387 0.95048 1.19324 1.13199 0.966739 1.05646
1.10719 0.952203 1.22854 1.10274 0.973606 0.953758
1.03992 1.0282 1.05883 0.956569 1.05483 0.805073
1.02354 1.04044 1.00982 0.919778 1.02602 0.816822
0.997572 0.876708 1.10106 0.930472 0.972624 0.978325
0.916545 0.846968 1.10289 0.975898 0.926981 1.20118
0.942759 0.805455 1.13283 0.954285 0.930625 1.1807
end
gesture a17 hands 2
0.913671 0.747915 1.19201 0.882024 0.888322 1.20657
0.988193 0.794392 1.17949 1.10509 0.963892 1.09808
1.07105 0.98337 1.18114 1.22437 1.04292 1.10398
1.11254 0.994341 1.19429 1.18834 1.02527 1.06135
1.0504 1.04817 1.05567 0.927346 1.00784 0.875582
1.0118 1.00246 0.977315 0.90133 0.986103 0.912932
0.996626 0.948265 0.991409 0.975895 0.937025 1.12484
0.892812 0.759177 1.12661 0.960304 0.91638 1.17513
end
gesture a17 hands 2
0.870812 0.741977 1.19028 0.973143 0.910359 1.21267
0.893084 0.73477 1.20876 1.12463 0.989647 1.12388
0.917596 0.833062 1.15833 1.14649 1.0098 1.08364
0.992984 0.910437 1.17164 1.067 0.993269 0.932826
0.946498 0.977449 1.04326 0.973228 1.00279 0.868213
0.970567 0.948032 0.96623 0.916462 0.999904 0.870918
0.99349 0.807361 1.13917 0.872949 1.01289 0.97043
0.969013 0.742153 1.1915 0.913917 0.883873 1.22026
end
gesture a17 hands 2
0.889373 0.686467 0.795023 0.98135 0.657838 1.15211
0.988271 0.778027 0.818803 0.994914 0.647634 1.17681
1.04598 0.929575 0.953057 1.02014 0.664555 1.12545
1.06396 0.959258 0.999502 1.07219 0.693283 1.02519
1.04915 0.992572 1.06459 1.0702 0.717497 1.02108
0.993942 0.971986 1.05623 0.972478 0.956824 1.00593
1.03443 1.00174 1.08277 0.95257 0.977115 0.965713
0.970635 0.968181 1.0595 1.01479 0.930917 0.977137
end
gesture a17 hands 2
0.641306 0.53886 1.21112 1.22539 0.809209 1.04823
0.702889 0.564252 1.17176 1.24908 0.817894 1.06402
0.86143 0.680811 1.23235 1.20484 0.82643 1.03168
0.944273 0.690145 1.18404 1.18578 0.879759 0.873499
0.917841 0.768463 1.12962 1.09077 0.856379 0.854119
0.937561 0.728275 1.15183 0.968292 0.929974 0.923283
0.891409 0.846781 1.0752 0.944666 0.99312 1.07705
0.861845 0.847782 0.988699 0.883992 0.963943 1.11351
end
gesture a17 hands 2
1.02754 0.764323 0.990904 0.979121 0.856321 1.04734
1.12353 0.882957 1.15383 0.981575 0.841278 0.964676
1.14924 0.906293 1.25632 1.14103 0.948882 0.845855
1.16857 0.899593 1.19526 1.12021 0.973267 0.803877
0.990918 1.0295 1.04963 1.01399 1.01376 0.904706
0.971818 0.987802 1.02757 0.960242 1.03561 1.09844
1.05452 0.7899 1.10116 0.89517 0.879014 0.970308
1.03401 0.787309 1.07951 0.944886 0.81378 1.03403
end
gesture a17 hands 2
0.917655 0.589273 1.12176 0.858118 0.906748 1.19402
0.959403 0.735569 1.04613 0.963122 0.972886 1.04013
1.01651 0.919282 1.19196 1.00318 0.982878 1.00765
1.03813 0.902667 1.09961 1.07738 0.938705 0.937462
1.05128 0.89872 1.16618 1.07653 0.884306 0.94509
1.05974 0.886051 1.00726 0.977361 1.01146 0.999162
1.06393 0.874993 0.950977 0.934016 1.03743 1.02935
0.921815 0.893432 0.888854 0.835494 0.91196 1.1615
end
gesture a17 hands 2
1.01816 0.585282 1.07646 0.86495 0.933731 1.10224
1.03083 0.694483 0.980561 1.00226 0.952025 0.961686
1.08462 0.871756 1.06699 1.0356 0.948161 0.970061
1.10537 0.884202 1.10154 1.11456 0.940881 0.932209
1.12417 0.882895 1.04152 1.07204 0.971255 0.949349
0.917035 0.998299 0.958189 1.14242 0.940407 0.922428
0.898645 0.902629 0.939906 0.943917 1.02981 1.07042
0.933428 0.80052 0.979056 0.903737 0.951786 1.09359
end
gesture a17 hands 2
0.915087 0.62216 1.13133 0.900991 0.961174 1.09271
0.956858 0.764935 1.05347 1.05345 0.955098 0.961184
0.99769 0.950167 1.15175 1.14369 0.922813 0.945356
1.0421 0.921782 1.1096 1.0784 0.960779 0.93204
0.98786 1.01517 0.990743 1.11817 0.941382 0.911384
0.930024 0.948025 0.899293 0.983056 1.0184 1.04316
0.951231 0.756912 1.01587 0.923515 0.95159 1.08265
0.927676 0.643123 1.13932 0.89676 0.988508 1.0633
end
gesture a17 hands 2
0.947325 0.792994 1.0678 1.012 0.908978 1.04058
1.00276 0.856565 1.07509 1.01756 0.912562 1.01159
1.04734 0.89745 1.1641 0.97701 0.941959 1.01488
1.0728 0.856985 1.16112 0.879204 1.00058 0.993555
1.05016 0.873417 1.11542 0.841405 0.992063 1.03015
0.989204 0.930033 1.04981 0.904206 0.966882 1.10881
0.947855 0.938226 1.01475 0.945367 0.940883 1.14196
0.958754 0.868343 1.05534 0.997722 0.889947 1.07053
end
gesture a17 hands 2
1.00335 0.807574 1.20479 0.985852 0.902956 1.07608
0.914543 0.860264 1.02987 1.02438 0.934957 1.03528
0.97393 0.940923 1.0133 1.02157 0.935074 1.04826
1.05662 1.0082 1.11682 1.01875 0.935191 1.06124
1.07481 0.970308 1.10182 0.960342 0.975167 0.98127
1.04818 0.980622 1.05354 0.854565 1.0071 0.976968
0.972565 1.0076 0.97407 0.850028 1.02171 0.990172
0.928521 0.932362 1.00374 0.974983 0.946762 1.129
end
gesture a17 hands 2
0.970553 0.803819 1.14845 1.02268 0.916522 1.0711
0.885191 0.842268 1.03915 1.01459 0.934065 0.99149
0.898455 0.949429 1.01593 1.002 0.922903 1.10109
0.958773 0.987451 1.07703 0.97901 0.936859 1.04963
0.989218 0.95127 1.09803 0.897775 0.987326 1.00014
0.947815 0.975903 0.998684 0.876916 1.01716 1.03865
0.917443 0.988456 0.951234 0.92477 0.955552 1.10191
0.908338 0.92643 0.952261 0.933654 0.937048 1.08042
end
gesture a17 hands 2
0.87424 0.654607 1.02079 0.943764 0.927839 1.08072
1.01747 0.693899 0.956452 1.03829 0.937475 1.04078
1.07455 0.847268 1.04556 0.936798 0.988663 0.908807
1.08484 0.808414 1.08307 0.866938 0.982629 0.971488
1.01949 0.96602 0.97773 1.02941 1.03139 1.11109
1.01097 1.02555 0.89914 0.969397 0.955766 1.01188
1.01857 0.98142 0.900168 0.977351 0.950671 1.04068
0.963138 0.842116 1.04801 0.967612 0.963124 0.927845
end
gesture a17 hands 2
0.911489 0.61256 1.18517 0.984835 0.959472 0.979912
0.982623 0.692265 1.0339 1 0.94359 1.06568
1.0038 0.740906 1.03132 0.958775 0.979516 0.977791
1.03026 0.823493 1.10078 0.887494 0.972581 1.00589
1.03971 0.792552 1.18563 0.920569 1.01566 1.02841
1.01165 0.813712 1.09687 1.01512 1.00959 1.09456
0.974349 0.971814 0.967269 1.02776 0.982581 1.08334
0.922898 0.800599 1.05992 0.924222 0.948145 0.948616
end
gesture a17 hands 2
0.878946 0.685028 1.16763 0.919242 0.955192 0.967865
0.959371 0.721742 0.994498 0.962944 0.91892 1.14257
1.00673 0.821198 0.971905 1.01036 0.974851 0.950593
1.04647 0.910647 1.09034 0.888762 0.96858 0.942576
1.0302 0.851843 1.06135 0.982884 1.02213 1.06019
0.98943 0.967626 0.981109 1.03334 1.00223 1.08218
0.966484 0.953131 0.914485 0.909187 0.947018 1.08404
0.939183 0.820932 1.09127 0.915438 0.949915 1.0254
end
gesture a17 hands 2
0.915468 0.576277 1.08993 0.936549 0.924815 1.07224
1.00304 0.629902 1.01657 1.00638 0.994085 0.967917
1.05676 0.777344 1.03707 1.04622 1.00471 0.932285
1.06591 0.902784 1.14149 1.05254 0.98518 0.943461
1.08635 0.940196 1.17437 0.956561 1.01654 0.995982
1.0719 0.905451 1.17922 0.937337 1.00777 1.06471
0.99308 1.02893 0.995171 0.928146 1.04004 1.0411
0.969131 0.877346 0.992719 0.930869 0.938096 1.09082
end
gesture a17 hands 2
0.97689 0.694515 1.18507 0.974464 0.91892 1.05861
1.09036 0.820575 1.16839 1.01855 0.997815 0.948037
1.11626 0.887657 1.25188 1.01702 0.998514 0.947824
1.08946 0.858358 1.26418 0.969586 0.993331 0.952647
1.04403 0.961158 1.15596 0.914958 1.02806 1.03637
0.995135 1.01958 1.02672 0.952793 0.971743 1.076
0.961363 0.962549 0.946309 0.955444 1.01484 1.07003
0.956742 0.82179 1.03849 0.96261 0.936918 1.05196
end
gesture a17 hands 2
0.93364 0.61386 1.13465 0.952402 0.930101 1.03066
0.998713 0.750173 1.03714 0.954337 0.921436 1.0591
1.05158 0.882488 1.13016 1.00572 0.972488 0.968225
1.04396 0.871511 1.13482 1.04698 0.996033 0.92465
1.00109 0.986553 1.05533 0.956599 0.980124 0.970613
0.961844 1.02452 0.968861 0.934447 1.02875 0.988318
0.948304 0.93254 0.937942 0.989534 1.02262 1.08239
0.949634 0.789805 1.03051 0.960727 0.936987 1.04034
end
gesture a17 hands 2
0.914098 0.624545 1.01227 0.953504 0.965326 0.986104
1.0502 0.740732 0.992549 0.942794 0.955607 1.01206
1.09058 0.833775 1.11226 1.02579 0.983809 0.933628
1.13654 0.834853 1.08603 1.05091 0.975204 0.937287
1.02933 1.0142 1.04405 1.00075 0.976581 0.964638
0.979389 1.02911 1.01947 0.925391 0.98299 1.12274
0.938101 0.844609 0.977494 0.899534 0.990264 1.14752
0.940968 0.815456 0.976072 1.00294 0.965906 0.991419
end
gesture a17 hands 2
1.00666 0.569783 1.07007 0.983774 0.95583 0.980582
1.0728 0.718821 0.988997 0.985951 0.952486 1.01005
1.10453 0.794394 1.04249 1.00402 0.966108 0.940487
1.15784 0.773932 1.08332 0.975323 0.953506 0.982011
1.13969 0.795083 1.04058 0.911653 0.996818 1.13741
0.965233 0.989255 0.997883 0.975412 0.970366 1.05693
0.86996 0.9702 0.975538 0.985249 0.955575 1.08932
0.936174 0.68984 0.999798 0.985529 0.960555 1.03041
end
gesture a17 hands 2
1.00782 0.663999 1.01377 1.00743 0.97567 1.01674
1.03695 0.808698 0.925651 0.983164 0.989542 0.994102
1.09394 0.887487 1.01975 0.998797 0.967204 1.04405
1.12588 0.86305 1.05319 0.999425 1.00531 0.938736
1.10047 0.913248 0.988218 1.01133 0.978134 0.919338
0.935138 1.02856 0.985409 1.02323 0.950958 0.899939
0.963919 0.65584 1.05223 0.956734 0.986868 0.986933
0.979117 0.632307 1.06257 0.933242 0.966002 1.0892
end
gesture a17 hands 2
0.924204 0.58346 1.01725 0.948192 0.929311 1.07394
0.916808 0.593124 1.04719 0.954352 0.940912 1.04811
1.03429 0.705642 1.06199 0.98337 0.975926 0.944321
1.06993 0.770156 1.19783 0.98059 0.977516 0.989603
1.07241 0.735053 1.16536 1.00613 0.981822 0.952378
1.00129 0.890554 1.0726 0.954206 0.947688 1.1063
0.992118 0.917471 0.988939 0.931876 0.993629 1.07712
0.976218 0.844186 1.01334 0.936677 0.964613 1.08195
end
gesture a17 hands 2
0.927279 0.59667 1.1947 0.928265 0.961259 1.09806
0.990126 0.642803 1.0384 0.927353 0.950065 1.07054
1.06893 0.795985 1.13673 0.974763 0.981211 0.972617
1.09799 0.783956 1.17698 0.988306 0.985642 0.981553
1.09853 0.779278 1.12501 1.00885 0.992632 0.927628
0.98141 0.947272 0.989405 0.990241 0.986275 0.982829
0.987944 0.899197 0.964147 0.969341 0.958658 1.09278
0.971263 0.788543 1.04751 0.936339 0.964933 1.05404
end
gesture a17 hands 2
0.906684 0.498686 1.20058 0.932475 0.964042 1.04655
0.961072 0.534803 1.08373 0.989494 0.98895 0.919572
1.03305 0.673243 1.11668 1.00733 0.989106 0.933322
1.09967 0.722649 1.20848 0.966631 0.981732 1.04257
1.07447 0.745443 1.12436 0.97229 0.951358 1.09285
1.00035 0.875364 1.06922 0.959199 0.971802 1.05593
0.98101 0.92896 0.987221 0.946136 0.955102 1.11138
0.969974 0.77885 1.02421 0.938407 0.965031 1.08443
end
gesture a17 hands 2
0.899281 0.511459 1.16291 0.984485 0.968844 1.02987
1.04998 0.613794 1.17629 0.954779 0.909513 1.04367
1.09036 0.647621 1.25181 0.960008 0.935095 1.04079
1.07877 0.610208 1.21941 0.955277 0.907186 1.04556
1.05946 0.633138 1.17647 0.960506 0.932768 1.04269
0.999553 0.803434 1.12059 0.950214 0.880828 1.04907
0.98182 0.839048 1.08148 0.96526 0.991078 1.04677
0.956772 0.774049 1.07036 0.911323 0.970681 1.07005
end
gesture a17 hands 2
0.888462 0.588774 1.35398 0.905492 0.962223 1.10335
0.899711 0.591979 1.32044 0.957331 0.959272 1.03181
0.983792 0.677118 1.24842 0.968663 0.941531 1.01311
1.04386 0.720821 1.29277 0.96659 0.969659 1.05827
1.02362 0.706354 1.21106 0.977272 0.971521 1.03539
0.976144 0.874527 1.1307 0.968857 0.965776 1.06722
0.968822 0.874297 1.08659 0.987955 0.973383 1.01252
0.947473 0.751788 1.14008 0.941835 0.969791 1.12101
end
gesture a17 hands 2
0.915835 0.543871 1.30655 0.947188 0.980068 1.102
0.973497 0.579697 1.19619 0.98423 0.981358 1.02229
0.994618 0.624436 1.18783 0.948095 0.954297 1.01495
1.0586 0.716117 1.26033 0.931018 0.90557 1.04095
1.04519 0.683217 1.22877 0.944208 0.954862 1.02925
0.971471 0.84275 1.11011 0.936526 0.905309 1.04255
0.953336 0.831841 1.06417 0.970203 0.972151 1.02062
0.932473 0.725175 1.09444 0.941858 0.940993 1.13809
end
gesture a18 hands 2
0.904767 0.568831 1.06985 0.783028 0.693099 1.19009
1.01114 0.588575 1.17067 0.792197 0.628351 1.22446
1.11069 0.670828 1.13361 0.847891 0.627263 1.12955
1.13296 0.716907 1.14607 0.915164 0.789812 1.0873
1.10902 0.859245 1.21682 0.998488 0.855177 1.08903
1.02897 1.04934 1.0626 0.952364 0.96969 0.912734
1.01621 1.05496 1.0107 0.982637 0.983537 0.94386
1.00447 0.95253 1.00642 0.915453 0.873404 1.04987
end
gesture a18 hands 2
0.938368 0.631959 1.23931 0.807686 0.80461 1.40428
0.901421 0.637803 1.10941 0.836566 0.778205 1.25015
0.893553 0.627283 1.11301 0.826757 0.741597 1.29107
1.0203 0.640295 1.18326 0.858857 0.770405 1.19831
1.14637 0.742388 1.14269 0.989137 0.911032 1.07092
1.12863 0.930214 1.20468 0.991549 0.919673 0.901249
1.07167 1.05667 1.06999 0.905212 0.863231 0.904091
1.05421 1.00626 1.0325 0.875133 0.826752 1.04113
end
gesture a18 hands 2
0.950384 0.795123 1.15195 0.872011 0.769618 1.2738
0.892079 0.791349 1.07647 0.877095 0.747119 1.2198
0.982105 0.769747 1.14595 0.889652 0.79256 1.07683
1.11456 0.853921 1.10447 1.00677 0.994037 1.0291
1.14185 1.06755 1.19955 1.01346 1.02231 0.926912
1.04991 1.07079 1.03259 0.933367 0.963351 0.908635
1.03752 1.0297 0.999363 0.906639 0.820447 1.07608
0.974311 0.783133 1.0932 0.950164 0.812426 1.05069
end
gesture a18 hands 2
0.973706 0.660326 1.14049 0.947996 0.75253 1.24232
1.08264 0.684367 1.17113 0.997418 0.814645 1.09736
1.10848 0.865994 1.21307 1.04556 1.00163 1.01078
1.10002 0.908989 1.19256 1.0231 1.02686 0.965943
1.00476 0.984659 0.998492 0.922624 1.01126 0.913385
1.00006 0.930063 0.984116 0.856946 0.919127 0.934699
1.01573 0.750871 1.12221 0.932685 0.778903 1.1712
1.01624 0.705334 1.15888 0.951005 0.759584 1.18431
end
gesture a18 hands 2
1.06082 0.643628 1.238 0.962739 0.762811 1.25293
1.05415 0.641813 1.26813 1.04446 0.96465 1.07633
1.13757 0.720015 1.27043 0.999321 1.00101 0.980396
1.11778 0.893148 1.24144 0.899227 0.980784 0.929337
1.02777 0.93383 1.07569 0.861504 0.889378 0.948215
1.01586 0.886762 1.06003 0.878437 0.846216 1.0362
1.01595 0.789913 1.12305 0.867726 0.855099 0.994821
1.0248 0.766243 1.13772 0.89537 0.803055 1.12418
end
gesture a18 hands 2
1.02256 0.676875 1.18669 0.886406 0.734937 1.23795
1.00303 0.67609 1.26066 0.878125 0.713638 1.3229
1.09011 0.716068 1.31195 0.93137 0.736233 1.22985
1.10135 0.902518 1.29273 1.00383 0.902669 1.13495
1.02777 0.983281 1.12784 1.00746 0.939735 1.09379
1.02616 0.911019 1.07191 0.894329 1.00788 0.909966
1.02984 0.822834 1.14462 0.914961 0.925202 0.981166
0.990161 0.727318 1.05698 0.921274 0.749568 1.20562
end
gesture a18 hands 2
1.0886 0.785273 1.11996 0.873721 0.734888 1.2689
1.26338 0.771513 1.17864 0.896222 0.737083 1.24681
1.30673 0.831432 1.11336 0.973591 0.719796 1.08851
1.27761 1.02838 1.12814 0.984347 0.886009 1.00398
1.21249 1.01824 1.10487 0.926157 0.873081 0.980941
1.24531 1.04173 1.09323 0.958945 0.773135 1.18086
0.956345 0.960986 1.00238 0.960368 0.878518 1.15444
0.910787 0.928984 1.0183 1.06418 0.837176 1.15128
end
gesture a18 hands 2
0.854711 1.24681 0.59665 0.661171 0.856111 1.08418
0.872058 1.23828 0.618359 0.65784 0.874301 1.06151
0.891099 1.21138 0.661585 0.665936 0.912653 1.01978
0.895118 1.16817 0.724472 0.702797 0.941095 0.989545
0.895496 1.18116 0.702853 0.755496 0.931017 1.00808
0.899136 1.12497 0.787359 0.798783 0.916675 1.0438
0.904364 1.09345 0.835369 0.838657 0.902873 1.08287
0.905823 1.07845 0.856766 0.856234 0.895622 1.1047
end
gesture a18 hands 2
1.10922 0.806267 1.2371 0.952063 0.71868 1.20962
1.21994 0.882723 1.19066 0.960022 0.868733 0.978178
1.22611 1.07121 1.16812 0.887588 0.825207 1.04793
1.05903 0.999603 1.12262 1.00943 0.829765 1.13198
0.958621 0.981652 1.01986 0.949337 0.785502 1.11767
0.996455 1.03694 0.958473 1.07982 0.9328 1.21387
1.14259 0.816565 1.15872 0.944279 0.917109 1.08643
1.13976 0.797463 1.18138 0.999714 0.714182 1.13467
end
gesture a18 hands 2
1.00661 0.667514 0.993589 0.942271 0.629649 1.21017
1.12664 0.692078 1.05192 0.947416 0.767457 1.09011
1.21035 0.738502 1.18977 0.91143 0.811622 0.96578
1.20837 0.823688 1.21616 0.866492 0.775765 1.0994
1.08764 0.946096 1.11805 0.955206 0.954164 1.11283
1.02477 1.02632 1.07311 1.00494 0.947374 1.09771
0.972941 1.0068 1.01334 0.966343 0.786709 1.1275
0.989723 0.8112 1.02384 0.962018 0.730845 1.14461
end
gesture a18 hands 2
1.05188 0.787512 1.0701 1.01079 0.813638 1.06127
1.15861 0.828425 1.0076 0.992862 0.762414 1.19022
1.23153 0.816572 1.1478 0.991083 0.742515 1.14072
1.24581 0.841347 1.19098 0.987385 0.770596 1.09871
1.18359 0.980418 1.16557 0.977943 0.946138 0.949567
1.0946 0.941207 1.12421 0.902982 0.868317 1.01666
0.966788 0.954504 0.966125 0.960553 0.822344 1.23078
1.00475 0.869844 1.00267 0.967229 0.808845 1.0729
end
gesture a18 hands 2
1.04129 0.789338 1.07504 0.96038 0.737041 1.10191
1.15173 0.777772 1.16536 0.956047 0.729679 1.18864
1.23441 0.844389 1.28194 0.957837 0.700999 1.14923
1.23387 0.941873 1.28793 0.975122 0.899164 0.966275
1.13813 0.95842 1.20487 0.923483 0.795027 1.10156
1.17558 0.978585 1.22922 0.972761 0.946662 1.26451
0.988315 0.935664 1.01326 0.945666 0.95002 1.27492
1.05546 0.818273 1.04386 0.970994 0.784996 1.081
end
gesture a18 hands 2
1.06933 0.70405 1.14446 0.943578 0.86448 1.15618
1.09555 0.702502 1.15884 0.955683 0.846241 1.05591
0.970781 0.767894 1.02744 0.981898 0.935103 0.998418
0.984186 0.905459 1.10016 0.974353 0.971257 0.910319
0.983338 0.95978 1.10121 0.944253 0.917281 0.99614
0.933254 1.05457 0.981929 0.939061 0.898772 1.10509
0.912453 1.03547 0.936347 0.905466 0.884086 1.14121
0.9703 0.909535 1.02669 0.947562 0.896011 1.08732
end
gesture a18 hands 2
1.06045 0.692945 1.19504 0.956291 0.875044 1.15124
1.04796 0.749411 1.07576 0.95197 0.842127 1.20571
1.02696 0.946983 1.10993 0.958788 0.860626 1.10477
0.982061 1.00157 1.02512 0.977095 0.93952 1.03971
0.946748 0.96024 0.964889 0.93528 0.949692 0.987722
0.973201 0.911754 1.00944 0.938793 0.874985 1.20173
0.955812 0.937715 0.977966 0.952158 0.871803 1.20819
1.00872 0.840742 1.06707 0.948406 0.886043 1.04255
end
gesture a18 hands 2
1.05226 0.73054 1.16005 0.959814 0.869999 1.0539
1.05028 0.851875 1.12213 0.94157 0.850548 1.05962
1.03866 0.954631 1.13525 0.968714 0.932372 0.996046
0.99276 0.988948 1.05016 0.974077 0.963277 0.950776
0.932451 0.994138 0.953709 0.931813 0.94555 0.953474
0.940217 0.950509 0.969807 0.951127 0.853458 1.21711
0.947983 0.90688 0.985905 0.913265 0.885925 1.11008
1.00349 0.79362 1.09772 0.920696 0.859794 1.11284
end
gesture a18 hands 2
0.899147 0.808071 1.051 0.829826 0.68632 1.20432
0.958966 0.824736 0.998094 0.843713 0.685777 1.2339
0.985092 0.818047 1.03274 0.824463 0.739195 1.13307
0.975522 0.712603 1.06486 0.819917 0.653408 1.19605
0.978854 0.769956 1.07326 0.843325 0.656176 1.16051
1.04549 0.976566 1.07409 0.866732 0.658944 1.12498
1.01497 0.995507 1.08141 0.935984 0.850342 1.06558
0.98434 0.978453 1.0419 0.949885 0.830498 1.07578
end
gesture a18 hands 2
0.990655 0.728537 1.05787 0.943284 0.753961 1.40541
0.95649 0.720653 1.07905 0.894447 0.799671 1.20591
0.966682 0.692117 1.16745 0.893515 0.779015 1.19517
0.960487 0.579467 1.15386 0.754886 0.827576 1.15675
1.04315 0.71943 1.11493 0.761927 0.773966 1.14868
1.0595 0.932824 1.14214 0.973406 0.958979 0.917178
1.01276 1.07565 1.0101 0.979787 1.03952 0.995799
0.997792 1.05145 0.968135 0.956785 0.92446 1.11115
end
gesture a18 hands 2
0.952877 0.862699 0.900816 0.972522 0.878208 1.17552
0.899196 0.827196 1.09139 0.813854 0.949307 1.01023
0.924098 0.835446 1.03811 0.883241 0.915495 1.03077
0.951419 0.737853 1.05974 0.845189 0.858727 0.987015
1.07028 0.904628 1.03326 0.982495 1.02447 0.894852
1.04831 1.13443 1.02883 0.957689 0.931773 0.865217
1.00498 1.094 0.954466 1.00157 0.936692 1.13858
0.946237 0.838642 1.02495 0.996914 0.859026 1.1522
end
gesture a18 hands 2
0.925647 0.7488 1.04239 0.869617 0.868747 1.17535
1.08248 0.793156 1.06141 0.915195 0.846993 1.11689
1.11431 0.952092 1.08635 1.00786 0.852251 0.973622
1.10744 0.970816 1.10098 1.05324 0.987541 0.899432
1.09315 1.06414 1.08162 1.02591 0.996729 0.856861
1.01574 1.05881 1.00323 0.953122 0.976059 0.934644
0.990743 1.01779 0.970045 1.00324 0.924311 1.01133
0.985394 0.820457 0.991201 0.93753 0.905306 1.19848
end
gesture a18 hands 2
0.989173 0.737325 1.09145 0.951979 0.878442 1.13257
1.01182 0.746976 1.1124 0.946392 0.854977 1.15917
1.09166 0.811875 1.08301 0.965135 0.819349 1.05975
1.09361 0.95417 1.12385 1.03833 0.953914 0.892922
1.05817 1.02516 1.06734 0.941072 0.927366 0.931558
0.982793 1.01483 0.983064 0.924678 0.886448 1.11282
0.955379 0.915406 0.949312 0.85674 0.878694 1.17457
0.960287 0.790364 1.02595 0.879918 0.864552 1.1224
end
gesture a18 hands 2
0.956707 0.744114 1.03065 0.888721 0.873396 1.1398
1.07857 0.861792 1.05541 0.975138 0.867517 1.0148
1.06749 1.04576 1.09291 1.0087 0.971526 0.88917
0.974327 1.02484 0.973406 0.9672 0.956861 0.926568
0.963262 0.891678 0.970959 1.00159 0.961317 0.874507
0.96934 0.9171 0.953981 0.986426 0.942899 0.926774
0.961218 0.808333 0.995377 0.931044 0.899215 1.13553
0.970446 0.752707 1.06234 0.919058 0.867779 1.12164
end
gesture a18 hands 2
0.906403 0.768307 0.995379 0.758638 0.711543 1.22038
0.966992 0.762726 1.04748 0.77631 0.710485 1.19631
1.03342 0.806015 0.974569 0.786969 0.694546 1.25089
1.11513 0.953668 1.08387 0.810719 0.651109 1.27508
1.10338 1.04635 1.08577 0.828036 0.649176 1.22006
0.986805 1.03061 0.969456 1.01442 0.938387 1.03539
0.962548 0.982323 0.955505 1.02122 0.92224 0.99569
0.953717 0.814689 1.00977 0.863639 0.860156 1.0371
end
gesture a18 hands 2
0.928321 0.760432 1.07848 0.783933 0.709707 1.17962
1.07004 0.808654 1.04897 0.754096 0.668957 1.31564
1.12112 0.976491 1.14055 0.782754 0.677647 1.215
1.10414 1.00202 1.11072 0.814955 0.755928 1.17202
0.990027 0.974422 0.992176 0.986283 0.921762 1.04666
0.969157 0.913857 1.00537 0.903461 0.869799 1.0713
0.957035 0.947653 0.955332 0.890596 0.904872 1.03687
0.948287 0.853291 1.01857 0.877896 0.830246 1.07578
end
gesture a18 hands 2
0.948687 0.818977 1.06636 0.836176 0.753721 1.22089
1.09644 1.04423 1.0959 0.790814 0.746907 1.29694
0.958708 1.03168 0.877047 0.835612 0.743678 1.1931
0.949518 0.883518 1.01547 0.898624 0.891754 1.10607
0.947986 0.858825 1.03854 0.935371 0.92749 1.09206
0.954303 0.980658 0.88302 1.08547 1.00608 0.958055
0.946455 0.834132 1.06161 1.00189 0.947183 1.01181
0.935089 0.817047 1.08331 0.859709 0.794032 1.08433
end
gesture a18 hands 2
0.933825 0.637323 1.09581 0.867071 0.737389 1.2483
1.08257 0.713991 1.10789 0.891126 0.758652 1.06137
1.10675 0.759885 1.12811 0.896591 0.778298 1.04658
1.08836 0.943652 1.18163 0.940278 0.899257 1.00796
1.07598 0.997716 1.17244 0.902056 0.797944 1.03179
1.02714 1.00761 1.0404 0.979161 1.01041 0.912495
1.01198 0.931017 0.985369 0.952257 0.936701 0.938218
0.97173 0.729326 1.05636 0.904726 0.741091 1.19977
end
gesture a18 hands 2
0.955434 0.663552 1.10107 0.902171 0.704177 1.26643
1.09203 0.705141 1.22401 0.91448 0.714779 1.18078
1.1225 0.788797 1.283 0.937572 0.783825 1.10349
1.1126 0.893076 1.29056 0.955048 0.95853 0.986254
1.08361 0.943539 1.22682 0.930691 0.846082 1.15956
1.00358 0.883398 1.04547 0.863332 0.772747 1.17524
1.02339 0.835224 1.06741 0.906998 0.694254 1.23695
1.01447 0.782959 1.13043 0.90077 0.689148 1.26557
end
gesture a18 hands 2
0.975456 0.654565 1.20056 0.968081 0.710413 1.23391
0.982382 0.686654 1.05993 0.990823 0.91993 1.00511
1.03204 0.705868 1.08189 0.95613 0.933106 0.9661
1.07314 0.963035 1.15098 0.948941 0.836097 1.11503
1.04848 0.972601 1.10798 0.959041 0.855178 1.00041
0.95024 0.922488 0.932192 0.951255 0.816861 1.16599
0.974174 0.883124 0.908705 0.930505 0.774423 1.10007
0.993283 0.812466 1.05758 0.904593 0.755161 1.24
end
gesture a18 hands 2
0.981948 0.6456 1.08439 0.899803 0.640182 1.31748
0.991425 0.611058 1.16085 0.892922 0.588011 1.27124
1.01151 0.621405 1.11753 0.904531 0.622213 1.1712
1.05804 0.653974 1.10355 0.944699 0.829852 1.06219
1.0984 0.7418 1.11774 0.953952 0.859101 1.01561
1.04532 0.931367 1.10084 0.967491 0.84859 1.02038
0.990834 0.906715 1.01416 0.98364 0.884561 0.97921
0.976678 0.77753 1.03463 0.938871 0.766733 1.16443
end
gesture a18 hands 2
0.97113 0.652309 1.19451 0.865684 0.631743 1.42814
1.0083 0.676541 1.12875 0.909236 0.649427 1.24036
1.0589 0.762643 1.13164 0.92235 0.734875 1.20127
1.04017 0.867593 1.14154 0.93266 0.781266 1.18095
1.02567 0.91782 1.11716 0.953703 0.859994 1.11562
0.991611 0.940994 1.02408 0.958513 0.926387 1.02877
0.979067 0.911533 0.97861 0.933436 0.90528 0.984599
0.980348 0.791531 1.04378 0.904991 0.780771 1.12613
end
gesture a18 hands 2
0.983199 0.680486 1.11888 0.914997 0.70031 1.2818
1.04776 0.731619 1.11404 0.911861 0.689459 1.25232
1.06157 0.829057 1.13471 0.926916 0.718469 1.15189
1.03683 0.920344 1.11857 0.961035 0.884009 1.07359
1.00522 0.961806 1.03413 0.95339 0.911459 0.966234
0.982188 0.931883 0.984183 0.939318 0.875605 1.00957
0.973697 0.936503 0.944462 0.927369 0.758672 1.20066
0.990309 0.806175 1.0917 0.925751 0.738606 1.15384
end
gesture a20 hands 2
0.978462 0.837615 1.1963 1.02367 1.05158 1.01688
0.968605 0.803759 1.1541 0.948829 1.04095 1.07946
0.91776 0.578095 1.12081 0.996469 0.877673 1.10492
0.882302 0.43431 1.10113 1.00991 0.790808 1.2146
0.930332 0.526685 1.06957 0.992225 0.858505 1.16624
0.967946 0.743901 1.07065 1.01386 0.993774 0.92233
0.966245 0.889602 0.941766 0.947997 0.992008 0.860826
1.00322 0.873729 1.04326 0.982486 1.03632 1.07469
end
gesture a20 hands 2
1.03019 0.745768 1.36717 0.937715 1.08063 1.14568
0.949399 0.740853 1.18958 0.978319 1.0155 1.10623
0.894819 0.52415 1.17874 1.024 0.796307 1.13666
0.916401 0.505409 1.1299 1.01546 0.815923 1.14498
0.981102 0.703966 1.15578 0.992409 0.987809 0.934638
0.983231 0.750289 1.15074 0.954755 0.999109 0.893861
0.984712 0.910192 0.979048 0.92284 1.01344 1.04829
0.994928 0.870763 1.01197 0.959766 1.09551 1.08662
end
gesture a20 hands 2
1.024 0.843099 1.25447 0.972247 1.06611 1.08589
0.919749 0.781136 1.15555 1.02844 0.76242 1.15189
0.856343 0.453353 1.12181 1.03707 0.938303 1.06852
0.885805 0.502458 1.11672 1.03126 0.972896 1.02373
0.966836 0.749845 1.11646 1.04244 0.911604 1.12573
0.970622 0.80074 1.10617 0.95089 1.01462 0.847494
0.975174 0.962544 0.991555 0.924436 0.996041 0.956056
1.03454 0.936468 1.0397 0.98261 1.07339 1.11579
end
gesture a20 hands 2
0.949611 0.836859 1.05946 1.08527 0.888567 0.981181
1.10673 0.788356 1.095 1.26433 1.04199 0.876572
1.14985 0.705279 1.14984 1.27314 1.08171 0.841943
1.19048 0.782953 1.20001 1.18164 1.08827 0.801956
1.18899 0.864896 1.15722 1.10364 1.07328 0.874717
1.04853 0.955575 1.06623 0.988473 0.988073 1.08094
1.00637 0.943125 1.03327 0.91144 0.915568 0.974183
1.07623 0.7619 1.15536 0.931726 0.867841 1.00273
end
gesture a20 hands 2
1.00969 0.72011 1.17838 0.890546 0.855661 1.14325
1.05506 0.749574 1.12767 1.01306 0.925028 1.00506
1.12889 0.750091 1.19389 1.10302 0.922012 0.935897
1.15889 0.594335 1.30498 1.09343 0.971963 0.860198
1.18188 0.637496 1.3233 1.00057 0.986823 0.902739
1.16105 0.757368 1.25684 1.0158 0.966292 1.0561
1.04932 0.864403 1.13202 0.954874 0.937312 1.14282
1.04157 0.87636 1.10842 0.902589 0.922609 1.14336
end
gesture a20 hands 2
0.977362 0.958588 0.893301 0.765032 0.891617 1.05139
1.02108 0.86658 1.0623 0.89937 0.945114 0.936906
1.03251 0.774526 1.10848 0.99941 0.823407 0.920455
1.10796 0.733478 1.19305 0.969615 0.959463 0.884362
1.12491 0.871048 1.14737 0.964006 0.953662 0.995296
0.997043 0.980545 1.02448 1.01628 1.09701 0.986069
0.962205 0.947073 1.00367 0.979426 1.10854 0.931695
1.08647 0.814906 1.16769 0.978883 1.0047 1.09118
end
gesture a20 hands 2
1.01059 0.992291 1.14579 0.976271 1.04811 1.01635
1.00618 0.764579 1.10139 1.0686 0.812473 1.01418
1.01808 0.875733 1.1257 1.02006 0.788033 0.991976
0.997439 0.710778 1.08406 0.985162 0.949366 0.961872
0.997782 0.657627 1.07921 0.920475 1.02882 0.911716
0.998487 0.983557 1.18796 0.907295 1.02845 1.08116
0.9772 1.12467 1.05256 0.901575 1.02816 1.02387
0.997315 1.05717 1.08436 0.940938 1.00177 1.07189
end
gesture a20 hands 2
1.04137 0.776676 1.24106 0.912832 1.02208 1.09121
1.01975 0.692907 1.1387 0.938992 0.979717 1.0733
0.995329 0.472936 1.09261 0.980002 0.77668 1.03348
0.992133 0.439586 1.05045 0.970398 0.755106 1.05683
0.978568 0.53278 1.00063 1.0207 0.922003 0.973163
1.02353 0.793939 1.06581 0.990751 1.0356 0.942505
0.963675 0.967537 0.903818 0.917306 1.0371 1.12635
0.990917 0.895496 1.02176 0.903553 1.00913 1.0807
end
gesture a20 hands 2
1.05413 0.755272 1.26417 0.951947 1.03531 1.06937
0.985591 0.435849 1.06615 1.01761 0.864695 1.01424
1.03633 0.446028 1.05614 1.03978 0.780738 0.983024
1.07799 0.662777 1.12006 1.01368 0.831597 0.977043
1.02759 0.777493 1.04915 1.03508 1.0461 0.896905
1.05413 0.748148 1.08271 0.946223 1.05597 0.898535
0.983215 0.87234 0.943061 0.924891 1.05127 1.12531
0.998349 0.825304 1.04506 0.92463 1.03215 1.04912
end
gesture a20 hands 2
1.18034 0.777126 1.18645 1.0073 0.990984 1.02671
1.12853 0.755529 1.25441 1.03095 0.997936 1.01029
1.08316 0.729912 1.15527 0.964024 0.940347 1.06533
0.988639 0.616807 1.09764 0.910184 0.804219 1.15233
0.982332 0.659197 1.06783 0.961332 0.913919 0.987028
0.967137 0.90844 1.0359 0.94674 1.01034 0.964142
0.953025 0.940145 0.996357 0.919378 0.983405 1.13008
1.00052 0.846832 1.07306 0.923064 0.974524 1.15747
end
gesture a20 hands 2
1.11965 0.763646 1.31183 0.946527 1.003 1.04596
1.05361 0.781687 1.13016 0.990686 1.03472 0.99008
0.984913 0.634327 1.10114 0.96129 0.872311 1.13369
0.953081 0.624873 1.06594 0.942658 0.8193 1.13402
0.969396 0.830755 1.06484 0.954017 0.950242 0.957463
0.964508 0.881683 1.05308 0.971582 1.03228 0.977096
0.945348 0.96791 0.990684 0.952198 1.02031 1.09291
0.964923 0.896474 1.01643 0.952043 1.01039 1.0919
end
gesture a20 hands 2
1.06907 0.7821 1.12645 0.938198 1.02209 1.08177
0.979737 0.670235 1.05569 0.927305 1.03096 0.996942
0.930735 0.571748 1.06099 0.929301 0.999701 1.03998
0.925183 0.616532 1.03172 0.911558 0.861057 1.13788
0.945399 0.771958 1.06219 0.905244 0.811957 1.10918
0.917502 0.942693 0.946847 0.979345 0.923716 0.940369
0.933084 0.922319 0.932888 0.9635 0.969684 0.932237
0.985387 0.888187 1.02075 0.909278 1.00678 1.05707
end
gesture a20 hands 2
0.954625 0.86623 1.19138 0.904088 1.04533 1.1143
1.00203 0.851094 1.06004 0.924201 0.90056 1.10667
1.0017 0.800654 1.03283 0.987841 0.808023 0.93506
0.997145 0.58299 0.986955 0.992618 0.781147 0.984658
0.982755 0.542319 1.01906 0.987224 0.821752 1.01984
1.03903 0.639823 1.04214 0.989827 1.04498 0.994273
1.04502 0.851336 1.07116 0.977583 1.09589 1.01983
0.981247 0.93554 1.00742 0.951632 1.07058 1.20716
end
gesture a20 hands 2
0.837531 1.07026 0.867617 0.812049 1.11388 0.993376
0.91135 0.973822 1.01993 1.00523 0.929636 1.12569
0.925632 0.766115 0.96118 1.01654 0.742383 1.02771
0.920339 0.583546 0.909119 0.993954 0.697948 0.983111
1.0014 0.793527 0.948786 0.959994 0.980102 0.941378
0.995216 0.928211 0.90746 0.968431 1.03458 0.957687
0.960635 0.950426 0.927665 1.01202 1.07195 1.16475
0.967511 0.926879 1.15291 0.934107 1.07462 0.985753
end
gesture a20 hands 2
0.989617 0.695548 1.6988 0.830598 0.735393 1.7366
1.04309 0.665199 1.91517 0.886938 0.550354 1.70002
1.03953 0.623309 1.87918 0.914836 0.629017 1.51634
1.02388 0.738463 1.50255 0.941156 0.664902 1.29763
1.03912 1.03349 1.61247 0.942735 0.70768 1.33267
1.00076 1.17862 1.49648 1.03949 0.991176 1.42344
0.996046 1.145 1.45426 0.947491 1.09107 1.43823
0.995791 0.953548 1.55708 0.832498 0.847356 1.60308
end
gesture a20 hands 2
0.934898 0.742595 1.17839 0.941399 1.05453 0.984999
0.935755 0.551391 1.11012 0.938765 1.0425 0.958024
0.859527 0.539423 1.09048 0.963187 1.01289 1.0623
0.95125 0.798283 1.07989 1.01519 0.750525 1.05004
0.954398 0.839756 1.0741 1.01982 0.698405 1.06717
0.974339 1.03138 0.988248 0.975455 1.01896 0.997631
1.04132 1.05249 0.908245 0.989099 1.1007 0.995535
1.05621 0.973276 0.935352 0.952636 1.11868 1.03333
end
gesture a20 hands 2
1.05417 0.717043 1.35171 0.908715 0.929545 1.34669
1.03834 0.694918 1.36392 0.891135 0.778801 1.49179
0.968878 0.478622 1.31849 0.93491 0.870014 1.35951
0.888023 0.428664 1.28881 0.931854 0.870802 1.39937
0.87345 0.485231 1.12757 0.952925 0.903794 1.27964
0.926409 0.899377 1.17282 0.928798 0.871591 1.43923
1.02621 0.920079 1.14923 0.95893 0.915054 1.25301
0.994746 0.773502 1.31542 0.916097 0.928828 1.33646
end
gesture a20 hands 2
0.982259 0.947216 1.16135 0.908914 1.0295 1.06499
1.00849 0.903969 1.15505 1.07028 0.778099 1.06833
0.946448 0.582628 1.04138 1.10308 0.737104 1.05347
0.882592 0.444812 0.977126 0.978499 0.8324 1.04092
0.92418 0.580328 0.981559 0.976596 0.942992 1.04669
0.920045 0.535049 0.963682 1.00572 0.91699 1.00626
0.935056 0.859384 0.937331 0.995965 1.05424 0.85717
0.934622 0.885614 0.924069 0.943558 1.0345 1.0772
end
gesture a20 hands 2
1.08703 0.788541 1.13846 0.877991 0.985908 0.867462
1.02458 0.686309 1.12566 0.927527 0.863952 1.13652
1.0033 0.761162 1.15582 1.00777 0.696827 1.23171
0.900965 0.51054 0.942816 1.00425 0.685502 1.23297
0.887914 0.555888 0.911339 0.95352 0.765901 1.19506
0.976037 0.748471 0.917466 1.0007 1.0107 0.983862
0.975458 0.931339 1.00714 0.998749 1.1236 0.885834
0.93839 1.04022 0.895027 0.928183 1.0667 0.991791
end
gesture a20 hands 2
0.93462 0.836778 0.909669 0.742348 0.910343 1.33168
1.01545 0.792069 1.07576 0.766847 0.902785 1.31682
1.0079 0.650121 0.984402 0.929756 0.865627 1.16008
0.973975 0.426361 0.95872 0.948877 0.761265 1.20229
0.932767 0.399152 0.987105 0.918573 0.685319 1.23653
0.934449 0.878014 1.08291 0.909624 0.82679 1.17111
0.940934 1.02365 0.975098 1.02728 1.12229 0.870917
0.942229 1.00669 0.952206 0.931868 1.02494 0.985971
end
gesture a20 hands 2
0.947193 0.825233 0.925711 0.892784 0.975977 1.18668
0.989452 0.707434 0.970992 0.942219 0.760463 1.17567
0.951519 0.436932 0.948884 1.01504 0.857957 1.21551
0.876883 0.556167 1.0168 1.0304 1.04832 0.890749
0.943459 0.753122 0.994816 0.97275 1.05994 0.813708
0.946393 0.991292 1.0612 0.947219 1.03712 0.86157
0.943738 1.07095 0.950433 0.926552 1.02558 1.09107
1.00427 1.00472 1.10967 0.904541 1.00758 1.07076
end
gesture a20 hands 2
1.00405 0.692827 1.26856 0.990891 1.02754 0.906685
0.991855 0.713165 1.24303 0.977695 1.01583 0.96362
1.02919 0.577355 1.14488 0.941445 0.910106 1.15203
1.00632 0.367881 1.09283 1.00658 0.811972 1.07382
1.0088 0.418921 1.06816 1.04272 0.850207 1.09461
1.00199 0.658365 1.03919 0.999751 0.877148 1.09023
1.00694 0.608118 1.05686 0.960673 1.01446 0.983299
0.964795 0.838669 1.00791 0.921268 1.03841 1.01203
end
gesture a20 hands 2
1.06313 0.640359 1.2326 0.94056 1.15901 1.06949
1.0948 0.48057 1.12627 0.957986 1.15125 1.10081
1.08095 0.369786 1.10837 0.95894 1.05238 1.0822
1.0459 0.411569 1.1054 0.937691 0.854758 1.08001
0.933544 0.568636 1.11465 0.936866 0.811319 1.06342
0.937049 0.658579 1.11708 0.991599 0.718188 1.10176
0.944113 0.789531 1.07702 0.973227 0.911665 0.996808
0.958083 0.842955 1.02014 0.949356 1.08165 1.02174
end
gesture a20 hands 2
1.13204 1.12851 0.853706 0.76668 0.758292 0.973982
1.15946 1.07028 0.981214 0.80507 0.648768 1.07134
1.17268 1.0148 0.983948 0.705904 0.649522 1.16219
1.18069 0.796014 1.00873 0.670025 0.66015 1.16602
1.12522 0.869025 1.04236 0.827184 0.835541 1.11452
0.978337 0.946059 1.03215 0.785829 0.76085 1.12848
0.776799 1.03063 1.08593 0.900258 0.946643 1.08519
0.787132 1.05716 1.12447 0.941984 0.972067 1.06793
end
