gesture a01 hands 2
0.950802 0.685312 1.23219 0.955492 0.969903 0.991635
1.19275 1.17661 0.778772 0.995241 0.958201 1.04976
1.1171 1.45371 0.700196 0.961755 1.0114 1.08853
0.773571 1.54813 0.767097 0.969546 0.997186 1.08455
1.0653 1.59983 0.72133 0.955297 0.989066 1.13375
0.847442 1.5955 0.743746 0.978902 1.01947 1.17619
1.08093 1.44406 0.699835 0.95745 0.96657 1.11575
1.12283 0.979327 0.805961 0.979045 0.976771 1.05573
1.07159 0.745014 1.09197 0.99536 1.00367 1.0771
end
gesture a01 hands 2
1.00886 0.589015 1.2994 1.00392 0.98185 1.04953
0.996516 0.619819 1.25137 1.04059 0.969798 1.01339
1.10403 0.868183 0.964561 1.0176 0.966199 1.03076
1.13182 1.28813 0.804152 0.956736 0.956305 0.997101
0.77009 1.44607 0.803022 0.934007 0.975143 1.09915
0.797467 1.45855 0.779976 0.926488 0.974605 1.09836
1.09169 1.12362 0.760451 0.933413 1.01381 1.02354
1.10522 0.74164 0.969257 0.971268 0.979254 1.00827
0.983045 0.576455 1.26296 0.953669 0.960415 1.02338
end
gesture a01 hands 2
0.959907 0.613749 1.28492 0.969602 0.960755 1.04585
1.0558 0.607378 1.33309 1.0413 0.960313 0.982814
1.0012 0.66486 1.19238 0.991667 0.95656 0.991667
1.0977 0.96716 0.832228 0.942034 0.952806 1.00052
1.0703 1.34944 0.718243 0.924762 0.937999 1.07013
0.755805 1.47567 0.78783 0.894628 0.959546 1.01193
1.08693 1.17329 0.766529 0.90052 0.966525 1.15931
1.07527 0.715271 1.07339 0.927901 1.02103 1.05462
1.0075 0.64192 1.22418 0.959253 0.973597 1.05069
end
gesture a01 hands 2
0.944246 0.487312 1.29489 1.05683 0.960255 1.02066
1.49933 1.02177 0.957144 0.913095 0.927142 1.07649
0.848852 1.58645 0.827464 0.952081 0.818723 1.02689
1.27575 1.51379 0.871245 1.13244 0.995045 0.956844
0.543921 1.51022 0.937164 1.05692 1.05066 0.996077
1.14517 1.54912 0.793624 0.914826 0.928746 1.06313
1.1426 0.706365 0.984936 0.974525 0.928421 1.02478
0.39278 0.464774 1.19821 0.88792 0.922374 1.02274
0.303505 0.5726 1.52155 0.817053 1.20719 1.09509
end
gesture a01 hands 2
1.0121 0.899317 0.997434 0.47859 0.691629 1.325
0.844753 1.09134 1.12162 0.835885 0.578609 1.26295
0.927217 0.932082 0.74621 0.467569 0.733383 1.33276
0.8528 0.806765 0.944913 1.19318 0.465588 1.2009
1.05095 0.850888 1.26144 1.29423 0.714125 1.11034
0.694055 1.46128 1.02199 1.0381 1.1531 0.846419
0.73234 1.22657 1.1054 0.778806 1.24808 1.0012
1.30798 0.824701 1.2604 0.892456 1.16142 0.83283
1.09974 0.896326 1.30458 1.0342 0.862113 1.24274
end
gesture a01 hands 2
0.52751 0.492211 1.4873 1.17688 0.914575 1.08965
1.07247 0.760806 1.36449 1.29088 0.737604 1.0225
0.80684 1.42518 0.771666 0.996553 1.22571 1.02646
0.734563 1.54382 0.705409 0.914734 1.14668 1.0053
1.29971 1.52396 0.652667 1.12462 1.17912 1.06746
0.884978 1.38606 0.811397 0.95803 1.20909 0.988917
1.2275 1.53694 0.611439 0.913208 0.586336 0.934725
1.4257 0.824823 0.724419 0.791007 0.424798 1.06047
1.06593 0.551736 1.11597 0.817945 0.344227 1.05504
end
gesture a01 hands 2
0.903127 0.424606 1.23077 0.993514 0.974565 1.04696
1.32107 0.932478 0.821171 0.939085 0.986127 1.00715
1.11237 1.57758 0.835623 0.961465 0.916232 1.0516
0.4622 1.53611 1.00373 0.984796 0.969001 1.06066
0.576884 1.60791 0.941285 1.03075 1.01318 0.902166
1.34611 1.29052 0.848027 0.950328 0.874478 1.05404
1.36518 1.44516 0.867472 0.926375 1.00642 1.03164
0.936118 0.408234 1.31844 1.00005 0.981814 1.07579
0.911434 0.418599 1.32294 0.991968 1.00049 1.01766
end
gesture a01 hands 2
0.862995 0.280853 1.40443 0.973814 0.974068 1.02903
1.1363 0.383774 1.1762 0.962363 0.955468 1.07506
1.29189 1.14217 0.893154 0.943596 0.956659 1.05507
0.78383 1.42319 0.888342 0.968451 0.95059 1.10367
0.462071 1.33157 1.03173 0.960687 0.941901 1.10177
1.06567 1.4099 0.90195 0.952093 0.956908 1.0704
1.32595 1.13173 0.924985 0.937248 0.94991 1.08386
1.11702 0.367173 1.19127 0.978416 0.973398 1.01179
0.960003 0.278927 1.35345 0.986941 0.960153 1.03077
end
gesture a01 hands 2
0.888355 0.445855 1.31068 0.96196 0.975034 1.0222
1.00608 0.45072 1.22519 0.961266 0.969361 1.00428
1.28805 0.775322 0.92362 0.976424 0.970682 1.04197
1.09348 1.49144 0.756613 0.960325 0.957738 1.05744
0.527021 1.5453 0.929221 0.953559 0.957996 1.02655
1.09028 1.54226 0.772924 0.946734 0.9486 1.05624
1.40803 0.887824 0.954947 0.981253 0.94744 1.048
0.991776 0.42262 1.30265 0.961027 0.974254 1.07106
0.887544 0.434001 1.31697 0.966155 0.982844 1.02627
end
gesture a01 hands 2
1.05695 0.47602 1.12655 1.00491 0.960556 1.06296
1.01375 0.528254 1.10799 0.962517 0.968494 1.0351
0.981864 0.966281 0.8881 0.97673 0.997631 0.989819
0.859464 1.48514 0.946972 0.955214 0.965716 1.04193
0.971686 1.56893 0.923761 0.951988 0.964676 1.06988
1.00455 1.57965 0.975128 0.958249 0.945187 1.02333
0.874548 1.45678 0.987579 0.942759 0.983032 1.04366
0.885896 0.654801 0.971165 0.982915 0.995284 0.998878
1.05 0.456836 1.2092 0.949851 0.971522 1.04258
end
gesture a01 hands 2
1.08834 0.470948 1.21436 0.953489 0.964146 1.03391
0.940486 0.859326 0.958579 1.00842 1.00719 1.01945
0.810507 1.39766 0.970239 1.00976 0.993346 1.04346
1.00848 1.54749 0.90328 0.968509 0.992614 0.991421
0.826867 1.4954 0.954416 1.01111 0.979502 1.06747
0.92979 1.51299 0.919092 0.951794 0.940477 1.05836
0.857435 0.830933 0.958069 0.977031 0.932995 1.03138
1.06754 0.544367 1.06257 0.927624 0.984816 1.03914
1.12075 0.468014 1.19911 0.954794 0.956533 1.05125
end
gesture a01 hands 2
1.10406 0.44339 1.25204 0.955361 0.965825 1.05113
0.985023 0.596947 1.03028 0.954904 0.964811 0.997442
0.892966 0.997745 0.896324 0.954661 0.960191 1.05182
0.856512 1.46518 0.92795 0.959615 0.94833 0.993934
1.03312 1.51626 0.894374 0.991456 0.930685 1.02533
0.85137 1.4478 0.931627 0.949916 0.961006 1.07062
0.865739 0.829631 0.961385 0.958355 0.968677 1.04157
1.03864 0.529684 1.07215 0.943043 0.974487 1.11837
1.1155 0.45247 1.25338 0.964533 0.964652 1.02093
end
gesture a01 hands 2
1.07608 0.34469 1.18357 0.97987 0.969516 1.01864
1.05528 0.743814 0.695085 0.989398 0.983305 0.987851
0.76309 1.36779 0.940817 0.968079 0.976443 1.06002
1.22857 1.44627 0.944801 0.992288 0.961766 1.0294
0.716833 1.35209 1.04137 0.967311 1.01768 1.02267
1.27851 1.40863 0.958206 0.998516 0.952198 1.03549
0.738484 1.27847 1.03386 0.966004 0.980424 1.06422
0.791777 0.71684 1.00955 0.973405 1.01279 1.03069
1.04351 0.312161 1.22825 0.949112 0.944645 1.0308
end
gesture a01 hands 2
1.0143 0.349271 1.28174 0.926945 0.938414 1.0358
0.839435 0.825876 0.805715 0.956417 0.932026 1.04309
0.680838 1.27797 1.05095 0.978086 0.965542 1.02722
1.1521 1.44864 0.928737 0.964949 0.970401 1.0479
0.671544 1.269 1.03714 0.979815 0.946012 1.05879
1.16201 1.43421 0.914822 0.959914 1.01744 1.03304
1.27621 1.19348 0.88487 0.963835 0.987185 1.04906
1.06786 0.421422 1.15502 0.957734 0.942305 1.03461
1.01291 0.339989 1.28233 0.971576 0.940795 1.00065
end
gesture a01 hands 2
1.04461 0.232298 1.27255 0.930949 0.939945 1.00245
0.691169 1.12457 1.00464 0.991319 0.984468 1.02454
1.03616 1.30396 0.880023 0.977119 0.974023 1.04711
0.675374 1.11924 1.07987 0.9766 0.975239 1.04503
1.21369 1.27885 0.951868 0.975737 0.989262 1.00702
0.673055 1.10665 1.09915 0.98187 0.972111 1.02568
1.30209 1.14022 0.937283 0.972441 1.01222 1.03509
1.24344 0.378462 1.18191 0.988003 0.954959 1.04434
1.00335 0.242007 1.33967 0.977428 0.957608 1.04857
end
gesture a01 hands 2
0.93784 0.382664 1.25108 0.979488 0.953424 1.03559
1.04096 1.4043 0.873268 0.990363 0.934753 1.02045
0.7871 1.39471 0.915451 0.967019 0.993533 1.03086
1.29146 1.344 1.0346 0.958695 1.00764 1.04154
0.818899 1.42087 0.904523 0.975682 0.991315 1.02507
1.03926 1.24048 0.875343 0.992669 0.974989 1.0086
1.02801 0.54884 1.01889 0.972479 0.960021 1.03807
0.938761 0.363285 1.27638 0.968994 0.994983 1.0306
0.946165 0.379437 1.27234 0.97187 0.957654 1.03238
end
gesture a01 hands 2
0.937092 0.272448 1.28956 0.970239 0.953677 1.03782
0.984507 0.525508 1.00356 0.968735 0.972697 1.04529
0.852841 1.36169 0.912565 1.01319 0.909592 1.00472
1.26941 1.25442 1.02441 0.966294 0.961032 1.0298
0.752798 1.26258 0.951657 0.959276 1.01045 1.03457
1.26484 1.29394 1.07515 0.964061 0.991753 1.03135
1.03578 1.17425 0.883618 0.962285 1.03633 1.01497
0.97311 0.332903 1.19371 0.968845 0.973057 1.02812
0.949131 0.282353 1.27209 0.967656 0.95962 1.03639
end
gesture a01 hands 2
0.910769 0.301966 1.29561 0.96806 0.950598 1.03712
0.887064 1.16005 0.992093 0.980244 0.924453 1.03975
0.867462 1.38012 0.930148 0.988362 0.948687 1.01922
1.24092 1.30283 1.0201 0.964113 1.00046 1.03825
0.776454 1.34576 0.941439 0.967711 0.969833 1.0363
1.23977 1.32884 1.06772 0.967435 0.973428 1.03992
1.07295 1.17682 0.845577 0.971272 0.940875 1.03808
1.01245 0.497116 1.03694 0.964311 1.00019 1.04211
0.917894 0.312599 1.28149 0.971509 0.938945 1.0382
end
gesture a01 hands 2
0.848409 0.220432 1.24739 0.9773 0.978398 0.995296
1.26711 1.2729 0.949596 1.02017 1.00993 1.02967
0.552488 1.18828 1.0255 0.961975 0.974466 1.1287
1.33974 1.21974 0.965274 1.02975 0.973141 1.03009
0.557948 1.22061 0.962848 0.92461 0.947578 1.06934
1.42283 1.17295 1.01297 0.984086 1.00438 0.983094
0.563915 1.1338 0.970881 0.924575 0.970242 1.05795
0.985319 0.288502 1.09154 0.967805 0.983641 0.976618
0.852485 0.223318 1.38006 1.00505 0.996002 1.09131
end
gesture a01 hands 2
0.857788 0.279805 1.33721 0.985078 0.986635 1.03239
1.36929 1.15048 0.949364 0.970091 0.984344 0.982344
0.529363 1.26049 1.03735 0.933418 0.939787 1.07036
1.404 1.21232 0.964356 1.02359 1.01285 1.02214
0.508756 1.24589 0.992392 0.947516 0.979933 0.990052
1.40582 1.17394 0.917141 1.02407 1.0046 1.02425
0.500079 1.19732 1.01855 0.940838 0.979375 0.998665
1.38525 1.20011 0.972998 1.01583 1.0111 1.06224
0.847059 0.265238 1.27644 0.998112 1.00362 0.985931
end
gesture a01 hands 2
0.84603 0.231283 1.29542 1.01264 0.999282 1.01336
1.36773 1.16909 0.884497 1.01096 1.01746 1.0235
0.611189 1.34127 1.02844 1.04571 0.98915 1.00472
1.28216 1.27769 0.904773 0.941395 0.961349 1.10894
0.509386 1.17051 1.02562 1.01952 1.00702 1.01423
1.19177 1.36408 0.950208 0.921947 0.951813 1.02949
0.48333 1.21503 1.00099 1.03599 1.0029 1.02552
1.38507 1.102 1.02564 0.938809 0.968466 1.00911
0.828843 0.221363 1.29311 1.00232 1.02438 0.990249
end
gesture a01 hands 2
0.951151 0.386575 1.22307 0.975317 0.970385 1.05261
1.24915 1.10127 0.923577 0.976009 0.964989 1.01827
0.799515 1.41586 0.941714 0.979233 0.951878 1.04015
1.04353 1.43024 0.944122 0.953678 0.997366 1.03271
0.742981 1.41626 0.924098 0.967674 0.988409 1.02945
1.10557 1.3807 0.968962 0.965308 0.997226 1.01099
0.877422 1.18226 0.885368 0.967607 0.966165 1.03039
0.91578 0.578031 0.925928 0.966253 0.974422 1.0678
0.879821 0.403638 1.29848 0.957795 0.978299 1.03138
end
gesture a01 hands 2
0.894464 0.295036 1.37326 0.962262 0.96076 1.06725
1.21181 0.574897 1.09176 0.936528 0.973817 1.08493
1.27161 0.979695 1.0053 0.956493 0.972118 1.03824
0.785596 1.26261 0.983357 0.963638 0.945915 1.05708
1.04185 1.29484 0.99981 0.953842 0.957892 1.06801
0.700429 1.24536 1.01162 0.95655 0.963383 1.04203
0.944285 1.29852 0.985719 0.939079 0.975887 1.07307
0.991135 0.90809 0.865606 0.960857 0.958957 1.03969
0.946175 0.321471 1.23556 0.953127 0.965255 1.04804
end
gesture a01 hands 2
0.867552 0.443147 1.29083 0.923043 0.956003 1.04931
1.17443 0.9382 0.906978 0.92414 0.955469 1.07196
1.14675 1.28527 0.91506 0.933063 0.939967 1.0253
0.817256 1.48154 0.968274 0.934736 0.942196 1.04291
1.00929 1.45906 0.944843 0.978853 0.975359 1.01439
0.826367 1.39301 0.917971 1.02087 0.976025 1.04135
1.10918 1.3321 0.854472 0.998587 0.951913 1.08812
1.0924 0.845107 0.874715 0.989105 0.982122 1.07999
0.92301 0.452951 1.27298 0.95817 0.979398 1.09604
end
gesture a01 hands 2
0.864907 0.27098 1.14945 0.97251 0.964315 1.06253
1.35747 1.15118 1.02604 0.969579 0.954271 1.0394
0.540633 1.34179 0.997496 0.997192 0.981863 1.05143
1.23887 1.35899 1.03689 0.960107 0.969712 1.02919
1.24512 1.34178 1.00468 0.980504 0.971972 1.04334
0.596662 1.35357 1.00871 0.94142 0.990438 1.08046
1.10987 1.38735 0.968586 0.964701 0.982514 1.0083
1.36617 0.713675 0.987689 0.965183 0.979968 1.05847
0.864741 0.269923 1.13405 0.973865 0.976983 1.04763
end
gesture a01 hands 2
0.836382 0.27346 1.14322 0.914423 0.973045 0.967713
1.39256 1.03471 0.954858 0.926452 0.971053 0.984347
0.64333 1.35638 1.04057 0.941871 0.97398 0.955508
1.11233 1.38585 0.992707 0.961525 0.954791 1.05911
1.12505 1.36893 0.977172 0.991056 0.968422 1.02836
0.619601 1.34102 1.05119 0.950366 0.978269 1.07079
1.30363 1.09834 0.96024 0.984824 0.96889 1.04658
1.17611 0.51948 1.0057 0.948816 0.980019 1.07128
0.882801 0.29949 1.19593 0.928719 0.976665 1.0456
end
gesture a01 hands 2
0.877022 0.179472 1.21956 0.944593 0.960734 1.06605
1.32279 0.669278 0.981037 0.960887 0.957712 1.05011
0.955676 1.32221 1.05044 0.975451 0.954473 1.03905
0.676238 1.27013 1.0456 0.958497 0.966174 1.06125
1.19118 1.21868 1.0084 0.987624 0.959697 1.03914
1.14808 1.23409 0.985182 0.965469 0.957081 1.05976
0.62759 1.23625 1.08994 0.948384 0.965301 1.04032
1.29545 0.930579 0.929703 0.93719 0.959612 1.06839
0.968982 0.205978 1.15665 0.937598 0.956285 1.06409
end
gesture a04 hands 2
0.764798 0.493154 1.21034 0.974639 0.950987 1.09199
0.807736 0.645353 1.07181 0.969357 0.946011 1.05271
0.703622 0.558529 1.15313 0.942052 0.945694 1.06858
0.850673 0.797553 0.933285 0.901616 0.983778 1.00759
0.889955 1.25464 1.03046 0.939075 0.966056 0.990949
1.20449 1.47689 1.00903 1.01121 0.942975 1.06211
1.24117 1.3171 0.882045 1.02376 0.990384 1.04085
1.13512 0.937932 0.902392 0.901733 0.967414 1.05135
0.694794 0.526716 1.18594 0.84061 0.965944 1.06656
end
gesture a04 hands 2
0.787918 0.653871 1.19383 0.906561 0.978743 1.03799
0.803592 0.670612 1.092 0.995544 0.965185 1.00144
1.03479 1.16739 0.963899 1.07428 0.966103 1.04875
1.17619 1.56561 0.947432 1.09872 0.993064 0.993465
1.35318 1.65579 0.866412 0.995272 0.971834 1.04066
1.30518 1.35143 0.818091 0.903471 0.976425 1.02472
1.06007 0.784887 1.0164 0.937948 0.968598 1.05053
0.79212 0.653862 1.14323 0.873091 0.965797 1.05384
0.775196 0.655096 1.15603 0.94944 0.965989 1.05914
end
gesture a04 hands 2
0.632011 0.392168 1.21684 0.894675 0.936514 1.0984
0.677146 0.410687 1.18015 0.879758 0.944986 1.07622
0.82622 0.843164 0.984947 0.876965 0.955198 1.05013
1.02823 1.4296 1.07175 0.932159 0.942648 1.01919
1.24727 1.3809 1.00041 1.00132 0.932172 1.08591
1.25434 1.24558 0.920834 1.00672 0.966291 1.08644
1.19225 0.85697 0.926847 1.02757 0.967102 1.04985
0.841899 0.424198 1.14265 1.01249 0.953193 1.06701
0.717106 0.398151 1.23581 0.956913 0.9488 1.10157
end
gesture a04 hands 2
0.759519 0.679643 1.03022 0.943773 0.951543 1.03779
0.750721 0.660211 1.06824 0.913995 1.0044 1.01299
1.05742 0.926768 0.988463 1.01187 0.933894 1.01049
1.15943 1.49599 1.06099 1.10351 0.937369 1.00978
1.38106 1.68009 1.02391 1.01144 0.950834 1.04237
1.42669 1.60824 1.01233 1.19514 0.940844 1.00907
1.30729 1.06432 0.980428 1.09539 0.950206 1.0359
0.972303 0.745603 1.02819 0.934049 1.01874 1.0436
0.714868 0.677512 1.0451 0.896187 0.985989 1.04385
end
gesture a04 hands 2
0.622416 0.537286 1.12624 0.864862 0.964311 1.07916
0.6384 0.535988 1.1332 1.07881 0.951673 1.03428
0.900055 0.697815 0.9723 1.05757 0.930486 1.04181
1.18955 1.47182 1.06841 0.97814 0.955492 1.0577
1.26695 1.57395 1.00966 1.03727 0.91285 1.04074
1.20902 0.881532 0.947519 0.898709 0.980497 1.07359
0.947598 0.63126 1.05424 0.927757 1.00676 1.04719
0.692573 0.634307 1.12215 0.905303 0.95786 1.06644
0.641258 0.54071 1.13278 0.871041 0.969186 1.08764
end
gesture a04 hands 2
0.718701 0.671569 1.09309 0.893945 0.979679 1.0741
1.02978 0.892867 0.960473 1.02074 0.973813 1.0126
1.27828 1.60643 1.04842 1.00721 0.956709 1.01725
1.35476 1.68896 1.03642 1.09179 0.984716 1.00925
1.41685 1.43209 0.969243 1.10067 0.954857 1.02167
1.38893 1.69013 1.00684 1.06765 0.903534 1.03149
1.29565 0.956533 0.955636 0.935253 1.00163 1.04219
0.990022 0.706287 0.98276 0.888698 0.947279 1.05697
0.717231 0.699466 1.07123 0.884127 0.965037 1.05137
end
gesture a04 hands 2
0.980133 0.447595 1.35657 1.02733 0.970007 1.02156
1.03654 1.09164 0.754275 0.97244 1.05764 0.92779
1.04944 1.25097 0.766459 1.00215 0.965552 1.02688
1.22105 1.46614 1.04508 0.924887 1.01938 0.875961
0.922371 1.45672 0.618992 0.963736 0.969876 1.01069
1.06836 1.18474 1.06349 1.12902 0.985819 1.13448
1.00936 1.51561 0.601751 0.963165 0.976921 1.1607
0.820664 0.970903 0.940064 0.935182 1.02606 0.977073
0.989643 0.452965 1.36765 0.993922 0.910252 1.01583
end
gesture a04 hands 2
0.956738 0.610798 1.34988 1.00698 0.947173 1.06308
0.959116 0.634076 1.14095 1.00922 0.949786 1.0581
1.06391 0.973178 0.850321 0.969368 0.925086 1.04344
1.03167 1.68451 0.660677 0.932931 0.915589 1.04449
0.936438 1.49659 0.660943 0.922563 0.992847 1.07245
0.900567 1.64967 0.618359 0.927398 1.01258 1.05679
0.946959 0.921122 0.856082 0.948143 1.01284 1.07958
0.94546 0.61361 1.23623 0.935054 1.06847 1.09855
0.95673 0.61153 1.36 0.983895 0.983973 1.01066
end
gesture a04 hands 2
0.931261 0.627281 1.16407 0.987839 0.954424 1.02384
0.921224 0.956252 0.884821 0.971563 0.942514 1.08262
1.04414 1.43396 1.00865 0.972515 0.945319 1.03669
1.0931 1.54049 0.941094 0.92758 1.01976 1.01881
1.05673 1.41107 0.870619 0.921835 1.02977 0.975768
0.982045 1.02211 0.861381 0.976196 0.999924 1.02648
0.944089 0.721551 1.00739 0.968699 0.966012 1.00585
0.95681 0.623292 1.14985 0.983468 0.932158 1.07167
0.914629 0.625539 1.18728 0.970517 0.932269 1.02636
end
gesture a04 hands 2
0.920977 0.629846 1.13943 0.956413 0.90744 1.08966
0.899746 0.63137 1.183 0.929406 0.904992 1.06698
0.902783 0.633057 1.19827 0.940148 0.909212 1.07685
0.914796 0.634709 1.16481 0.937825 0.91317 1.06196
0.895102 0.733825 1.02302 0.940608 0.915175 1.11148
0.938354 1.26595 0.963921 0.92677 0.945109 1.07276
1.06222 1.51028 0.925105 0.894789 0.953033 1.08572
1.04949 1.51395 0.922067 0.912932 0.975042 1.03404
1.05735 1.51377 0.915616 0.95642 0.990337 1.04921
end
gesture a04 hands 2
0.891845 0.460946 1.21149 0.930203 0.904341 1.03888
0.88799 0.498051 1.14706 0.933308 0.902297 1.02521
0.94601 0.88244 1.10698 0.95497 0.915025 1.05677
0.894252 0.45599 1.26594 0.910078 0.992929 1.00897
1.00403 1.26683 1.0669 0.943609 0.979119 1.10311
0.995559 1.28121 0.919476 0.959894 0.958385 1.06788
0.94961 1.0433 0.950787 0.991325 0.971869 1.0559
0.919522 0.551676 1.12853 0.947676 0.932073 1.07158
0.909662 0.4556 1.28923 0.995437 0.91852 1.08612
end
gesture a04 hands 2
1.08242 0.458859 1.38952 0.98299 0.919876 0.99652
1.26419 1.04993 1.08042 0.960169 0.951004 0.974828
1.19532 1.33171 1.03283 0.955036 0.954821 1.02428
0.790456 1.23369 0.718852 0.940239 0.951936 0.99402
0.633508 1.11601 0.820177 0.949903 0.958638 1.07373
0.891472 1.1201 0.916477 0.959568 0.965341 1.15344
0.956835 1.02352 0.958008 0.947652 0.979597 1.11878
1.12842 0.573841 1.29496 0.941562 0.982932 1.05762
1.03654 0.463678 1.5037 0.975383 0.929161 1.0251
end
gesture a04 hands 2
1.05477 0.38623 1.41828 0.957778 0.950995 0.962145
1.09126 1.39272 0.994996 0.97791 0.985098 1.07864
0.854449 1.1336 0.666634 0.971065 0.998758 1.06082
1.06138 1.42011 0.920025 0.97601 0.964334 1.09649
0.906811 1.14025 0.628416 0.978725 1.00269 1.053
1.09715 1.41104 0.922025 0.96701 0.975319 1.01489
0.595464 0.908164 0.865329 0.982064 0.972328 1.08025
0.813605 1.06394 0.993673 0.97386 0.984694 0.976102
1.07072 0.375675 1.40951 0.974241 0.951159 0.945274
end
gesture a04 hands 2
0.837905 0.336669 1.33542 0.941373 0.946561 1.06519
0.797275 1.0985 1.09566 0.952511 0.982393 1.04554
1.05445 1.33009 1.03466 0.963731 0.979897 1.07051
1.11059 1.1596 0.754211 0.963898 0.984002 1.07155
0.955731 1.26803 1.03965 0.941484 0.989582 1.02176
1.23162 1.33443 1.03347 0.978729 0.978657 1.08197
1.10655 1.1601 0.795288 1.0059 0.990605 1.00792
1.04052 0.439129 1.2891 1.00392 1.00521 1.0101
0.817412 0.309463 1.39163 0.965986 0.943892 1.02623
end
gesture a04 hands 2
0.905738 0.585589 1.27571 0.957088 0.949643 1.04178
0.917328 0.662259 1.15495 0.960994 0.939039 1.03375
0.956509 1.12628 1.02816 0.956058 0.978511 1.04887
1.09365 1.42401 0.73196 0.963403 0.966888 1.03802
1.03171 1.40898 0.770208 0.966278 1.00251 1.03697
0.996658 1.22208 0.902814 0.959964 0.982056 1.05443
0.963091 0.755979 1.06347 0.970747 0.955265 1.02718
0.932559 0.631775 1.28584 0.95365 0.961603 1.07189
0.914505 0.587741 1.31058 0.95446 0.955297 1.05457
end
gesture a04 hands 2
0.904143 0.522564 1.3157 0.954883 0.952114 1.06264
0.907249 0.533646 1.32512 0.965048 0.958397 1.048
0.929199 0.797462 1.06938 0.963865 0.977057 1.04281
0.966909 1.2986 1.00539 0.967514 0.9433 1.05036
1.07629 1.3814 0.729053 0.971167 0.988966 1.03352
1.02078 1.32093 0.798299 0.967782 0.975008 1.04022
0.972611 0.667832 1.11688 0.971344 0.993569 1.02972
0.919543 0.523375 1.28825 0.964398 0.961051 1.04691
0.898512 0.514212 1.30917 0.95657 0.944446 1.0397
end
gesture a04 hands 2
0.898256 0.584637 1.25464 0.962336 0.949983 1.04603
0.906603 0.616516 1.24105 0.965409 0.93582 1.0432
0.957244 0.896067 0.987769 0.963808 0.963594 1.03988
0.91807 1.24483 1.05993 0.959118 0.973528 1.05261
1.0355 1.46135 0.801307 0.959752 0.961866 1.0486
1.09446 1.44031 0.683525 0.958227 0.968432 1.04841
1.04979 1.42015 0.703891 0.960069 0.956035 1.0466
0.968167 0.633424 1.26109 0.956702 0.974998 1.04821
0.912569 0.580029 1.27099 0.973564 0.92383 1.04582
end
gesture a04 hands 2
0.927971 0.36664 1.29614 0.993621 0.980278 1.03356
0.974279 0.435415 1.0704 0.953153 1.01606 1.03032
1.01483 0.976579 0.959167 0.973765 0.941657 0.982444
1.05965 1.58275 0.942959 0.959356 0.989298 1.01393
1.08123 1.30324 0.737548 0.944443 0.933506 1.01838
1.14828 1.41949 0.675748 0.999688 0.993618 1.03966
1.10281 1.02373 0.532136 0.948477 0.928344 1.07301
1.00501 0.753613 0.954506 1.00587 0.965206 1.04262
0.978619 0.455799 1.13587 0.9455 0.944804 1.02505
end
gesture a04 hands 2
0.92096 0.486471 1.19196 0.940044 0.912986 1.11925
0.955777 0.738993 1.08198 0.934848 0.984267 1.04846
0.964178 1.25395 1.2117 0.962955 0.886611 0.985486
1.00689 1.49367 1.07031 0.943479 1.01383 1.05055
1.00187 1.2706 0.718094 0.961305 0.966624 1.13908
0.924088 1.06417 0.774251 0.954728 0.972755 1.08919
0.958894 0.59148 1.0374 0.926832 0.900172 1.08231
0.945979 0.399348 1.25781 0.982033 0.96837 1.05643
0.94755 0.415359 1.24099 0.949515 0.989097 1.03961
end
gesture a04 hands 2
0.915677 0.526289 1.21457 0.950065 0.999691 1.00112
0.95783 0.766128 0.990105 0.96647 0.953924 1.07886
1.0048 1.29357 1.01346 0.948595 0.972133 1.00193
0.954745 1.47982 1.09159 0.954294 0.966287 1.05619
1.06859 1.66643 0.936678 0.944869 0.90772 0.997472
1.06151 1.25672 0.601266 0.958434 1.00379 1.05288
0.977313 0.655828 1.02634 0.94898 0.94547 1.04878
0.92229 0.563882 1.24602 0.949941 0.983814 1.08044
0.904552 0.534729 1.23916 0.982096 0.986667 1.02145
end
gesture a04 hands 2
0.790453 0.423168 1.08087 0.979807 0.966905 1.06882
0.896081 0.708355 0.825745 0.973041 0.962822 1.04905
0.879099 1.03023 0.858678 0.954785 0.958797 1.0577
0.876532 1.21837 1.08792 0.9486 0.967469 1.04452
1.01687 1.43328 1.09873 1.00402 0.963982 1.00912
1.07116 1.47266 1.1151 1.00215 0.980127 1.02486
1.33275 1.15927 1.10345 0.970019 0.993501 1.02959
1.3351 1.0441 1.07633 0.99459 0.985977 1.03177
0.906273 0.468781 1.12678 0.968006 0.994667 1.0293
end
gesture a04 hands 2
0.788442 0.601236 1.13673 0.968496 0.981888 1.04684
0.778262 0.737796 0.954784 0.952874 0.957993 1.04325
0.860887 0.876433 0.901934 0.951315 0.982408 1.03899
0.902306 1.27716 1.01344 0.948675 0.981125 1.01253
1.00888 1.40146 1.05429 0.951806 0.992867 1.03106
1.26434 1.44977 1.01289 0.991255 0.96245 1.01312
1.37577 1.20761 1.00949 0.997701 0.963098 1.0405
0.823354 0.612759 1.09739 0.979888 0.984623 1.03486
0.746959 0.614009 1.09107 0.946275 0.953579 1.05451
end
gesture a04 hands 2
0.687721 0.553597 1.11878 0.937497 0.943222 1.06071
0.682215 0.5739 1.07272 0.962981 0.957292 1.04552
0.780533 0.864694 0.894164 0.948239 0.946982 1.05656
0.842683 1.22596 1.0197 0.988465 0.971362 1.03034
0.9095 1.33278 1.01778 0.97408 0.972259 1.03935
1.27369 1.25853 1.04886 0.980255 0.971753 1.07046
1.28173 1.06302 1.03406 0.974576 0.975162 1.06028
1.0033 0.726756 1.05968 0.954242 0.95752 1.03275
0.713161 0.545683 1.1034 0.935237 0.948565 1.06351
end
gesture a04 hands 2
0.973523 0.498785 1.21606 0.95626 0.945357 1.05606
1.01693 0.875575 0.905592 0.963161 0.945486 1.06746
0.991679 1.32997 0.98841 0.966178 0.950947 1.05314
0.939846 1.53332 1.02979 0.960662 0.957279 1.05804
0.970565 1.62982 0.88229 0.953029 0.967315 1.03232
0.917769 1.39114 1.00797 0.959634 0.95885 1.05825
0.919899 0.930549 0.867373 0.941828 0.97016 1.05461
0.966485 0.530328 1.1338 0.949466 0.957169 1.05763
0.969654 0.51313 1.23326 0.937168 0.965944 1.06571
end
gesture a04 hands 2
0.935487 0.511972 1.19543 0.926643 0.941333 1.07436
0.947486 0.509196 1.13142 0.943573 0.949585 1.04029
1.02373 0.721696 0.949193 0.950214 0.935999 1.06092
0.978751 1.50638 1.10823 0.939736 0.965685 1.06301
0.976584 1.6676 0.974411 0.952447 0.951807 1.0201
0.936361 1.41185 0.945702 0.956839 0.948271 1.04868
0.988128 0.958198 0.881057 0.945218 0.958581 1.05999
0.930302 0.519256 1.17962 0.929433 0.948239 1.14331
0.932273 0.515196 1.21675 0.940454 0.960998 1.07789
end
gesture a04 hands 2
0.935824 0.445892 1.23007 0.926613 0.953279 1.07948
1.01287 0.580995 1.01459 0.957057 0.937505 1.05963
1.01741 1.08254 0.992523 0.949084 0.935021 1.08806
0.973319 1.56341 1.1054 0.947144 0.947438 1.06193
1.01587 1.58976 0.934132 0.941111 0.932537 1.11649
0.905491 1.26428 1.03459 0.926876 0.942418 1.1135
0.903267 0.900009 0.881654 0.924504 0.944064 1.113
0.938058 0.495695 1.06133 0.958773 0.945338 1.08348
0.940262 0.438485 1.21895 0.922131 0.945711 1.1125
end
gesture a07 hands 2
1.08675 0.624651 1.18604 0.971 0.963085 1.01367
1.17282 1.17112 0.806022 0.970351 0.970158 0.988752
1.07773 1.65332 0.926723 0.983824 0.965942 1.05083
0.754743 1.00218 0.836595 0.98023 0.975836 1.02103
0.617245 1.57439 0.934449 0.923328 0.973024 1.07656
0.769497 1.50981 0.813227 0.952255 0.957759 1.07142
1.01507 0.814426 0.856922 0.926658 0.979034 1.08525
1.04578 0.663343 1.23996 1.02554 0.98286 0.97228
1.08037 0.640427 1.20951 1.03137 0.978636 0.985105
end
gesture a07 hands 2
1.05962 0.679302 1.22139 1.01189 0.974602 1.02088
1.13902 1.40857 0.832055 0.945492 0.961665 1.0605
1.11055 1.69206 0.913756 0.903739 0.959119 1.17041
0.947233 1.54276 0.695136 0.917322 0.956343 1.08942
0.67669 0.959111 0.8661 0.91225 0.991132 1.09379
0.533977 1.16339 0.838683 0.912523 0.976086 0.989821
0.696876 1.65462 0.837431 0.956315 0.981992 0.938685
1.0002 0.802674 0.917063 1.05395 0.989848 0.975379
1.08138 0.660499 1.25624 1.01861 0.968905 1.04297
end
gesture a07 hands 2
1.05649 0.56336 1.29737 1.02768 0.966262 1.02776
1.30855 0.977716 0.960133 0.959538 0.9839 1.02221
1.08106 1.6083 1.02232 0.951133 0.940613 1.07498
0.678349 0.863167 0.864514 0.906636 0.976528 1.15959
0.589022 1.50734 0.921797 0.941526 0.97672 1.02266
0.988263 0.733391 0.9115 0.973573 0.977255 1.03256
1.15124 0.886155 1.00329 0.955355 0.975489 0.957083
1.06024 0.559107 1.39658 1.01945 0.97656 0.976897
1.09681 0.566865 1.34815 1.01014 0.973495 1.03883
end
gesture a07 hands 2
0.857077 0.988545 1.26686 1.06601 0.956278 1.04675
1.24725 0.98925 0.926109 1.08215 0.95128 1.04049
1.15968 1.46363 1.21544 0.953751 0.89465 1.09612
1.07059 1.04076 0.712626 1.03357 0.957809 0.991367
0.54906 0.588042 1.00045 0.986982 0.938932 1.07274
0.506449 1.31417 1.09839 0.957114 0.967323 1.0028
0.724175 1.42338 1.03558 0.85072 0.981334 1.11819
1.33175 0.53249 0.915772 0.889548 1.08616 0.939315
1.03158 0.43487 1.11373 0.908533 1.02279 1.00397
end
gesture a07 hands 2
0.972189 0.59828 1.25756 0.978784 0.884676 1.06627
1.17086 1.57348 1.0806 0.921611 0.92828 0.889508
0.800132 0.952978 0.659707 0.779612 0.91803 0.919489
0.394024 0.97797 0.87023 0.997935 1.19574 0.982297
0.452728 1.49483 0.954096 1.08211 1.11056 0.994563
0.852485 1.41833 0.686566 1.09533 1.30332 1.02941
1.24821 0.85912 0.737195 1.16628 1.02537 1.00683
1.19777 1.06488 0.76978 1.19272 1.4109 1.07653
0.961552 0.653884 1.25021 1.08615 1.53225 1.13072
end
gesture a07 hands 2
0.827406 0.642904 1.2309 1.07632 1.48463 1.11291
1.29926 1.09912 0.987883 1.21347 1.35864 1.07713
1.13068 1.62816 1.06252 1.09945 0.794929 0.987855
1.08321 1.44052 0.748168 0.915046 0.837685 0.944106
0.556758 0.739075 0.725955 0.81191 0.804088 1.07092
0.621536 1.61104 0.955775 0.796336 0.882529 0.949677
1.33099 0.782788 0.912536 0.999413 0.886102 0.994158
1.23356 1.1867 0.816378 0.975419 0.972285 0.91943
0.97057 0.601537 1.23425 0.857828 0.810607 1.08698
end
gesture a07 hands 2
1.09706 0.546791 1.37715 0.974645 0.977188 1.06811
1.14256 0.963812 0.898119 0.972295 1.0047 0.990742
1.13606 1.53344 0.864314 0.974806 0.972393 1.03112
0.819433 1.20062 0.863445 0.964545 1.02464 1.03976
0.664688 1.47949 0.959851 0.979369 0.953707 1.06303
0.997171 1.10556 0.772491 0.950755 0.951153 1.07358
1.03843 1.04994 0.814952 0.958419 1.00651 1.02666
1.14022 0.538055 1.22785 0.958191 0.980468 0.979289
1.08545 0.529823 1.36767 0.979039 0.96786 1.01944
end
gesture a07 hands 2
1.10176 0.508289 1.37701 0.972597 0.97617 1.01654
1.13527 1.25032 0.833368 0.986931 0.971286 1.06263
1.10619 1.42571 0.840157 0.976004 0.995101 0.999515
0.777938 1.1165 0.951422 0.982169 0.953044 1.06693
0.719947 1.07653 0.994707 0.949226 0.98564 0.991441
0.694908 1.49206 0.984938 0.989257 0.960359 1.01762
1.0443 1.05442 0.789788 0.969665 0.994822 0.98316
1.14346 0.529621 1.28594 0.994257 0.963549 1.04742
1.11443 0.528666 1.38173 0.962319 0.945864 1.02638
end
gesture a07 hands 2
1.1249 0.525313 1.39012 1.00094 0.964543 1.0321
1.16088 0.915325 0.824409 0.950254 1.02304 1.07517
1.15483 1.41292 0.801185 1.00237 0.959433 1.04074
1.12356 1.51145 0.821227 0.968608 1.00148 1.04126
0.729732 1.18024 0.893556 0.921995 0.930999 1.07775
0.702342 1.42757 0.902363 0.947828 0.982434 0.996822
1.10095 1.07714 0.789115 0.962228 0.980022 1.06631
1.2007 0.525364 1.25012 1.00655 0.970647 0.992954
1.11131 0.512347 1.3656 0.98969 0.979921 1.01625
end
gesture a07 hands 2
1.07299 0.531085 1.37831 0.952529 0.969055 1.04669
0.92179 1.0816 0.985591 0.992656 0.973298 1.02738
0.635845 1.46768 0.98983 0.952671 1.00004 1.03483
1.12075 0.848344 0.908682 0.966136 0.971256 1.0349
1.30177 1.48337 0.895257 1.0048 0.977885 0.994259
1.00676 1.43236 0.816664 0.97501 0.973225 1.03963
0.69784 0.982665 0.891391 0.997102 0.964838 1.02177
1.04338 0.825205 0.89991 0.950507 0.977613 1.05958
1.07297 0.529723 1.37683 0.959647 0.969107 1.03508
end
gesture a07 hands 2
1.07175 0.687719 1.31236 0.950983 0.945576 1.0452
1.07971 0.946951 1.01957 0.947107 0.949196 0.960665
1.12632 1.20169 0.937624 0.931884 0.948387 1.0844
0.967607 1.05804 0.892023 0.948101 0.933529 1.07965
0.695031 1.02021 1.03394 0.945186 0.943982 1.12143
0.693906 1.26286 0.999143 0.952371 0.951369 1.08029
0.772156 1.23637 0.89404 0.947874 0.956435 1.11758
0.960312 0.977049 0.886762 0.943437 0.963466 1.06678
1.04834 0.729962 1.19181 0.945879 0.95878 0.993456
end
gesture a07 hands 2
1.07677 0.700892 1.33432 0.968602 0.955184 1.05602
1.08258 1.25672 0.912487 0.963468 0.943968 1.08514
1.01671 1.30019 0.872387 0.949911 0.936261 0.987458
0.752934 0.940902 0.931625 0.931183 0.975977 1.07965
0.669727 1.36312 0.895612 0.916737 0.951869 1.0656
0.860555 1.10116 0.830437 0.950618 0.950901 1.13335
0.99652 0.928998 0.928957 0.912547 0.95602 1.06589
1.07822 0.712182 1.29543 0.940244 0.973041 0.980826
1.08778 0.693342 1.32566 0.975992 0.957059 1.05309
end
gesture a07 hands 2
1.07995 0.734448 1.28364 0.980149 0.958692 1.05504
1.10562 1.22933 0.898762 0.943913 0.954137 1.00723
1.03481 1.36182 0.860069 0.970767 0.966263 1.05309
0.875801 1.11451 0.823682 0.980709 0.956997 1.0267
0.703888 1.0481 0.911249 0.957944 0.9574 1.14499
0.658236 1.32206 0.891963 0.924597 0.956797 1.04
0.674736 1.39401 0.862694 0.961861 0.965058 1.10043
0.898213 1.07074 0.835598 0.953627 0.969505 0.996707
1.06609 0.748543 1.26342 0.968717 0.949714 1.06607
end
gesture a07 hands 2
1.02612 0.630589 1.32194 0.961871 0.968704 1.09218
1.10439 0.939713 0.840478 0.963727 0.966915 1.03708
1.05066 1.48983 0.810519 0.97219 0.963599 1.06578
0.642095 1.10311 0.848195 0.953061 0.949205 1.0246
0.556597 1.28014 0.925008 0.98385 0.960116 1.04345
0.741664 1.51539 0.856634 0.99114 0.97535 1.01945
0.990049 1.11364 0.704337 0.919064 0.970191 0.999102
1.14416 0.693474 1.15917 1.00102 0.992823 0.986234
1.05775 0.642489 1.27219 1.00217 0.988279 0.970948
end
gesture a07 hands 2
1.00764 0.60104 1.33538 0.990395 0.95881 1.01335
1.11853 0.616157 1.2995 0.936286 0.959456 1.01477
1.15199 1.00208 0.881247 0.956374 0.94717 1.06797
0.989291 1.57987 0.955725 0.980567 0.93291 1.0524
0.643991 1.01329 0.826749 0.93782 0.99 1.06516
0.623876 1.5001 0.943809 0.962736 0.960791 1.02625
0.911849 1.19577 0.714307 0.938844 0.96895 1.09231
1.05442 0.585592 1.31958 0.957519 0.973898 1.03162
1.02847 0.585091 1.32323 0.916468 0.949215 1.03915
end
gesture a07 hands 2
1.06014 0.429686 1.44285 0.961976 0.965918 1.01319
1.04651 1.38373 0.952027 0.999405 0.955072 1.03926
0.766078 0.986997 0.835077 0.956625 0.990819 1.04483
1.1968 0.876756 0.877999 0.999075 0.960956 1.02183
0.72836 1.38628 1.07281 0.979799 0.966161 1.05203
1.20678 0.877953 0.847464 0.975314 1.02421 1.01269
0.731081 1.36902 1.07836 0.984762 0.980911 1.03551
1.23349 0.774626 0.896605 0.97347 1.02029 1.00379
1.06315 0.428766 1.40974 0.966301 0.971829 0.993512
end
gesture a07 hands 2
1.02075 0.781538 1.11957 0.983418 0.966284 1.0116
1.09486 0.816319 1.07331 0.959014 0.960054 1.05745
1.20053 1.46262 0.860921 0.964625 0.95916 1.04121
0.622205 0.969328 0.888751 0.959671 0.983375 1.04371
0.486819 1.49703 0.927533 0.98719 0.974547 1.03252
0.625022 1.48451 0.800179 0.968866 0.96585 1.02183
0.905312 1.11785 0.647118 0.96025 0.996176 1.02909
1.188 0.82908 1.15115 0.970803 0.966724 1.01442
1.05152 0.722588 1.251 0.963406 0.963062 1.04258
end
gesture a07 hands 2
1.00036 0.679932 1.24886 0.983774 0.966909 1.0219
1.19278 1.4063 0.957686 0.97066 0.953246 1.03127
1.09195 1.57702 0.962362 0.965463 0.994414 1.0534
0.613617 1.0055 0.809061 0.962187 0.961489 1.03941
0.521644 1.52782 0.89896 0.954576 0.976232 1.0491
0.682994 1.39476 0.752206 0.968201 0.962955 1.0306
1.07756 0.846344 0.952781 0.962559 0.965844 1.04868
1.12416 0.869181 0.978945 0.975873 0.964079 1.01586
0.904881 0.663583 1.30625 0.969817 0.954599 1.06112
end
gesture a07 hands 2
0.884771 0.485455 1.26753 0.989883 1.00989 1.00282
0.99542 0.734349 0.920255 0.982465 0.99971 1.03911
1.15056 1.68141 0.977149 0.947269 0.915206 1.09499
0.59026 0.869882 0.793044 0.97924 1.00489 1.06202
0.540367 1.57527 0.99819 0.965814 0.965974 1.01029
0.608352 1.49461 0.74352 0.950545 0.959935 1.06744
1.04326 0.937642 0.643808 0.97807 0.990773 0.976445
1.37098 0.756706 1.36044 1.03629 0.982298 0.99313
0.916782 0.514039 1.21005 0.947952 0.938165 1.02111
end
gesture a07 hands 2
0.910265 0.448722 1.27438 0.974247 0.979863 0.986654
0.983047 0.611693 1.02372 0.937558 0.937632 1.02148
1.11541 1.55165 1.00239 0.954927 1.01148 0.999079
0.606322 0.810645 0.894506 0.942959 0.923514 1.05874
0.492212 1.4737 1.10871 0.990119 0.979965 1.07194
0.738383 1.32374 0.725296 0.925748 0.96385 1.03214
1.21344 0.848485 0.799314 0.924904 0.953196 1.10443
1.33958 0.832916 1.1258 0.931042 0.989551 1.01556
0.931455 0.42494 1.3449 1.0032 0.979523 1.00187
end
gesture a07 hands 2
0.941958 0.555813 1.25653 0.9972 0.975407 1.06954
1.19449 1.55732 0.884732 1.01689 0.967121 1.04572
1.16749 1.74245 1.07092 0.971178 1.01584 0.982786
1.16865 1.48384 0.651112 0.94218 0.925028 1.03771
0.696064 0.988255 0.770203 1.0084 0.972919 1.03456
0.662857 1.72529 0.992264 0.92957 0.943882 1.08296
0.887743 1.29271 0.505301 0.952935 1.06614 1.07759
1.26807 0.796285 0.761161 0.961702 0.941391 1.05392
0.904418 0.545707 1.24756 0.976412 1.00264 1.00632
end
gesture a07 hands 2
1.00044 0.567625 1.22699 0.959459 0.988421 1.02861
1.0569 0.712353 1.03799 0.976474 0.989648 1.02448
1.03878 1.44992 0.987032 0.967675 0.952938 1.00457
1.02496 1.56301 0.921212 0.974727 0.948203 1.09425
0.820622 1.14181 0.700324 0.982644 0.947987 1.09083
0.655141 0.823115 0.933687 0.973507 1.00498 1.06052
0.634521 1.49406 1.05745 0.956245 0.976902 1.07312
1.21806 0.851772 0.906129 0.96747 0.968337 1.01447
0.976267 0.547938 1.31497 0.95314 0.959493 1.06538
end
gesture a07 hands 2
0.995855 0.519758 1.31735 0.955067 0.958872 1.04899
1.15848 0.806181 0.997432 0.955769 0.956963 0.990226
1.08345 1.50914 1.01271 0.95747 0.937418 1.02461
0.761813 0.983139 0.768988 0.986733 0.950834 1.07038
0.632115 0.906143 0.984653 0.991782 0.978437 1.05155
0.650483 1.50198 1.02769 0.962486 0.976172 1.05214
0.966964 1.24067 0.718925 0.958349 0.97245 1.05057
1.22331 0.754837 0.934748 0.968394 1.01901 1.07209
1.00709 0.520699 1.30746 0.959461 0.961775 1.04636
end
gesture a07 hands 2
1.01772 0.528221 1.29439 0.953994 0.970135 1.0413
1.22681 1.3999 0.94562 0.967384 0.95527 0.991204
1.102 1.62475 1.03599 0.963773 0.938247 1.06137
0.750616 0.841984 0.756778 0.979585 0.977128 1.04262
0.649833 0.742265 0.936689 0.972599 0.948506 1.09697
0.645197 1.49021 1.00541 0.978737 0.986642 1.02529
0.825613 1.44467 0.821836 0.982716 0.990393 1.07099
1.0492 0.882925 0.724706 0.977108 0.979326 0.986516
1.02588 0.532044 1.27464 0.961515 0.977438 1.00675
end
gesture a07 hands 2
1.02364 0.641214 1.27554 0.952272 0.955817 1.09565
1.00222 1.07716 1.05123 0.952905 0.970087 1.01484
0.990444 1.0582 0.867651 0.95935 0.960367 1.04891
0.986668 1.50299 0.95702 0.972151 0.954963 1.04054
0.753195 1.20279 0.922067 0.954368 1.00103 1.04695
0.81523 1.51696 1.00371 0.964722 0.947995 1.0602
1.0782 1.0814 0.807554 0.961627 0.943687 1.04301
1.00557 0.629651 1.20998 0.930929 0.956574 1.05605
1.01852 0.621029 1.22078 0.954118 0.955633 1.04662
end
gesture a07 hands 2
1.00066 0.494821 1.30688 0.929427 0.939624 1.06128
1.06672 0.895237 0.989426 0.931176 0.93765 1.05904
1.01958 1.32684 1.05524 0.947728 0.926905 1.09422
0.928353 1.40945 1.03394 0.957572 0.952062 1.06418
0.736041 1.14666 1.00032 0.927846 0.980575 1.0758
0.747182 1.37018 1.07306 0.929702 0.98049 1.07974
0.825237 1.33938 0.951796 0.941572 0.942448 1.09422
1.05004 0.88464 0.831621 0.933092 0.923636 1.08636
1.01208 0.499997 1.24921 0.945529 0.929767 1.09905
end
gesture a07 hands 2
1.03015 0.578216 1.28635 0.962306 0.951886 1.06249
1.07513 0.75575 1.01056 0.951878 0.951555 1.06901
1.08488 1.29961 0.937985 0.962577 0.946526 1.04714
0.998763 1.51374 1.06714 0.958452 0.956884 1.05844
0.782552 1.23462 0.901747 0.9584 0.957446 1.03618
0.759202 1.49808 1.02495 0.954327 0.967242 1.06974
0.89721 1.30436 0.817269 0.954624 0.953429 1.07575
1.08987 0.84037 0.889379 0.952344 0.93426 1.04872
0.99746 0.561213 1.30694 0.943617 0.958847 1.09451
end
gesture a08 hands 2
1.03724 0.488673 1.35881 0.985089 0.960381 1.00658
0.857663 1.03134 0.948424 0.965515 0.954673 1.01178
0.724208 1.42146 1.02307 0.997065 0.968393 1.05342
0.644891 0.966823 0.942532 0.977328 0.937581 1.09312
0.793723 0.824409 0.912984 0.930945 0.916435 1.09428
0.979333 1.2782 0.772549 0.922549 0.965965 1.11704
1.1193 1.50195 0.916133 0.904284 0.969847 1.1019
1.11831 1.23525 0.870696 0.905002 0.977644 1.01873
1.1152 0.580377 1.16122 0.93431 0.964353 1.02059
end
gesture a08 hands 2
1.07685 0.508129 1.35023 0.993655 0.969448 1.03177
0.8696 1.09379 0.844756 0.976704 0.956687 1.09744
0.750963 1.47181 0.98249 0.972861 0.968363 1.05141
0.639138 1.42688 0.946237 0.932648 0.985598 1.12212
0.631646 0.895287 0.896038 0.923344 0.965452 1.13388
1.04218 1.41645 0.777038 0.920496 0.9793 1.03269
1.23214 1.36179 0.859439 0.933142 0.96561 1.07443
1.09842 0.521501 1.38975 0.917648 0.993147 0.931498
1.08054 0.51194 1.44459 0.992308 0.983195 0.941362
end
gesture a08 hands 2
1.10801 0.514442 1.33094 1.04 0.979473 1.00298
0.88706 1.08024 0.929529 0.895679 0.93872 1.14129
0.773756 1.48868 0.986222 0.913714 0.946923 1.06223
0.67729 1.48942 0.984097 0.921378 0.955411 1.03675
0.603807 0.990569 0.861852 0.907176 0.951452 1.10308
0.745056 1.01116 0.789486 0.92521 0.959655 1.02401
1.10179 1.5509 0.872381 0.892973 0.947494 1.16941
1.1059 0.583321 1.11328 0.929042 0.963899 1.01127
1.06166 0.512337 1.29344 0.962282 0.955985 0.990505
end
gesture a08 hands 2
0.930393 0.363186 1.3722 0.928665 0.916356 1.10182
0.99103 0.3807 1.23745 1.02856 0.975892 1.05439
0.867515 0.924983 0.924058 0.925255 0.948553 1.13696
0.773837 1.43313 1.08807 0.937469 0.923738 0.973999
0.716829 1.30915 1.00487 0.879339 0.947589 0.975419
0.805131 0.73773 0.871341 0.997164 0.995896 0.992124
1.22507 1.4455 1.01135 0.857459 0.948096 0.986939
1.1726 0.441751 1.08242 1.09311 1.04471 1.02035
1.01228 0.315754 1.44202 1.1334 1.18397 0.979423
end
gesture a08 hands 2
1.03243 0.520579 1.33518 1.07465 0.998949 1.02953
0.703654 1.43052 0.870735 0.953478 0.960286 1.09724
0.748771 1.60916 0.968058 0.965937 0.942334 1.0908
0.945113 1.49374 0.806786 0.962466 0.928333 1.02376
0.656753 0.876509 0.77329 0.967974 0.914503 1.09571
1.18652 1.46391 0.725874 0.997264 0.961406 0.969545
1.2644 1.59347 0.877731 0.886836 0.971285 1.03011
1.03038 0.582063 1.28656 0.8651 0.984481 0.957522
1.00958 0.59593 1.31025 0.982784 0.951274 1.04463
end
gesture a08 hands 2
0.994522 0.592264 1.32616 0.991038 0.913092 1.12593
0.728226 1.32041 0.815667 0.967257 0.95989 0.974951
0.755443 1.62951 1.00666 0.956701 0.982426 1.11968
0.550367 1.13697 0.801114 0.952011 0.982029 0.916601
0.73318 0.834122 0.85908 0.866862 1.05311 0.922257
1.25179 1.56491 0.80905 1.00716 1.05508 0.960036
1.19568 0.840563 0.912692 1.00762 1.05112 0.954632
1.04277 0.578256 1.34268 0.951937 0.918191 1.10607
1.00722 0.577833 1.33108 0.994033 0.921578 1.14186
end
gesture a08 hands 2
0.983642 0.466853 1.3644 0.966889 0.96024 1.05156
0.878593 0.665429 1.02635 0.968258 0.957415 1.03319
0.738989 1.20609 0.97179 0.963646 0.967211 1.03897
0.811904 1.17183 0.868847 0.95508 1.02529 1.03268
1.1942 1.50094 0.805161 0.958751 0.967206 1.06722
1.09458 1.29164 0.839098 0.972051 0.949091 1.03134
1.06482 0.664278 1.00203 0.967004 0.939544 1.07381
1.00327 0.466128 1.38478 0.980493 0.943132 1.01871
0.992639 0.462268 1.38217 0.964786 0.954742 1.04767
end
gesture a08 hands 2
0.980347 0.483425 1.40746 0.966581 0.961941 1.04852
0.844104 0.760186 0.991516 0.977583 0.957082 1.03118
0.651976 1.27488 0.933263 0.95618 0.985057 1.05814
0.68907 1.14817 0.888809 0.960508 0.954919 1.05357
1.16115 1.47568 0.755278 0.960035 0.9583 1.01793
1.19576 1.49884 0.789908 0.960104 0.961179 1.04398
1.1739 0.785558 0.958409 0.980764 0.951063 1.0162
1.01489 0.460979 1.38409 0.960172 0.964058 1.07003
0.973674 0.474339 1.40636 0.962879 0.965744 1.03264
end
gesture a08 hands 2
1.02027 0.513402 1.39515 0.964833 0.97331 1.03797
0.898056 0.645649 1.06732 0.959886 1.00134 0.989496
0.662716 1.27488 0.956233 0.968591 0.982213 1.00861
0.625872 1.16219 0.967147 0.956705 1.01344 1.08614
1.09205 1.43985 0.705969 0.960553 0.980315 1.02333
1.13836 1.47239 0.70721 0.972595 0.960268 1.05363
1.09656 1.18923 0.735054 0.955677 0.89916 1.06338
1.10784 0.634843 1.06853 0.982428 0.95766 1.05739
1.0266 0.501729 1.38595 0.983016 0.960066 1.01842
end
gesture a08 hands 2
0.995857 0.56528 1.23534 0.949532 0.980594 1.02338
0.81061 0.976196 0.891407 0.955508 0.971502 1.04404
0.725827 1.36211 0.865873 0.96117 0.991779 1.01467
0.681325 1.45722 0.899601 0.951508 0.963761 1.06325
0.686996 0.98234 1.00412 0.989079 0.965635 1.03295
1.20075 1.55865 0.817648 0.942042 0.986269 1.03568
1.23854 1.57644 0.870306 0.994446 0.965903 1.02862
1.04393 0.535524 1.22889 0.96324 0.944429 1.09018
1.01294 0.537244 1.2756 0.939712 0.955356 1.05033
end
gesture a08 hands 2
1.01753 0.489401 1.32566 0.950348 0.954917 1.05519
0.783236 1.18068 0.864566 0.960173 0.967255 1.02407
0.671035 1.439 0.978939 0.958811 0.957127 1.04943
0.716112 0.945709 0.985187 0.946347 0.955427 1.05606
1.08935 1.44873 0.823609 0.985168 0.975219 1.03222
1.23614 1.39559 0.818779 0.954151 0.981004 1.03875
1.25508 0.997441 0.812055 0.974836 0.958013 1.05218
1.0556 0.510321 1.21043 0.934704 0.961056 1.07304
1.01918 0.508756 1.28728 0.943037 0.962065 1.07344
end
gesture a08 hands 2
0.995606 0.540215 1.30832 0.950846 0.968136 1.02927
0.888077 0.847173 0.921874 0.987123 0.97078 1.02858
0.653234 1.41375 0.917455 0.946968 0.984137 1.04386
0.635112 1.37423 0.913204 0.994644 0.969003 1.0182
0.757105 0.928454 0.96841 0.94718 0.968992 1.03404
1.20171 1.38352 0.839471 0.962182 0.959101 1.0589
1.25024 1.50817 0.899437 0.986292 0.971306 1.01775
1.13111 0.634034 1.09608 0.945201 0.964877 1.06086
0.994491 0.537679 1.30363 0.952963 0.976281 1.02682
end
gesture a08 hands 2
1.05096 0.656826 1.23929 0.950462 0.936494 1.04306
0.96964 0.824853 1.03406 0.972034 0.961001 0.999578
0.87916 1.2534 0.879371 0.971496 0.961506 1.00186
0.795748 1.27314 0.894147 0.940745 0.943313 1.10626
0.793794 0.995384 0.908874 0.955153 0.962042 1.00754
0.981134 1.39028 0.806484 0.927122 0.939217 1.16106
0.986094 1.38058 0.896148 0.955414 0.96692 0.992902
0.98761 0.71421 1.09332 0.96596 0.99753 0.983275
1.05095 0.635463 1.2659 0.937093 0.946876 1.05751
end
gesture a08 hands 2
1.03358 0.694079 1.28314 0.958281 0.94802 1.09895
0.8842 1.26332 0.896788 0.956321 0.944258 1.04034
0.854854 1.01836 0.888127 0.957087 0.97137 1.06925
0.979601 1.40294 0.804767 0.951624 0.976551 1.04816
0.988967 1.45086 0.866891 0.918212 0.96365 1.09289
0.949411 1.18491 0.881226 0.964991 0.984031 1.00897
0.98103 0.788277 1.03962 0.987146 0.959287 0.990612
1.01683 0.706227 1.17851 0.940521 0.948146 1.0471
1.01363 0.71094 1.17439 0.967559 0.959416 1.00463
end
gesture a08 hands 2
1.05004 0.66186 1.22062 0.9455 0.94234 1.03284
0.94825 0.979269 0.991351 0.928657 0.967123 1.06702
0.86737 1.22667 0.96422 0.948517 0.946297 1.02389
0.777164 1.08889 0.95514 0.943802 0.937628 1.1209
0.884667 0.912565 0.963521 0.942347 0.943257 1.13471
1.03333 1.35742 0.912707 0.933918 0.953407 1.06908
1.01435 1.296 0.914759 0.976388 0.96659 0.978092
0.949769 0.765687 1.11228 0.954151 0.956435 1.05349
1.01208 0.681667 1.25523 0.945643 0.936334 1.06501
end
gesture a08 hands 2
0.951722 0.489727 1.34066 0.963201 0.951795 1.07251
0.969493 0.590453 1.1028 0.95899 0.961966 1.01906
0.809151 1.1195 0.928629 0.966878 0.976433 1.0618
0.746136 1.30988 0.949563 0.952377 0.984957 1.04006
0.78362 1.02995 0.831645 0.951667 0.950038 0.99959
1.14856 1.48395 1.00128 0.954752 0.949744 1.01888
1.09966 0.839341 0.892342 0.951616 0.947544 0.9967
1.07826 0.550655 1.15246 0.957838 0.949449 1.03817
0.945038 0.482219 1.35409 0.951565 0.94505 0.993809
end
gesture a08 hands 2
0.984212 0.518873 1.36335 0.936867 0.963479 1.00357
1.01606 0.615994 1.04713 0.943366 0.94332 1.01743
0.745331 1.32831 0.926062 0.973829 0.961338 1.05901
0.719132 1.3172 0.968796 0.964865 0.952028 1.03644
0.886435 1.0309 0.796282 0.977702 0.955837 1.06637
1.08683 1.43146 0.912802 0.963584 0.950698 1.03322
1.14256 0.734187 1.01587 0.95515 0.951529 1.02914
1.04493 0.506634 1.38002 0.955322 0.960436 1.05419
0.990334 0.514772 1.36211 0.952339 0.951806 1.02778
end
gesture a08 hands 2
0.98856 0.460908 1.40547 0.956811 0.97187 0.960998
0.832151 0.987965 0.932153 0.975281 0.966465 1.01464
0.72079 1.25806 1.02079 0.976071 0.969017 0.985722
0.750015 0.964082 0.87116 0.97838 0.968341 0.992427
1.14126 1.32376 0.909824 0.980668 0.964889 1.03029
0.822671 0.920904 0.913404 0.976861 0.971568 0.956805
1.19762 1.33846 0.922407 0.962259 0.981552 1.0471
1.1539 0.668595 1.05692 0.959967 1.01672 1.01686
0.985436 0.464889 1.40424 0.965622 0.956211 1.04008
end
gesture a08 hands 2
0.977378 0.598593 1.39415 0.95437 0.945597 1.06785
0.810797 0.937729 0.908002 0.947828 0.952133 1.0804
0.697778 1.3581 0.886955 0.957484 0.949609 1.05972
0.808993 0.739606 1.02875 0.950051 0.955419 1.08095
0.948212 0.91124 0.877811 0.959039 0.952595 1.0705
1.22307 1.44445 0.872328 0.941285 0.958669 1.09295
1.18274 1.49496 0.939659 0.959262 0.953022 1.07204
1.00747 0.617111 1.34539 0.977238 0.947374 1.05112
0.977855 0.599859 1.34904 0.95516 0.957511 1.03738
end
gesture a08 hands 2
0.963869 0.638071 1.31405 0.959951 0.964761 1.03445
0.702972 1.21196 0.827021 0.970862 0.940913 1.03633
0.668441 1.43912 0.88394 0.951408 0.963551 1.08037
0.826672 0.820448 0.924313 0.978148 0.971785 1.04289
0.974605 1.06437 0.769932 0.965625 0.964836 1.0504
1.23341 1.5811 0.8861 0.965342 0.971968 1.03108
1.24034 1.60481 0.937839 0.963943 0.993544 1.01472
1.07437 0.690609 1.14847 0.969542 0.953206 1.02809
0.970789 0.632552 1.31247 0.96333 0.952997 1.04087
end
gesture a08 hands 2
0.983005 0.589635 1.35513 0.964986 0.95497 1.03701
0.68108 1.42306 0.889977 0.9511 0.96861 1.09119
0.67114 1.40585 0.87301 0.957534 0.955808 1.07306
0.85929 0.698629 1.00592 0.978941 0.939079 1.04732
0.884626 0.731817 0.983295 0.956089 0.992096 1.03886
1.26821 1.53139 0.894867 0.965518 0.992355 1.01125
1.288 1.42584 0.86774 0.96854 0.957913 1.02118
1.12918 0.787961 1.02403 0.960441 0.97171 1.01402
0.984543 0.601439 1.32017 0.97185 0.950283 1.01808
end
gesture a08 hands 2
0.95038 0.417515 1.31321 0.975986 0.881928 1.05993
0.722606 1.28229 0.982881 0.972173 0.881511 1.06711
0.701752 1.02855 0.828894 0.855136 0.828388 0.917004
1.15936 1.3804 0.790566 0.800644 1.56125 0.961212
1.37354 1.64849 1.07147 1.07706 1.60879 1.06756
1.26398 1.58078 0.977056 0.943433 1.1817 1.13259
1.08531 0.844491 1.10659 1.01468 0.860231 1.01672
1.12038 0.620614 0.931992 0.998509 0.896437 1.01172
0.967574 0.410211 1.32179 0.986031 0.881257 1.09568
end
gesture a08 hands 2
0.992178 0.368282 1.37267 0.972144 0.968848 1.06226
0.845483 0.706282 0.954829 0.937055 0.943728 1.03367
0.691405 1.08386 0.981612 0.974383 0.971326 1.0379
0.584172 1.30167 1.09952 0.951834 0.954139 1.13913
0.587819 0.877016 0.958384 0.941503 0.991195 1.0673
1.40529 1.49695 0.960056 0.966145 0.941835 1.05407
1.36767 1.47518 1.00206 0.900469 0.9234 1.02776
1.09616 0.87887 0.947706 0.990229 0.984093 1.01892
0.999157 0.386063 1.31167 0.928593 0.944298 1.04849
end
gesture a08 hands 2
0.979123 0.39191 1.38057 0.95905 0.962291 1.1047
0.840535 0.787033 0.919265 0.957881 0.995532 1.01544
0.660542 1.18085 0.969934 0.95008 0.94832 1.0901
0.551617 1.19304 0.883078 0.98147 0.964242 1.01822
0.714487 0.882697 0.843108 0.920138 0.938909 0.997206
1.31662 1.60306 0.983974 0.949324 0.998031 0.969602
1.18091 1.32642 0.959603 0.98847 0.968436 1.04393
1.09104 0.515078 1.10285 0.964796 0.994593 1.00892
0.974191 0.399887 1.38984 0.959636 0.973994 1.03603
end
gesture a08 hands 2
0.976913 0.502562 1.26715 0.960025 0.955885 1.04369
0.806334 1.14894 0.861134 0.956127 0.972951 1.03445
0.767663 1.47164 0.92462 0.983017 0.930784 1.04484
0.841043 0.99287 0.777742 0.960035 0.979701 1.04727
0.909187 1.10891 0.792019 0.965035 0.963987 1.01948
1.17895 1.57983 1.11026 0.968315 0.964144 1.03225
1.20298 1.22706 0.849575 0.964364 0.977676 1.08028
1.04605 0.542386 1.19575 0.971978 0.956478 1.01027
0.983506 0.5233 1.29395 0.964268 0.979631 1.08897
end
gesture a08 hands 2
0.970737 0.477931 1.34847 0.957922 0.969108 1.08726
0.775037 1.03966 0.913658 0.955782 0.988337 1.0255
0.745665 1.41194 0.964483 0.944256 0.946867 1.05519
0.921025 0.854055 0.860954 0.96328 0.948321 1.03071
1.00994 0.952355 0.804285 0.962964 0.95562 1.06413
1.15021 1.52457 1.13644 0.966007 0.958994 1.04018
1.13424 0.917379 0.859864 0.966145 0.968071 1.07517
0.960308 0.473719 1.3333 0.967232 0.955253 1.00993
0.967148 0.46956 1.34806 0.966599 0.96985 1.07675
end
gesture a08 hands 2
0.969593 0.562275 1.27066 0.974339 0.97649 1.06088
0.862024 0.85023 0.888793 0.972947 0.976014 1.03819
0.759657 1.51106 0.887609 0.957142 0.976349 1.07008
0.898615 1.15971 0.759759 0.971556 0.975537 1.01549
1.14866 1.63331 1.03561 0.97048 0.96026 1.06079
1.16301 1.62653 1.04138 0.968869 0.957985 1.01683
1.25309 1.08972 0.806874 0.974157 0.977251 1.05223
0.966608 0.563425 1.26305 0.96604 0.97151 1.04688
0.969372 0.550644 1.24595 0.978247 0.96967 1.00527
end
gesture a08 hands 2
1.05101 0.473915 1.25001 0.929293 0.934521 1.01242
0.904341 0.909226 0.961761 0.942246 0.939219 1.05372
0.820265 1.20742 1.00597 0.954698 0.96137 1.04463
0.867486 1.01029 0.884796 0.95885 0.949874 1.07085
0.986117 1.39073 0.941909 0.938589 0.954026 1.11188
1.03924 1.48349 1.09261 0.954664 0.948862 1.08573
1.0017 1.31787 0.971119 0.932309 0.95251 1.13421
1.0666 0.510891 1.19576 0.970739 0.943699 1.05959
1.0534 0.489044 1.3219 0.930216 0.952004 1.14165
end
gesture a08 hands 2
1.01473 0.55888 1.28425 0.928649 0.950421 1.12949
0.994407 0.580412 1.14475 0.93277 0.956273 1.06386
0.847805 0.948922 0.945065 0.952369 0.943527 1.10606
0.795315 1.21983 0.966835 0.951463 0.951723 1.09658
0.896922 0.953748 0.884371 0.957132 0.94653 1.06325
1.04274 1.57694 1.08615 0.950557 0.959919 1.0871
1.02064 1.01777 0.839685 0.961896 0.949533 1.02044
1.02983 0.558886 1.1857 0.953642 0.943896 1.04159
1.02529 0.559774 1.2788 0.929323 0.957807 1.11046
end
gesture a08 hands 2
1.01711 0.532984 1.25019 0.935026 0.960314 1.11971
0.815933 1.0055 0.914682 0.927458 0.962072 1.10377
0.790987 1.30797 0.982231 0.937131 0.958872 1.04276
0.791313 1.1763 0.916824 0.962552 0.947197 1.02678
0.862182 0.968852 0.830399 0.958427 0.964895 1.04166
0.941903 1.40298 0.852988 0.964523 0.96602 1.03701
1.06874 1.58964 1.09686 0.943151 0.968539 1.10099
1.10467 0.843856 0.881846 0.957644 0.957476 1.05463
1.00832 0.548373 1.29479 0.921778 0.971058 1.16497
end
gesture a09 hands 2
1.02704 0.520863 1.32114 0.992288 0.973092 1.02957
1.11704 0.781575 1.01688 0.994065 0.980667 0.982986
1.02299 1.44369 1.03186 0.97736 0.973408 1.04206
0.980743 0.827285 0.892231 0.956544 0.974625 1.06866
0.628125 0.858537 0.994381 0.98698 0.989315 0.954323
0.763377 1.53069 0.93923 0.95357 0.974799 1.07246
1.01934 1.00751 0.852557 0.970513 0.949183 1.08137
1.07789 0.823171 0.963759 0.929732 0.966907 1.0144
1.03506 0.519949 1.44687 0.982263 0.977726 1.05073
end
gesture a09 hands 2
1.00287 0.580512 1.38536 0.948441 0.968953 1.07259
1.08075 1.31414 0.946823 1.03125 0.978083 1.01922
1.06584 1.43804 0.805404 1.0315 0.974553 1.03033
1.13866 0.978301 0.791892 0.978891 0.99456 1.00041
0.527847 1.07186 0.940704 0.933627 0.957475 1.10578
0.824871 1.6328 0.865689 0.944863 0.964456 1.05087
1.0726 1.11506 0.777414 0.902567 0.971017 1.09226
1.07024 0.611408 1.23404 0.928821 0.969325 1.02331
1.00818 0.578465 1.36618 0.971973 0.959359 1.06952
end
gesture a09 hands 2
1.00094 0.649486 1.33508 0.968451 0.966678 1.10143
1.04174 0.707592 1.28601 1.04957 0.980286 1.01766
1.06129 1.55629 0.950243 1.03405 0.986508 1.04938
1.03597 1.55012 0.837713 0.963072 0.980897 1.01743
0.672814 0.96149 0.841343 0.907833 0.95767 1.10719
0.817097 1.70559 0.78875 0.891077 0.976424 0.998234
1.07258 1.05847 0.770758 0.964714 0.965244 0.968654
0.98811 0.665631 1.3698 0.975051 0.974721 1.02288
1.03202 0.65227 1.22144 1.02594 0.982854 1.03671
end
gesture a09 hands 2
0.973561 0.62099 1.30512 0.971027 0.908425 1.07193
1.03429 1.63091 0.928209 1.02886 0.943912 1.048
1.19667 1.43925 0.751391 0.970548 0.933138 1.07415
0.692295 0.884525 0.764157 1.09346 1.01445 1.00586
0.412384 1.29891 0.842905 0.972141 0.947158 1.07188
0.926208 1.69608 0.878053 0.94513 1.01843 1.05776
1.20976 1.32073 0.697209 1.0419 0.974602 1.02532
1.11521 0.638345 1.21446 0.855336 1.14263 0.939193
1.04748 0.600504 1.44258 0.949238 1.18869 0.92851
end
gesture a09 hands 2
1.05458 0.571005 1.44159 0.978568 1.14965 1.08891
1.06789 1.36634 0.830879 0.989376 0.928038 1.07922
1.05924 1.03441 0.761642 1.01631 0.963541 1.12364
0.401987 1.26948 0.915768 1.01928 0.99783 0.941066
0.978376 1.56792 0.882684 0.812045 1.01699 0.9861
1.16291 1.09361 0.771839 0.912888 0.973274 1.03648
1.09569 1.24634 0.772495 0.839672 1.07592 0.917949
1.13983 0.62939 1.18132 1.01373 0.929557 1.08687
0.978185 0.558216 1.42944 0.998923 0.935609 1.09705
end
gesture a09 hands 2
0.985424 0.597548 1.37089 1.05213 0.943321 1.05793
1.08918 1.34053 0.827033 1.00793 1.00119 1.06864
1.00627 1.06471 0.727575 0.977137 1.02563 0.92944
0.416416 1.36616 0.981672 0.830182 0.988 1.03962
1.00297 1.63242 0.941925 0.781929 1.03984 1.00499
1.22334 1.05806 0.773251 0.903239 0.979539 1.0605
1.06032 1.1084 0.722496 0.795081 1.05661 0.973102
1.05696 0.589837 1.30712 1.0377 0.935997 1.08412
0.998504 0.581635 1.35874 1.03973 0.907605 1.10149
end
gesture a09 hands 2
1.09716 0.569156 1.36765 0.987904 0.976356 0.999117
0.974118 1.38993 0.799476 1.00459 0.989378 0.984146
0.83954 1.0751 0.815933 0.996292 0.965425 1.04886
0.657138 1.54566 0.877041 0.986553 0.967987 1.00972
0.950887 1.55281 0.760264 0.965219 1.03753 0.987322
0.946303 1.11736 0.749772 0.983777 0.969913 1.04799
1.03942 1.05453 0.774585 0.954434 1.00877 1.04541
1.14937 0.572563 1.27329 0.970486 0.927748 1.04497
1.09576 0.58247 1.3905 0.988995 0.938203 1.02956
end
gesture a09 hands 2
1.12158 0.567144 1.42255 0.99778 0.93376 1.04542
0.930334 1.15857 0.822942 0.958209 0.965891 0.996398
0.857953 1.02055 0.83848 0.956948 0.908458 1.04761
0.57266 1.40424 0.946107 0.967119 1.02598 1.04454
0.832023 1.62805 0.854409 0.969461 0.951135 1.05181
0.869302 1.10979 0.775888 0.96097 0.984628 1.00725
0.997424 1.06541 0.763908 0.963542 0.981117 1.04918
1.15268 0.547124 1.3345 0.97076 0.987285 1
1.1135 0.580619 1.39671 0.985354 0.955929 1.04294
end
gesture a09 hands 2
1.11423 0.56025 1.4354 0.98212 0.956594 1.06661
1.02388 1.14166 0.868305 0.970761 0.974237 1.02604
0.96551 1.09303 0.845389 0.975411 0.951881 1.04538
0.597794 1.35659 0.942629 0.948756 0.958427 0.999191
0.710504 1.52709 0.902689 0.949627 0.985685 1.07006
0.987845 1.43671 0.763634 0.953147 1.01842 1.04604
1.01317 1.00729 0.821132 0.956979 0.96911 1.03165
1.10911 0.535031 1.36695 0.986043 0.953498 1.06673
1.11378 0.537457 1.44244 0.987736 0.96735 1.03442
end
gesture a09 hands 2
1.01488 0.697744 1.23064 0.966097 0.979125 1.01944
0.639748 1.165 0.813321 0.964108 0.981866 1.01503
0.795693 1.75566 0.851367 0.984129 0.967646 1.01915
1.10952 1.78256 0.881433 0.962784 0.964156 1.02706
1.32133 1.48743 0.887827 0.969526 0.957825 1.04788
1.19827 1.08502 0.896472 0.957149 0.974623 1.03458
0.961959 0.949743 0.904365 0.963619 0.962113 1.05248
0.964785 0.943345 0.907705 0.949247 0.960244 1.04336
1.0196 0.692372 1.25554 0.958308 0.970016 1.04262
end
gesture a09 hands 2
1.0248 0.544283 1.36261 0.965719 0.963892 1.05061
1.04147 0.85365 0.912245 0.965173 0.960169 1.05066
0.825849 0.794413 0.954728 0.974225 0.977035 1.038
0.53601 1.29499 0.942919 0.953647 0.964637 1.03218
0.946867 1.70332 1.0114 0.983747 0.967859 1.01585
1.38412 1.40471 1.00739 0.965559 0.970222 1.03996
1.26009 1.00883 0.978112 0.992843 0.973685 1.02539
0.87611 0.907049 0.938948 0.94737 0.972584 1.06408
1.07377 0.538477 1.28949 0.971859 0.956664 1.05721
end
gesture a09 hands 2
1.01223 0.639665 1.29625 0.972876 0.968462 1.02782
1.14577 0.949275 0.85816 0.988331 0.965469 1.04745
0.746354 0.928816 0.879888 0.94646 0.970836 1.02152
0.734067 1.7485 0.909843 0.987912 0.978566 1.03157
1.42674 1.32599 0.926561 0.959178 0.972173 1.0367
0.926007 0.905216 0.904756 0.955062 0.970813 1.02946
0.819086 0.952004 0.883063 0.940848 0.987646 1.03639
1.01222 0.628648 1.28211 0.976477 0.963342 1.04881
1.00077 0.645522 1.26735 0.983803 0.966195 1.01283
end
gesture a09 hands 2
1.05931 0.667465 1.20646 0.965188 0.945787 1.00626
1.02988 0.751257 1.09282 0.979714 0.971367 1.00198
0.872559 1.24418 0.937218 0.96259 0.98284 0.981807
0.970195 1.4441 0.912421 0.961181 0.958814 1.03315
1.13766 1.13219 0.861338 0.948665 0.934037 1.11351
0.973363 0.776232 0.993036 0.947539 0.950143 1.08288
0.757128 0.923502 0.962885 0.937261 0.96894 1.10345
0.90602 1.34731 0.90127 0.941972 0.961526 1.03228
1.09289 0.663698 1.25541 0.954339 0.949004 1.02754
end
gesture a09 hands 2
1.09269 0.572782 1.26481 0.967911 0.933645 1.02517
0.895531 1.09712 0.990624 0.938932 0.931479 1.02225
1.03933 1.32201 0.980032 0.96131 0.933306 1.03671
1.19437 1.07227 0.930243 0.942618 0.962141 1.01993
0.947012 0.66838 1.08158 0.93499 0.937889 1.07161
0.746618 0.883426 1.03722 0.955372 0.946963 1.11303
0.942176 1.24152 0.953428 0.930605 0.958447 1.03965
0.892273 1.02238 1.02646 0.948118 0.935128 1.08124
1.01975 0.657533 1.14383 0.937858 0.93281 1.05275
end
gesture a09 hands 2
1.11776 0.634066 1.27353 0.952295 0.941345 1.02766
0.862122 1.17356 0.956303 0.968769 0.943828 1.01176
0.9419 1.38655 0.946916 0.951291 0.974987 1.02969
1.06559 0.77269 0.987927 0.952422 0.971547 1.06996
0.787367 0.789225 1.04094 0.949118 0.957144 1.07592
0.908025 1.30539 0.937556 0.944931 0.981455 1.01038
0.898612 1.19817 0.94141 0.936681 0.970898 1.09073
1.08858 0.648265 1.23503 0.948127 0.963421 1.06092
1.11693 0.630576 1.30619 0.959525 0.950018 1.02889
end
gesture a09 hands 2
1.00469 0.567849 1.35427 0.973583 0.961533 1.05572
1.04209 0.728263 0.987712 0.976933 0.96804 1.07759
0.649621 1.11126 0.934935 0.966749 0.968266 1.05396
1.07552 1.58093 0.963418 0.993007 0.942306 1.04878
1.26687 1.3525 0.903355 0.956565 0.968493 1.03032
1.02553 0.982056 0.812271 0.957983 0.969429 1.05572
0.767722 1.1651 0.869707 0.971572 0.966581 1.01323
1.12741 0.837215 0.943078 0.952597 1.00571 1.02347
1.11338 0.573982 1.37616 0.972496 0.966427 1.01139
end
gesture a09 hands 2
1.04862 0.649115 1.34435 0.966832 0.969435 1.03163
0.971813 0.936529 0.815937 0.985568 0.961901 0.977108
0.616829 1.31394 0.894528 0.969862 0.962841 1.00003
1.17793 1.55528 0.828023 0.954157 0.963781 1.02296
1.11625 1.09418 0.751499 0.989974 0.962301 1.07486
0.882809 1.12209 0.790038 0.968503 0.969766 1.0057
1.21059 0.796139 1.06772 0.987918 0.975479 1.04818
1.05459 0.660163 1.39903 1.00096 0.971066 0.976046
1.02182 0.660699 1.30769 0.989217 0.963531 0.978364
end
gesture a09 hands 2
1.01286 0.505548 1.38269 0.975849 0.958915 0.974089
0.747138 1.34009 0.982743 0.983965 0.959638 1.06818
1.1872 1.45577 0.965647 0.983814 0.969759 1.04257
1.1408 1.02388 0.836065 0.972796 0.968624 1.05571
0.783721 1.41302 0.95341 0.983664 0.97988 1.01696
1.08981 0.953373 0.823221 0.963617 1.00296 1.03487
0.736078 1.12745 0.85924 0.985208 0.967319 1.04535
1.22875 0.554057 1.47734 0.990279 0.973197 1.03935
1.00461 0.508047 1.37563 0.962594 0.968141 0.977235
end
gesture a09 hands 2
1.06105 0.670058 1.3193 0.967187 0.945778 1.0395
0.63129 1.22344 0.878756 0.963186 0.948592 1.04721
0.798389 1.59979 0.844292 0.973913 0.938772 1.04714
1.42382 1.22712 0.871029 0.957319 0.9656 1.03609
1.17539 0.823429 1.0069 0.98464 0.928953 1.04707
0.677429 1.16942 0.88924 0.982511 0.945225 1.0405
0.828382 1.02908 0.874423 0.951452 0.982608 1.02496
1.08012 0.660612 1.33262 0.980382 0.961497 1.03392
1.07428 0.673024 1.34534 0.957145 0.965496 1.02365
end
gesture a09 hands 2
1.06597 0.675433 1.36796 0.967253 0.954906 1.04159
0.802388 1.08536 0.790172 0.951515 0.979156 1.04602
0.872061 1.53735 0.758395 0.978528 0.944352 1.04862
1.255 1.5141 0.78183 0.942422 0.995423 1.04883
1.39127 0.98348 1.00408 0.963243 0.953444 1.05186
0.970294 0.765418 1.0692 0.958349 0.983639 1.0399
0.695148 1.26427 0.877164 0.966387 0.941381 1.05204
1.10013 0.701015 1.22343 0.962639 0.975262 1.02629
1.08046 0.679955 1.37623 0.957477 0.964092 1.01931
end
gesture a09 hands 2
1.08283 0.708258 1.33321 0.962035 0.967929 1.02798
0.773555 1.26476 0.639125 0.981385 0.958455 1.03462
0.729155 1.2007 0.665361 0.988849 1.02856 1.02013
1.38676 1.42865 0.782045 0.974985 0.963126 1.03059
1.23606 0.863976 1.03112 0.948175 0.97239 1.0649
0.808405 0.924979 0.936827 0.980229 0.958832 1.02326
0.754807 1.24035 0.890097 0.948644 0.960212 1.0728
1.08515 0.731938 1.17829 0.960944 0.967321 1.02441
1.09203 0.717883 1.38922 0.964589 0.960262 1.03542
end
gesture a09 hands 2
1.01623 0.3881 1.42583 0.977628 0.981787 1.03621
0.882899 1.15713 0.962968 0.935447 1.00525 1.0291
0.974148 1.48574 0.933419 1.00218 0.939339 1.01405
1.25927 0.976918 0.814084 0.956888 0.950708 1.08601
0.893781 0.741221 0.864409 0.990902 0.971893 1.06757
0.575174 1.343 0.946725 0.999579 0.973848 1.02471
1.06808 1.38228 0.807784 0.918501 0.936038 1.06912
1.12425 0.68673 1.01419 1.0265 0.953869 1.01617
1.06766 0.436127 1.27588 1.00418 0.962057 1.0673
end
gesture a09 hands 2
1.00836 0.365206 1.47335 0.981666 0.977655 1.02383
0.952798 1.33975 1.02072 0.982515 0.961877 1.03821
1.27022 1.26209 0.825467 0.953864 1.0088 1.01041
1.13412 0.815922 0.777768 0.964381 0.969036 1.0602
0.696526 0.866626 0.939279 0.968847 0.978446 1.03161
0.734723 1.44881 0.981364 0.901239 0.948788 1.05051
1.06966 1.35859 0.828765 0.977463 0.976949 1.03139
1.05681 0.471253 1.06731 0.938513 0.930296 1.023
1.02884 0.369614 1.51603 0.998196 0.951814 1.04999
end
gesture a09 hands 2
0.991822 0.418943 1.45075 1.01812 0.986722 1.03297
1.01063 0.681722 1.01767 0.914985 0.971796 1.03116
1.05382 1.47172 1.00382 1.00145 0.957916 1.01699
0.731177 0.914586 0.915875 0.931654 0.956575 1.0451
0.724614 1.46383 0.955236 0.974776 0.941751 1.05339
1.05478 1.33211 0.777978 0.995939 0.97773 1.03476
1.00296 1.33594 0.852425 0.920564 0.954653 1.05895
1.11904 0.702501 0.961522 1.00324 0.975918 1.04541
1.00227 0.40755 1.46485 0.962838 0.956553 1.06719
end
gesture a09 hands 2
1.04263 0.476469 1.33529 0.972513 0.976679 1.02479
0.823348 1.00767 0.90663 0.960704 0.982505 1.04183
0.986124 1.4611 0.973215 1.00262 0.942081 1.00509
1.36956 0.873752 1.02805 0.984444 0.902821 1.01286
0.846513 0.694986 0.966219 0.952696 0.969163 1.05028
0.689587 1.24757 0.896965 0.958177 0.970313 1.02175
0.933314 1.26229 0.934046 0.961696 0.967178 1.07862
1.07373 0.507235 1.30146 0.988208 0.966498 1.01687
1.03555 0.489417 1.36947 0.964849 0.979178 1.06473
end
gesture a09 hands 2
1.05613 0.514823 1.39914 0.973355 0.972546 1.04644
0.923106 0.74019 0.971493 0.965927 0.949756 1.04021
0.750151 1.29921 0.848858 0.951246 0.995579 1.04429
1.17823 1.44589 0.968501 0.970177 0.943314 1.02554
1.37087 0.835316 1.06102 0.958715 0.983253 1.03053
0.798617 0.810237 0.902627 0.952521 0.976499 1.07151
0.788642 1.37148 0.990826 0.973732 0.941269 1.04988
1.03492 0.655877 1.05435 0.951219 0.976632 1.0719
1.04122 0.511179 1.34551 0.967948 0.972653 1.06939
end
gesture a09 hands 2
1.03747 0.507642 1.36488 0.971167 0.967592 1.06882
0.751199 1.24025 0.879734 0.968465 0.962687 1.0578
0.941802 1.50181 0.985909 0.988754 0.947063 1.00756
1.3854 1.30374 1.01629 0.938683 0.984517 1.04088
1.20855 0.676607 1.06533 0.960946 1.00423 1.02594
0.892236 0.667695 0.964928 0.974309 0.935265 1.00815
0.804205 1.40997 0.946284 0.959365 0.968583 1.01563
0.837216 1.36818 0.93719 0.961304 0.98059 1.06625
1.07634 0.560233 1.15477 0.967448 0.964836 1.03795
end
gesture a09 hands 2
1.04845 0.587218 1.30883 0.956224 0.959232 1.0382
0.855201 0.948762 0.884779 0.956015 0.943473 1.07334
0.862734 1.53221 1.03717 0.945215 0.944481 1.08279
1.14504 1.43109 1.01434 0.955798 0.937072 1.08324
1.18161 1.13761 0.919328 0.966869 0.94988 1.06063
0.831066 1.09524 0.931878 0.955198 0.948392 1.04705
0.833109 1.0346 0.939243 0.94846 0.962296 1.04822
0.998134 0.673404 1.10411 0.953531 0.948179 1.04511
1.05023 0.601042 1.33802 0.946894 0.952592 1.06298
end
gesture a09 hands 2
1.06593 0.619477 1.33565 0.926427 0.958196 1.06628
0.973266 0.756645 0.953958 0.950029 0.957514 1.02031
0.68773 1.27214 0.909737 0.95769 0.947473 1.06329
0.854032 1.57103 1.01939 0.951105 0.968471 1.05996
1.14329 1.45084 0.969469 0.970541 0.944778 1.05782
1.08721 1.19579 0.831699 0.944519 0.989469 1.05663
0.801507 1.2243 0.918985 0.9475 0.953537 1.07569
1.06673 0.616432 1.24 0.974661 0.951118 1.02944
1.07289 0.61763 1.28049 0.945332 0.949569 1.07578
end
gesture a09 hands 2
1.0486 0.635072 1.30184 0.938553 0.948328 1.07203
1.06614 0.690335 1.04007 0.946883 0.952393 1.04439
0.8338 0.95944 0.857111 0.938843 0.945492 1.05062
0.892476 1.60441 0.976751 0.962845 0.945894 1.10806
1.10915 1.48629 1.00196 0.967768 0.94484 1.05387
0.990969 1.16405 0.836413 0.955636 1.00403 1.03945
0.791578 1.24851 0.912172 0.941245 0.953845 1.08536
0.951933 0.771181 0.971805 0.949683 0.953786 1.03582
1.05108 0.618895 1.31038 0.940817 0.956478 1.05768
end
gesture a11 hands 2
0.814918 0.469136 1.07673 1.05458 0.48863 1.03506
1.30434 0.756808 1.0746 0.581288 0.744628 1.15667
1.256 1.4948 1.0506 0.62653 1.47434 1.06986
0.655342 1.64701 0.970794 1.28161 1.5916 0.977105
1.17664 1.52938 1.012 0.920064 1.54785 0.900877
1.39538 1.27726 1.08421 0.880831 0.768832 1.08732
1.33282 0.734496 1.14195 0.672539 0.752066 1.09344
0.930342 0.470692 1.14215 1.05265 0.479089 1.19836
0.913619 0.471857 1.06537 1.06483 0.518881 1.02485
end
gesture a11 hands 2
0.905139 0.43813 1.03109 1.088 0.454115 1.08318
1.41762 1.03276 1.11463 0.493815 1.0503 1.02452
1.28485 1.42778 1.03378 0.911533 1.59554 1.01323
0.693621 1.56772 0.963776 1.2493 1.62231 1.03629
1.15301 1.27613 1.075 0.762094 1.42107 0.88646
1.21236 1.45265 1.04384 0.565092 0.9063 0.988816
1.39479 0.950369 1.14757 0.815993 0.511752 1.1479
0.829372 0.46633 1.07515 1.06948 0.480135 1.11135
0.894011 0.439215 1.05714 1.09126 0.446862 1.05882
end
gesture a11 hands 2
0.814897 0.430483 1.06972 1.11837 0.445624 1.08671
1.19227 0.614156 1.08716 0.703691 0.590671 1.10283
1.28709 1.31233 1.07619 0.53035 1.25446 1.02795
0.622904 1.55978 0.950858 1.27657 1.59322 0.980056
1.31141 1.28995 1.11087 0.934195 1.51917 0.914274
1.16374 0.731217 1.13035 0.575655 0.929549 1.02799
1.37765 0.950257 1.16078 0.818444 0.538834 1.14792
0.796143 0.445134 1.08682 1.12925 0.455513 1.12438
0.870359 0.438398 0.999678 1.13854 0.460931 1.10142
end
gesture a11 hands 2
0.797112 0.510179 1.12785 1.1693 0.498319 1.07989
1.45283 1.0174 1.20416 0.484418 1.11297 1.19543
1.1756 1.6561 0.887856 1.02879 1.78094 0.884052
0.604104 1.8618 0.924908 1.3093 1.71638 0.940905
0.738435 1.52963 0.983475 0.740513 1.5149 0.916426
1.23369 1.57681 0.859379 0.832325 0.839262 1.06786
1.40006 1.07934 0.933161 0.579062 1.02217 0.977737
0.771591 0.547506 1.06939 1.14727 0.513073 1.07629
0.886862 0.534598 1.06913 1.03598 0.490146 1.05912
end
gesture a11 hands 2
0.86586 0.516347 1.07677 1.07605 0.532349 1.06426
1.40736 0.875354 1.17387 0.583633 0.965158 1.18604
1.39661 1.43229 1.01194 0.550354 1.41616 1.0352
0.648468 1.80463 0.929782 0.854009 1.74448 0.889996
0.626698 1.73491 0.935238 1.1917 1.70098 0.928499
1.16107 1.5839 0.885492 0.745339 1.58569 0.88605
1.43003 1.10991 0.998572 0.7634 1.14325 0.996625
0.809461 0.540648 1.08871 0.56542 1.07818 0.993117
0.767631 0.523453 1.08921 1.15787 0.527694 1.09891
end
gesture a11 hands 2
0.704551 0.537256 1.0851 1.18589 0.522816 1.07222
1.35751 0.870307 1.22697 0.87286 0.520307 1.20108
1.41938 1.32545 1.09947 0.598299 0.939712 1.19659
0.602894 1.75199 0.896987 0.881609 1.75482 0.918772
0.568636 1.71622 0.951823 1.24943 1.64031 0.931128
1.39816 1.08127 1.00058 1.03166 1.73014 0.90139
0.749108 0.47078 1.13119 0.620643 0.962923 1.08641
0.959045 0.551417 1.00128 0.913034 0.615765 1.20982
0.808124 0.514796 0.999505 1.09452 0.580062 0.992567
end
gesture a11 hands 2
0.829772 0.480323 1.19755 1.10698 0.45423 1.1065
1.28206 0.66475 0.962417 0.664347 0.67998 1.02999
1.40748 1.16617 0.773598 0.493095 1.21771 1.03176
0.672006 1.74378 0.955028 1.19582 1.77478 0.893768
1.3908 1.38945 0.890836 1.24078 1.7466 0.879675
1.32086 0.901853 1.01201 0.705697 1.56579 1.03087
1.48187 1.21187 0.904906 0.690268 0.67672 1.11763
1.32791 0.680124 1.05709 1.04441 0.4359 1.12995
0.829657 0.481855 1.19748 1.09772 0.45679 1.10921
end
gesture a11 hands 2
0.86035 0.47999 1.20333 1.09201 0.461473 1.13206
1.3102 0.651198 1.00666 0.495483 1.02837 1.01845
1.32915 1.46016 0.762787 0.839323 1.73114 0.937616
0.851383 1.77725 0.865483 1.18757 1.70168 0.91225
0.616691 1.72202 0.997127 0.99231 1.76008 0.919961
1.25372 1.57219 0.831333 0.590425 1.21663 0.964091
1.46628 1.19042 0.859474 0.708957 0.661416 1.08177
0.926497 0.429174 1.18262 1.07697 0.440564 1.14799
0.857112 0.473451 1.20412 1.1269 0.466745 1.11233
end
gesture a11 hands 2
0.819931 0.397847 1.23295 1.10309 0.404197 1.14672
1.16863 0.462291 1.11919 0.773376 0.506141 1.09433
1.40538 1.24314 0.831598 0.526329 1.2625 0.993019
0.926623 1.69938 0.867186 0.9723 1.74074 0.953584
0.566527 1.65754 1.00276 1.22082 1.64813 0.921481
1.40364 1.27759 0.89529 0.790881 1.62496 0.955529
1.21116 0.838149 1.03234 0.579358 1.28899 0.99645
1.3851 0.740844 1.01826 0.65935 0.714771 1.05555
0.818801 0.415204 1.21755 1.12843 0.374406 1.11668
end
gesture a11 hands 2
0.820106 0.444156 1.14724 1.08463 0.443445 1.14187
1.11926 0.51181 1.14961 0.795836 0.53719 1.10961
1.19392 0.976625 1.02761 0.544292 1.03068 0.979449
1.3988 1.00611 1.00655 1.05082 1.75347 0.91429
1.26859 1.44144 0.905618 1.30282 1.77231 0.942043
0.58824 1.73495 0.962507 1.08171 1.77439 0.923268
1.1838 1.595 0.927586 0.534793 1.26378 1.02089
1.34844 0.842123 1.07989 0.632926 0.770906 1.14606
0.825374 0.459756 1.10619 1.10013 0.472606 1.09523
end
gesture a11 hands 2
0.832584 0.460073 1.10408 1.08996 0.474462 1.07989
1.19638 1.0592 1.0109 0.735261 0.582444 1.05054
1.40862 1.08633 0.970136 0.535227 1.09145 0.91656
0.653979 1.74254 0.945036 0.736979 1.58948 0.921477
0.614039 1.71942 0.947151 1.28804 1.78826 0.977868
1.09012 1.67743 0.916152 0.8065 1.675 0.948952
1.40225 0.927301 1.10188 0.576918 0.848031 1.14092
0.864267 0.458918 1.1278 0.937389 0.506547 1.18173
0.834923 0.469892 1.10879 1.09182 0.478555 1.14263
end
gesture a11 hands 2
0.819795 0.482886 1.15181 1.10935 0.49528 1.12148
1.34533 0.847161 1.04508 0.789842 0.575447 1.07932
1.35068 1.3396 0.986628 0.59474 1.37423 0.938046
0.834749 1.74145 0.917063 1.13124 1.77843 0.930003
0.644396 1.73182 0.904706 1.03619 1.75012 0.881721
1.20903 1.54997 0.887411 0.678904 1.53631 0.939111
1.24564 1.14072 0.991625 0.524299 1.02529 1.06864
0.831503 0.468141 1.13475 0.75674 0.629692 1.16634
0.833554 0.47871 1.14277 1.12455 0.484954 1.10696
end
gesture a11 hands 2
1.01381 0.526787 1.15292 0.908875 0.520962 1.16468
0.977993 0.521892 1.18537 0.937317 0.522546 1.15935
0.973538 0.529363 1.13526 0.914615 0.741381 0.906808
0.999994 0.701179 0.932219 1.05635 1.62176 1.06538
0.972803 1.63821 1.02029 0.952373 1.62511 1.01481
1.1208 1.58486 0.950861 1.18039 1.50156 1.01473
0.840882 1.59777 1.04507 0.848396 1.62845 0.964249
0.754508 1.48834 0.99467 0.78966 1.56288 0.936767
0.85296 1.09484 0.906037 0.943494 1.10609 0.926929
end
gesture a11 hands 2
1.01714 0.375533 1.25811 0.935882 0.374996 1.24218
1.00688 0.380431 1.25329 0.866478 0.529923 1.03677
0.941546 0.621251 1.00377 0.731715 1.21518 0.998402
0.81233 1.27134 1.01937 0.776875 1.32975 1.00023
1.17386 1.39242 0.995904 1.15278 1.37309 1.11003
0.818572 1.39916 1.11109 0.822035 1.44431 1.00205
0.812812 1.315 1.06564 0.88768 0.957632 1.06012
0.936204 0.548037 1.03923 0.958432 0.522561 1.07035
0.953695 0.479757 1.08478 0.953325 0.470954 1.1182
end
gesture a11 hands 2
0.959988 0.571969 1.14156 0.959272 0.562904 1.13325
0.939227 0.584768 1.14765 0.958113 0.570529 1.13282
0.896297 1.52918 0.986925 0.803518 1.45586 0.957276
1.23264 1.4388 0.880469 1.17522 1.51942 1.03995
0.917134 1.593 1.03285 0.833442 1.61118 0.93252
0.802082 1.46889 0.99273 0.792962 1.52622 0.895606
0.89892 0.720482 0.997831 0.962177 0.716079 0.998532
0.946376 0.549889 1.18044 0.927808 0.564397 1.13781
0.952203 0.561397 1.15241 0.953528 0.559879 1.14653
end
gesture a11 hands 2
0.827241 0.31332 1.16567 1.13207 0.339161 1.06175
1.06414 0.485748 0.913373 0.837734 0.9433 0.767875
0.885549 1.277 0.745833 1.15955 1.43892 0.892906
0.794292 1.51295 0.972931 0.781915 1.3594 1.12551
1.16614 1.42946 1.08741 1.19714 1.43914 0.916722
0.714562 1.47126 0.9666 0.734154 1.33515 1.16913
1.06993 1.45254 1.02972 0.680008 1.28868 1.15821
1.3703 1.00199 1.07356 0.637659 0.671011 1.17246
1.00506 0.374023 1.19583 0.959476 0.363373 1.21894
end
gesture a11 hands 2
0.896031 0.288648 1.22174 1.01544 0.342966 1.04607
0.745859 1.30413 0.765565 0.944956 0.84655 0.742281
1.17184 1.39743 1.03364 1.20677 1.4248 0.954201
0.812701 1.45253 0.977953 0.822771 1.37937 1.11638
1.15605 1.37288 0.985528 1.22025 1.37053 0.933547
0.670387 1.41645 0.905549 0.842226 1.41025 1.07338
1.25638 1.31077 1.04502 0.653326 0.621977 1.11389
1.30652 0.562021 1.11628 1.11918 0.303118 1.17882
0.904418 0.286968 1.20639 1.07416 0.288965 1.15476
end
gesture a11 hands 2
0.863612 0.208893 1.22604 1.10865 0.19804 1.18962
0.646957 1.10264 0.74297 1.29747 1.3306 0.924631
1.19098 1.29272 1.0266 0.816248 1.28843 1.0447
0.690139 1.34902 0.935217 1.22657 1.29421 0.938675
1.24895 1.26764 1.0613 0.751767 1.24027 1.13658
0.700581 1.27275 0.934582 1.19402 1.30549 0.879902
1.20655 1.24648 1.04565 0.58381 1.0065 1.15921
1.37889 0.95481 1.09059 1.08809 0.239293 1.15485
0.889411 0.211118 1.22059 0.967638 0.259503 1.05278
end
gesture a11 hands 2
0.788248 0.58794 1.06379 1.14851 0.599009 1.06238
1.3282 0.977692 1.08031 0.72369 0.784237 1.08817
1.12617 1.67604 0.921395 0.573681 1.30077 1.06119
0.579521 1.80997 0.875702 0.782742 1.68341 0.952133
1.24231 1.29168 0.992831 1.35514 1.76078 0.848063
1.22927 1.54722 0.963694 1.00558 1.81539 0.895397
1.34305 1.1328 1.01564 0.585971 1.12138 1.0649
0.948355 0.616263 1.09453 0.998237 0.611046 1.1256
0.855015 0.574665 1.07492 1.08684 0.592298 1.12425
end
gesture a11 hands 2
0.779618 0.409803 1.11765 1.14125 0.422527 1.10385
1.14917 0.545416 1.09964 0.56951 0.917591 1.07993
1.32267 1.28673 1.03303 0.616468 1.28191 1.03067
0.687576 1.66603 0.934922 1.20761 1.6897 0.911971
0.566232 1.64538 0.92698 1.33895 1.55799 0.911928
1.28926 1.25508 1.03659 0.820551 1.54544 0.956195
1.21339 0.9172 1.07106 0.588891 0.872136 1.14556
1.34125 0.87618 1.08061 1.12531 0.432374 1.1593
0.787722 0.413144 1.08324 1.13101 0.418828 1.07432
end
gesture a11 hands 2
0.801715 0.481015 1.10506 1.1444 0.491665 1.07989
1.20758 0.671785 1.05316 0.580985 1.04053 1.08804
1.28039 1.43144 1.09233 0.628767 1.41219 1.08874
1.04346 1.63922 0.945396 1.24819 1.6937 0.923122
0.724803 1.67243 0.924525 1.27709 1.58822 0.903465
1.13525 1.51308 0.968783 0.769647 1.54453 0.991433
1.29362 0.83418 1.04302 0.655975 0.844574 1.10869
0.796478 0.494413 1.13227 1.14928 0.490905 1.06031
0.800112 0.490118 1.1119 1.13874 0.500949 1.0683
end
gesture a11 hands 2
0.818086 0.203403 1.243 1.15541 0.201177 1.12295
1.47023 0.908418 1.06019 0.524476 0.965732 1.16286
0.571757 1.41001 0.948073 0.541721 1.109 1.14974
1.48691 1.20104 1.09967 1.28264 1.38434 0.977838
0.493346 1.25849 0.915078 0.831681 1.14834 1.15468
0.547531 1.34044 0.910009 1.26707 1.25649 0.854008
1.49155 1.05937 1.11943 0.546016 1.12569 1.2138
0.536102 1.2736 0.893721 1.10489 1.38347 0.899729
0.82379 0.248563 0.9581 1.06373 0.320657 0.835758
end
gesture a11 hands 2
0.820383 0.223902 1.29186 1.12202 0.121082 1.17584
1.23277 1.34062 0.968676 0.530328 1.10473 1.20052
0.692425 1.37315 0.865258 1.41332 1.27009 0.896073
1.47394 1.00244 1.1216 0.512858 1.04297 1.25519
0.584058 1.32965 0.870918 1.46282 1.2256 0.827467
0.939852 1.38739 0.902624 1.05311 1.37302 0.918638
1.52488 1.03399 1.12263 0.566809 1.10731 1.14376
0.544357 1.28647 0.923381 1.34832 1.29407 0.85411
0.719216 0.29675 0.986766 1.1664 0.360627 0.857146
end
gesture a11 hands 2
0.811968 0.22317 1.34468 1.1576 0.194627 1.2096
1.47758 0.791216 1.15766 0.568123 0.700394 1.05262
0.795343 1.42766 0.900988 0.713689 1.28192 1.03204
0.813145 1.40195 0.880181 1.24821 1.35829 0.898439
1.53399 0.941702 1.27622 0.547 1.02195 1.34152
0.487264 1.2718 0.88709 1.30331 1.22894 0.812017
1.52112 1.0126 1.19625 0.503875 1.04067 1.24301
0.536254 1.3307 0.896257 1.35976 1.30305 0.879484
0.805219 0.240711 1.06109 1.12945 0.25027 0.960617
end
gesture a11 hands 2
0.77838 0.409108 1.14855 1.14563 0.390571 1.10947
1.32283 0.992604 1.12415 0.622432 1.03676 1.04204
0.915784 1.48875 0.937925 1.02992 1.50374 0.905377
0.822084 1.50982 0.949904 1.14232 1.53396 0.94667
1.12708 1.41507 1.01562 0.839496 1.44081 1.05557
0.695598 1.46886 0.887359 1.21092 1.45854 0.892724
1.17571 1.26593 0.903128 0.73476 1.28605 0.968777
1.20175 0.72739 0.994436 0.697377 0.758712 1.0474
0.839347 0.43593 1.16471 1.0883 0.408106 1.17414
end
gesture a11 hands 2
0.866125 0.363252 1.25785 1.11915 0.35504 1.22818
1.34453 1.09388 1.0631 0.613745 1.05033 1.05398
0.752372 1.44805 0.984416 1.20343 1.43557 0.935492
1.17905 1.33435 1.01328 0.776841 1.35421 1.04338
0.727002 1.40608 0.914681 1.17149 1.42633 0.911386
1.1814 1.32362 0.99404 0.747775 1.31978 1.06078
0.738634 1.36921 0.860864 1.15746 1.38763 0.847624
1.07614 0.714007 0.795489 0.886366 0.712253 0.824829
0.900709 0.363033 1.20442 1.10172 0.355525 1.1995
end
gesture a11 hands 2
0.859551 0.321899 1.26247 1.12179 0.318214 1.24077
1.34654 0.968185 1.04266 0.646594 0.940789 1.03512
0.74349 1.394 0.972996 1.2138 1.41834 0.940381
1.21215 1.23127 1.0248 0.744482 1.2554 1.09021
0.687168 1.37212 0.953799 1.2108 1.3578 0.918632
1.08694 1.3097 0.959026 0.923297 1.33086 0.94605
0.802957 1.34411 0.906729 1.11581 1.34884 0.8955
1.20249 0.563009 0.982414 0.718539 0.591787 1.03708
0.883218 0.316227 1.25077 1.14348 0.280629 1.19189
end
gesture a11 hands 2
0.784905 0.447861 1.14308 1.15682 0.457196 1.17053
1.02153 0.461712 1.1446 0.95155 0.478763 1.16411
1.35045 0.910263 1.06011 0.600351 0.883115 1.09629
0.911367 1.56 0.980855 0.954973 1.53101 0.918956
0.595508 1.51915 1.01105 1.27093 1.52972 0.891033
1.2983 1.33655 1.05841 0.622428 1.3245 1.04164
1.33366 1.0983 0.987548 0.805001 0.632103 1.05888
0.794131 0.412522 1.15097 1.15598 0.447558 1.19729
0.796064 0.408704 1.18329 1.13068 0.436287 1.20697
end
gesture a11 hands 2
0.806818 0.378351 1.18383 1.09841 0.411159 1.22719
0.957401 0.385437 1.15859 1.05687 0.396121 1.13727
1.33636 0.750481 1.04597 0.634523 0.728942 1.12294
1.24543 1.33614 0.973719 0.626053 1.27651 1.02696
0.911667 1.55165 0.970371 0.919509 1.52685 0.961993
0.567293 1.48734 1.01668 1.28826 1.51807 0.89151
1.24422 1.38971 1.02572 0.662264 1.40158 1.05031
1.092 0.519675 1.02294 0.537308 0.976497 1.12801
0.798678 0.377366 1.17418 1.1389 0.390507 1.17726
end
gesture a11 hands 2
0.819034 0.434584 1.18102 1.11379 0.443225 1.19573
1.01547 0.455036 1.14217 1.007 0.455609 1.18193
1.37296 0.903722 1.05633 0.606724 0.810258 1.09848
0.845697 1.61321 0.992224 0.608461 1.32216 1.01878
0.599809 1.52668 0.986765 0.965533 1.59875 0.940748
1.04726 1.5255 0.926187 1.22782 1.57772 0.882225
1.38806 1.07472 1.01379 0.812269 1.52125 0.937774
1.18513 0.600519 1.09556 0.535382 1.0795 1.06865
0.897002 0.461678 1.1613 1.05372 0.458835 1.1709
end
gesture a12 hands 2
0.804165 0.705708 0.98015 0.916341 0.949136 1.11644
0.938958 0.855315 0.992936 0.968926 1.00873 0.953474
0.904242 1.41181 1.12915 1.05068 1.05159 0.955219
0.972269 1.48472 1.1567 1.09209 0.984904 0.912481
1.39257 1.57286 1.04797 0.997219 0.975212 0.988418
1.45223 1.45546 1.04696 0.973501 0.972789 1.0074
1.24514 1.0239 1.01153 1.08356 0.99584 0.917518
0.809001 0.761543 1.02157 0.923242 0.949798 1.09287
0.801991 0.741433 0.985198 0.877285 0.937899 1.11401
end
gesture a12 hands 2
0.755938 0.708294 0.988951 0.820067 0.897534 1.0926
0.937181 0.834428 1.03567 0.795551 0.894628 1.07139
1.02808 1.39335 1.18259 1.00465 0.900067 0.991238
1.27082 1.52619 1.17007 1.24605 1.07741 1.00265
1.36957 1.52163 1.12231 1.26766 1.14693 1.02101
1.33946 1.11556 1.02425 1.07493 1.0133 0.933699
1.05579 0.903075 1.02221 0.901665 0.936961 1.0152
1.03778 0.786552 1.03739 0.778801 0.895828 1.14404
0.690209 0.706287 0.956497 0.765789 0.889062 1.06354
end
gesture a12 hands 2
0.615773 0.561672 0.991681 0.778623 0.900667 1.11397
0.890549 0.838881 1.01587 0.82296 0.901125 1.13498
0.935868 1.1618 1.133 0.92898 0.930933 1.05992
0.875672 1.25306 1.2163 0.84828 0.901976 1.11574
1.25952 1.37413 1.14108 1.06032 0.961592 0.965616
1.30112 1.35919 1.1174 1.12181 1.00581 0.982603
1.3515 1.19155 0.996839 1.08173 1.04673 1.01686
1.22089 0.897594 0.966882 1.01053 0.969899 1.00156
0.81964 0.593853 1.03332 0.855455 0.920023 1.12472
end
gesture a12 hands 2
0.963747 0.889919 1.01752 0.77192 0.473665 1.12503
1.09109 0.876091 1.01803 0.737771 0.566302 1.04322
1.08782 0.940647 1.20055 1.03441 0.812999 0.983745
1.06982 1.10948 1.02612 1.0958 0.829683 0.950113
1.17049 1.04148 1.0448 1.1106 1.06457 1.17532
0.930424 0.92612 1.10414 1.0898 1.24645 1.00221
0.742107 1.07451 1.00289 0.918855 1.06682 1.02132
0.883509 1.01165 1.12463 0.823063 1.12026 1.04188
0.849058 1.0039 1.08337 0.830537 1.09596 1.05756
end
gesture a12 hands 2
0.919648 0.982417 1.06458 0.79929 1.02081 0.983754
0.960734 1.04929 1.08061 0.899342 1.04601 1.08855
0.884174 0.938602 0.84039 1.10674 1.0469 1.08071
1.08359 0.889493 1.0641 0.997934 1.08045 1.06883
1.08737 0.954483 1.02284 1.20533 1.08134 1.06099
1.12402 0.986185 1.28102 0.889133 1.11399 1.05694
1.0726 0.982877 1.05632 1.30392 1.11577 1.04126
0.934514 0.907595 1.05937 1.24759 0.854914 1.10863
1.01206 0.92413 1.11973 1.00722 0.791907 1.03933
end
gesture a12 hands 2
0.910106 0.733295 1.03967 1.19682 1.05225 1.08664
0.609534 0.836753 0.984324 1.14256 1.09356 0.9356
0.79744 0.755881 1 0.785187 0.794 1.04538
0.922469 0.829406 1.20228 1.08678 0.894073 0.890211
1.04348 1.62109 1.15806 1.08608 1.27979 1.12303
1.57889 1.5775 1.03021 1.23021 1.25144 1.11468
1.544 1.39392 0.938728 0.998215 1.364 1.0372
0.793861 0.824431 1.05308 0.9753 0.876837 0.948371
0.814287 0.731785 1.06176 0.819679 0.680781 1.09154
end
gesture a12 hands 2
0.790957 0.516702 0.919581 0.664309 0.692583 1.23902
0.887598 0.535345 0.85702 0.874547 0.809405 1.08146
1.0878 0.71616 0.824789 1.20444 1.10724 0.92547
1.12108 0.676451 0.981008 1.36996 1.30824 0.932849
1.22114 1.22068 0.952593 1.2498 1.4162 1.03624
1.07194 1.284 1.38858 1.17841 1.09756 0.992982
0.860777 1.36534 1.52929 0.917023 0.817261 0.960866
1.00592 1.44889 1.36435 0.662902 0.716253 1.12297
0.833769 1.53098 1.2842 0.675685 0.737615 1.19283
end
gesture a12 hands 2
0.747452 1.47728 1.19728 0.613392 0.68487 1.19058
0.798545 0.464043 1.01032 0.626371 0.577949 1.18982
0.785752 0.487318 1.10692 0.737995 0.740806 0.97882
1.19989 1.11613 1.09721 1.29953 1.30676 0.867428
1.61762 1.2066 1.01109 1.28941 1.49219 0.980151
1.15992 1.20189 1.04015 1.16992 1.35909 0.978408
0.940929 0.759943 1.05696 1.42186 1.34949 0.983165
1.16257 1.08105 0.94922 0.715357 0.699777 0.991805
0.762228 0.414607 0.963605 0.609987 0.65924 1.15419
end
gesture a12 hands 2
0.811589 0.478369 0.852591 0.64599 0.61737 1.18502
0.867123 0.536841 0.95968 0.902824 0.785535 0.87096
1.19284 1.05241 0.995092 1.44094 1.48145 0.94049
0.858494 0.532637 0.986362 1.26739 1.43375 0.96781
1.29853 1.22287 1.01579 1.49828 1.38606 0.938717
1.61403 1.28382 0.971694 1.38541 1.2904 0.955724
0.920616 1.25407 1.27499 1.03095 0.90286 0.886048
0.889122 1.49702 1.23855 0.587666 0.791634 1.21204
0.900806 1.31574 1.3209 0.645229 0.659427 1.1541
end
gesture a12 hands 2
0.882864 0.473251 0.774477 0.84631 0.976709 1.19805
0.791316 0.441922 0.928747 0.957385 1.02608 1.0781
0.948144 1.32471 0.780389 0.889559 0.984394 1.14881
1.00673 1.53557 1.15481 1.06846 1.07546 0.958159
1.04787 1.55307 1.09834 0.998282 1.0183 0.967481
0.989034 1.17277 1.32255 1.01746 0.940428 1.05393
1.25037 0.910189 0.922481 0.928233 0.914989 1.10682
1.2506 0.881143 0.874052 0.962721 0.960358 0.990687
0.820178 0.491206 0.788486 0.86558 0.97958 1.04326
end
gesture a12 hands 2
0.916222 0.649046 0.996083 0.790017 0.939765 1.18384
0.686735 0.614394 1.22079 0.858307 0.951321 1.06624
0.740769 0.601703 1.19647 0.996584 0.950105 1.01407
1.05545 1.55442 0.992563 1.07793 0.973389 1.05881
1.33057 1.54639 1.00204 1.05941 0.939779 1.00915
1.32061 1.60589 1.01327 0.996584 0.955454 1.00042
1.03015 1.38135 1.01588 1.02903 0.995448 0.984903
1.06766 1.33022 1.03088 0.894469 0.946548 1.04401
1.11768 1.36113 1.0404 0.923271 0.974136 1.01157
end
gesture a12 hands 2
0.878563 0.621114 0.976474 0.789569 0.96088 1.15076
0.74078 0.604513 1.1253 0.950365 0.957715 0.997591
0.788792 0.66201 1.21615 1.03949 0.965418 1.01251
1.24843 1.6263 1.0404 0.956333 0.965287 1.02878
1.33215 1.55217 1.00321 1.02817 0.965546 1.02925
1.2833 1.60707 1.00585 0.935544 0.965254 1.03284
1.03985 1.35948 1.04243 1.10001 0.965805 1.02972
1.088 1.36289 0.967321 0.928614 0.965243 1.0342
0.847809 0.605198 0.972681 0.808905 0.950242 1.15014
end
gesture a12 hands 2
0.791195 0.578614 1.13121 0.902768 0.895619 1.08715
0.806253 0.578137 1.13539 0.892224 0.919086 1.10115
0.786148 0.596574 1.10976 0.906668 0.938652 1.0737
0.788492 0.995876 1.00311 0.909711 0.930119 1.07666
1.23127 1.36263 1.07267 0.935315 0.951603 1.04941
1.27274 1.35609 1.05448 0.912754 0.921586 1.07962
1.03331 1.22283 1.07175 0.92162 0.940869 1.05741
0.922284 0.973339 1.01776 0.938107 0.920425 1.10374
0.833578 0.589128 1.18871 0.930486 0.960153 1.0352
end
gesture a12 hands 2
0.8052 0.611609 1.17772 0.923189 0.909389 1.09232
0.760186 0.781744 0.984965 0.930728 0.922249 1.06432
1.13207 1.38341 1.02607 0.917222 0.970979 1.02394
1.23563 1.3815 1.02708 0.927036 0.943654 1.05201
1.24849 1.38703 1.00809 0.938033 0.936852 1.10426
1.10116 1.27898 1.02284 0.911038 0.923566 1.09369
0.868075 0.690839 1.0787 0.917579 0.959453 1.03309
0.832407 0.613924 1.18749 0.92294 0.915972 1.07337
0.829246 0.599572 1.15546 0.9193 0.92271 1.07027
end
gesture a12 hands 2
0.829411 0.630688 1.18922 0.921824 0.888623 1.10493
0.862062 0.651146 1.16515 0.904995 0.902113 1.08385
0.798999 0.761595 1.02043 0.918884 0.895219 1.10113
0.769918 0.906726 1.00007 0.933396 0.917695 1.12711
1.22879 1.4196 1.02601 0.90566 0.940715 1.03519
1.04014 1.09563 1.03379 0.89333 0.913231 1.10984
1.2084 1.43281 0.980886 0.945771 0.946058 1.0627
0.851497 0.771669 1.04158 0.934561 0.951085 1.05036
0.859168 0.63642 1.2374 0.913146 0.902049 1.0927
end
gesture a12 hands 2
0.785846 0.561352 0.981684 0.605162 0.698448 1.04767
0.800293 1.12863 0.893972 0.82675 0.764536 0.97613
0.715565 1.19881 1.03158 1.06647 1.38657 0.983335
1.27166 1.36456 1.06112 1.4899 1.3788 1.03103
0.96371 1.05402 0.894563 1.09676 1.0999 0.994105
0.917002 1.10062 1.18655 1.32008 1.37271 0.914104
1.35437 1.27528 1.06827 1.35063 1.16621 0.913464
0.926207 1.06715 1.09076 0.747712 0.757664 0.972453
0.784056 0.563077 0.976116 0.707057 0.682467 1.1229
end
gesture a12 hands 2
0.806122 0.649551 0.974863 0.655326 0.689595 1.08799
0.804405 1.23156 0.988607 0.818429 0.817478 0.993964
1.2471 1.3811 0.932722 1.09591 1.43157 0.993769
0.914256 0.947726 1.19847 1.40958 1.42064 0.980835
0.996036 0.86171 1.04478 1.06787 1.20205 1.04169
1.16263 1.36612 0.99691 1.39254 1.39002 0.986221
1.35537 1.32787 0.999169 1.40841 1.22257 1.00253
0.878888 1.0255 1.33299 0.819736 0.769512 0.882895
0.813467 0.670858 0.960146 0.710082 0.693285 1.17413
end
gesture a12 hands 2
0.783757 0.710086 1.00777 0.765977 0.744774 1.17944
0.897682 0.932811 0.958468 0.823333 0.808206 1.02044
1.27077 1.42951 1.01198 1.13973 1.3887 0.997869
1.31822 1.40339 0.957719 1.43703 1.31448 1.00802
0.938543 1.03397 1.28912 1.56188 1.32591 1.01074
0.980198 0.960417 1.19391 1.1261 1.17123 1.01186
1.27808 1.37867 1.03042 0.823917 0.976705 0.811008
1.40369 1.31673 1.00946 0.789114 0.730149 1.2158
0.733517 0.684872 1.03009 0.760831 0.759204 1.01042
end
gesture a12 hands 2
0.827333 0.69253 1.07004 0.957109 0.939586 1.07105
0.84645 1.04765 0.984004 0.962958 0.929923 1.03757
0.912454 1.27943 1.04621 0.956844 0.944836 1.06339
1.15543 1.39709 0.998819 0.959068 0.943631 1.05386
1.3837 1.46852 1.07265 0.972908 0.978979 1.00115
1.37691 1.48068 1.02098 0.975668 0.973447 1.0264
0.975927 1.06364 0.940683 0.958956 1.02716 1.04434
0.860494 0.816744 1.05105 0.966314 1.00725 1.01675
0.872107 0.749866 1.12259 0.964284 0.969711 1.06077
end
gesture a12 hands 2
0.851851 0.666161 1.0993 0.966692 0.952468 1.04284
0.871005 0.636345 1.10395 0.925577 0.936635 1.04889
0.831974 0.855328 0.986304 0.96314 0.935104 1.03344
0.919265 1.24681 1.03945 0.981221 1.01582 1.00321
1.34911 1.44042 1.02467 0.981299 1.02095 1.02871
1.33729 1.41986 0.975838 0.991164 0.994521 1.01461
0.925108 0.933463 0.904647 0.968732 0.945675 1.05749
0.805646 0.712737 1.05299 0.977654 0.961946 1.04369
0.816524 0.636503 1.11231 0.955545 0.936021 1.07075
end
gesture a12 hands 2
0.847383 0.706877 1.1185 0.957583 0.949896 1.06499
0.837818 0.744473 1.10003 0.957495 0.959049 1.07645
0.911493 1.04346 0.878873 0.988012 0.963352 1.02107
1.0267 1.45527 1.04458 0.983929 1.01055 1.002
1.38599 1.54848 1.05033 0.984282 0.988197 1.02533
1.33732 1.4712 0.914893 0.956084 0.988268 1.01414
1.16584 1.18986 0.889866 0.990925 0.989244 0.991894
0.910102 0.77916 1.00486 0.931626 0.981806 1.03773
0.851608 0.742155 1.04184 0.949254 0.976291 1.03917
end
gesture a12 hands 2
0.767743 0.692898 0.939571 0.632387 0.578979 1.03401
1.00712 1.13803 0.872423 0.89039 1.17387 0.958933
0.898392 0.878067 1.25313 1.42639 1.36663 1.06766
1.33081 1.5036 0.977925 0.940433 1.06032 0.974182
0.992819 0.946109 1.29845 1.50553 1.367 1.05102
1.14529 0.989299 1.06338 1.24934 1.18803 1.18754
1.4315 1.45226 0.96979 0.849799 0.734413 0.937023
0.661425 0.73498 1.09102 0.546542 0.621649 1.05831
0.729636 0.752051 1.00315 0.581299 0.613414 1.13125
end
gesture a12 hands 2
0.7277 0.780525 0.969207 0.555443 0.613407 1.16404
0.727828 0.724024 1.13603 0.566148 0.61798 1.1736
1.46514 1.46546 1.03756 0.716923 0.858359 0.891628
1.30922 1.33937 0.947978 1.42556 1.23589 1.09332
1.09301 1.04079 1.32805 1.00788 1.08837 1.01941
1.47323 1.47699 0.981258 1.63992 1.22626 1.08336
1.41313 1.34273 0.90155 1.32027 1.17726 1.20569
1.0189 0.878001 0.938116 0.881293 0.929956 0.898674
0.714541 0.770994 0.960497 0.553944 0.625185 1.17025
end
gesture a12 hands 2
0.588199 0.695239 0.961802 0.508693 0.59692 1.14824
0.938855 1.05574 0.847576 0.995281 1.23747 0.985712
0.916954 0.859681 1.26627 1.53401 1.32722 0.99431
1.38088 1.40267 1.04382 1.00914 1.09293 0.949876
1.17904 1.02041 1.28421 1.61301 1.34819 1.01242
1.36061 1.30107 0.973166 1.23962 1.13091 1.19161
1.11317 0.930374 1.22855 1.64029 1.24261 0.95336
1.4177 1.3936 1.09707 1.49308 1.07879 1.07818
0.59186 0.697524 0.924026 0.483891 0.553604 1.15066
end
gesture a12 hands 2
0.825207 0.593549 1.04859 0.918055 0.928449 1.13265
0.920736 0.751994 0.950332 0.93534 0.927543 1.13305
0.864662 1.19853 1.05704 0.944685 0.951142 1.08584
0.980829 1.23738 1.07837 0.951266 0.934143 1.07426
1.28813 1.31355 1.12214 0.95403 0.974742 1.03863
1.31744 1.34442 1.12835 0.953809 0.971761 1.04549
0.949072 1.15293 1.0273 0.937615 0.962039 1.06254
0.909171 0.843845 1.00316 0.953588 0.96878 1.05235
0.81876 0.583346 1.19156 0.9212 0.949335 1.08644
end
gesture a12 hands 2
0.778847 0.594236 1.16493 0.918079 0.945916 1.06714
0.863075 0.894565 0.979695 0.971568 0.949481 1.04692
0.87383 1.16955 1.01137 0.961759 0.943543 1.06486
0.873695 1.2379 1.06754 0.986337 0.948729 1.04268
1.16962 1.36059 1.0104 0.976529 0.942791 1.06062
1.30388 1.38466 1.09641 0.962036 0.955994 1.05093
1.16932 1.23376 0.961368 0.96672 0.936854 1.07856
0.829281 0.631326 1.12385 0.955398 0.973903 1.04888
0.79681 0.616324 1.15868 0.939691 0.964492 1.03359
end
gesture a12 hands 2
0.751224 0.533066 1.18225 0.926584 0.953926 1.06243
0.794719 0.583733 1.08214 0.92025 0.938226 1.10034
0.887139 0.82952 0.992086 0.908188 0.957751 1.07783
0.782774 1.15353 1.10626 0.940397 0.950305 1.02933
0.784518 1.19095 1.1343 0.943558 0.944941 1.06859
1.13958 1.30657 1.04502 0.957092 0.94345 1.05673
1.28774 1.2197 1.04295 0.945929 0.940917 1.09803
1.22895 0.985748 0.987209 0.970626 0.94196 1.04486
0.831052 0.528091 1.12367 0.946719 0.939576 1.10785
end
gesture a12 hands 2
0.685859 0.537352 0.975358 0.549705 0.587687 1.21169
0.750637 0.61951 0.952775 0.669401 0.701478 1.10309
0.942281 0.957065 0.984016 0.58962 0.611904 1.16
1.02107 1.18683 1.08194 0.976371 1.06316 0.985941
1.20833 1.28292 1.12001 1.1234 1.25197 1.04434
1.26452 1.2851 1.16167 1.09742 1.20528 1.07016
0.94147 1.11038 1.03938 1.36006 1.31336 1.02098
0.967187 0.790036 1.03489 1.24112 1.05021 0.953524
0.794147 0.578552 1.08382 0.79509 0.62976 1.0611
end
gesture a12 hands 2
0.686114 0.588339 1.01052 0.514181 0.542643 1.28156
1.11891 1.05948 1.14286 0.762721 0.803748 0.987711
0.8568 0.767281 1.29236 1.29517 1.20211 1.02059
1.32007 1.3225 1.05316 1.05003 1.11572 1.04126
0.9346 1.21997 1.06099 1.33369 1.19326 1.03614
1.2324 1.37455 1.08782 0.965877 1.06052 1.02508
1.23701 1.3406 1.07725 0.863883 0.901807 0.924851
0.864321 0.636202 0.944823 0.605775 0.61159 1.00356
0.752276 0.573704 0.998188 0.561552 0.541183 1.13032
end
gesture a12 hands 2
0.702185 0.593128 0.975028 0.559802 0.546185 1.23571
0.941336 0.988752 1.14471 0.672945 0.679042 1.01447
0.893055 0.940209 1.29375 0.937287 1.07018 0.951357
0.901801 0.811852 1.15187 1.36653 1.26935 1.0074
1.31379 1.32365 1.08403 1.02283 1.13614 1.04178
1.00234 1.17282 1.14914 1.37967 1.24427 1.00463
1.25215 1.31889 1.05846 1.26782 1.19856 1.07293
0.843195 0.619584 0.963516 0.759661 0.79422 0.904032
0.723321 0.581858 1.01083 0.522379 0.549862 1.28648
end
