gesture cancelar
152.219 320.9 1320.67
149.601 319.827 1321.86
148.028 322.142 1322.14
147.385 322.173 1321.68
147.071 322.625 1322.78
146.284 321.443 1322.93
144.799 321.035 1321.88
142.299 318.067 1321.61
141.703 314.406 1323.3
139.284 311.463 1320.25
138.703 308.385 1316.7
134.946 302.808 1314.52
127.54 291.562 1307.43
116.592 276.493 1298.41
97.2635 241.854 1290.55
77.2348 213.581 1276.08
53.0381 163.077 1266.45
28.1767 113.977 1261.34
0.177386 61.2788 1259.68
-28.837 13.651 1261.9
-56.6697 -27.6575 1264.67
-84.7915 -60.388 1270.8
-109.36 -86.4529 1277.62
-125.444 -104.041 1292.53
-142.381 -108.498 1302.59
-157.063 -102.441 1310.12
-172.831 -85.4961 1313.41
-179.684 -60.9083 1314.96
-177.299 -28.8981 1317.72
-179.481 10.7379 1319.12
-180.533 53.1501 1321.64
-209.682 122.129 1317.3
-197.175 161.698 1330.33
-194.996 209.862 1337.73
-185.663 245.296 1347.06
-173.289 276.502 1353.69
-152.332 286.394 1356.43
-136.494 299.159 1357.24
-121.45 304.854 1351.12
-106.908 311.439 1341.69
-86.9366 306.513 1325.41
-60.9191 278.362 1310.06
-35.8213 247.677 1293.07
-11.1435 219.66 1274.13
14.232 178.522 1259.46
41.2418 134.991 1248.62
67.7905 89.6469 1242.26
90.3937 56.0381 1236.05
109.971 18.2536 1240.75
126.761 -19.1455 1244.48
134.849 -45.491 1245.72
140.744 -66.4389 1248.77
145.463 -80.9085 1252.61
148.86 -92.7357 1256.9
149.976 -101.292 1261.05
151.77 -105.286 1263.4
151.148 -108.54 1264.59
152.283 -110.162 1265.16
155.273 -114.222 1267.26
154.302 -114.867 1267.06
154.749 -114.858 1267.06
153.972 -114.231 1266.2
152.75 -112.884 1264.69
153.479 -112.737 1265.46

gesture cancelar
141.918 305.515 1335.07
140.727 304.759 1333.33
140.993 303.779 1332.33
140.645 303.89 1331.35
140.31 303.126 1330.36
139.492 302.662 1329.21
136.012 300.777 1327.42
134.006 295.971 1321.51
128.954 290.763 1316.44
123.218 269.891 1314.19
112.561 248.939 1306.6
98.8434 224.641 1294.82
83.7507 196.74 1286.23
65.6688 163.84 1271.55
44.0414 118.317 1261.41
21.1292 60.562 1258.85
-2.51358 16.2237 1257.18
-29.9894 -29.1544 1256.73
-54.9404 -67.604 1262.34
-75.985 -98.575 1269.55
-92.2889 -119.613 1280.92
-109.894 -129.773 1287.73
-122.406 -125.489 1295.53
-135.923 -111.68 1296.25
-146.459 -86.7683 1294.4
-154.581 -52.3842 1294.47
-158.041 -14.2201 1295.16
-162.772 30.9748 1295.75
-161.15 75.7695 1300.07
-180.265 143.332 1297.25
-171.286 187.573 1308.78
-162.59 225.027 1318.72
-144.903 245.894 1328.95
-134.737 273.331 1332.69
-126.475 293.629 1334.47
-111.679 299.835 1332.87
-101.749 302.884 1324.17
-87.5754 299.851 1311.26
-68.9088 277.803 1297.49
-46.9538 241.683 1283.85
-24.4948 205.539 1267.35
-5.30086 171.112 1250.42
19.9816 126.886 1238.51
46.6163 77.4702 1234.42
68.2778 38.0331 1231.71
88.8855 -2.88908 1233.57
102.867 -30.6908 1235.37
116.313 -59.1902 1239.17
122.255 -75.8697 1239.83
129.265 -89.8056 1246.4
133.09 -97.7357 1249.14
135.098 -105.222 1253.36
139.702 -111.39 1257.5
139.729 -116.567 1260.37
139.38 -116.155 1260.09
140.034 -119.707 1260.2
140.202 -120.576 1262
139.581 -120.555 1262.13
139.259 -119.402 1262.25
139.165 -118.139 1261.82
140.095 -118.638 1261.32

gesture cancelar
131.22 314.962 1329.63
131.456 316.076 1329.69
130.658 315.561 1329.41
130.513 314.67 1329.27
129.006 310.713 1326.07
123.692 307.295 1324.54
117.443 291.446 1317.89
108.968 275.175 1310.87
97.9911 258.226 1296.69
84.8393 223.952 1287.17
71.3234 194.05 1277.58
54.1017 153.001 1264.42
35.9703 109.517 1258.52
12.6654 61.3662 1255.76
-10.6126 16.8808 1258.45
-36.3602 -21.5357 1262.02
-59.7464 -53.8804 1267.92
-82.4864 -78.1162 1276.02
-101.785 -90.8573 1283.68
-116.167 -96.072 1290.93
-125.572 -88.7891 1294.76
-135.04 -72.5584 1293.36
-140.033 -46.5087 1293.82
-140.234 -17.3512 1294.37
-142.415 19.726 1295.27
-143.673 62.0266 1296.06
-155.954 118.839 1293.68
-145.123 155.162 1305.28
-142.666 192.99 1311.71
-135.247 225.269 1316.55
-126.219 253.388 1320.85
-118.959 280.936 1322.31
-108.867 294.363 1321.05
-92.4944 298.102 1315.13
-78.1728 301.181 1305.9
-63.7686 295.981 1296.03
-34.261 251.671 1284.22
-11.1995 219.312 1272.89
7.50642 189.774 1259.79
36.2177 147.179 1252.06
62.273 104.742 1246.12
82.2549 68.8578 1238.62
101.881 29.6476 1241.99
116.512 -6.47553 1246.83
127.198 -35.6514 1250.65
131.594 -58.0211 1251.64
136.263 -72.7268 1254.45
138.902 -87.6528 1259.29
140.755 -95.9444 1262.89
143.473 -102.903 1266.76
143.671 -106.532 1268.66
144.901 -108.9 1267.23
145.698 -108.391 1267.86
146.066 -110.72 1270.37
146.697 -110.452 1270.61
148.683 -110.602 1271.2
148.661 -111.274 1271.52
148.667 -112.14 1271.69

gesture paisagem
-153.863 -55.8478 1431.88
-152.865 -56.1211 1432.84
-148.916 -57.0802 1433.72
-152.558 -58.7064 1440.86
-155.202 -59.2441 1442.72
-155.575 -58.6304 1441.05
-153.594 -57.7367 1439.61
-154.604 -57.6284 1437.34
-156.583 -56.4468 1439.16
-158.977 -57.353 1438.26
-157.653 -57.5119 1438.89
-160.864 -58.1266 1440.73
-161.075 -57.6154 1438.3
-160.963 -55.0315 1436.96
-164.147 -52.7894 1432.05
-170.737 -46.6234 1424.9
-172.619 -42.9549 1422.37
-179.626 -32.1793 1399.85
-186.736 -18.563 1384.5
-193.13 -2.05894 1358.63
-206.553 14.6769 1338.29
-219.728 35.4186 1312.44
-227.968 52.3181 1293.01
-221.71 68.6997 1267.38
-220.86 88.1379 1246.5
-214.622 105.577 1226.1
-201.828 125.858 1196.54
-184.773 139.966 1184.12
-167.539 153.07 1176.74
-137.709 172.617 1152.65
-104.19 184.287 1144.87
-72.2014 197.584 1136.5
-47.4594 212.357 1128.75
-16.6243 223.404 1122.62
12.348 232.385 1119.33
39.0602 239.079 1121.11
63.044 243.401 1126.33
89.9554 245.574 1133.63
115.053 248.06 1141.19
139.401 242.834 1153.6
159.348 237.712 1166.92
177.087 227.747 1182.42
194.075 216.416 1196.87
208.279 204.733 1210.93
220.157 189.532 1227.64
229.74 172.06 1245.07
235.635 151.764 1263.67
238.316 132.237 1280.93
240.106 112.776 1297.78
238.018 91.0035 1317.22
235.047 71.6521 1332.26
225.537 52.9624 1345.98
222.971 33.2359 1359.23
215.231 15.4714 1373.37
203.971 -1.20646 1385.98
193.418 -16.0362 1401.14
177.736 -29.9178 1417.07
165.766 -39.2968 1428.28
155.287 -45.9668 1440.93
145.787 -53.0748 1449.98
137.07 -55.5169 1452
129.912 -57.7074 1453.18
123.754 -60.1048 1458.63
112.276 -64.9885 1465.42
108.482 -68.2292 1470.79
100.995 -71.4642 1476.5
100.373 -73.0767 1475.4
93.9533 -75.4091 1478.45
90.4509 -75.7817 1481.4
87.1243 -77.5752 1485.32
82.9304 -80.3925 1487
83.1552 -81.392 1485.01
85.2091 -82.3657 1484.79
80.6605 -80.0493 1481.06
84.7813 -81.3736 1486.1
84.3472 -79.5497 1486.45
87.1094 -79.0591 1485.26

gesture paisagem
-144.846 -53.2782 1472.06
-144.836 -52.4137 1471.64
-144.442 -52.5592 1470.28
-142.982 -52.5177 1470.86
-143.769 -50.8139 1469.18
-142.404 -54.8753 1471.95
-144.434 -55.3177 1469.72
-145.236 -54.5657 1470.57
-146.283 -54.2637 1468.37
-149.155 -53.7533 1467.84
-156.423 -54.1547 1464.42
-152.739 -49.9144 1465.07
-152.781 -46.712 1458.9
-157.448 -43.6303 1457.48
-177.076 -33.2678 1450.29
-203.525 -24.7609 1429.64
-213.039 -11.6311 1410.81
-227.524 -1.41873 1391.36
-243.325 10.5182 1370.13
-250.077 25.3405 1349.67
-250.114 38.8888 1328.9
-245.418 57.0838 1308.98
-240.131 73.1269 1285.44
-235.08 91.5105 1259.34
-226.498 109.603 1231.25
-217.256 127.959 1207.09
-200.943 143.788 1182.33
-173.713 157.68 1169.93
-143.966 170.804 1161.05
-105.604 180.942 1153.75
-62.9904 195.059 1140.44
-30.1172 206.588 1131.29
7.37674 215.779 1124.36
36.3729 225.472 1119.37
64.3577 230.888 1119.3
100.089 228.433 1129.81
130.241 226.776 1139.75
155.929 224.157 1149.56
184.831 216.248 1164.92
207.32 205.797 1180.89
227.686 195.597 1195.74
243.583 183.558 1212.07
256.85 170.485 1229.15
264.93 156.235 1247.86
273.795 140.447 1265.53
275.253 125.602 1285.32
276.291 111.159 1300.43
271.626 95.5708 1318.21
266.836 80.9369 1335.07
260.202 70.2874 1348.65
248.358 56.8587 1366.95
236.576 43.8121 1382.71
220.962 33.2191 1400.46
205.561 20.5945 1419.51
190.672 12.9591 1433.2
179.832 4.35527 1440.86
165.979 -4.4255 1453.09
151.469 -11.2948 1465.09
135.168 -16.6342 1477.18
127.371 -25.4477 1492.79
114.661 -28.5486 1499.91
104.797 -29.8097 1501.08
102.075 -32.0337 1504.25
97.5286 -35.8573 1508.97
93.3497 -40.4666 1511.77
88.0073 -42.1548 1511.67
88.4983 -47.5946 1516.54
83.4474 -47.5288 1515.24
78.6786 -45.8489 1512.17
82.9042 -49.7432 1510.64
86.0193 -51.2789 1508.56
85.1392 -50.4315 1506.91
86.8309 -50.3995 1503.8
89.4616 -51.1703 1501.3
85.6246 -49.1396 1501.32
81.2349 -50.612 1507.54
78.4542 -52.7645 1511.12
75.0222 -54.5249 1512.99
71.7982 -52.3058 1512.18
74.6107 -54.6129 1508.06
73.4776 -53.2441 1505.29
74.5458 -54.298 1504.5
77.6456 -56.5875 1506.99
73.1994 -50.9099 1502.66
73.9788 -51.1515 1499.92
74.7611 -53.0643 1500.08

gesture paisagem
-143.161 -62.3985 1466.19
-141.667 -63.1584 1465.65
-142.809 -61.7294 1464.84
-144.284 -61.3358 1465.98
-143.532 -61.6999 1464.72
-144.1 -61.1422 1464.7
-142.971 -61.9709 1464.35
-142.292 -61.8718 1464.47
-142.656 -62.3029 1463.42
-143.079 -62.2428 1464.06
-141.751 -62.2402 1463.69
-142.672 -61.7568 1463.42
-142.514 -59.952 1462.97
-146.309 -57.0129 1456.44
-163.252 -49.9588 1447.5
-179.351 -41.757 1438.46
-190.93 -32.4298 1425.27
-207.873 -18.817 1405.59
-227.706 -7.78018 1391.13
-241.513 7.11939 1367.86
-242.32 21.5091 1349.31
-244.82 36.5653 1329.46
-246.237 49.3528 1316.79
-243.248 64.8773 1301.1
-239.934 74.2478 1291.44
-240.439 87.0282 1275.31
-233.425 105.316 1250.08
-219.297 122.382 1225.38
-196.864 139.154 1204.29
-168.329 153.297 1186.18
-135.729 170.479 1169.8
-84.5538 187.709 1141.94
-49.8497 201.294 1128.21
-13.7621 207.795 1124.44
16.8479 212.327 1123.36
42.5075 213.728 1126.44
70.9837 212.663 1130.73
96.5781 207.817 1140.14
125.907 199.466 1149.82
148.936 188.789 1160.27
171.617 176.054 1173.39
187.695 161.708 1188.96
203.608 144.682 1206.95
210.555 127.293 1226.58
217.02 109.62 1247.87
220.194 91.3746 1268.13
217.994 73.7764 1289.05
213.673 57.769 1305.13
209.313 43.6379 1320.44
204.007 26.7682 1338.91
198.216 11.7986 1352.67
190.008 -0.899529 1370.58
177.884 -16.5537 1393.94
165.515 -27.4025 1412.61
158.682 -37.5156 1425.28
150.725 -44.3778 1433.58
143.085 -45.7522 1433.86
139.313 -49.546 1436.54
133.092 -56.3658 1445.39
121.459 -64.4313 1468.64
116.094 -62.1656 1467.02
112.338 -63.121 1464.98
104.669 -70.89 1485.13
97.5363 -70.6213 1486.99
94.3103 -70.563 1484.87
91.3982 -70.7401 1486.84
92.4784 -71.2669 1490.39
89.34 -72.775 1494.44
89.5192 -72.7883 1494.35
87.5582 -72.3563 1493.68
86.1835 -73.1472 1493.67
83.0631 -72.9659 1488.81
84.4392 -74.8609 1491.27