g1 2 24 g6 2 32 0.07369 0.17794 0
g1 2 23 g6 2 34 0.071978 0.194198 0
g1 2 27 g6 2 25 0.080794 0.15724 0
g1 2 42 g1 2 24 0.124867 0.123816 0
g1 2 33 g2 2 17 0.095935 0.187198 0
g1 2 29 g1 2 25 0.084877 0.155603 0
g1 2 31 g1 2 28 0.090272 0.130341 0
g1 2 20 g1 2 27 0.065381 0.114622 0
g1 2 24 g1 2 33 0.074916 0.163865 0
g1 2 28 g1 2 25 0.08293 0.160339 0
g1 2 21 g1 2 31 0.067746 0.14073 0
g1 2 26 g1 2 22 0.077973 0.114373 0
g1 2 25 g1 2 25 0.076348 0.0740661 0
g1 2 25 g1 2 25 0.076555 0.125881 0
g1 2 28 g1 2 25 0.082631 0.0868187 0
g1 2 54 g6 2 38 0.13997 0.204369 0
g1 2 26 g1 2 22 0.078203 0.0972668 0
g1 2 37 g6 2 36 0.104879 0.215971 0
g1 2 20 g6 2 31 0.065099 0.134031 0
g1 2 24 g6 2 34 0.074737 0.199984 0
g1 2 21 g6 2 32 0.067527 0.150999 0
g1 2 28 g6 2 30 0.08271 0.173621 0
g1 2 22 g2 2 17 0.069692 0.193526 0
g1 2 24 g1 2 19 0.073402 0.0891945 0
g1 2 23 g1 2 20 0.071449 0.0969903 0
g1 2 32 g1 2 29 0.092264 0.134032 0
g1 2 30 g1 2 26 0.086948 0.148789 0
g1 2 39 g1 2 26 0.108967 0.259161 0
g1 2 29 g1 2 24 0.084575 0.203512 0
g1 2 29 g1 2 37 0.084821 0.106583 0
g1 2 23 g1 2 25 0.071607 0.0915781 0
g1 2 23 g1 2 24 0.072052 0.174426 0
g1 2 19 g1 2 26 0.063009 0.085179 0
g1 2 28 g1 2 28 0.082611 0.210505 0
g1 2 23 g1 2 29 0.071698 0.236403 0
g1 2 24 g1 2 24 0.073569 0.164906 0
g1 2 30 g1 2 24 0.08684 0.170312 0
g1 2 24 g1 2 26 0.073492 0.146705 0
g1 2 22 g1 2 23 0.069412 0.160308 0
g1 2 23 g1 2 24 0.071519 0.136293 0
g1 2 26 g1 2 26 0.078239 0.157024 0
g1 2 28 g1 2 28 0.082357 0.208836 0
g1 2 23 g1 2 25 0.071904 0.184867 0
g1 2 24 g1 2 24 0.073815 0.181988 0
g1 2 28 g1 2 24 0.082531 0.185135 0
g1 2 21 g1 2 28 0.068055 0.252151 0
g1 2 26 g6 2 36 0.078367 0.200933 0
g1 2 28 g6 2 34 0.082412 0.212761 0
g1 2 22 g6 2 37 0.069813 0.187049 0
g1 2 27 g6 2 34 0.080632 0.136433 0
g1 2 37 g2 2 17 0.105875 0.214004 0
g1 2 25 g6 2 25 0.076383 0.166234 0
g1 2 33 g2 2 17 0.095069 0.175786 0
g1 2 22 g1 2 18 0.069098 0.0772465 0
g1 2 20 g1 2 18 0.064852 0.0702443 0
g1 2 16 g1 2 17 0.057295 0.0958116 0
g1 2 16 g1 2 16 0.056954 0.0742667 0
g1 2 17 g1 2 17 0.058969 0.0748685 0
g1 2 17 g1 2 17 0.058732 0.0620692 0
g1 2 19 g1 2 18 0.063738 0.0683333 0
g1 2 16 g1 2 17 0.057751 0.105744 0
g2 2 15 g2 2 14 0.055182 0.102187 0
g2 2 15 g2 2 14 0.055059 0.10185 0
g2 2 17 g2 2 17 0.058994 0.181372 0
g2 2 14 g2 2 14 0.053152 0.155059 0
g2 2 15 g2 2 14 0.055376 0.154887 0
g2 2 13 g2 2 17 0.050702 0.164817 0
g2 2 14 g2 2 14 0.052979 0.13909 0
g2 2 15 g2 2 14 0.055255 0.110691 0
g2 2 15 g2 2 14 0.054778 0.179236 0
g2 2 29 g2 2 26 0.085353 0.139318 0
g2 2 16 g2 2 14 0.057236 0.110161 0
g2 2 15 g2 2 14 0.055 0.100015 0
g2 2 15 g2 2 14 0.05501 0.119707 0
g2 2 16 g2 2 14 0.056896 0.121027 0
g2 2 16 g2 2 14 0.057318 0.173813 0
g2 2 15 g2 2 14 0.055272 0.140784 0
g2 2 12 g2 2 17 0.048935 0.269356 0
g2 2 15 g2 2 14 0.054779 0.092682 0
g2 2 16 g2 2 14 0.05727 0.101305 0
g2 2 15 g2 2 14 0.054852 0.158697 0
g2 2 16 g2 2 14 0.057144 0.13721 0
g2 2 16 g2 2 14 0.057219 0.214676 0
g2 2 14 g2 2 14 0.052854 0.148629 0
g2 2 17 g2 2 14 0.059108 0.10577 0
g2 2 18 g2 2 17 0.060911 0.169768 0
g2 2 15 g2 2 14 0.055792 0.174605 0
g2 2 15 g2 2 17 0.054856 0.236373 0
g2 2 16 g2 2 14 0.057336 0.175869 0
g2 2 18 g2 2 14 0.060976 0.137793 0
g2 2 31 g2 2 28 0.090354 0.126317 0
g2 2 28 g2 2 27 0.082849 0.154631 0
g2 2 29 g2 2 26 0.085584 0.139835 0
g2 2 25 g2 2 26 0.077341 0.145608 0
g2 2 20 g2 2 21 0.066379 0.141188 0
g2 2 22 g2 2 21 0.069332 0.116212 0
g2 2 32 g2 2 29 0.095145 0.128335 0
g2 2 23 g2 2 21 0.071711 0.096611 0
g2 2 20 g2 2 21 0.065046 0.0919244 0
g2 2 19 g2 2 21 0.063274 0.0917693 0
g2 2 21 g2 2 21 0.066181 0.0850921 0
g2 2 20 g2 2 21 0.067061 0.0905802 0
g2 2 21 g2 2 21 0.067485 0.0696447 0
g2 2 19 g2 2 21 0.064963 0.111867 0
g2 2 22 g2 2 21 0.069445 0.0774176 0
g2 2 22 g2 2 21 0.069797 0.0948557 0
g2 2 25 g2 2 23 0.075825 0.152061 0
g2 2 17 g2 2 24 0.059048 0.137865 0
g2 2 22 g2 2 21 0.069862 0.0837894 0
g2 2 42 g2 2 28 0.117905 0.160804 0
g2 2 22 g2 2 22 0.069932 0.0964792 0
g2 2 27 g2 2 23 0.080232 0.0798759 0
g2 2 27 g1 2 31 0.080148 0.219936 0
g2 2 21 g2 2 21 0.067331 0.115142 0
g2 2 19 g2 2 21 0.06472 0.0974426 0
g2 2 24 g1 2 33 0.073421 0.127458 0
g2 2 22 g2 2 21 0.069897 0.112631 0
g2 2 26 g1 2 27 0.078258 0.202682 0
g2 2 24 g2 2 28 0.074095 0.128112 0
g2 2 21 g2 2 29 0.067362 0.125182 0
g2 2 29 g2 2 28 0.085042 0.116633 0
g2 2 19 g2 2 21 0.064686 0.102651 0
g2 2 21 g1 2 33 0.067325 0.312074 0
g2 2 30 g2 2 25 0.087181 0.164235 0
g2 2 16 g2 2 14 0.05717 0.14913 0
g2 2 14 g2 2 14 0.052745 0.130177 0
g2 2 15 g2 2 14 0.055201 0.0820335 0
g3 1 36 g3 1 46 0.104815 0.333223 0
g3 1 35 g3 1 43 0.101757 0.221946 0
g3 1 49 g3 1 42 0.134216 0.30178 0
g3 1 52 g3 1 37 0.142545 0.246502 0
g3 1 55 g1 2 30 0.145912 0.418822 0
g3 1 49 g3 1 37 0.138532 0.259881 0
g3 1 47 g3 1 42 0.131781 0.382952 0
g3 1 47 g3 1 41 0.131228 0.282962 0
g3 1 44 g3 1 45 0.123444 0.289696 0
g3 1 43 g3 1 46 0.122013 0.297558 0
g3 1 44 g3 1 57 0.122901 0.28128 0
g3 1 47 g3 1 46 0.129239 0.232351 0
g3 1 46 g3 1 43 0.127457 0.247889 0
g3 1 47 g3 1 64 0.130639 0.222787 0
g3 1 44 g3 1 47 0.12341 0.51036 0
g3 1 44 g3 1 40 0.122253 0.258832 0
g3 1 41 g3 1 42 0.115949 0.209816 0
g3 1 56 g1 2 26 0.155238 0.386249 0
g3 1 48 g3 1 41 0.132107 0.251072 0
g3 1 48 g3 1 42 0.133806 0.221803 0
g3 1 50 g3 1 47 0.1382 0.226277 0
g3 1 48 g3 1 57 0.133687 0.221905 0
g3 1 46 g3 1 41 0.127681 0.25135 0
g3 1 43 g3 1 37 0.121888 0.253234 0
g3 1 47 g3 1 42 0.13074 0.316508 0
g3 1 44 g3 1 38 0.12219 0.28715 0
g3 1 50 g3 1 53 0.138674 0.32382 0
g3 1 66 g3 1 42 0.177151 0.284562 0
g3 1 58 g1 2 35 0.158545 0.4447 0
g3 1 50 g3 1 39 0.136467 0.201403 0
g3 1 57 g3 1 60 0.154409 0.228523 0
g3 1 53 g3 1 41 0.144763 0.280706 0
g3 1 49 g3 1 40 0.135335 0.220627 0
g3 1 51 g3 1 42 0.140489 0.247319 0
g3 1 52 g3 1 47 0.141089 0.263802 0
g3 1 50 g3 1 59 0.137024 0.273868 0
g3 1 51 g3 1 32 0.140525 0.32566 0
g3 1 59 g3 1 69 0.156695 0.265699 0
g3 1 61 g3 1 69 0.16169 0.260838 0
g3 1 46 g3 1 43 0.128132 0.385294 0
g3 1 28 g3 1 47 0.097105 0.823248 0
g3 1 49 g3 1 44 0.136316 0.300426 0
g3 1 42 g3 1 40 0.120076 0.212795 0
g3 1 40 g3 1 41 0.112014 0.20749 0
g3 1 42 g3 1 42 0.116133 0.230677 0
g3 1 44 g3 1 47 0.121018 0.308949 0
g3 1 39 g3 1 38 0.110206 0.342217 0
g3 1 43 g3 1 42 0.121624 0.173902 0
g3 1 40 g3 1 37 0.114136 0.222896 0
g3 1 39 g3 1 47 0.111819 0.313576 0
g3 1 43 g3 1 47 0.120481 0.257709 0
g4 2 37 g4 2 31 0.105373 0.214003 0
g4 2 37 g4 2 42 0.105108 0.0776266 0
g4 2 44 g4 2 45 0.122192 0.166957 0
g4 2 44 g4 2 42 0.122341 0.168567 0
g4 2 41 g4 2 46 0.114906 0.126684 0
g4 2 42 g4 2 51 0.117728 0.146778 0
g4 2 50 g3 1 44 0.138332 0.269455 0
g4 2 42 g4 2 42 0.117602 0.171182 0
g4 2 49 g4 2 48 0.135944 0.160702 0
g4 2 47 g4 2 49 0.130088 0.169863 0
g4 2 46 g4 2 46 0.127183 0.137917 0
g4 2 48 g4 2 51 0.132793 0.118121 0
g4 2 52 g4 2 51 0.142616 0.0872918 0
g4 2 45 g4 2 31 0.124233 0.128089 0
g4 2 30 g4 2 43 0.086741 0.145188 0
g4 2 31 g4 2 30 0.089819 0.0783236 0
g4 2 30 g4 2 29 0.08762 0.0842569 0
g4 2 33 g4 2 34 0.099134 0.155891 0
g4 2 31 g4 2 33 0.09035 0.107021 0
g4 2 34 g4 2 34 0.09787 0.120714 0
g4 2 35 g4 2 40 0.100356 0.0921291 0
g4 2 36 g4 2 32 0.102591 0.107127 0
g4 2 40 g4 2 48 0.112069 0.157677 0
g4 2 30 g4 2 32 0.086521 0.11523 0
g4 2 37 g4 2 35 0.105602 0.0999789 0
g4 2 37 g4 2 37 0.105241 0.0565179 0
g4 2 41 g4 2 36 0.116887 0.0927801 0
g4 2 41 g4 2 43 0.115142 0.114147 0
g4 2 46 g4 2 32 0.126459 0.101447 0
g4 2 46 g4 2 34 0.126944 0.113267 0
g4 2 31 g4 2 37 0.089579 0.0959691 0
g4 2 31 g4 2 33 0.089859 0.104216 0
g4 2 33 g4 2 34 0.096035 0.089046 0
g4 2 34 g4 2 34 0.098452 0.140114 0
g4 2 45 g4 2 34 0.12434 0.10591 0
g4 2 42 g4 2 34 0.117552 0.195535 0
g4 2 46 g4 2 41 0.127184 0.155241 0
g4 2 33 g4 2 32 0.095813 0.0741323 0
g4 2 45 g4 2 41 0.125789 0.101616 0
g4 2 50 g4 2 41 0.136988 0.114166 0
g4 2 41 g4 2 42 0.115126 0.0754929 0
g4 2 45 g4 2 32 0.124436 0.102621 0
g5 2 43 g5 2 48 0.121221 0.0971744 0
g5 2 45 g5 2 44 0.125564 0.0816019 0
g5 2 44 g5 2 52 0.124403 0.109662 0
g5 2 42 g5 2 52 0.118263 0.124991 0
g5 2 36 g5 2 50 0.10426 0.17394 0
g5 2 42 g5 2 50 0.119041 0.10384 0
g5 2 41 g4 2 34 0.115953 0.196252 0
g5 2 46 g5 2 50 0.128348 0.189313 0
g5 2 40 g5 2 51 0.113215 0.211937 0
g5 2 33 g5 2 32 0.096592 0.123541 0
g5 2 35 g5 2 35 0.101435 0.127559 0
g5 2 41 g5 2 35 0.116112 0.116069 0
g5 2 34 g5 2 33 0.099376 0.167177 0
g5 2 36 g4 2 31 0.103433 0.194451 0
g5 2 43 g5 2 51 0.120463 0.16659 0
g5 2 39 g5 2 52 0.11046 0.223702 0
g5 2 38 g5 2 51 0.10843 0.17723 0
g5 2 35 g5 2 35 0.100987 0.193171 0
g5 2 38 g5 2 51 0.108887 0.171682 0
g5 2 38 g4 2 31 0.108007 0.179745 0
g5 2 39 g5 2 51 0.111003 0.145158 0
g5 2 38 g4 2 31 0.108496 0.182144 0
g5 2 39 g4 2 36 0.110868 0.223905 0
g5 2 38 g5 2 50 0.108673 0.172716 0
g5 2 41 g5 2 50 0.116332 0.134535 0
g5 2 41 g5 2 54 0.116027 0.156904 0
g5 2 39 g4 2 31 0.110727 0.154788 0
g5 2 39 g5 2 54 0.11082 0.169673 0
g5 2 40 g5 2 51 0.113596 0.220685 0
g5 2 40 g5 2 51 0.113598 0.173265 0
g5 2 38 g4 2 31 0.10856 0.184001 0
g5 2 39 g5 2 50 0.111204 0.134244 0
g5 2 37 g5 2 45 0.10659 0.133308 0
g5 2 39 g5 2 50 0.112254 0.152698 0
g5 2 39 g5 2 49 0.110695 0.14648 0
g5 2 43 g5 2 49 0.120991 0.105347 0
g5 2 55 g5 2 51 0.150267 0.123206 0
g5 2 40 g5 2 49 0.114648 0.0955829 0
g5 2 47 g5 2 52 0.13092 0.083783 0
g5 2 47 g5 2 49 0.132239 0.126546 0
g5 2 50 g5 2 59 0.138483 0.137976 0
g5 2 47 g5 2 55 0.132332 0.0960784 0
g5 2 47 g5 2 54 0.131723 0.106638 0
g5 2 50 g5 2 51 0.137804 0.100387 0
g5 2 47 g5 2 48 0.131378 0.0650965 0
g6 2 40 g6 2 38 0.111865 0.083175 0
g6 2 39 g6 2 38 0.10993 0.0953195 0
g6 2 42 g6 2 38 0.115756 0.0928561 0
g6 2 41 g6 2 34 0.114547 0.186681 0
g6 2 35 g6 2 38 0.100173 0.0746636 0
g6 2 34 g6 2 34 0.098194 0.133747 0
g6 2 37 g6 2 38 0.105139 0.0972487 0
g6 2 38 g6 2 38 0.107085 0.13291 0
g6 2 36 g6 2 38 0.102154 0.106651 0
g6 2 32 g6 2 38 0.092582 0.106965 0
g6 2 39 g6 2 37 0.109615 0.158648 0
g6 2 42 g6 2 59 0.116738 0.0806673 0
g6 2 41 g6 2 41 0.114776 0.0722909 0
g6 2 31 g6 2 38 0.089607 0.121881 0
g6 2 36 g6 2 41 0.102928 0.165956 0
g6 2 41 g6 2 39 0.114677 0.0874991 0
g6 2 35 g6 2 38 0.100168 0.0999042 0
g6 2 43 g6 2 39 0.119287 0.0893298 0
g6 2 36 g6 2 38 0.102465 0.0858735 0
g6 2 35 g6 2 38 0.100492 0.143103 0
g6 2 41 g6 2 38 0.114902 0.0953615 0
g6 2 56 g6 2 38 0.151973 0.112614 0
g6 2 38 g6 2 39 0.107417 0.102929 0
g6 2 34 g6 2 39 0.097987 0.12231 0
g6 2 36 g6 2 38 0.102789 0.120256 0
g6 2 35 g6 2 44 0.10062 0.250265 0
g6 2 44 g6 2 38 0.121948 0.115719 0
g6 2 35 g6 2 38 0.101983 0.0915789 0
g6 2 35 g6 2 38 0.100227 0.0938618 0
g6 2 29 g6 2 33 0.084945 0.102225 0
g6 2 32 g6 2 34 0.092369 0.0872025 0
g6 2 33 g6 2 34 0.095678 0.119237 0
g6 2 51 g6 2 49 0.139357 0.354557 0
g6 2 39 g1 2 25 0.109881 0.256252 0
g6 2 32 g6 2 33 0.092384 0.0489091 0
g6 2 33 g6 2 35 0.095423 0.0869931 0
g6 2 35 g6 2 35 0.100113 0.0761341 0
g6 2 33 g6 2 35 0.095651 0.0791336 0
g6 2 37 g6 2 36 0.104426 0.0803105 0
g6 2 39 g6 2 37 0.109715 0.0712027 0
g6 2 37 g6 2 44 0.105561 0.0961247 0
g7 1 37 g7 1 44 0.107714 0.284241 0
g7 1 34 g7 1 42 0.098774 0.224965 0
g7 1 37 g7 1 39 0.105537 0.323346 0
g7 1 38 g7 1 52 0.108402 0.162606 0
g7 1 40 g7 1 34 0.112305 0.290341 0
g7 1 41 g7 1 41 0.116349 0.267993 0
g7 1 34 g7 1 46 0.099293 0.307843 0
g7 1 35 g7 1 36 0.103577 0.13242 0
g7 1 27 g7 1 31 0.081215 0.229789 0
g7 1 32 g3 1 40 0.095258 0.432231 0
g7 1 34 g7 1 33 0.099192 0.228633 0
g7 1 36 g7 1 34 0.104266 0.171633 0
g7 1 36 g7 1 39 0.102675 0.221973 0
g7 1 34 g7 1 29 0.096954 0.191086 0
g7 1 29 g7 1 29 0.084981 0.22992 0
g7 1 33 g7 1 31 0.096055 0.183853 0
g7 1 33 g7 1 28 0.096021 0.179065 0
g7 1 30 g7 1 32 0.087025 0.223571 0
g7 1 31 g7 1 29 0.089757 0.24925 0
g7 1 31 g7 1 28 0.091038 0.164834 0
g7 1 31 g7 1 32 0.091436 0.209471 0
g7 1 27 g7 1 27 0.082447 0.0629575 0
g7 1 39 g1 2 17 0.110066 0.578516 0
g7 1 35 g7 1 35 0.099425 0.240379 0
g7 1 45 g7 1 28 0.124289 0.33521 0
g7 1 37 g7 1 48 0.104355 0.365188 0
g7 1 34 g2 2 23 0.098592 0.458612 0
g7 1 38 g7 1 37 0.107446 0.169295 0
g7 1 35 g1 2 17 0.101975 0.602471 0
g7 1 36 g7 1 38 0.101667 0.375783 0
g7 1 36 g7 1 36 0.102708 0.21929 0
g7 1 44 g7 1 47 0.12241 0.305902 0
g7 1 39 g7 1 43 0.110726 0.305301 0
g7 1 40 g7 1 35 0.113192 0.224363 0
g7 1 46 g7 1 33 0.127097 0.209283 0
g7 1 68 g7 1 43 0.173697 0.286404 0
g7 1 34 g7 1 51 0.098526 0.34738 0
g7 1 35 g7 1 46 0.100283 0.270879 0
g7 1 39 g7 1 50 0.112366 0.307819 0
g7 1 40 g7 1 39 0.115376 0.23487 0
g7 1 45 g7 1 41 0.125537 0.28276 0
g7 1 48 g7 1 45 0.13467 0.196207 0
g7 1 32 g7 1 34 0.092698 0.314379 0
g7 1 50 g7 1 40 0.138937 0.185094 0
g7 1 21 g7 1 36 0.066991 0.36312 0
g7 1 35 g7 1 51 0.102146 0.377438 0
g7 1 36 g7 1 34 0.104839 0.159756 0
g7 1 36 g7 1 31 0.104277 0.279676 0
g7 1 37 g7 1 31 0.105904 0.22345 0
g7 1 49 g7 1 41 0.135527 0.244665 0
g7 1 33 g7 1 29 0.096239 0.332379 0
g7 1 33 g7 1 33 0.096939 0.272874 0
g7 1 42 g7 1 45 0.118416 0.170913 0
g7 1 61 g7 1 45 0.165717 0.305385 0
g7 1 56 g7 1 52 0.152811 0.246406 0
g7 1 54 g7 1 37 0.147138 0.398754 0
g7 1 53 g7 1 52 0.145466 0.231176 0
g7 1 35 g7 1 35 0.114533 0.242307 0
g7 1 51 g7 1 48 0.140034 0.167855 0
g7 1 43 g7 1 47 0.11883 0.222068 0
g7 1 47 g7 1 48 0.130092 0.168317 0
g7 1 45 g7 1 45 0.124893 0.191058 0
g7 1 47 g7 1 48 0.131468 0.173907 0
