g1 2 46 g6 2 78 0.230025 0.151271 0
g1 2 44 g6 2 66 0.221536 0.17884 0
g1 2 52 g6 2 50 0.255533 0.133323 0
g1 2 102 g1 2 45 0.47111 0.128344 0
g1 2 63 g2 2 32 0.3061 0.180019 0
g1 2 56 g1 2 48 0.272885 0.143851 0
g1 2 60 g1 2 54 0.288948 0.120546 0
g1 2 37 g1 2 52 0.194229 0.0984748 0
g1 2 46 g1 2 42 0.229797 0.124197 0
g1 2 54 g1 2 48 0.263668 0.153851 0
g1 2 39 g1 2 42 0.200743 0.11936 0
g1 2 50 g1 2 42 0.246766 0.0973088 1
g1 2 48 g1 2 48 0.237938 0.0665379 0
g1 2 47 g1 2 46 0.234745 0.0739496 0
g1 2 53 g1 2 48 0.25839 0.0760421 1
g1 2 111 g6 2 73 0.510932 0.20023 0
g1 2 49 g1 2 42 0.241954 0.0889367 1
g1 2 71 g6 2 70 0.334715 0.199175 0
g1 2 37 g6 2 60 0.193597 0.12168 0
g1 2 46 g6 2 66 0.230043 0.186226 0
g1 2 39 g6 2 51 0.201815 0.130296 0
g1 2 54 g6 2 57 0.262812 0.160935 0
g1 2 42 g2 2 32 0.214218 0.181488 0
g1 2 45 g1 2 38 0.225409 0.0751975 1
g1 2 43 g1 2 38 0.216979 0.0769938 1
g1 2 61 g1 2 56 0.292709 0.126871 0
g1 2 58 g1 2 49 0.2807 0.139487 0
g1 2 75 g1 2 49 0.353767 0.246594 0
g1 2 55 g1 2 45 0.267931 0.194769 0
g1 2 56 g1 2 71 0.271523 0.100618 0
g1 2 43 g1 2 48 0.218165 0.0795973 1
g1 2 44 g1 2 45 0.221647 0.162819 0
g1 2 35 g1 2 50 0.185482 0.0640499 1
g1 2 53 g1 2 54 0.258509 0.197292 0
g1 2 43 g1 2 56 0.217576 0.225186 0
g1 2 46 g1 2 45 0.229698 0.149562 0
g1 2 57 g1 2 45 0.276491 0.158168 0
g1 2 46 g1 2 45 0.229419 0.153119 0
g1 2 41 g1 2 43 0.209619 0.154605 0
g1 2 43 g1 2 45 0.217916 0.119913 0
g1 2 49 g1 2 50 0.242228 0.147619 0
g1 2 53 g1 2 54 0.258316 0.204712 0
g1 2 44 g1 2 47 0.22198 0.168578 0
g1 2 46 g1 2 45 0.230764 0.172272 0
g1 2 53 g1 2 45 0.259796 0.161407 0
g1 2 40 g1 2 54 0.206377 0.23451 0
g1 2 50 g6 2 70 0.24589 0.185257 0
g1 2 53 g6 2 65 0.258915 0.19522 0
g1 2 41 g6 2 72 0.210442 0.170714 0
g1 2 52 g6 2 66 0.256094 0.125926 0
g1 2 72 g2 2 32 0.340392 0.207837 0
g1 2 48 g6 2 50 0.238785 0.147822 0
g1 2 64 g2 2 32 0.306995 0.161244 0
g1 2 42 g1 2 34 0.213799 0.0657652 1
g1 2 38 g1 2 34 0.196918 0.0576872 1
g1 2 29 g1 2 32 0.157473 0.0730236 1
g1 2 29 g1 2 29 0.157712 0.0591343 1
g1 2 31 g1 2 32 0.165747 0.0594803 1
g1 2 31 g1 2 31 0.165458 0.0511753 1
g1 2 36 g1 2 34 0.188698 0.0559827 1
g1 2 29 g1 2 29 0.157261 0.0583123 1
g2 2 28 g2 2 26 0.153893 0.081189 1
g2 2 28 g2 2 26 0.154087 0.0852107 0
g2 2 31 g2 2 32 0.16579 0.152605 0
g2 2 26 g2 2 26 0.145793 0.150999 0
g2 2 27 g2 2 26 0.148693 0.134901 0
g2 2 23 g2 2 32 0.132126 0.144775 0
g2 2 26 g2 2 26 0.14445 0.128892 0
g2 2 27 g2 2 26 0.14921 0.0937242 0
g2 2 28 g2 2 26 0.153801 0.156895 0
g2 2 55 g2 2 50 0.267524 0.125755 0
g2 2 29 g2 2 26 0.157038 0.0853226 0
g2 2 28 g2 2 26 0.154973 0.0831557 1
g2 2 28 g2 2 26 0.154233 0.10591 0
g2 2 29 g2 2 26 0.157394 0.106393 0
g2 2 30 g2 2 26 0.161187 0.165876 0
g2 2 27 g2 2 26 0.14917 0.128428 0
g2 2 21 g2 2 32 0.125068 0.237872 0
g2 2 27 g2 2 26 0.148963 0.0733698 1
g2 2 29 g2 2 26 0.15712 0.0850396 0
g2 2 27 g2 2 26 0.149083 0.132614 0
g2 2 30 g2 2 26 0.160705 0.125009 0
g2 2 30 g2 2 26 0.161226 0.202935 0
g2 2 26 g2 2 26 0.144548 0.144234 0
g2 2 31 g2 2 26 0.165706 0.0809107 1
g2 2 33 g2 2 32 0.176694 0.158391 0
g2 2 28 g2 2 26 0.15415 0.150766 0
g2 2 27 g2 2 32 0.148659 0.215902 0
g2 2 30 g2 2 26 0.161106 0.15229 0
g2 2 34 g2 2 26 0.180828 0.122504 0
g2 2 59 g2 2 53 0.285746 0.11708 0
g2 2 54 g2 2 45 0.263615 0.128094 0
g2 2 55 g2 2 50 0.269167 0.115822 0
g2 2 48 g1 2 43 0.239432 0.259655 0
g2 2 38 g2 2 42 0.197279 0.0980393 0
g2 2 42 g2 2 39 0.2134 0.102152 0
g2 2 64 g2 2 53 0.306539 0.107338 0
g2 2 43 g2 2 45 0.218579 0.0816044 0
g2 2 37 g2 2 44 0.193299 0.0787732 1
g2 2 36 g2 2 39 0.189079 0.0732656 1
g2 2 39 g2 2 44 0.201214 0.0675561 1
g2 2 39 g2 2 39 0.201536 0.0572417 1
g2 2 41 g2 2 39 0.210801 0.0581594 1
g2 2 39 g2 2 39 0.202984 0.0957513 0
g2 2 41 g2 2 39 0.209409 0.0682864 1
g2 2 42 g2 2 44 0.213587 0.0697143 1
g2 2 47 g2 2 44 0.233881 0.129158 0
g2 2 31 g2 2 41 0.166054 0.117849 0
g2 2 42 g2 2 39 0.213641 0.06024 1
g2 2 84 g2 2 53 0.395452 0.158477 0
g2 2 41 g2 2 42 0.209552 0.0790936 1
g2 2 52 g2 2 44 0.255726 0.0678578 1
g2 2 52 g1 2 59 0.254705 0.213745 0
g2 2 40 g2 2 39 0.205513 0.0999793 0
g2 2 37 g2 2 44 0.193246 0.0734563 1
g2 2 45 g1 2 64 0.226387 0.115191 0
g2 2 41 g2 2 44 0.21064 0.0894141 1
g2 2 49 g1 2 52 0.241857 0.192012 0
g2 2 46 g2 2 53 0.230098 0.113792 0
g2 2 40 g2 2 56 0.205376 0.10944 0
g2 2 56 g2 2 53 0.272177 0.108505 0
g2 2 35 g2 2 39 0.18594 0.0852977 1
g2 2 40 g1 2 57 0.206484 0.290824 0
g2 2 58 g2 2 48 0.280657 0.156959 0
g2 2 29 g2 2 26 0.157788 0.130546 0
g2 2 26 g2 2 26 0.145047 0.124454 0
g2 2 28 g2 2 26 0.153341 0.0648465 1
g3 1 71 g3 1 117 0.337188 0.324805 0
g3 1 68 g3 1 84 0.324698 0.194898 0
g3 1 95 g3 1 81 0.442564 0.296964 0
g3 1 102 g3 1 73 0.47117 0.238218 0
g3 1 107 g1 2 57 0.497704 0.434995 0
g3 1 96 g3 1 73 0.448584 0.256818 0
g3 1 91 g3 1 72 0.430184 0.283774 0
g3 1 93 g3 1 82 0.434715 0.278866 0
g3 1 86 g3 1 87 0.403575 0.278667 0
g3 1 87 g3 1 92 0.405987 0.286612 0
g3 1 88 g3 1 106 0.410781 0.254138 0
g3 1 92 g3 1 81 0.429773 0.212962 0
g3 1 92 g3 1 86 0.429928 0.243562 0
g3 1 92 g3 1 127 0.432771 0.2154 0
g3 1 90 g3 1 78 0.418491 0.482702 0
g3 1 86 g3 1 74 0.405564 0.25076 0
g3 1 80 g3 1 81 0.378556 0.197892 0
g3 1 113 g1 2 49 0.523251 0.365086 0
g3 1 95 g3 1 120 0.443923 0.277557 0
g3 1 95 g3 1 85 0.443146 0.214709 0
g3 1 99 g3 1 91 0.460134 0.219722 0
g3 1 93 g3 1 114 0.435209 0.216527 0
g3 1 92 g3 1 82 0.430541 0.243935 0
g3 1 85 g3 1 73 0.398479 0.253225 0
g3 1 91 g3 1 81 0.424625 0.303278 0
g3 1 88 g3 1 77 0.410718 0.278852 0
g3 1 99 g3 1 112 0.458196 0.301397 0
g3 1 132 g3 1 84 0.606281 0.28222 0
g3 1 114 g1 2 67 0.526292 0.43458 0
g3 1 97 g3 1 80 0.465352 0.1944 0
g3 1 111 g3 1 120 0.517238 0.219216 0
g3 1 104 g3 1 82 0.502208 0.27285 0
g3 1 97 g3 1 78 0.466583 0.214257 0
g3 1 100 g3 1 85 0.465384 0.238382 0
g3 1 101 g3 1 91 0.471608 0.246652 0
g3 1 98 g3 1 83 0.457885 0.267061 0
g3 1 102 g3 1 61 0.474284 0.319308 0
g3 1 115 g3 1 140 0.530368 0.258955 0
g3 1 120 g3 1 140 0.553816 0.257891 0
g3 1 92 g3 1 84 0.42848 0.376797 0
g3 1 76 g3 1 68 0.357947 0.838181 0
g3 1 97 g3 1 85 0.450722 0.281636 0
g3 1 85 g3 1 79 0.398657 0.211361 0
g3 1 77 g3 1 80 0.362756 0.193194 0
g3 1 81 g3 1 81 0.378845 0.214477 0
g3 1 86 g3 1 91 0.400094 0.293181 0
g3 1 77 g3 1 77 0.360835 0.329231 0
g3 1 85 g3 1 84 0.396864 0.171705 0
g3 1 79 g3 1 74 0.370398 0.219266 0
g3 1 78 g3 1 91 0.366902 0.301789 0
g3 1 84 g3 1 91 0.393171 0.249773 0
g4 2 71 g4 2 59 0.334472 0.198089 0
g4 2 71 g4 2 82 0.335027 0.0673423 1
g4 2 86 g4 2 87 0.401365 0.162398 0
g4 2 85 g4 2 82 0.396542 0.163126 0
g4 2 80 g4 2 90 0.377044 0.119477 0
g4 2 81 g4 2 99 0.379475 0.14039 0
g4 2 100 g3 1 89 0.470653 0.25683 0
g4 2 81 g4 2 82 0.381776 0.161355 0
g4 2 95 g4 2 94 0.442038 0.151698 0
g4 2 93 g4 2 95 0.432764 0.166844 0
g4 2 89 g4 2 90 0.414371 0.134392 0
g4 2 94 g4 2 99 0.436164 0.112256 0
g4 2 102 g4 2 101 0.472125 0.0792638 1
g4 2 89 g4 2 60 0.417924 0.120179 0
g4 2 57 g4 2 63 0.275038 0.127509 0
g4 2 60 g4 2 57 0.288386 0.0727742 1
g4 2 57 g4 2 55 0.275855 0.0766083 1
g4 2 63 g4 2 66 0.301181 0.145464 0
g4 2 59 g4 2 64 0.284456 0.103054 0
g4 2 65 g4 2 66 0.310022 0.109011 0
g4 2 67 g4 2 78 0.319682 0.0844505 1
g4 2 69 g4 2 78 0.327894 0.0992722 0
g4 2 77 g4 2 95 0.360639 0.150197 0
g4 2 57 g4 2 62 0.286233 0.105125 0
g4 2 72 g4 2 67 0.342791 0.0918328 0
g4 2 72 g4 2 72 0.34025 0.048741 1
g4 2 80 g4 2 70 0.374415 0.0862969 1
g4 2 79 g4 2 83 0.370985 0.110199 0
g4 2 92 g4 2 62 0.427337 0.0941647 0
g4 2 90 g4 2 66 0.418312 0.104492 0
g4 2 59 g4 2 72 0.312273 0.0842472 1
g4 2 59 g4 2 63 0.330554 0.0951659 0
g4 2 63 g4 2 66 0.343676 0.0775823 1
g4 2 66 g4 2 66 0.357675 0.130808 0
g4 2 87 g4 2 66 0.432268 0.0984353 0
g4 2 82 g4 2 66 0.399793 0.18796 0
g4 2 89 g4 2 79 0.422717 0.146736 0
g4 2 64 g4 2 62 0.33072 0.0681309 1
g4 2 88 g4 2 79 0.423796 0.0983634 1
g4 2 100 g4 2 79 0.471414 0.107761 0
g4 2 80 g4 2 82 0.384913 0.0681987 1
g4 2 88 g4 2 62 0.413079 0.0951218 0
g5 2 84 g5 2 94 0.398373 0.0893176 0
g5 2 87 g5 2 85 0.427871 0.0767305 1
g5 2 85 g5 2 101 0.414712 0.103886 0
g5 2 82 g5 2 101 0.398877 0.114987 0
g5 2 69 g5 2 98 0.339047 0.161727 0
g5 2 81 g5 2 98 0.412774 0.0936171 0
g5 2 80 g4 2 65 0.399286 0.188285 0
g5 2 89 g5 2 98 0.459783 0.177105 0
g5 2 78 g5 2 100 0.42379 0.207032 0
g5 2 64 g5 2 62 0.322281 0.117299 0
g5 2 68 g5 2 68 0.359341 0.118591 0
g5 2 80 g5 2 68 0.39859 0.108626 0
g5 2 66 g5 2 82 0.331951 0.144768 0
g5 2 69 g4 2 60 0.363359 0.184751 0
g5 2 83 g5 2 100 0.423997 0.161175 0
g5 2 76 g5 2 68 0.371716 0.213618 0
g5 2 73 g5 2 100 0.365058 0.169501 0
g5 2 68 g5 2 68 0.336978 0.181356 0
g5 2 73 g5 2 100 0.354064 0.164501 0
g5 2 73 g4 2 59 0.357111 0.169759 0
g5 2 75 g5 2 99 0.366648 0.132945 0
g5 2 73 g4 2 59 0.346921 0.171532 0
g5 2 75 g4 2 70 0.358252 0.207991 0
g5 2 73 g5 2 98 0.349541 0.164006 0
g5 2 80 g5 2 98 0.381424 0.126513 0
g5 2 79 g5 2 106 0.377966 0.15038 0
g5 2 76 g4 2 59 0.363313 0.143869 0
g5 2 75 g5 2 106 0.356976 0.162105 0
g5 2 77 g5 2 100 0.365063 0.211992 0
g5 2 78 g5 2 88 0.370215 0.138184 0
g5 2 73 g4 2 65 0.359234 0.188222 0
g5 2 76 g5 2 98 0.362773 0.126581 0
g5 2 71 g5 2 88 0.350188 0.124045 0
g5 2 75 g5 2 98 0.360335 0.138354 0
g5 2 76 g5 2 98 0.36171 0.141297 0
g5 2 83 g5 2 96 0.422274 0.0967482 0
g5 2 110 g5 2 100 0.51537 0.117647 0
g5 2 77 g5 2 96 0.36646 0.0859701 0
g5 2 92 g5 2 101 0.430751 0.0756917 1
g5 2 92 g5 2 96 0.43362 0.121381 0
g5 2 98 g5 2 115 0.461126 0.128892 0
g5 2 92 g5 2 115 0.44396 0.0887555 0
g5 2 91 g5 2 105 0.437392 0.0983107 0
g5 2 98 g5 2 100 0.459531 0.0919861 0
g5 2 92 g5 2 98 0.434854 0.0726379 1
g6 2 78 g6 2 74 0.366515 0.077136 0
g6 2 75 g6 2 74 0.354496 0.0886381 0
g6 2 81 g6 2 74 0.379934 0.0837195 1
g6 2 79 g6 2 65 0.374863 0.173163 0
g6 2 67 g6 2 74 0.322532 0.0672097 1
g6 2 66 g6 2 77 0.317291 0.118371 0
g6 2 71 g6 2 74 0.340088 0.0905135 0
g6 2 73 g6 2 74 0.344796 0.124847 0
g6 2 70 g6 2 74 0.330747 0.100268 0
g6 2 61 g6 2 74 0.295855 0.0983134 0
g6 2 76 g6 2 72 0.357296 0.148182 0
g6 2 82 g6 2 179 0.383791 0.0846512 0
g6 2 80 g6 2 79 0.375811 0.0637393 1
g6 2 59 g6 2 74 0.285389 0.114933 0
g6 2 70 g6 2 79 0.332419 0.159355 0
g6 2 79 g6 2 75 0.370862 0.0816378 1
g6 2 67 g6 2 74 0.318177 0.0919602 0
g6 2 84 g6 2 75 0.390902 0.0824738 1
g6 2 70 g6 2 74 0.330954 0.078759 1
g6 2 68 g6 2 74 0.322008 0.13811 0
g6 2 80 g6 2 74 0.374808 0.0903619 0
g6 2 115 g6 2 74 0.524691 0.146872 0
g6 2 74 g6 2 75 0.351579 0.0920368 1
g6 2 66 g6 2 75 0.313355 0.116205 0
g6 2 70 g6 2 74 0.331665 0.116409 0
g6 2 68 g6 2 86 0.322389 0.238989 0
g6 2 86 g6 2 74 0.399059 0.111651 0
g6 2 68 g6 2 74 0.3227 0.0831518 0
g6 2 68 g6 2 74 0.322396 0.0867334 1
g6 2 56 g6 2 64 0.271049 0.0932688 0
g6 2 61 g6 2 65 0.292961 0.0761259 1
g6 2 63 g6 2 65 0.302343 0.105697 0
g6 2 99 g6 2 94 0.458269 0.363459 0
g6 2 75 g1 2 48 0.354029 0.249492 0
g6 2 61 g6 2 62 0.292884 0.0327055 1
g6 2 63 g6 2 63 0.301168 0.0631527 1
g6 2 67 g6 2 63 0.318191 0.0575263 1
g6 2 64 g6 2 67 0.307118 0.0628013 1
g6 2 71 g6 2 70 0.335646 0.0709974 1
g6 2 76 g6 2 72 0.356643 0.0616879 1
g6 2 71 g6 2 86 0.335142 0.0880182 1
g7 1 73 g7 1 87 0.346054 0.276636 0
g7 1 65 g7 1 83 0.311449 0.214486 0
g7 1 71 g7 1 67 0.335874 0.282669 0
g7 1 73 g7 1 102 0.34604 0.151537 0
g7 1 78 g7 1 66 0.366799 0.281787 0
g7 1 82 g7 1 79 0.385839 0.25401 0
g7 1 66 g7 1 90 0.31549 0.298672 0
g7 1 72 g7 1 73 0.341128 0.124732 0
g7 1 52 g7 1 60 0.255277 0.216303 0
g7 1 63 g3 1 83 0.302471 0.402604 0
g7 1 67 g7 1 65 0.318334 0.217361 0
g7 1 72 g7 1 66 0.339924 0.16331 0
g7 1 69 g7 1 76 0.326932 0.217129 0
g7 1 65 g7 1 56 0.310684 0.176833 0
g7 1 56 g7 1 55 0.270729 0.21659 0
g7 1 64 g7 1 60 0.30627 0.174301 0
g7 1 63 g7 1 55 0.300598 0.15924 0
g7 1 58 g7 1 62 0.279722 0.214666 0
g7 1 60 g7 1 89 0.288766 0.286894 0
g7 1 61 g7 1 54 0.291924 0.15933 0
g7 1 61 g7 1 62 0.292839 0.197059 0
g7 1 54 g7 1 51 0.26376 0.0359619 1
g7 1 75 g1 2 31 0.352707 0.53179 0
g7 1 68 g7 1 69 0.321965 0.227333 0
g7 1 88 g7 1 54 0.408475 0.322597 0
g7 1 72 g7 1 94 0.340351 0.355519 0
g7 1 67 g2 2 44 0.318455 0.433152 0
g7 1 74 g7 1 73 0.347399 0.16219 0
g7 1 70 g1 2 31 0.331773 0.556157 0
g7 1 70 g3 1 130 0.330828 0.527425 0
g7 1 72 g7 1 69 0.338566 0.213426 0
g7 1 85 g7 1 93 0.395743 0.29699 0
g7 1 77 g7 1 88 0.360955 0.299224 0
g7 1 79 g7 1 67 0.370266 0.217459 0
g7 1 90 g7 1 66 0.417929 0.204742 0
g7 1 136 g7 1 88 0.62442 0.27874 0
g7 1 66 g7 1 75 0.315249 0.243244 0
g7 1 67 g7 1 97 0.318275 0.255224 0
g7 1 78 g7 1 97 0.367851 0.302307 0
g7 1 78 g7 1 75 0.366328 0.228199 0
g7 1 88 g7 1 79 0.410337 0.267728 0
g7 1 97 g7 1 91 0.450993 0.194254 0
g7 1 62 g7 1 67 0.29873 0.300008 0
g7 1 101 g7 1 77 0.467712 0.175766 0
g7 1 39 g7 1 67 0.200376 0.364027 0
g7 1 70 g7 1 100 0.33195 0.366034 0
g7 1 72 g7 1 66 0.340299 0.154061 0
g7 1 71 g7 1 60 0.336486 0.270987 0
g7 1 72 g7 1 73 0.340477 0.167195 0
g7 1 96 g7 1 79 0.447235 0.237295 0
g7 1 63 g7 1 57 0.303661 0.309275 0
g7 1 66 g7 1 65 0.316315 0.260375 0
g7 1 84 g7 1 89 0.392268 0.162851 0
g7 1 119 g7 1 91 0.551365 0.298056 0
g7 1 110 g7 1 103 0.507755 0.245831 0
g7 1 105 g7 1 72 0.486093 0.384197 0
g7 1 104 g7 1 103 0.481975 0.22302 0
g7 1 91 g7 1 71 0.4248 0.238911 0
g7 1 99 g7 1 94 0.459364 0.159631 0
g7 1 83 g7 1 93 0.389461 0.211386 0
g7 1 92 g7 1 94 0.429128 0.157546 0
g7 1 88 g7 1 91 0.410389 0.186825 0
g7 1 93 g7 1 94 0.434437 0.166665 0
