g1 2 44 g6 2 60 0.21501 0.160914 1
g1 2 42 g6 2 64 0.207215 0.172727 1
g1 2 50 g6 2 48 0.239654 0.125289 1
g1 2 100 g1 2 43 0.448179 0.129417 1
g1 2 61 g2 2 30 0.288281 0.183151 1
g1 2 54 g1 2 46 0.255861 0.142534 1
g1 2 58 g1 2 46 0.273742 0.113158 1
g1 2 35 g1 2 50 0.180368 0.0970448 1
g1 2 44 g1 2 40 0.215514 0.122193 1
g1 2 52 g1 2 46 0.247888 0.153201 1
g1 2 37 g1 2 40 0.187331 0.117398 1
g1 2 48 g1 2 40 0.233337 0.0942005 1
g1 2 46 g1 2 46 0.223086 0.0653767 1
g1 2 45 g1 2 44 0.219517 0.0742529 1
g1 2 51 g1 2 46 0.243058 0.0742867 1
g1 2 109 g6 2 71 0.487388 0.199637 1
g1 2 47 g1 2 40 0.227733 0.0893916 1
g1 2 69 g6 2 68 0.317565 0.192761 1
g1 2 35 g6 2 69 0.179914 0.134836 1
g1 2 44 g6 2 64 0.215998 0.180735 1
g1 2 37 g6 2 49 0.187924 0.127242 1
g1 2 52 g6 2 55 0.24753 0.15502 1
g1 2 40 g2 2 45 0.199966 0.175992 1
g1 2 43 g1 2 36 0.211468 0.0701902 1
g1 2 41 g1 2 36 0.202987 0.0729246 1
g1 2 59 g1 2 54 0.276654 0.125942 1
g1 2 56 g1 2 47 0.263711 0.139616 1
g1 2 73 g1 2 47 0.334448 0.242762 1
g1 2 53 g1 2 43 0.251544 0.194021 1
g1 2 54 g1 2 69 0.255556 0.100994 1
g1 2 41 g1 2 46 0.203434 0.0782365 1
g1 2 42 g1 2 43 0.208184 0.156364 1
g1 2 33 g1 2 48 0.172816 0.0612619 1
g1 2 51 g1 2 52 0.242541 0.197634 1
g1 2 41 g1 2 54 0.203635 0.226619 0
g1 2 44 g1 2 43 0.214862 0.145674 1
g1 2 55 g1 2 43 0.259703 0.154799 1
g1 2 44 g1 2 43 0.215002 0.14882 1
g1 2 39 g1 2 41 0.195453 0.156408 1
g1 2 41 g1 2 43 0.204076 0.113863 1
g1 2 47 g1 2 48 0.227405 0.148519 1
g1 2 51 g1 2 52 0.243852 0.204624 1
g1 2 42 g1 2 43 0.207365 0.206752 1
g1 2 44 g1 2 43 0.215253 0.166897 1
g1 2 51 g1 2 43 0.243203 0.152267 1
g1 2 38 g1 2 52 0.193126 0.225632 0
g1 2 48 g6 2 67 0.231124 0.191866 1
g1 2 51 g6 2 63 0.243051 0.186925 1
g1 2 39 g6 2 70 0.195245 0.163582 1
g1 2 50 g6 2 64 0.240058 0.123351 1
g1 2 70 g2 2 30 0.323292 0.211961 1
g1 2 46 g6 2 48 0.223805 0.140177 1
g1 2 62 g2 2 30 0.289314 0.158839 1
g1 2 40 g1 2 30 0.200007 0.104996 1
g1 2 36 g1 2 32 0.183686 0.0552752 1
g1 2 27 g1 2 30 0.144642 0.0717766 1
g1 2 27 g1 2 27 0.144743 0.0584145 1
g1 2 29 g1 2 30 0.152548 0.0570191 1
g1 2 29 g1 2 29 0.152751 0.0497548 1
g1 2 34 g1 2 32 0.17532 0.0552609 1
g1 2 27 g1 2 27 0.145496 0.0585002 1
g2 2 26 g2 2 24 0.141055 0.080774 1
g2 2 26 g2 2 24 0.14072 0.0829627 1
g2 2 29 g2 2 30 0.153018 0.150494 1
g2 2 24 g2 2 24 0.132943 0.147788 1
g2 2 25 g2 2 24 0.136806 0.131777 1
g2 2 21 g2 2 30 0.119624 0.144918 1
g2 2 24 g2 2 24 0.132406 0.121557 1
g2 2 25 g2 2 24 0.137033 0.0897749 1
g2 2 26 g2 2 24 0.140566 0.147597 1
g2 2 53 g2 2 48 0.252295 0.12162 1
g2 2 27 g2 2 24 0.14472 0.0821964 1
g2 2 26 g2 2 24 0.140571 0.0848221 1
g2 2 26 g2 2 24 0.140796 0.105094 1
g2 2 27 g2 2 24 0.145596 0.108519 1
g2 2 28 g2 2 24 0.150756 0.168705 1
g2 2 25 g2 2 24 0.13757 0.128441 1
g2 2 19 g2 2 30 0.112691 0.230905 1
g2 2 25 g2 2 24 0.136589 0.0748435 1
g2 2 27 g2 2 24 0.144714 0.0862481 1
g2 2 25 g2 2 24 0.136762 0.132325 1
g2 2 28 g2 2 24 0.148415 0.127187 1
g2 2 28 g2 2 24 0.149562 0.202375 1
g2 2 24 g2 2 24 0.133374 0.140708 1
g2 2 29 g2 2 24 0.152776 0.0773327 1
g2 2 31 g2 2 30 0.160025 0.157309 1
g2 2 26 g2 2 24 0.1403 0.142029 1
g2 2 25 g2 2 30 0.136782 0.218193 1
g2 2 28 g2 2 24 0.148218 0.144577 1
g2 2 32 g2 2 24 0.165767 0.120105 1
g2 2 57 g2 2 51 0.26947 0.113447 1
g2 2 52 g1 2 29 0.248329 0.207128 1
g2 2 53 g2 2 48 0.253178 0.113228 1
g2 2 46 g1 2 41 0.224781 0.255285 0
g2 2 36 g2 2 40 0.183637 0.0945646 1
g2 2 40 g2 2 37 0.199509 0.0997305 1
g2 2 62 g2 2 51 0.290227 0.105391 1
g2 2 41 g2 2 37 0.203993 0.0860249 1
g2 2 35 g2 2 42 0.181472 0.0785681 1
g2 2 34 g2 2 37 0.175897 0.0735559 1
g2 2 37 g2 2 42 0.187431 0.0676064 1
g2 2 37 g2 2 37 0.1877 0.0543996 1
g2 2 39 g2 2 37 0.195657 0.0563116 1
g2 2 37 g2 2 37 0.188043 0.0944887 1
g2 2 39 g2 2 37 0.195521 0.0661056 1
g2 2 40 g2 2 42 0.200256 0.0699725 1
g2 2 45 g2 2 42 0.218739 0.125056 1
g2 2 29 g2 2 40 0.153417 0.117702 1
g2 2 40 g2 2 37 0.199849 0.0587943 1
g2 2 82 g2 2 51 0.375826 0.159875 1
g2 2 39 g2 2 40 0.195338 0.0776896 1
g2 2 50 g2 2 42 0.239434 0.0686868 1
g2 2 50 g1 2 48 0.240054 0.208267 1
g2 2 38 g2 2 37 0.191788 0.097143 1
g2 2 35 g2 2 42 0.179565 0.0715669 1
g2 2 43 g1 2 62 0.211241 0.112596 1
g2 2 39 g2 2 42 0.195891 0.0883543 1
g2 2 47 g1 2 50 0.228069 0.190312 1
g2 2 44 g2 2 51 0.216163 0.108911 1
g2 2 38 g2 2 54 0.191643 0.10608 1
g2 2 54 g2 2 51 0.256432 0.109573 1
g2 2 33 g2 2 37 0.17227 0.083846 1
g2 2 38 g1 2 55 0.192785 0.278588 0
g2 2 56 g2 2 46 0.263597 0.160661 1
g2 2 27 g2 2 24 0.145617 0.129458 1
g2 2 24 g2 2 24 0.132768 0.118578 1
g2 2 26 g2 2 24 0.141035 0.0644475 1
g3 1 69 g3 1 72 0.32288 0.316273 1
g3 1 66 g3 1 82 0.307242 0.190213 1
g3 1 93 g3 1 79 0.421301 0.296692 1
g3 1 100 g3 1 71 0.450992 0.236355 1
g3 1 105 g1 2 55 0.475623 0.423074 0
g3 1 94 g3 1 71 0.426673 0.254154 1
g3 1 89 g3 1 70 0.405179 0.276936 1
g3 1 91 g3 1 80 0.414887 0.273393 0
g3 1 84 g3 1 85 0.385039 0.278647 0
g3 1 85 g3 1 90 0.388522 0.283675 1
g3 1 86 g3 1 104 0.393444 0.250977 1
g3 1 90 g3 1 79 0.40845 0.20536 1
g3 1 90 g3 1 84 0.409236 0.23957 1
g3 1 90 g3 1 125 0.411127 0.213121 1
g3 1 88 g3 1 76 0.399193 0.475727 0
g3 1 84 g3 1 72 0.385624 0.242721 0
g3 1 78 g3 1 79 0.358578 0.195477 1
g3 1 111 g1 2 47 0.502345 0.354061 0
g3 1 93 g3 1 80 0.426962 0.243617 1
g3 1 93 g3 1 83 0.427885 0.208777 1
g3 1 97 g3 1 89 0.441067 0.214353 1
g3 1 91 g3 1 112 0.415902 0.215496 1
g3 1 90 g3 1 80 0.409734 0.237226 0
g3 1 83 g3 1 71 0.381457 0.250708 0
g3 1 89 g3 1 79 0.407069 0.300822 0
g3 1 86 g3 1 75 0.393634 0.281679 0
g3 1 97 g3 1 110 0.438248 0.295255 1
g3 1 130 g3 1 82 0.5808 0.284261 0
g3 1 112 g3 1 87 0.505194 0.287481 1
g3 1 95 g3 1 78 0.430582 0.19328 1
g3 1 109 g3 1 118 0.49172 0.217483 1
g3 1 102 g3 1 80 0.459003 0.268437 1
g3 1 95 g3 1 76 0.430612 0.211657 1
g3 1 98 g3 1 83 0.444722 0.232041 1
g3 1 99 g3 1 89 0.448854 0.239975 1
g3 1 96 g3 1 81 0.436427 0.262869 1
g3 1 100 g7 1 75 0.453442 0.43396 0
g3 1 113 g3 1 138 0.508462 0.259061 1
g3 1 118 g3 1 138 0.530854 0.252984 0
g3 1 90 g3 1 82 0.406926 0.368885 0
g3 1 74 g3 1 66 0.338919 0.834601 0
g3 1 95 g3 1 83 0.43057 0.274813 0
g3 1 83 g3 1 77 0.378888 0.211947 1
g3 1 75 g3 1 78 0.346055 0.188616 1
g3 1 79 g3 1 79 0.361142 0.209933 1
g3 1 84 g3 1 89 0.381306 0.288825 0
g3 1 75 g3 1 75 0.343259 0.323432 0
g3 1 83 g3 1 82 0.377855 0.167859 1
g3 1 77 g3 1 72 0.354284 0.214258 1
g3 1 76 g3 1 89 0.348531 0.294233 0
g3 1 82 g3 1 89 0.373025 0.248577 0
g4 2 69 g4 2 57 0.318171 0.191123 1
g4 2 69 g4 2 80 0.319804 0.0660167 1
g4 2 84 g4 2 85 0.382451 0.161414 1
g4 2 83 g4 2 80 0.37758 0.161243 1
g4 2 78 g4 2 88 0.35678 0.117795 1
g4 2 79 g4 2 97 0.361363 0.13937 1
g4 2 98 g3 1 87 0.442399 0.254056 1
g4 2 79 g4 2 80 0.361875 0.157149 1
g4 2 93 g4 2 92 0.421502 0.149584 1
g4 2 91 g4 2 93 0.413085 0.163987 1
g4 2 87 g4 2 88 0.394738 0.135221 1
g4 2 92 g4 2 97 0.417647 0.111199 1
g4 2 100 g4 2 99 0.452142 0.0772027 1
g4 2 87 g4 2 53 0.394399 0.0994266 1
g4 2 55 g4 2 65 0.25953 0.116808 1
g4 2 58 g4 2 55 0.272259 0.0715552 1
g4 2 55 g4 2 53 0.259099 0.0751592 1
g4 2 61 g4 2 64 0.284094 0.142849 1
g4 2 57 g4 2 62 0.2682 0.0996441 1
g4 2 63 g4 2 64 0.294195 0.105019 1
g4 2 65 g4 2 76 0.301424 0.0836168 1
g4 2 67 g4 2 76 0.309732 0.0981991 1
g4 2 75 g4 2 93 0.34241 0.148781 1
g4 2 55 g4 2 60 0.259089 0.103583 1
g4 2 70 g4 2 65 0.322572 0.0884289 1
g4 2 70 g4 2 70 0.323953 0.0475186 1
g4 2 78 g4 2 68 0.355965 0.0850483 1
g4 2 77 g4 2 81 0.351954 0.108874 1
g4 2 90 g4 2 60 0.405622 0.0948221 1
g4 2 88 g4 2 64 0.397582 0.103041 1
g4 2 57 g4 2 70 0.267048 0.0813742 1
g4 2 57 g4 2 61 0.269143 0.0911389 1
g4 2 61 g4 2 64 0.284763 0.0745925 1
g4 2 64 g4 2 64 0.296855 0.125211 1
g4 2 85 g4 2 64 0.385468 0.0978542 1
g4 2 80 g4 2 64 0.365091 0.184858 1
g4 2 87 g4 2 77 0.394713 0.144483 1
g4 2 62 g4 2 60 0.289826 0.0668608 1
g4 2 86 g4 2 77 0.389228 0.0981559 1
g4 2 98 g4 2 77 0.44183 0.10866 1
g4 2 78 g4 2 80 0.35731 0.0673156 1
g4 2 86 g4 2 60 0.389053 0.0945725 1
g5 2 82 g5 2 92 0.37716 0.0888844 1
g5 2 85 g5 2 83 0.386191 0.0766654 1
g5 2 83 g5 2 99 0.381131 0.104034 1
g5 2 80 g5 2 99 0.367864 0.115317 1
g5 2 67 g5 2 96 0.312604 0.158796 1
g5 2 79 g5 2 96 0.364405 0.0914223 1
g5 2 78 g4 2 63 0.3591 0.186761 1
g5 2 87 g5 2 96 0.397173 0.173141 1
g5 2 76 g5 2 98 0.349931 0.205094 1
g5 2 62 g5 2 60 0.2898 0.115852 1
g5 2 66 g5 2 66 0.306974 0.116191 1
g5 2 78 g5 2 66 0.358703 0.107979 1
g5 2 64 g5 2 80 0.299126 0.141213 1
g5 2 67 g4 2 58 0.310689 0.184074 1
g5 2 81 g5 2 98 0.371461 0.160284 1
g5 2 74 g5 2 66 0.340057 0.202666 1
g5 2 71 g5 2 98 0.327857 0.170467 1
g5 2 66 g5 2 66 0.306477 0.177696 1
g5 2 71 g5 2 98 0.329319 0.163221 1
g5 2 71 g4 2 57 0.327432 0.167461 1
g5 2 73 g5 2 97 0.337772 0.132334 1
g5 2 71 g5 2 63 0.327794 0.154023 1
g5 2 73 g4 2 68 0.337038 0.206301 1
g5 2 71 g5 2 96 0.327634 0.164192 1
g5 2 78 g5 2 96 0.359668 0.126072 1
g5 2 77 g5 2 104 0.354087 0.149785 1
g5 2 74 g4 2 57 0.340753 0.14223 1
g5 2 73 g5 2 104 0.337306 0.163228 1
g5 2 75 g5 2 98 0.344322 0.211005 1
g5 2 76 g5 2 86 0.350071 0.135157 1
g5 2 71 g4 2 63 0.328723 0.186927 1
g5 2 74 g5 2 96 0.341212 0.126245 1
g5 2 69 g5 2 94 0.321563 0.133138 1
g5 2 73 g5 2 96 0.339136 0.133423 1
g5 2 74 g5 2 96 0.340174 0.142666 1
g5 2 81 g5 2 94 0.37122 0.0961288 1
g5 2 108 g5 2 98 0.486334 0.116844 1
g5 2 75 g5 2 94 0.34636 0.08502 1
g5 2 90 g5 2 99 0.409382 0.0742962 1
g5 2 90 g5 2 94 0.412268 0.118403 1
g5 2 96 g5 2 113 0.438623 0.126379 1
g5 2 90 g5 2 113 0.414277 0.0856127 1
g5 2 89 g5 2 103 0.407714 0.0963033 1
g5 2 96 g5 2 98 0.437266 0.089658 1
g5 2 90 g5 2 96 0.411208 0.0717028 1
g6 2 76 g6 2 72 0.347756 0.0771459 1
g6 2 73 g6 2 72 0.334511 0.0880276 1
g6 2 79 g6 2 72 0.358965 0.0822419 1
g6 2 77 g6 2 63 0.350495 0.168577 1
g6 2 65 g6 2 72 0.301147 0.0669014 1
g6 2 64 g6 2 75 0.298435 0.114614 1
g6 2 69 g6 2 72 0.318456 0.0890006 1
g6 2 71 g6 2 72 0.326282 0.123143 1
g6 2 68 g6 2 72 0.312919 0.0985805 1
g6 2 59 g6 2 72 0.27587 0.0973569 1
g6 2 74 g6 2 70 0.339423 0.143305 1
g6 2 80 g6 2 177 0.36572 0.0852704 1
g6 2 78 g6 2 77 0.355598 0.0643359 1
g6 2 57 g6 2 72 0.268011 0.116345 1
g6 2 68 g6 2 77 0.314379 0.158649 1
g6 2 77 g6 2 73 0.351385 0.0807775 1
g6 2 65 g6 2 72 0.300845 0.0915207 1
g6 2 82 g6 2 73 0.371867 0.0823714 1
g6 2 68 g6 2 72 0.313328 0.0777317 1
g6 2 66 g6 2 72 0.305418 0.137876 1
g6 2 78 g6 2 72 0.355521 0.0898468 1
g6 2 113 g6 2 72 0.501037 0.147326 1
g6 2 72 g6 2 73 0.331058 0.0916119 1
g6 2 64 g6 2 69 0.296995 0.111254 1
g6 2 68 g6 2 72 0.31414 0.116217 1
g6 2 66 g6 2 84 0.305229 0.235259 0
g6 2 84 g6 2 72 0.380307 0.11065 1
g6 2 66 g6 2 72 0.305317 0.0817849 1
g6 2 66 g6 2 72 0.305526 0.0878122 1
g6 2 54 g6 2 62 0.255766 0.0951049 1
g6 2 59 g6 2 63 0.276116 0.0737205 1
g6 2 61 g6 2 63 0.284859 0.101849 1
g6 2 97 g6 2 92 0.437688 0.361166 0
g6 2 73 g1 2 54 0.335316 0.242303 1
g6 2 59 g6 2 60 0.276264 0.0325585 1
g6 2 61 g6 2 66 0.284148 0.0781043 1
g6 2 65 g6 2 61 0.300573 0.0581284 1
g6 2 62 g6 2 65 0.288248 0.0600247 1
g6 2 69 g6 2 68 0.318741 0.0699748 1
g6 2 74 g6 2 70 0.337943 0.0584366 1
g6 2 69 g6 2 84 0.31766 0.0875334 1
g7 1 71 g7 1 85 0.328644 0.27168 1
g7 1 63 g7 1 81 0.295044 0.212809 1
g7 1 69 g7 1 73 0.319809 0.308133 0
g7 1 71 g7 1 100 0.328118 0.149006 1
g7 1 76 g7 1 64 0.349268 0.278388 1
g7 1 80 g7 1 77 0.366246 0.250562 1
g7 1 64 g7 1 78 0.299287 0.263044 1
g7 1 70 g7 1 71 0.3231 0.12257 1
g7 1 50 g7 1 58 0.240421 0.217144 1
g7 1 61 g3 1 81 0.286047 0.38893 0
g7 1 65 g7 1 63 0.301551 0.214304 1
g7 1 70 g7 1 64 0.323282 0.160001 1
g7 1 67 g7 1 74 0.308968 0.212843 1
g7 1 63 g7 1 54 0.293022 0.169549 1
g7 1 54 g7 1 53 0.255509 0.213141 1
g7 1 62 g7 1 58 0.288953 0.169683 1
g7 1 61 g7 1 53 0.284386 0.152039 1
g7 1 56 g7 1 60 0.264306 0.210975 0
g7 1 58 g7 1 87 0.272636 0.284984 1
g7 1 59 g7 1 52 0.276034 0.157445 1
g7 1 59 g7 1 60 0.276014 0.193492 1
g7 1 52 g7 1 49 0.24951 0.0354893 1
g7 1 73 g1 2 29 0.334847 0.506446 0
g7 1 66 g7 1 67 0.304739 0.225156 1
g7 1 86 g7 1 52 0.389867 0.317661 0
g7 1 70 g7 1 92 0.3226 0.347275 0
g7 1 65 g2 2 42 0.301534 0.414207 0
g7 1 72 g7 1 71 0.331246 0.161306 1
g7 1 68 g1 2 29 0.31501 0.529818 0
g7 1 68 g3 1 128 0.31269 0.522324 0
g7 1 70 g7 1 67 0.32126 0.215648 0
g7 1 83 g7 1 91 0.377533 0.294133 0
g7 1 75 g7 1 86 0.34298 0.294575 0
g7 1 77 g7 1 65 0.351305 0.213428 1
g7 1 88 g7 1 64 0.399103 0.204561 1
g7 1 134 g7 1 86 0.599575 0.276689 1
g7 1 64 g7 1 73 0.298667 0.24136 1
g7 1 65 g7 1 95 0.302137 0.247475 1
g7 1 76 g7 1 81 0.34844 0.260509 0
g7 1 76 g7 1 73 0.348717 0.23138 1
g7 1 86 g7 1 77 0.391132 0.257496 1
g7 1 95 g7 1 89 0.429907 0.189599 1
g7 1 60 g7 1 63 0.281492 0.262553 0
g7 1 99 g7 1 75 0.446736 0.172561 1
g7 1 37 g7 1 71 0.186971 0.356486 0
g7 1 68 g7 1 98 0.315576 0.358518 0
g7 1 70 g7 1 64 0.325682 0.151632 1
g7 1 69 g7 1 58 0.319106 0.27366 1
g7 1 70 g7 1 71 0.323437 0.163192 1
g7 1 94 g7 1 77 0.424907 0.234385 1
g7 1 61 g7 1 55 0.285533 0.305223 1
g7 1 64 g7 1 63 0.298322 0.253362 1
g7 1 82 g7 1 87 0.373668 0.161789 1
g7 1 117 g7 1 88 0.528537 0.307909 1
g7 1 108 g7 1 101 0.487338 0.245434 1
g7 1 103 g7 1 70 0.46455 0.375397 0
g7 1 102 g7 1 101 0.460815 0.222327 0
g7 1 89 g7 1 69 0.402382 0.232672 1
g7 1 97 g7 1 92 0.439964 0.157676 1
g7 1 81 g7 1 91 0.37 0.204566 1
g7 1 90 g7 1 92 0.40991 0.152347 1
g7 1 86 g7 1 89 0.39122 0.186012 1
g7 1 91 g7 1 92 0.414254 0.167741 1
