g1 2 24 g6 2 32 0.07386 0.177839 1
g1 2 23 g6 2 34 0.07179 0.194286 1
g1 2 27 g6 2 25 0.080796 0.156739 1
g1 2 42 g1 2 24 0.124895 0.124555 1
g1 2 33 g2 2 17 0.096844 0.186512 1
g1 2 29 g1 2 25 0.085211 0.155493 1
g1 2 31 g1 2 28 0.089654 0.130339 1
g1 2 20 g1 2 27 0.065448 0.114469 1
g1 2 24 g1 2 33 0.073799 0.163801 1
g1 2 28 g1 2 25 0.082842 0.160279 1
g1 2 21 g1 2 22 0.067281 0.138157 1
g1 2 26 g1 2 22 0.077842 0.114392 1
g1 2 25 g1 2 25 0.076135 0.0740715 1
g1 2 25 g1 2 25 0.07643 0.125773 1
g1 2 28 g1 2 25 0.082795 0.0863041 1
g1 2 54 g6 2 38 0.136927 0.204242 1
g1 2 26 g1 2 22 0.078288 0.0966976 1
g1 2 37 g6 2 36 0.107547 0.215399 1
g1 2 20 g6 2 31 0.065365 0.133138 1
g1 2 24 g6 2 34 0.07372 0.19971 1
g1 2 21 g6 2 32 0.068695 0.148979 1
g1 2 28 g6 2 30 0.082705 0.172967 1
g1 2 22 g2 2 17 0.069376 0.191713 1
g1 2 24 g1 2 19 0.073313 0.0886496 1
g1 2 23 g1 2 20 0.07171 0.0959363 1
g1 2 32 g1 2 29 0.093142 0.134286 1
g1 2 30 g1 2 26 0.086994 0.147948 1
g1 2 39 g1 2 26 0.108977 0.258994 1
g1 2 29 g1 2 24 0.084873 0.203157 1
g1 2 29 g1 2 37 0.084935 0.106014 1
g1 2 23 g1 2 25 0.07156 0.0902134 1
g1 2 23 g1 2 24 0.071466 0.174544 1
g1 2 19 g1 2 26 0.06297 0.0834176 1
g1 2 28 g1 2 28 0.082395 0.210743 1
g1 2 23 g1 2 29 0.0718 0.235269 1
g1 2 24 g1 2 24 0.073765 0.163654 1
g1 2 30 g1 2 24 0.087316 0.169157 1
g1 2 24 g1 2 26 0.073526 0.146512 1
g1 2 22 g1 2 23 0.069763 0.159734 1
g1 2 23 g1 2 24 0.071551 0.134771 1
g1 2 26 g1 2 26 0.0781 0.155951 1
g1 2 28 g1 2 28 0.082402 0.190776 1
g1 2 23 g1 2 25 0.071875 0.184149 1
g1 2 24 g1 2 24 0.073321 0.182284 1
g1 2 28 g1 2 24 0.082751 0.184123 1
g1 2 21 g1 2 28 0.067647 0.251477 1
g1 2 26 g6 2 36 0.078414 0.200737 1
g1 2 28 g6 2 34 0.082751 0.212294 1
g1 2 22 g6 2 37 0.06965 0.185805 1
g1 2 27 g6 2 34 0.080515 0.13539 1
g1 2 37 g2 2 17 0.106036 0.213727 1
g1 2 25 g6 2 25 0.076844 0.165599 1
g1 2 33 g2 2 17 0.09548 0.175089 1
g1 2 22 g1 2 18 0.069145 0.0769956 1
g1 2 20 g1 2 18 0.065278 0.0699969 1
g1 2 16 g1 2 17 0.057153 0.0972281 1
g1 2 16 g1 2 16 0.056902 0.0740709 1
g1 2 17 g1 2 17 0.059158 0.0754636 1
g1 2 17 g1 2 17 0.05878 0.060393 1
g1 2 19 g1 2 18 0.063555 0.0681503 1
g1 2 16 g1 2 17 0.057201 0.103612 1
g2 2 15 g2 2 14 0.054893 0.102294 1
g2 2 15 g2 2 14 0.055165 0.102069 1
g2 2 17 g2 2 17 0.058969 0.180842 1
g2 2 14 g2 2 14 0.053067 0.155019 1
g2 2 15 g2 2 14 0.054932 0.154699 1
g2 2 13 g2 2 17 0.051105 0.163711 1
g2 2 14 g2 2 14 0.053127 0.138865 1
g2 2 15 g2 2 14 0.05541 0.109654 1
g2 2 15 g2 2 14 0.055228 0.179041 1
g2 2 29 g2 2 26 0.085256 0.13883 1
g2 2 16 g2 2 14 0.056949 0.109136 1
g2 2 15 g2 2 14 0.055242 0.0998811 1
g2 2 15 g2 2 14 0.054957 0.119302 1
g2 2 16 g2 2 14 0.056699 0.119978 1
g2 2 16 g2 2 14 0.057209 0.173492 1
g2 2 15 g2 2 14 0.055339 0.139512 1
g2 2 12 g2 2 17 0.048635 0.266786 1
g2 2 15 g2 2 14 0.055202 0.0909069 1
g2 2 16 g2 2 14 0.057073 0.0997465 1
g2 2 15 g2 2 14 0.055016 0.15704 1
g2 2 16 g2 2 14 0.057061 0.136554 1
g2 2 16 g2 2 14 0.057281 0.213739 1
g2 2 14 g2 2 14 0.053004 0.149036 1
g2 2 17 g2 2 14 0.058708 0.104702 1
g2 2 18 g2 2 17 0.061061 0.171124 1
g2 2 15 g2 2 14 0.055218 0.174244 1
g2 2 15 g2 2 17 0.05498 0.234601 1
g2 2 16 g2 2 14 0.056799 0.175422 1
g2 2 18 g2 2 14 0.060841 0.137632 1
g2 2 31 g2 2 28 0.090394 0.125996 1
g2 2 28 g2 2 27 0.082842 0.154531 1
g2 2 29 g2 2 26 0.08579 0.13868 1
g2 2 25 g2 2 26 0.076763 0.145046 1
g2 2 20 g2 2 21 0.065412 0.14081 1
g2 2 22 g2 2 21 0.069372 0.116275 1
g2 2 32 g2 2 29 0.095412 0.128344 1
g2 2 23 g2 2 24 0.071459 0.0911216 1
g2 2 20 g2 2 21 0.064969 0.0914759 1
g2 2 19 g2 2 21 0.06362 0.090553 1
g2 2 21 g2 2 23 0.066312 0.0802652 1
g2 2 20 g2 2 21 0.066832 0.0893105 1
g2 2 21 g2 2 21 0.067447 0.0697141 1
g2 2 19 g2 2 21 0.064522 0.111094 1
g2 2 22 g2 2 21 0.069701 0.0768108 1
g2 2 22 g2 2 21 0.069689 0.0935556 1
g2 2 25 g2 2 23 0.076159 0.151366 1
g2 2 17 g2 2 24 0.05985 0.136608 1
g2 2 22 g2 2 21 0.069972 0.0832263 1
g2 2 42 g2 2 28 0.117842 0.160527 1
g2 2 22 g2 2 22 0.069742 0.0972297 1
g2 2 27 g2 2 23 0.080535 0.0794278 1
g2 2 27 g1 2 31 0.079963 0.219084 1
g2 2 21 g2 2 21 0.067837 0.114951 1
g2 2 19 g2 2 21 0.064481 0.0968977 1
g2 2 24 g1 2 33 0.073282 0.126282 1
g2 2 22 g2 2 21 0.070045 0.112032 1
g2 2 26 g1 2 27 0.077544 0.201474 1
g2 2 24 g2 2 28 0.073596 0.127158 1
g2 2 21 g2 2 29 0.067228 0.124674 1
g2 2 29 g2 2 28 0.084939 0.115389 1
g2 2 19 g2 2 21 0.063377 0.102121 1
g2 2 21 g1 2 33 0.067423 0.311734 1
g2 2 30 g2 2 25 0.086849 0.163577 1
g2 2 16 g2 2 14 0.056933 0.148281 1
g2 2 14 g2 2 14 0.053316 0.130207 1
g2 2 15 g2 2 14 0.055143 0.0822884 1
g3 1 36 g3 1 46 0.104741 0.332445 1
g3 1 35 g3 1 43 0.10203 0.221407 1
g3 1 49 g3 1 42 0.133543 0.300641 1
g3 1 52 g3 1 37 0.142286 0.246244 1
g3 1 55 g1 2 30 0.146571 0.418895 1
g3 1 49 g3 1 37 0.136206 0.259543 1
g3 1 47 g3 1 42 0.129434 0.382585 1
g3 1 47 g3 1 41 0.130995 0.282248 1
g3 1 44 g3 1 45 0.123415 0.289176 1
g3 1 43 g3 1 46 0.122579 0.297155 1
g3 1 44 g3 1 57 0.122679 0.280456 1
g3 1 47 g3 1 46 0.128799 0.231488 1
g3 1 46 g3 1 43 0.127121 0.244426 1
g3 1 47 g3 1 64 0.130067 0.222005 1
g3 1 44 g3 1 47 0.123469 0.509912 0
g3 1 44 g3 1 40 0.122622 0.258925 1
g3 1 41 g3 1 42 0.115793 0.20938 1
g3 1 56 g1 2 26 0.156606 0.384839 1
g3 1 48 g3 1 41 0.132209 0.250921 1
g3 1 48 g3 1 42 0.133459 0.221797 1
g3 1 50 g3 1 47 0.137838 0.226461 1
g3 1 48 g3 1 57 0.134151 0.223474 1
g3 1 46 g3 1 41 0.128269 0.251364 1
g3 1 43 g3 1 37 0.121503 0.252658 1
g3 1 47 g3 1 42 0.130803 0.316269 1
g3 1 44 g3 1 38 0.122198 0.286164 1
g3 1 50 g3 1 53 0.138352 0.323461 1
g3 1 66 g3 1 42 0.176239 0.284546 1
g3 1 58 g1 2 35 0.157915 0.443586 1
g3 1 50 g3 1 39 0.135866 0.201097 1
g3 1 57 g3 1 60 0.15367 0.227756 1
g3 1 53 g3 1 41 0.145072 0.280176 1
g3 1 49 g3 1 40 0.134695 0.220275 1
g3 1 51 g3 1 42 0.140645 0.246952 1
g3 1 52 g3 1 47 0.140696 0.262663 1
g3 1 50 g3 1 59 0.136764 0.273023 1
g3 1 51 g3 1 32 0.141005 0.325366 1
g3 1 59 g3 1 69 0.156785 0.265281 1
g3 1 61 g3 1 69 0.162159 0.26054 1
g3 1 46 g3 1 43 0.128484 0.385156 0
g3 1 28 g3 1 47 0.096909 0.823018 0
g3 1 49 g3 1 44 0.135986 0.299366 1
g3 1 42 g3 1 40 0.119174 0.212053 1
g3 1 40 g3 1 41 0.112312 0.207229 1
g3 1 42 g3 1 42 0.116081 0.229532 1
g3 1 44 g3 1 47 0.120958 0.308689 1
g3 1 39 g3 1 38 0.109805 0.342506 1
g3 1 43 g3 1 42 0.121468 0.173607 1
g3 1 40 g3 1 37 0.11444 0.222603 1
g3 1 39 g3 1 47 0.111398 0.313106 1
g3 1 43 g3 1 47 0.120187 0.257062 1
g4 2 37 g4 2 31 0.104721 0.213731 1
g4 2 37 g4 2 42 0.104917 0.0770925 1
g4 2 44 g4 2 45 0.122231 0.166975 1
g4 2 44 g4 2 42 0.121998 0.168401 1
g4 2 41 g4 2 46 0.11528 0.126542 1
g4 2 42 g4 2 51 0.117871 0.146691 1
g4 2 50 g3 1 44 0.138569 0.268622 1
g4 2 42 g4 2 42 0.117287 0.170647 1
g4 2 49 g4 2 48 0.13521 0.16048 1
g4 2 47 g4 2 49 0.129992 0.169922 1
g4 2 46 g4 2 46 0.127012 0.137594 1
g4 2 48 g4 2 51 0.132744 0.117739 1
g4 2 52 g4 2 51 0.142903 0.0872674 1
g4 2 45 g4 2 31 0.124635 0.127746 1
g4 2 30 g4 2 43 0.08636 0.144586 1
g4 2 31 g4 2 30 0.090172 0.078087 1
g4 2 30 g4 2 29 0.08719 0.0841841 1
g4 2 33 g4 2 34 0.095462 0.155968 1
g4 2 31 g4 2 33 0.089467 0.106797 1
g4 2 34 g4 2 34 0.097928 0.120246 1
g4 2 35 g4 2 40 0.10146 0.0919232 1
g4 2 36 g4 2 32 0.102798 0.107242 1
g4 2 40 g4 2 48 0.112349 0.15742 1
g4 2 30 g4 2 32 0.087061 0.114933 1
g4 2 37 g4 2 35 0.105322 0.0999654 1
g4 2 37 g4 2 37 0.105154 0.0560005 1
g4 2 41 g4 2 36 0.114604 0.0923847 1
g4 2 41 g4 2 43 0.114897 0.113961 1
g4 2 46 g4 2 32 0.126227 0.101124 1
g4 2 46 g4 2 34 0.126331 0.113174 1
g4 2 31 g4 2 37 0.089568 0.0955719 1
g4 2 31 g4 2 33 0.090135 0.103906 1
g4 2 33 g4 2 34 0.097063 0.0887908 1
g4 2 34 g4 2 34 0.097924 0.140199 1
g4 2 45 g4 2 34 0.124568 0.105555 1
g4 2 42 g4 2 34 0.117988 0.195331 1
g4 2 46 g4 2 41 0.127169 0.154758 1
g4 2 33 g4 2 32 0.095825 0.0741617 1
g4 2 45 g4 2 41 0.124703 0.101517 1
g4 2 50 g4 2 41 0.136703 0.113763 1
g4 2 41 g4 2 42 0.115357 0.0753194 1
g4 2 45 g4 2 32 0.124532 0.102625 1
g5 2 43 g5 2 48 0.121031 0.096948 1
g5 2 45 g5 2 44 0.124973 0.0813948 1
g5 2 44 g5 2 52 0.125282 0.109526 1
g5 2 42 g5 2 52 0.118925 0.12298 1
g5 2 36 g5 2 50 0.104147 0.173685 1
g5 2 42 g5 2 50 0.119306 0.103629 1
g5 2 41 g4 2 34 0.116121 0.195062 1
g5 2 46 g5 2 50 0.128458 0.189381 1
g5 2 40 g5 2 51 0.113494 0.211785 1
g5 2 33 g5 2 32 0.09673 0.123193 1
g5 2 35 g5 2 35 0.101578 0.127778 1
g5 2 41 g5 2 35 0.115209 0.115549 1
g5 2 34 g5 2 33 0.098819 0.166843 1
g5 2 36 g4 2 31 0.103274 0.193424 1
g5 2 43 g5 2 51 0.120333 0.166174 1
g5 2 39 g5 2 51 0.11038 0.210268 1
g5 2 38 g5 2 51 0.108021 0.176763 1
g5 2 35 g5 2 35 0.101535 0.193344 1
g5 2 38 g5 2 51 0.10841 0.171544 1
g5 2 38 g4 2 31 0.108255 0.178412 1
g5 2 39 g5 2 51 0.110722 0.144814 1
g5 2 38 g4 2 31 0.108074 0.180962 1
g5 2 39 g4 2 36 0.110678 0.222326 1
g5 2 38 g5 2 50 0.108602 0.172357 1
g5 2 41 g5 2 50 0.116412 0.134481 1
g5 2 41 g5 2 54 0.116004 0.156583 1
g5 2 39 g4 2 31 0.111303 0.153731 1
g5 2 39 g5 2 54 0.110397 0.169357 1
g5 2 40 g5 2 51 0.113288 0.220687 1
g5 2 40 g5 2 51 0.113044 0.173148 1
g5 2 38 g4 2 31 0.108206 0.182182 1
g5 2 39 g5 2 50 0.110932 0.132382 1
g5 2 37 g5 2 45 0.10672 0.13262 1
g5 2 39 g5 2 50 0.11177 0.152406 1
g5 2 39 g5 2 49 0.11081 0.145824 1
g5 2 43 g5 2 49 0.121008 0.104819 1
g5 2 55 g5 2 51 0.149662 0.122428 1
g5 2 40 g5 2 49 0.113588 0.0949954 1
g5 2 47 g5 2 52 0.129895 0.0837979 1
g5 2 47 g5 2 49 0.1319 0.126398 1
g5 2 50 g5 2 59 0.138002 0.137652 1
g5 2 47 g5 2 55 0.131412 0.0960286 1
g5 2 47 g5 2 54 0.13163 0.106302 1
g5 2 50 g5 2 51 0.138455 0.100019 1
g5 2 47 g5 2 48 0.132738 0.0650633 1
g6 2 40 g6 2 38 0.115434 0.0831293 1
g6 2 39 g6 2 38 0.109365 0.0954732 1
g6 2 42 g6 2 38 0.115398 0.09279 1
g6 2 41 g6 2 34 0.114284 0.186611 1
g6 2 35 g6 2 38 0.100789 0.0741795 1
g6 2 34 g6 2 34 0.098052 0.13345 1
g6 2 37 g6 2 38 0.104793 0.0968774 1
g6 2 38 g6 2 38 0.107349 0.132625 1
g6 2 36 g6 2 38 0.102594 0.105043 1
g6 2 32 g6 2 38 0.092357 0.10631 1
g6 2 39 g6 2 37 0.109521 0.158528 1
g6 2 42 g6 2 59 0.116701 0.0806915 1
g6 2 41 g6 2 41 0.114692 0.07077 1
g6 2 31 g6 2 38 0.090831 0.12078 1
g6 2 36 g6 2 41 0.102701 0.164803 1
g6 2 41 g6 2 39 0.114451 0.0869633 1
g6 2 35 g6 2 38 0.100359 0.099564 1
g6 2 43 g6 2 39 0.119543 0.0888546 1
g6 2 36 g6 2 38 0.102843 0.0856295 1
g6 2 35 g6 2 38 0.100578 0.142454 1
g6 2 41 g6 2 38 0.114175 0.0950052 1
g6 2 56 g6 2 38 0.15104 0.112544 1
g6 2 38 g6 2 39 0.107406 0.102009 1
g6 2 34 g6 2 39 0.097883 0.12163 1
g6 2 36 g6 2 38 0.103237 0.119668 1
g6 2 35 g6 2 44 0.100305 0.249863 1
g6 2 44 g6 2 38 0.121997 0.115654 1
g6 2 35 g6 2 38 0.100429 0.0913838 1
g6 2 35 g6 2 38 0.100338 0.0932373 1
g6 2 29 g6 2 33 0.084917 0.101353 1
g6 2 32 g6 2 34 0.092462 0.0869118 1
g6 2 33 g6 2 34 0.096138 0.118859 1
g6 2 51 g6 2 49 0.139486 0.354284 1
g6 2 39 g1 2 25 0.109743 0.255429 1
g6 2 32 g6 2 33 0.092168 0.0479845 1
g6 2 33 g6 2 35 0.095797 0.0866037 1
g6 2 35 g6 2 35 0.101019 0.0756825 1
g6 2 33 g6 2 35 0.095903 0.0790453 1
g6 2 37 g6 2 36 0.104358 0.0800973 1
g6 2 39 g6 2 37 0.110192 0.0710931 1
g6 2 37 g6 2 44 0.105031 0.0960218 1
g7 1 37 g7 1 44 0.107919 0.283729 1
g7 1 34 g7 1 42 0.09926 0.224504 1
g7 1 37 g7 1 39 0.105332 0.322902 1
g7 1 38 g7 1 52 0.1088 0.161921 1
g7 1 40 g7 1 34 0.112833 0.289615 1
g7 1 41 g7 1 41 0.116622 0.267352 1
g7 1 34 g7 1 46 0.098569 0.306425 1
g7 1 35 g7 1 36 0.102968 0.132177 1
g7 1 27 g7 1 31 0.080598 0.224476 1
g7 1 32 g3 1 40 0.094741 0.431618 0
g7 1 34 g7 1 33 0.099398 0.226178 1
g7 1 36 g7 1 34 0.104494 0.171268 1
g7 1 36 g7 1 39 0.102423 0.221251 1
g7 1 34 g7 1 29 0.096905 0.190098 1
g7 1 29 g7 1 29 0.085419 0.229544 1
g7 1 33 g7 1 31 0.097322 0.183661 1
g7 1 33 g7 1 28 0.096481 0.178668 1
g7 1 30 g7 1 32 0.086562 0.223046 1
g7 1 31 g7 1 29 0.089786 0.248928 1
g7 1 31 g7 1 28 0.090887 0.164172 1
g7 1 31 g7 1 32 0.091115 0.208856 1
g7 1 27 g7 1 27 0.08241 0.0615644 1
g7 1 39 g1 2 17 0.110019 0.57738 0
g7 1 35 g7 1 35 0.099116 0.238792 1
g7 1 45 g7 1 28 0.124237 0.334334 1
g7 1 37 g7 1 48 0.10475 0.36491 1
g7 1 34 g2 2 23 0.098162 0.45804 0
g7 1 38 g7 1 37 0.107375 0.16894 1
g7 1 35 g1 2 17 0.10194 0.601892 0
g7 1 36 g7 1 38 0.10143 0.375958 1
g7 1 36 g7 1 36 0.10258 0.22344 1
g7 1 44 g7 1 47 0.122248 0.305023 1
g7 1 39 g7 1 43 0.11127 0.304891 1
g7 1 40 g7 1 35 0.113151 0.22377 1
g7 1 46 g7 1 33 0.127223 0.208856 1
g7 1 68 g7 1 43 0.176504 0.286301 1
g7 1 34 g7 1 51 0.09821 0.347542 1
g7 1 35 g7 1 46 0.099523 0.270526 1
g7 1 39 g7 1 50 0.111624 0.307484 1
g7 1 40 g7 1 39 0.112682 0.2346 1
g7 1 45 g7 1 41 0.125233 0.282181 1
g7 1 48 g7 1 45 0.134707 0.196393 1
g7 1 32 g7 1 34 0.092997 0.31424 1
g7 1 50 g7 1 40 0.139019 0.18407 1
g7 1 21 g7 1 36 0.066946 0.363603 1
g7 1 35 g7 1 51 0.102152 0.376813 1
g7 1 36 g7 1 34 0.104592 0.159465 1
g7 1 36 g7 1 31 0.104478 0.279683 1
g7 1 37 g7 1 31 0.10569 0.223388 1
g7 1 49 g7 1 41 0.134643 0.244423 1
g7 1 33 g7 1 29 0.096709 0.331907 1
g7 1 33 g7 1 33 0.096956 0.27306 1
g7 1 42 g7 1 45 0.118709 0.170613 1
g7 1 61 g7 1 45 0.166099 0.305014 1
g7 1 56 g7 1 52 0.152459 0.246199 1
g7 1 54 g7 1 37 0.147658 0.398423 1
g7 1 53 g7 1 52 0.14581 0.230603 1
g7 1 35 g7 1 35 0.114328 0.243094 1
g7 1 51 g7 1 48 0.139629 0.167706 1
g7 1 43 g7 1 47 0.119282 0.222166 1
g7 1 47 g7 1 48 0.129807 0.168155 1
g7 1 45 g7 1 45 0.124553 0.191072 1
g7 1 47 g7 1 48 0.130507 0.173402 1
