g1 2 46 g6 2 78 0.232136 0.151288 0
g1 2 44 g6 2 66 0.222251 0.178759 0
g1 2 52 g6 2 50 0.255587 0.133322 0
g1 2 102 g1 2 45 0.470659 0.128455 0
g1 2 63 g2 2 32 0.301335 0.180064 0
g1 2 56 g1 2 48 0.274663 0.143843 0
g1 2 60 g1 2 54 0.28867 0.120497 0
g1 2 37 g1 2 52 0.193706 0.0984114 0
g1 2 46 g1 2 42 0.230624 0.124173 0
g1 2 54 g1 2 48 0.263511 0.15383 0
g1 2 39 g1 2 42 0.201093 0.119368 0
g1 2 50 g1 2 42 0.246184 0.0973216 1
g1 2 48 g1 2 48 0.238465 0.0664936 0
g1 2 47 g1 2 46 0.233953 0.0739914 0
g1 2 53 g1 2 48 0.259001 0.0760608 1
g1 2 111 g6 2 73 0.510697 0.200285 0
g1 2 49 g1 2 42 0.24281 0.0890284 1
g1 2 71 g6 2 70 0.334814 0.199234 0
g1 2 37 g6 2 60 0.19327 0.121699 0
g1 2 46 g6 2 66 0.23035 0.186203 0
g1 2 39 g6 2 51 0.201164 0.130479 0
g1 2 54 g6 2 57 0.262815 0.161004 0
g1 2 42 g2 2 32 0.213259 0.181831 0
g1 2 45 g1 2 38 0.225237 0.0752116 1
g1 2 43 g1 2 38 0.217018 0.076984 1
g1 2 61 g1 2 56 0.293441 0.126833 0
g1 2 58 g1 2 49 0.280027 0.139635 0
g1 2 75 g1 2 49 0.352664 0.246473 0
g1 2 55 g1 2 45 0.267261 0.194773 0
g1 2 56 g1 2 71 0.271434 0.100638 0
g1 2 43 g1 2 48 0.217656 0.0796961 1
g1 2 44 g1 2 45 0.221982 0.162744 0
g1 2 35 g1 2 50 0.186121 0.0640508 1
g1 2 53 g1 2 54 0.257871 0.197304 0
g1 2 43 g1 2 56 0.217795 0.225174 0
g1 2 46 g1 2 45 0.229919 0.149752 0
g1 2 57 g1 2 45 0.275234 0.158249 0
g1 2 46 g1 2 45 0.229378 0.153167 0
g1 2 41 g1 2 43 0.209689 0.154717 0
g1 2 43 g1 2 45 0.217142 0.120064 0
g1 2 49 g1 2 50 0.242737 0.147739 0
g1 2 53 g1 2 54 0.259324 0.204874 0
g1 2 44 g1 2 47 0.221596 0.16863 0
g1 2 46 g1 2 45 0.229618 0.172158 0
g1 2 53 g1 2 45 0.259684 0.161457 0
g1 2 40 g1 2 54 0.205511 0.234592 0
g1 2 50 g6 2 70 0.246233 0.185241 0
g1 2 53 g6 2 65 0.258502 0.195168 0
g1 2 41 g6 2 72 0.209838 0.170864 0
g1 2 52 g6 2 66 0.255455 0.126153 0
g1 2 72 g2 2 32 0.340375 0.2079 0
g1 2 48 g6 2 50 0.238489 0.147781 0
g1 2 64 g2 2 32 0.307877 0.161413 0
g1 2 42 g1 2 34 0.21298 0.0657474 1
g1 2 38 g1 2 34 0.197992 0.0576905 1
g1 2 29 g1 2 32 0.162972 0.0730474 1
g1 2 29 g1 2 29 0.159252 0.0591479 1
g1 2 31 g1 2 32 0.16631 0.0594514 1
g1 2 31 g1 2 31 0.165772 0.0512402 1
g1 2 36 g1 2 34 0.188919 0.0559701 1
g1 2 29 g1 2 29 0.157625 0.0584143 1
g2 2 28 g2 2 26 0.153016 0.0811795 1
g2 2 28 g2 2 26 0.153163 0.0851334 0
g2 2 31 g2 2 32 0.165726 0.152475 0
g2 2 26 g2 2 26 0.14471 0.15096 0
g2 2 27 g2 2 26 0.148848 0.134783 0
g2 2 23 g2 2 32 0.131794 0.14479 0
g2 2 26 g2 2 26 0.144888 0.128871 0
g2 2 27 g2 2 26 0.14876 0.0936361 0
g2 2 28 g2 2 26 0.153343 0.156916 0
g2 2 55 g2 2 50 0.268332 0.125751 0
g2 2 29 g2 2 26 0.157557 0.0853091 0
g2 2 28 g2 2 26 0.1532 0.083249 1
g2 2 28 g2 2 26 0.153207 0.105967 0
g2 2 29 g2 2 26 0.157268 0.106472 0
g2 2 30 g2 2 26 0.161548 0.165983 0
g2 2 27 g2 2 26 0.149536 0.128473 0
g2 2 21 g2 2 32 0.124782 0.237987 0
g2 2 27 g2 2 26 0.14886 0.0734326 1
g2 2 29 g2 2 26 0.15741 0.0851217 0
g2 2 27 g2 2 26 0.148866 0.132623 0
g2 2 30 g2 2 26 0.160909 0.125164 0
g2 2 30 g2 2 26 0.160883 0.203044 0
g2 2 26 g2 2 26 0.145166 0.144111 0
g2 2 31 g2 2 26 0.165955 0.0810045 1
g2 2 33 g2 2 32 0.178663 0.158366 0
g2 2 28 g2 2 26 0.153361 0.150752 0
g2 2 27 g2 2 32 0.148541 0.215898 0
g2 2 30 g2 2 26 0.161127 0.152333 0
g2 2 34 g2 2 26 0.180926 0.12261 0
g2 2 59 g2 2 53 0.285818 0.11708 0
g2 2 54 g2 2 45 0.263751 0.128014 0
g2 2 55 g2 2 50 0.268235 0.115755 0
g2 2 48 g1 2 43 0.240159 0.2597 0
g2 2 38 g2 2 42 0.197215 0.0980483 0
g2 2 42 g2 2 39 0.213269 0.102194 0
g2 2 64 g2 2 53 0.306485 0.107352 0
g2 2 43 g2 2 45 0.218 0.08175 0
g2 2 37 g2 2 44 0.195349 0.0787427 1
g2 2 36 g2 2 39 0.18986 0.0732876 1
g2 2 39 g2 2 44 0.201748 0.0676211 1
g2 2 39 g2 2 39 0.201116 0.0572556 1
g2 2 41 g2 2 39 0.209861 0.058204 1
g2 2 39 g2 2 39 0.201458 0.0958255 0
g2 2 41 g2 2 39 0.210167 0.068372 1
g2 2 42 g2 2 44 0.214356 0.069749 1
g2 2 47 g2 2 44 0.233729 0.129113 0
g2 2 31 g2 2 41 0.165992 0.117848 0
g2 2 42 g2 2 39 0.213259 0.0603325 1
g2 2 84 g2 2 53 0.395158 0.158532 0
g2 2 41 g2 2 42 0.210051 0.0792109 1
g2 2 52 g2 2 44 0.255101 0.0678666 1
g2 2 52 g1 2 59 0.255043 0.214053 0
g2 2 40 g2 2 39 0.205139 0.100108 0
g2 2 37 g2 2 44 0.193067 0.0734798 1
g2 2 45 g1 2 64 0.225669 0.11533 0
g2 2 41 g2 2 44 0.209828 0.0894534 1
g2 2 49 g1 2 52 0.242202 0.192203 0
g2 2 46 g2 2 53 0.229978 0.113762 0
g2 2 40 g2 2 56 0.205264 0.109518 0
g2 2 56 g2 2 53 0.272242 0.108558 0
g2 2 35 g2 2 39 0.185425 0.0854126 1
g2 2 40 g1 2 57 0.205424 0.290744 0
g2 2 58 g2 2 48 0.280405 0.157088 0
g2 2 29 g2 2 26 0.157036 0.130603 0
g2 2 26 g2 2 26 0.145114 0.124375 0
g2 2 28 g2 2 26 0.153274 0.0648008 1
g3 1 71 g3 1 117 0.336769 0.324802 0
g3 1 68 g3 1 84 0.324262 0.195019 0
g3 1 95 g3 1 81 0.443686 0.297211 0
g3 1 102 g3 1 73 0.471436 0.238231 0
g3 1 107 g1 2 57 0.500293 0.435192 0
g3 1 96 g3 1 73 0.449229 0.256784 0
g3 1 91 g3 1 72 0.425734 0.283782 0
g3 1 93 g3 1 82 0.434968 0.278986 0
g3 1 86 g3 1 87 0.40325 0.278766 0
g3 1 87 g3 1 92 0.406252 0.286671 0
g3 1 88 g3 1 106 0.411042 0.25416 0
g3 1 92 g3 1 81 0.430285 0.213043 0
g3 1 92 g3 1 86 0.431654 0.243595 0
g3 1 92 g3 1 127 0.432466 0.215488 0
g3 1 90 g3 1 78 0.418403 0.48263 0
g3 1 86 g3 1 74 0.405486 0.250771 0
g3 1 80 g3 1 81 0.377875 0.197855 0
g3 1 113 g1 2 49 0.523757 0.365256 0
g3 1 95 g3 1 120 0.443189 0.277623 0
g3 1 95 g3 1 85 0.443292 0.214674 0
g3 1 99 g3 1 91 0.461042 0.21966 0
g3 1 93 g3 1 114 0.434473 0.216507 0
g3 1 92 g3 1 82 0.429889 0.243911 0
g3 1 85 g3 1 73 0.398877 0.253357 0
g3 1 91 g3 1 81 0.42493 0.303233 0
g3 1 88 g3 1 77 0.410579 0.279025 0
g3 1 99 g3 1 112 0.459503 0.301411 0
g3 1 132 g3 1 84 0.606526 0.282255 0
g3 1 114 g1 2 67 0.528277 0.433656 0
g3 1 97 g3 1 80 0.451552 0.194454 0
g3 1 111 g3 1 120 0.515348 0.219352 0
g3 1 104 g3 1 82 0.481651 0.272961 0
g3 1 97 g3 1 78 0.450465 0.214279 0
g3 1 100 g3 1 85 0.46617 0.238413 0
g3 1 101 g3 1 91 0.469693 0.246691 0
g3 1 98 g3 1 83 0.455991 0.266989 0
g3 1 102 g3 1 61 0.474317 0.319321 0
g3 1 115 g3 1 140 0.53169 0.259004 0
g3 1 120 g3 1 140 0.554235 0.257885 0
g3 1 92 g3 1 84 0.427658 0.376836 0
g3 1 76 g3 1 68 0.358108 0.838187 0
g3 1 97 g3 1 85 0.451343 0.281698 0
g3 1 85 g3 1 79 0.398598 0.211924 0
g3 1 77 g3 1 80 0.363497 0.193174 0
g3 1 81 g3 1 81 0.378736 0.214615 0
g3 1 86 g3 1 91 0.40062 0.293187 0
g3 1 77 g3 1 77 0.361029 0.329228 0
g3 1 85 g3 1 84 0.397174 0.171792 0
g3 1 79 g3 1 74 0.370636 0.219377 0
g3 1 78 g3 1 91 0.366529 0.301788 0
g3 1 84 g3 1 91 0.392854 0.249839 0
g4 2 71 g4 2 59 0.335055 0.197981 0
g4 2 71 g4 2 82 0.336014 0.0673577 1
g4 2 86 g4 2 87 0.401548 0.162387 0
g4 2 85 g4 2 82 0.39967 0.163094 0
g4 2 80 g4 2 90 0.377719 0.119479 0
g4 2 81 g4 2 99 0.380361 0.140361 0
g4 2 100 g3 1 89 0.463694 0.256963 0
g4 2 81 g4 2 82 0.379909 0.161404 0
g4 2 95 g4 2 94 0.442594 0.151724 0
g4 2 93 g4 2 95 0.432276 0.166845 0
g4 2 89 g4 2 90 0.414801 0.134421 0
g4 2 94 g4 2 99 0.437412 0.112284 0
g4 2 102 g4 2 101 0.471587 0.0792493 1
g4 2 89 g4 2 60 0.414087 0.120146 0
g4 2 57 g4 2 63 0.274672 0.127532 0
g4 2 60 g4 2 57 0.288839 0.0727951 1
g4 2 57 g4 2 55 0.27595 0.0765809 1
g4 2 63 g4 2 66 0.301146 0.145435 0
g4 2 59 g4 2 64 0.284067 0.103085 0
g4 2 65 g4 2 66 0.310317 0.109033 0
g4 2 67 g4 2 78 0.318448 0.0845207 1
g4 2 69 g4 2 78 0.328391 0.0992632 0
g4 2 77 g4 2 95 0.361374 0.150205 0
g4 2 57 g4 2 62 0.275281 0.105123 0
g4 2 72 g4 2 67 0.340161 0.0917946 0
g4 2 72 g4 2 72 0.340876 0.0487928 1
g4 2 80 g4 2 72 0.374056 0.096792 1
g4 2 79 g4 2 83 0.369996 0.110217 0
g4 2 92 g4 2 62 0.428725 0.0942064 0
g4 2 90 g4 2 66 0.418046 0.104487 0
g4 2 59 g4 2 72 0.284477 0.0842909 1
g4 2 59 g4 2 63 0.284307 0.0951817 0
g4 2 63 g4 2 66 0.30162 0.0775533 1
g4 2 66 g4 2 66 0.313612 0.130783 0
g4 2 87 g4 2 66 0.406351 0.0984169 0
g4 2 82 g4 2 66 0.383355 0.187906 0
g4 2 89 g4 2 79 0.414483 0.146783 0
g4 2 64 g4 2 62 0.306409 0.06811 1
g4 2 88 g4 2 79 0.409314 0.0983666 1
g4 2 100 g4 2 79 0.463657 0.107776 0
g4 2 80 g4 2 82 0.375974 0.0682101 1
g4 2 88 g4 2 62 0.409857 0.0951075 0
g5 2 84 g5 2 94 0.395122 0.0893276 0
g5 2 87 g5 2 85 0.406564 0.07674 1
g5 2 85 g5 2 101 0.399931 0.103887 0
g5 2 82 g5 2 101 0.386159 0.115029 0
g5 2 69 g5 2 98 0.329617 0.161708 0
g5 2 81 g5 2 98 0.383048 0.093637 0
g5 2 80 g4 2 65 0.376712 0.188495 0
g5 2 89 g5 2 98 0.41833 0.177104 0
g5 2 78 g5 2 100 0.368915 0.207057 0
g5 2 64 g5 2 62 0.307188 0.117363 0
g5 2 68 g5 2 68 0.324267 0.118527 0
g5 2 80 g5 2 68 0.376266 0.108617 0
g5 2 66 g5 2 82 0.315539 0.144767 0
g5 2 69 g4 2 60 0.328496 0.184893 0
g5 2 83 g5 2 100 0.390191 0.161194 0
g5 2 76 g5 2 68 0.357715 0.213484 0
g5 2 73 g5 2 100 0.346743 0.169533 0
g5 2 68 g5 2 68 0.323833 0.181235 0
g5 2 73 g5 2 100 0.346399 0.164479 0
g5 2 73 g4 2 59 0.345554 0.169954 0
g5 2 75 g5 2 99 0.355244 0.132889 0
g5 2 73 g4 2 59 0.344975 0.171729 0
g5 2 75 g4 2 70 0.354306 0.208315 0
g5 2 73 g5 2 98 0.345572 0.164008 0
g5 2 80 g5 2 98 0.377846 0.126467 0
g5 2 79 g5 2 106 0.37443 0.150373 0
g5 2 76 g4 2 59 0.359184 0.143915 0
g5 2 75 g5 2 106 0.3547 0.162088 0
g5 2 77 g5 2 100 0.362623 0.212821 0
g5 2 78 g5 2 88 0.36767 0.138219 0
g5 2 73 g4 2 65 0.346561 0.188444 0
g5 2 76 g5 2 98 0.360449 0.126548 0
g5 2 71 g5 2 88 0.338996 0.124091 0
g5 2 75 g5 2 98 0.357883 0.138346 0
g5 2 76 g5 2 98 0.359445 0.14134 0
g5 2 83 g5 2 96 0.389541 0.0967958 0
g5 2 110 g5 2 100 0.509674 0.117764 0
g5 2 77 g5 2 96 0.3652 0.0859853 0
g5 2 92 g5 2 101 0.429211 0.0756882 1
g5 2 92 g5 2 96 0.432728 0.121358 0
g5 2 98 g5 2 115 0.458406 0.128895 0
g5 2 92 g5 2 115 0.43343 0.0887364 0
g5 2 91 g5 2 105 0.426945 0.0983385 0
g5 2 98 g5 2 100 0.459815 0.0920366 0
g5 2 92 g5 2 98 0.432165 0.0726742 1
g6 2 78 g6 2 74 0.366767 0.0771508 0
g6 2 75 g6 2 74 0.352063 0.0886424 0
g6 2 81 g6 2 74 0.377661 0.0836842 1
g6 2 79 g6 2 65 0.369792 0.173104 0
g6 2 67 g6 2 74 0.319437 0.0672741 1
g6 2 66 g6 2 77 0.313767 0.118315 0
g6 2 71 g6 2 74 0.335272 0.0905255 0
g6 2 73 g6 2 74 0.343919 0.124846 0
g6 2 70 g6 2 74 0.330105 0.100239 0
g6 2 61 g6 2 74 0.293295 0.0983939 0
g6 2 76 g6 2 72 0.357099 0.148163 0
g6 2 82 g6 2 179 0.382767 0.0846958 0
g6 2 80 g6 2 79 0.375705 0.063838 1
g6 2 59 g6 2 74 0.283655 0.11493 0
g6 2 70 g6 2 79 0.331395 0.159495 0
g6 2 79 g6 2 75 0.370151 0.0817193 1
g6 2 67 g6 2 74 0.317662 0.091968 0
g6 2 84 g6 2 75 0.390882 0.0825079 1
g6 2 70 g6 2 74 0.33122 0.0787895 1
g6 2 68 g6 2 74 0.321539 0.138218 0
g6 2 80 g6 2 74 0.373541 0.0904658 0
g6 2 115 g6 2 74 0.525707 0.146904 0
g6 2 74 g6 2 75 0.347593 0.0920864 1
g6 2 66 g6 2 75 0.314879 0.116224 0
g6 2 70 g6 2 74 0.330768 0.116515 0
g6 2 68 g6 2 86 0.322585 0.238972 0
g6 2 86 g6 2 74 0.401418 0.111647 0
g6 2 68 g6 2 74 0.322114 0.0831092 0
g6 2 68 g6 2 74 0.321537 0.086832 1
g6 2 56 g6 2 64 0.271738 0.0933762 0
g6 2 61 g6 2 65 0.293422 0.0761368 1
g6 2 63 g6 2 65 0.300668 0.105658 0
g6 2 99 g6 2 94 0.458058 0.363476 0
g6 2 75 g1 2 48 0.353629 0.249605 0
g6 2 61 g6 2 62 0.292705 0.0327492 1
g6 2 63 g6 2 63 0.301417 0.0631679 1
g6 2 67 g6 2 63 0.31761 0.05762 1
g6 2 64 g6 2 67 0.304588 0.0627893 1
g6 2 71 g6 2 70 0.334301 0.0710151 1
g6 2 76 g6 2 72 0.357552 0.0616743 1
g6 2 71 g6 2 86 0.334718 0.0880207 1
g7 1 73 g7 1 87 0.346522 0.276653 0
g7 1 65 g7 1 83 0.311035 0.214454 0
g7 1 71 g7 1 67 0.336654 0.282719 0
g7 1 73 g7 1 102 0.346026 0.152302 0
g7 1 78 g7 1 66 0.367089 0.281868 0
g7 1 82 g7 1 79 0.384499 0.254095 0
g7 1 66 g7 1 90 0.315722 0.298982 0
g7 1 72 g7 1 73 0.341787 0.12482 0
g7 1 52 g7 1 60 0.255201 0.216389 0
g7 1 63 g3 1 83 0.302699 0.402751 0
g7 1 67 g7 1 65 0.318826 0.216339 0
g7 1 72 g7 1 66 0.340187 0.16338 0
g7 1 69 g7 1 76 0.328231 0.217292 0
g7 1 65 g7 1 56 0.309803 0.176963 0
g7 1 56 g7 1 55 0.270295 0.216631 0
g7 1 64 g7 1 60 0.305871 0.174255 0
g7 1 63 g7 1 55 0.301375 0.159184 0
g7 1 58 g7 1 62 0.281548 0.214683 0
g7 1 60 g7 1 89 0.288231 0.287003 0
g7 1 61 g7 1 54 0.292832 0.1594 0
g7 1 61 g7 1 62 0.292476 0.197077 0
g7 1 54 g7 1 51 0.263859 0.0359672 1
g7 1 75 g1 2 31 0.352377 0.531559 0
g7 1 68 g7 1 69 0.321909 0.227489 0
g7 1 88 g7 1 54 0.40882 0.322716 0
g7 1 72 g7 1 94 0.339919 0.355573 0
g7 1 67 g2 2 44 0.319515 0.433212 0
g7 1 74 g7 1 73 0.347858 0.162263 0
g7 1 70 g1 2 31 0.331046 0.556073 0
g7 1 70 g3 1 130 0.331139 0.527538 0
g7 1 72 g7 1 69 0.338958 0.213634 0
g7 1 85 g7 1 93 0.395835 0.297133 0
g7 1 77 g7 1 88 0.361691 0.299293 0
g7 1 79 g7 1 67 0.369739 0.217543 0
g7 1 90 g7 1 66 0.41771 0.204809 0
g7 1 136 g7 1 88 0.625355 0.278841 0
g7 1 66 g7 1 75 0.315727 0.243261 0
g7 1 67 g7 1 97 0.318987 0.255342 0
g7 1 78 g7 1 97 0.367989 0.302368 0
g7 1 78 g7 1 75 0.366427 0.2283 0
g7 1 88 g7 1 79 0.41121 0.267838 0
g7 1 97 g7 1 91 0.451667 0.194214 0
g7 1 62 g7 1 67 0.298491 0.300022 0
g7 1 101 g7 1 77 0.467871 0.175852 0
g7 1 39 g7 1 67 0.207099 0.363805 0
g7 1 70 g7 1 100 0.333637 0.366107 0
g7 1 72 g7 1 66 0.340989 0.154116 0
g7 1 71 g7 1 60 0.337195 0.27246 0
g7 1 72 g7 1 73 0.340567 0.167207 0
g7 1 96 g7 1 79 0.446968 0.237336 0
g7 1 63 g7 1 57 0.301899 0.30922 0
g7 1 66 g7 1 65 0.314538 0.258674 0
g7 1 84 g7 1 89 0.392832 0.162882 0
g7 1 119 g7 1 91 0.55077 0.298131 0
g7 1 110 g7 1 103 0.50887 0.245886 0
g7 1 105 g7 1 72 0.485664 0.384203 0
g7 1 104 g7 1 103 0.483152 0.223071 0
g7 1 91 g7 1 71 0.42301 0.238848 0
g7 1 99 g7 1 94 0.460807 0.159645 0
g7 1 83 g7 1 93 0.389028 0.211323 0
g7 1 92 g7 1 94 0.431664 0.157543 0
g7 1 88 g7 1 91 0.41016 0.186894 0
g7 1 93 g7 1 94 0.43517 0.166753 0
