g1 2 44 g6 2 60 0.215351 0.160914 1
g1 2 42 g6 2 64 0.20718 0.172727 1
g1 2 50 g6 2 48 0.240135 0.125289 1
g1 2 100 g1 2 43 0.449257 0.129417 1
g1 2 61 g2 2 30 0.287812 0.183151 1
g1 2 54 g1 2 46 0.255958 0.142534 1
g1 2 58 g1 2 46 0.273755 0.113158 1
g1 2 35 g1 2 50 0.181643 0.0970448 1
g1 2 44 g1 2 40 0.216594 0.122193 1
g1 2 52 g1 2 46 0.247768 0.153201 1
g1 2 37 g1 2 40 0.188082 0.117398 1
g1 2 48 g1 2 40 0.231359 0.0942005 1
g1 2 46 g1 2 46 0.223988 0.0653767 1
g1 2 45 g1 2 44 0.219382 0.0742529 1
g1 2 51 g1 2 46 0.242949 0.0742867 1
g1 2 109 g6 2 71 0.488261 0.199637 1
g1 2 47 g1 2 40 0.227698 0.0893916 1
g1 2 69 g6 2 68 0.318225 0.192761 1
g1 2 35 g6 2 69 0.179945 0.134836 1
g1 2 44 g6 2 64 0.216 0.180735 1
g1 2 37 g6 2 49 0.190243 0.127242 1
g1 2 52 g6 2 55 0.249095 0.15502 1
g1 2 40 g2 2 45 0.200883 0.175992 1
g1 2 43 g1 2 36 0.211546 0.0701902 1
g1 2 41 g1 2 36 0.204116 0.0729246 1
g1 2 59 g1 2 54 0.275937 0.125942 1
g1 2 56 g1 2 47 0.263862 0.139616 1
g1 2 73 g1 2 47 0.333944 0.242762 1
g1 2 53 g1 2 43 0.253176 0.194021 1
g1 2 54 g1 2 69 0.255541 0.100994 1
g1 2 41 g1 2 46 0.203875 0.0782365 1
g1 2 42 g1 2 43 0.20773 0.156364 1
g1 2 33 g1 2 48 0.174263 0.0612619 1
g1 2 51 g1 2 52 0.243197 0.197634 1
g1 2 41 g1 2 54 0.203663 0.226619 1
g1 2 44 g1 2 43 0.215449 0.145674 1
g1 2 55 g1 2 43 0.260212 0.154799 1
g1 2 44 g1 2 43 0.215463 0.14882 1
g1 2 39 g1 2 41 0.196328 0.156408 1
g1 2 41 g1 2 43 0.203232 0.113863 1
g1 2 47 g1 2 48 0.227841 0.148519 1
g1 2 51 g1 2 52 0.243315 0.204624 1
g1 2 42 g1 2 43 0.207898 0.206752 1
g1 2 44 g1 2 43 0.21612 0.166897 1
g1 2 51 g1 2 43 0.243964 0.152267 1
g1 2 38 g1 2 52 0.191768 0.225632 1
g1 2 48 g6 2 67 0.2318 0.191866 1
g1 2 51 g6 2 63 0.244141 0.186925 1
g1 2 39 g6 2 70 0.195441 0.163582 1
g1 2 50 g6 2 64 0.23987 0.123351 1
g1 2 70 g2 2 30 0.323326 0.211961 1
g1 2 46 g6 2 48 0.223845 0.140177 1
g1 2 62 g2 2 30 0.289543 0.158839 1
g1 2 40 g1 2 30 0.199298 0.104996 1
g1 2 36 g1 2 32 0.185892 0.0552752 1
g1 2 27 g1 2 30 0.145321 0.0717766 1
g1 2 27 g1 2 27 0.144594 0.0584145 1
g1 2 29 g1 2 30 0.152577 0.0570191 1
g1 2 29 g1 2 29 0.152631 0.0497548 1
g1 2 34 g1 2 32 0.175906 0.0552609 1
g1 2 27 g1 2 27 0.144645 0.0585002 1
g2 2 26 g2 2 24 0.140945 0.080774 1
g2 2 26 g2 2 24 0.142097 0.0829627 1
g2 2 29 g2 2 30 0.152551 0.150494 1
g2 2 24 g2 2 24 0.133282 0.147788 1
g2 2 25 g2 2 24 0.136983 0.131777 1
g2 2 21 g2 2 30 0.120409 0.144918 1
g2 2 24 g2 2 24 0.134805 0.121557 1
g2 2 25 g2 2 24 0.137277 0.0897749 1
g2 2 26 g2 2 24 0.14151 0.147597 1
g2 2 53 g2 2 48 0.253103 0.12162 1
g2 2 27 g2 2 24 0.144738 0.0821964 1
g2 2 26 g2 2 24 0.14144 0.0848221 1
g2 2 26 g2 2 24 0.140326 0.105094 1
g2 2 27 g2 2 24 0.14493 0.108519 1
g2 2 28 g2 2 24 0.149625 0.168705 1
g2 2 25 g2 2 24 0.137391 0.128441 1
g2 2 19 g2 2 30 0.11263 0.230905 1
g2 2 25 g2 2 24 0.137003 0.0748435 1
g2 2 27 g2 2 24 0.144903 0.0862481 1
g2 2 25 g2 2 24 0.137344 0.132325 1
g2 2 28 g2 2 24 0.148912 0.127187 1
g2 2 28 g2 2 24 0.149178 0.202375 1
g2 2 24 g2 2 24 0.133821 0.140708 1
g2 2 29 g2 2 24 0.153467 0.0773327 1
g2 2 31 g2 2 30 0.160572 0.157309 1
g2 2 26 g2 2 24 0.140945 0.142029 1
g2 2 25 g2 2 30 0.136384 0.218193 1
g2 2 28 g2 2 24 0.148674 0.144577 1
g2 2 32 g2 2 24 0.165819 0.120105 1
g2 2 57 g2 2 51 0.270005 0.113447 1
g2 2 52 g1 2 29 0.249297 0.207128 1
g2 2 53 g2 2 48 0.253225 0.113228 1
g2 2 46 g1 2 41 0.224413 0.255285 1
g2 2 36 g2 2 40 0.185433 0.0945646 1
g2 2 40 g2 2 37 0.199833 0.0997305 1
g2 2 62 g2 2 51 0.290693 0.105391 1
g2 2 41 g2 2 37 0.204034 0.0860249 1
g2 2 35 g2 2 42 0.180473 0.0785681 1
g2 2 34 g2 2 37 0.177126 0.0735559 1
g2 2 37 g2 2 42 0.188803 0.0676064 1
g2 2 37 g2 2 37 0.1883 0.0543996 1
g2 2 39 g2 2 37 0.195643 0.0563116 1
g2 2 37 g2 2 37 0.188546 0.0944887 1
g2 2 39 g2 2 37 0.195509 0.0661056 1
g2 2 40 g2 2 42 0.199926 0.0699725 1
g2 2 45 g2 2 42 0.220072 0.125056 1
g2 2 29 g2 2 40 0.152934 0.117702 1
g2 2 40 g2 2 37 0.200418 0.0587943 1
g2 2 82 g2 2 51 0.375856 0.159875 1
g2 2 39 g2 2 40 0.19571 0.0776896 1
g2 2 50 g2 2 42 0.239684 0.0686868 1
g2 2 50 g1 2 48 0.239686 0.208267 1
g2 2 38 g2 2 37 0.192727 0.097143 1
g2 2 35 g2 2 42 0.179909 0.0715669 1
g2 2 43 g1 2 62 0.212818 0.112596 1
g2 2 39 g2 2 42 0.195661 0.0883543 1
g2 2 47 g1 2 50 0.22778 0.190312 1
g2 2 44 g2 2 51 0.215787 0.108911 1
g2 2 38 g2 2 54 0.191752 0.10608 1
g2 2 54 g2 2 51 0.256122 0.109573 1
g2 2 33 g2 2 37 0.172814 0.083846 1
g2 2 38 g1 2 55 0.192741 0.278588 1
g2 2 56 g2 2 46 0.264306 0.160661 1
g2 2 27 g2 2 24 0.145284 0.129458 1
g2 2 24 g2 2 24 0.133694 0.118578 1
g2 2 26 g2 2 24 0.140964 0.0644475 1
g3 1 69 g3 1 72 0.319493 0.316273 1
g3 1 66 g3 1 82 0.308824 0.190213 1
g3 1 93 g3 1 79 0.420905 0.296692 1
g3 1 100 g3 1 71 0.452131 0.236355 1
g3 1 105 g1 2 55 0.47634 0.423074 1
g3 1 94 g3 1 71 0.4261 0.254154 1
g3 1 89 g3 1 70 0.406481 0.276936 1
g3 1 91 g3 1 80 0.41402 0.273393 1
g3 1 84 g3 1 85 0.385165 0.278647 1
g3 1 85 g3 1 90 0.386628 0.283675 1
g3 1 86 g3 1 104 0.391608 0.250977 1
g3 1 90 g3 1 79 0.410001 0.20536 1
g3 1 90 g3 1 84 0.4097 0.23957 1
g3 1 90 g3 1 125 0.411566 0.213121 1
g3 1 88 g3 1 76 0.398634 0.475727 0
g3 1 84 g3 1 72 0.385955 0.242721 1
g3 1 78 g3 1 79 0.35918 0.195477 1
g3 1 111 g1 2 47 0.500703 0.354061 1
g3 1 93 g3 1 80 0.422864 0.243617 1
g3 1 93 g3 1 83 0.424464 0.208777 1
g3 1 97 g3 1 89 0.439221 0.214353 1
g3 1 91 g3 1 112 0.414977 0.215496 1
g3 1 90 g3 1 80 0.409086 0.237226 1
g3 1 83 g3 1 71 0.381967 0.250708 1
g3 1 89 g3 1 79 0.405736 0.300822 1
g3 1 86 g3 1 75 0.390363 0.281679 1
g3 1 97 g3 1 110 0.438563 0.295255 1
g3 1 130 g3 1 82 0.58104 0.284261 1
g3 1 112 g3 1 87 0.505451 0.287481 1
g3 1 95 g3 1 78 0.430726 0.19328 1
g3 1 109 g3 1 118 0.49257 0.217483 1
g3 1 102 g3 1 80 0.45992 0.268437 1
g3 1 95 g3 1 76 0.430399 0.211657 1
g3 1 98 g3 1 83 0.444579 0.232041 1
g3 1 99 g3 1 89 0.449065 0.239975 1
g3 1 96 g3 1 81 0.436658 0.262869 1
g3 1 100 g7 1 75 0.452708 0.43396 1
g3 1 113 g3 1 138 0.510018 0.259061 1
g3 1 118 g3 1 138 0.530306 0.252984 1
g3 1 90 g3 1 82 0.407412 0.368885 1
g3 1 74 g3 1 66 0.339589 0.834601 0
g3 1 95 g3 1 83 0.430359 0.274813 1
g3 1 83 g3 1 77 0.378465 0.211947 1
g3 1 75 g3 1 78 0.344582 0.188616 1
g3 1 79 g3 1 79 0.363107 0.209933 1
g3 1 84 g3 1 89 0.382846 0.288825 1
g3 1 75 g3 1 75 0.344472 0.323432 1
g3 1 83 g3 1 82 0.378655 0.167859 1
g3 1 77 g3 1 72 0.35236 0.214258 1
g3 1 76 g3 1 89 0.348836 0.294233 1
g3 1 82 g3 1 89 0.373493 0.248577 1
g4 2 69 g4 2 57 0.318358 0.191123 1
g4 2 69 g4 2 80 0.319552 0.0660167 1
g4 2 84 g4 2 85 0.383589 0.161414 1
g4 2 83 g4 2 80 0.378387 0.161243 1
g4 2 78 g4 2 88 0.357108 0.117795 1
g4 2 79 g4 2 97 0.361139 0.13937 1
g4 2 98 g3 1 87 0.44247 0.254056 1
g4 2 79 g4 2 80 0.36246 0.157149 1
g4 2 93 g4 2 92 0.422008 0.149584 1
g4 2 91 g4 2 93 0.412535 0.163987 1
g4 2 87 g4 2 88 0.394704 0.135221 1
g4 2 92 g4 2 97 0.417313 0.111199 1
g4 2 100 g4 2 99 0.452494 0.0772027 1
g4 2 87 g4 2 53 0.394622 0.0994266 1
g4 2 55 g4 2 65 0.259039 0.116808 1
g4 2 58 g4 2 55 0.272969 0.0715552 1
g4 2 55 g4 2 53 0.26048 0.0751592 1
g4 2 61 g4 2 64 0.284216 0.142849 1
g4 2 57 g4 2 62 0.269288 0.0996441 1
g4 2 63 g4 2 64 0.294261 0.105019 1
g4 2 65 g4 2 76 0.301708 0.0836168 1
g4 2 67 g4 2 76 0.311685 0.0981991 1
g4 2 75 g4 2 93 0.344993 0.148781 1
g4 2 55 g4 2 60 0.258905 0.103583 1
g4 2 70 g4 2 65 0.323357 0.0884289 1
g4 2 70 g4 2 70 0.323087 0.0475186 1
g4 2 78 g4 2 68 0.355785 0.0850483 1
g4 2 77 g4 2 81 0.351285 0.108874 1
g4 2 90 g4 2 60 0.407046 0.0948221 1
g4 2 88 g4 2 64 0.398475 0.103041 1
g4 2 57 g4 2 70 0.268188 0.0813742 1
g4 2 57 g4 2 61 0.26875 0.0911389 1
g4 2 61 g4 2 64 0.285101 0.0745925 1
g4 2 64 g4 2 64 0.297789 0.125211 1
g4 2 85 g4 2 64 0.385598 0.0978542 1
g4 2 80 g4 2 64 0.365568 0.184858 1
g4 2 87 g4 2 77 0.395584 0.144483 1
g4 2 62 g4 2 60 0.290517 0.0668608 1
g4 2 86 g4 2 77 0.39004 0.0981559 1
g4 2 98 g4 2 77 0.442196 0.10866 1
g4 2 78 g4 2 80 0.356294 0.0673156 1
g4 2 86 g4 2 60 0.388947 0.0945725 1
g5 2 82 g5 2 92 0.376587 0.0888844 1
g5 2 85 g5 2 83 0.38805 0.0766654 1
g5 2 83 g5 2 99 0.380962 0.104034 1
g5 2 80 g5 2 99 0.368127 0.115317 1
g5 2 67 g5 2 96 0.3128 0.158796 1
g5 2 79 g5 2 96 0.364587 0.0914223 1
g5 2 78 g4 2 63 0.358142 0.186761 1
g5 2 87 g5 2 96 0.396841 0.173141 1
g5 2 76 g5 2 98 0.350734 0.205094 1
g5 2 62 g5 2 60 0.290874 0.115852 1
g5 2 66 g5 2 66 0.308015 0.116191 1
g5 2 78 g5 2 66 0.357969 0.107979 1
g5 2 64 g5 2 80 0.300434 0.141213 1
g5 2 67 g4 2 58 0.31061 0.184074 1
g5 2 81 g5 2 98 0.370717 0.160284 1
g5 2 74 g5 2 66 0.340382 0.202666 1
g5 2 71 g5 2 98 0.327527 0.170467 1
g5 2 66 g5 2 66 0.307207 0.177696 1
g5 2 71 g5 2 98 0.32885 0.163221 1
g5 2 71 g4 2 57 0.327465 0.167461 1
g5 2 73 g5 2 97 0.336523 0.132334 1
g5 2 71 g5 2 63 0.327891 0.154023 1
g5 2 73 g4 2 68 0.336165 0.206301 1
g5 2 71 g5 2 96 0.327479 0.164192 1
g5 2 78 g5 2 96 0.359078 0.126072 1
g5 2 77 g5 2 104 0.353966 0.149785 1
g5 2 74 g4 2 57 0.340396 0.14223 1
g5 2 73 g5 2 104 0.337189 0.163228 1
g5 2 75 g5 2 98 0.344063 0.211005 1
g5 2 76 g5 2 86 0.349957 0.135157 1
g5 2 71 g4 2 63 0.329839 0.186927 1
g5 2 74 g5 2 96 0.341927 0.126245 1
g5 2 69 g5 2 94 0.321216 0.133138 1
g5 2 73 g5 2 96 0.33926 0.133423 1
g5 2 74 g5 2 96 0.341086 0.142666 1
g5 2 81 g5 2 94 0.371753 0.0961288 1
g5 2 108 g5 2 98 0.48732 0.116844 1
g5 2 75 g5 2 94 0.346599 0.08502 1
g5 2 90 g5 2 99 0.41097 0.0742962 1
g5 2 90 g5 2 94 0.412939 0.118403 1
g5 2 96 g5 2 113 0.438306 0.126379 1
g5 2 90 g5 2 113 0.412598 0.0856127 1
g5 2 89 g5 2 103 0.407997 0.0963033 1
g5 2 96 g5 2 98 0.437644 0.089658 1
g5 2 90 g5 2 96 0.412265 0.0717028 1
g6 2 76 g6 2 72 0.347663 0.0771459 1
g6 2 73 g6 2 72 0.335469 0.0880276 1
g6 2 79 g6 2 72 0.359946 0.0822419 1
g6 2 77 g6 2 63 0.350925 0.168577 1
g6 2 65 g6 2 72 0.301837 0.0669014 1
g6 2 64 g6 2 75 0.298528 0.114614 1
g6 2 69 g6 2 72 0.317807 0.0890006 1
g6 2 71 g6 2 72 0.326144 0.123143 1
g6 2 68 g6 2 72 0.313144 0.0985805 1
g6 2 59 g6 2 72 0.276549 0.0973569 1
g6 2 74 g6 2 70 0.339924 0.143305 1
g6 2 80 g6 2 177 0.364974 0.0852704 1
g6 2 78 g6 2 77 0.356232 0.0643359 1
g6 2 57 g6 2 72 0.268043 0.116345 1
g6 2 68 g6 2 77 0.314754 0.158649 1
g6 2 77 g6 2 73 0.350947 0.0807775 1
g6 2 65 g6 2 72 0.301668 0.0915207 1
g6 2 82 g6 2 73 0.372776 0.0823714 1
g6 2 68 g6 2 72 0.314073 0.0777317 1
g6 2 66 g6 2 72 0.305113 0.137876 1
g6 2 78 g6 2 72 0.356382 0.0898468 1
g6 2 113 g6 2 72 0.501938 0.147326 1
g6 2 72 g6 2 73 0.330965 0.0916119 1
g6 2 64 g6 2 69 0.29864 0.111254 1
g6 2 68 g6 2 72 0.313034 0.116217 1
g6 2 66 g6 2 84 0.305543 0.235259 1
g6 2 84 g6 2 72 0.381516 0.11065 1
g6 2 66 g6 2 72 0.305669 0.0817849 1
g6 2 66 g6 2 72 0.305974 0.0878122 1
g6 2 54 g6 2 62 0.256339 0.0951049 1
g6 2 59 g6 2 63 0.276887 0.0737205 1
g6 2 61 g6 2 63 0.284829 0.101849 1
g6 2 97 g6 2 92 0.437685 0.361166 1
g6 2 73 g1 2 54 0.335498 0.242303 1
g6 2 59 g6 2 60 0.276126 0.0325585 1
g6 2 61 g6 2 66 0.284469 0.0781043 1
g6 2 65 g6 2 61 0.302053 0.0581284 1
g6 2 62 g6 2 65 0.288355 0.0600247 1
g6 2 69 g6 2 68 0.319109 0.0699748 1
g6 2 74 g6 2 70 0.3388 0.0584366 1
g6 2 69 g6 2 84 0.318078 0.0875334 1
g7 1 71 g7 1 85 0.32915 0.27168 1
g7 1 63 g7 1 81 0.295727 0.212809 1
g7 1 69 g7 1 73 0.320082 0.308133 1
g7 1 71 g7 1 100 0.329574 0.149006 1
g7 1 76 g7 1 64 0.348571 0.278388 1
g7 1 80 g7 1 77 0.366666 0.250562 1
g7 1 64 g7 1 78 0.299429 0.263044 1
g7 1 70 g7 1 71 0.325203 0.12257 1
g7 1 50 g7 1 58 0.240487 0.217144 1
g7 1 61 g3 1 81 0.286278 0.38893 1
g7 1 65 g7 1 63 0.302065 0.214304 1
g7 1 70 g7 1 64 0.32401 0.160001 1
g7 1 67 g7 1 74 0.30933 0.212843 1
g7 1 63 g7 1 54 0.293643 0.169549 1
g7 1 54 g7 1 53 0.255675 0.213141 1
g7 1 62 g7 1 58 0.289128 0.169683 1
g7 1 61 g7 1 53 0.284906 0.152039 1
g7 1 56 g7 1 60 0.264003 0.210975 1
g7 1 58 g7 1 87 0.272807 0.284984 1
g7 1 59 g7 1 52 0.277593 0.157445 1
g7 1 59 g7 1 60 0.27682 0.193492 1
g7 1 52 g7 1 49 0.248691 0.0354893 1
g7 1 73 g1 2 29 0.335504 0.506446 0
g7 1 66 g7 1 67 0.305698 0.225156 1
g7 1 86 g7 1 52 0.390228 0.317661 1
g7 1 70 g7 1 92 0.323472 0.347275 1
g7 1 65 g2 2 42 0.302121 0.414207 0
g7 1 72 g7 1 71 0.332058 0.161306 1
g7 1 68 g1 2 29 0.314816 0.529818 0
g7 1 68 g3 1 128 0.313385 0.522324 0
g7 1 70 g7 1 67 0.321852 0.215648 1
g7 1 83 g7 1 91 0.377323 0.294133 1
g7 1 75 g7 1 86 0.342959 0.294575 1
g7 1 77 g7 1 65 0.35116 0.213428 1
g7 1 88 g7 1 64 0.399776 0.204561 1
g7 1 134 g7 1 86 0.598965 0.276689 1
g7 1 64 g7 1 73 0.298587 0.24136 1
g7 1 65 g7 1 95 0.302939 0.247475 1
g7 1 76 g7 1 81 0.348827 0.260509 1
g7 1 76 g7 1 73 0.34888 0.23138 1
g7 1 86 g7 1 77 0.391038 0.257496 1
g7 1 95 g7 1 89 0.430087 0.189599 1
g7 1 60 g7 1 63 0.28446 0.262553 1
g7 1 99 g7 1 75 0.447399 0.172561 1
g7 1 37 g7 1 71 0.188295 0.356486 1
g7 1 68 g7 1 98 0.315692 0.358518 1
g7 1 70 g7 1 64 0.323932 0.151632 1
g7 1 69 g7 1 58 0.319558 0.27366 1
g7 1 70 g7 1 71 0.323954 0.163192 1
g7 1 94 g7 1 77 0.425295 0.234385 1
g7 1 61 g7 1 55 0.285282 0.305223 1
g7 1 64 g7 1 63 0.300331 0.253362 1
g7 1 82 g7 1 87 0.373468 0.161789 1
g7 1 117 g7 1 88 0.529177 0.307909 1
g7 1 108 g7 1 101 0.487412 0.245434 1
g7 1 103 g7 1 70 0.464682 0.375397 1
g7 1 102 g7 1 101 0.460733 0.222327 1
g7 1 89 g7 1 69 0.403843 0.232672 1
g7 1 97 g7 1 92 0.439889 0.157676 1
g7 1 81 g7 1 91 0.371469 0.204566 1
g7 1 90 g7 1 92 0.409399 0.152347 1
g7 1 86 g7 1 89 0.391164 0.186012 1
g7 1 91 g7 1 92 0.414339 0.167741 1
