g1 2 44 g6 2 60 0.215787 0.160914 1
g1 2 42 g6 2 64 0.207087 0.172727 1
g1 2 50 g6 2 48 0.239251 0.125289 1
g1 2 100 g1 2 43 0.448594 0.129417 1
g1 2 61 g2 2 30 0.285618 0.183151 1
g1 2 54 g1 2 46 0.258974 0.142534 1
g1 2 58 g1 2 46 0.273051 0.113158 1
g1 2 35 g1 2 50 0.180203 0.0970448 1
g1 2 44 g1 2 40 0.215391 0.122193 1
g1 2 52 g1 2 46 0.247912 0.153201 1
g1 2 37 g1 2 40 0.188267 0.117398 1
g1 2 48 g1 2 40 0.232369 0.0942005 1
g1 2 46 g1 2 46 0.223827 0.0653767 1
g1 2 45 g1 2 44 0.219553 0.0742529 1
g1 2 51 g1 2 46 0.243362 0.0742867 1
g1 2 109 g6 2 71 0.486724 0.199637 1
g1 2 47 g1 2 40 0.227903 0.0893916 1
g1 2 69 g6 2 68 0.31782 0.192761 1
g1 2 35 g6 2 69 0.179861 0.134836 1
g1 2 44 g6 2 64 0.216185 0.180735 1
g1 2 37 g6 2 49 0.187863 0.127242 1
g1 2 52 g6 2 55 0.247734 0.15502 1
g1 2 40 g2 2 45 0.200848 0.175992 1
g1 2 43 g1 2 36 0.211171 0.0701902 1
g1 2 41 g1 2 36 0.203716 0.0729246 1
g1 2 59 g1 2 54 0.27648 0.125942 1
g1 2 56 g1 2 47 0.26408 0.139616 1
g1 2 73 g1 2 47 0.334921 0.242762 1
g1 2 53 g1 2 43 0.253421 0.194021 1
g1 2 54 g1 2 69 0.256057 0.100994 1
g1 2 41 g1 2 46 0.203701 0.0782365 1
g1 2 42 g1 2 43 0.207464 0.156364 1
g1 2 33 g1 2 48 0.17276 0.0612619 1
g1 2 51 g1 2 52 0.242658 0.197634 1
g1 2 41 g1 2 54 0.204026 0.226619 1
g1 2 44 g1 2 43 0.214887 0.145674 1
g1 2 55 g1 2 43 0.260193 0.154799 1
g1 2 44 g1 2 43 0.216174 0.14882 1
g1 2 39 g1 2 41 0.195696 0.156408 1
g1 2 41 g1 2 43 0.203769 0.113863 1
g1 2 47 g1 2 48 0.227899 0.148519 1
g1 2 51 g1 2 52 0.243304 0.204624 1
g1 2 42 g1 2 43 0.208604 0.206752 1
g1 2 44 g1 2 43 0.215186 0.166897 1
g1 2 51 g1 2 43 0.24328 0.152267 1
g1 2 38 g1 2 52 0.192341 0.225632 1
g1 2 48 g6 2 67 0.231587 0.191866 1
g1 2 51 g6 2 63 0.243314 0.186925 1
g1 2 39 g6 2 70 0.195848 0.163582 1
g1 2 50 g6 2 64 0.239568 0.123351 1
g1 2 70 g2 2 30 0.324083 0.211961 1
g1 2 46 g6 2 48 0.224562 0.140177 1
g1 2 62 g2 2 30 0.289659 0.158839 1
g1 2 40 g1 2 30 0.199981 0.104996 1
g1 2 36 g1 2 32 0.18317 0.0552752 1
g1 2 27 g1 2 30 0.14542 0.0717766 1
g1 2 27 g1 2 27 0.144704 0.0584145 1
g1 2 29 g1 2 30 0.152627 0.0570191 1
g1 2 29 g1 2 29 0.15282 0.0497548 1
g1 2 34 g1 2 32 0.176012 0.0552609 1
g1 2 27 g1 2 27 0.144612 0.0585002 1
g2 2 26 g2 2 24 0.140354 0.080774 1
g2 2 26 g2 2 24 0.14149 0.0829627 1
g2 2 29 g2 2 30 0.152322 0.150494 1
g2 2 24 g2 2 24 0.133302 0.147788 1
g2 2 25 g2 2 24 0.13644 0.131777 1
g2 2 21 g2 2 30 0.119539 0.144918 1
g2 2 24 g2 2 24 0.13294 0.121557 1
g2 2 25 g2 2 24 0.13682 0.0897749 1
g2 2 26 g2 2 24 0.14187 0.147597 1
g2 2 53 g2 2 48 0.25279 0.12162 1
g2 2 27 g2 2 24 0.14456 0.0821964 1
g2 2 26 g2 2 24 0.140276 0.0848221 1
g2 2 26 g2 2 24 0.140797 0.105094 1
g2 2 27 g2 2 24 0.144798 0.108519 1
g2 2 28 g2 2 24 0.14901 0.168705 1
g2 2 25 g2 2 24 0.13726 0.128441 1
g2 2 19 g2 2 30 0.113431 0.230905 1
g2 2 25 g2 2 24 0.136639 0.0748435 1
g2 2 27 g2 2 24 0.144961 0.0862481 1
g2 2 25 g2 2 24 0.137396 0.132325 1
g2 2 28 g2 2 24 0.149877 0.127187 1
g2 2 28 g2 2 24 0.148705 0.202375 1
g2 2 24 g2 2 24 0.133348 0.140708 1
g2 2 29 g2 2 24 0.152783 0.0773327 1
g2 2 31 g2 2 30 0.159677 0.157309 1
g2 2 26 g2 2 24 0.140416 0.142029 1
g2 2 25 g2 2 30 0.136392 0.218193 1
g2 2 28 g2 2 24 0.148535 0.144577 1
g2 2 32 g2 2 24 0.165966 0.120105 1
g2 2 57 g2 2 51 0.26998 0.113447 1
g2 2 52 g1 2 29 0.24809 0.207128 1
g2 2 53 g2 2 48 0.254139 0.113228 1
g2 2 46 g1 2 41 0.223888 0.255285 1
g2 2 36 g2 2 40 0.184231 0.0945646 1
g2 2 40 g2 2 37 0.199484 0.0997305 1
g2 2 62 g2 2 51 0.28929 0.105391 1
g2 2 41 g2 2 37 0.204763 0.0860249 1
g2 2 35 g2 2 42 0.180983 0.0785681 1
g2 2 34 g2 2 37 0.177078 0.0735559 1
g2 2 37 g2 2 42 0.187956 0.0676064 1
g2 2 37 g2 2 37 0.188436 0.0543996 1
g2 2 39 g2 2 37 0.199012 0.0563116 1
g2 2 37 g2 2 37 0.188892 0.0944887 1
g2 2 39 g2 2 37 0.197015 0.0661056 1
g2 2 40 g2 2 42 0.200159 0.0699725 1
g2 2 45 g2 2 42 0.219421 0.125056 1
g2 2 29 g2 2 40 0.152884 0.117702 1
g2 2 40 g2 2 37 0.199532 0.0587943 1
g2 2 82 g2 2 51 0.376117 0.159875 1
g2 2 39 g2 2 40 0.195696 0.0776896 1
g2 2 50 g2 2 42 0.239502 0.0686868 1
g2 2 50 g1 2 48 0.2393 0.208267 1
g2 2 38 g2 2 37 0.192357 0.097143 1
g2 2 35 g2 2 42 0.180541 0.0715669 1
g2 2 43 g1 2 62 0.211524 0.112596 1
g2 2 39 g2 2 42 0.196095 0.0883543 1
g2 2 47 g1 2 50 0.228597 0.190312 1
g2 2 44 g2 2 51 0.215809 0.108911 1
g2 2 38 g2 2 54 0.191666 0.10608 1
g2 2 54 g2 2 51 0.25624 0.109573 1
g2 2 33 g2 2 37 0.172457 0.083846 1
g2 2 38 g1 2 55 0.192159 0.278588 1
g2 2 56 g2 2 46 0.264508 0.160661 1
g2 2 27 g2 2 24 0.144651 0.129458 1
g2 2 24 g2 2 24 0.132736 0.118578 1
g2 2 26 g2 2 24 0.141139 0.0644475 1
g3 1 69 g3 1 72 0.320071 0.316273 1
g3 1 66 g3 1 82 0.308179 0.190213 1
g3 1 93 g3 1 79 0.423377 0.296692 1
g3 1 100 g3 1 71 0.452171 0.236355 1
g3 1 105 g1 2 55 0.474611 0.423074 1
g3 1 94 g3 1 71 0.426549 0.254154 1
g3 1 89 g3 1 70 0.405929 0.276936 1
g3 1 91 g3 1 80 0.415029 0.273393 1
g3 1 84 g3 1 85 0.383858 0.278647 1
g3 1 85 g3 1 90 0.385872 0.283675 1
g3 1 86 g3 1 104 0.391627 0.250977 1
g3 1 90 g3 1 79 0.409854 0.20536 1
g3 1 90 g3 1 84 0.409735 0.23957 1
g3 1 90 g3 1 125 0.411844 0.213121 1
g3 1 88 g3 1 76 0.398819 0.475727 1
g3 1 84 g3 1 72 0.38442 0.242721 1
g3 1 78 g3 1 79 0.358788 0.195477 1
g3 1 111 g1 2 47 0.504719 0.354061 1
g3 1 93 g3 1 80 0.423762 0.243617 1
g3 1 93 g3 1 83 0.424442 0.208777 1
g3 1 97 g3 1 89 0.439509 0.214353 1
g3 1 91 g3 1 112 0.414971 0.215496 1
g3 1 90 g3 1 80 0.408905 0.237226 1
g3 1 83 g3 1 71 0.378996 0.250708 1
g3 1 89 g3 1 79 0.406322 0.300822 1
g3 1 86 g3 1 75 0.39254 0.281679 1
g3 1 97 g3 1 110 0.440687 0.295255 1
g3 1 130 g3 1 82 0.580905 0.284261 1
g3 1 112 g3 1 87 0.50581 0.287481 1
g3 1 95 g3 1 78 0.430423 0.19328 1
g3 1 109 g3 1 118 0.493009 0.217483 1
g3 1 102 g3 1 80 0.459493 0.268437 1
g3 1 95 g3 1 76 0.430789 0.211657 1
g3 1 98 g3 1 83 0.444345 0.232041 1
g3 1 99 g3 1 89 0.448731 0.239975 1
g3 1 96 g3 1 81 0.437393 0.262869 1
g3 1 100 g7 1 75 0.452812 0.43396 1
g3 1 113 g3 1 138 0.50866 0.259061 1
g3 1 118 g3 1 138 0.531457 0.252984 1
g3 1 90 g3 1 82 0.407991 0.368885 1
g3 1 74 g3 1 66 0.339038 0.834601 0
g3 1 95 g3 1 83 0.430642 0.274813 1
g3 1 83 g3 1 77 0.379016 0.211947 1
g3 1 75 g3 1 78 0.344752 0.188616 1
g3 1 79 g3 1 79 0.361061 0.209933 1
g3 1 84 g3 1 89 0.381919 0.288825 1
g3 1 75 g3 1 75 0.343862 0.323432 1
g3 1 83 g3 1 82 0.378506 0.167859 1
g3 1 77 g3 1 72 0.351708 0.214258 1
g3 1 76 g3 1 89 0.348558 0.294233 1
g3 1 82 g3 1 89 0.375205 0.248577 1
g4 2 69 g4 2 57 0.31783 0.191123 1
g4 2 69 g4 2 80 0.318027 0.0660167 1
g4 2 84 g4 2 85 0.383793 0.161414 1
g4 2 83 g4 2 80 0.377627 0.161243 1
g4 2 78 g4 2 88 0.357619 0.117795 1
g4 2 79 g4 2 97 0.362228 0.13937 1
g4 2 98 g3 1 87 0.442141 0.254056 1
g4 2 79 g4 2 80 0.361561 0.157149 1
g4 2 93 g4 2 92 0.421071 0.149584 1
g4 2 91 g4 2 93 0.412279 0.163987 1
g4 2 87 g4 2 88 0.397083 0.135221 1
g4 2 92 g4 2 97 0.418809 0.111199 1
g4 2 100 g4 2 99 0.451988 0.0772027 1
g4 2 87 g4 2 53 0.394698 0.0994266 1
g4 2 55 g4 2 65 0.259099 0.116808 1
g4 2 58 g4 2 55 0.273577 0.0715552 1
g4 2 55 g4 2 53 0.259402 0.0751592 1
g4 2 61 g4 2 64 0.284826 0.142849 1
g4 2 57 g4 2 62 0.267432 0.0996441 1
g4 2 63 g4 2 64 0.293891 0.105019 1
g4 2 65 g4 2 76 0.302236 0.0836168 1
g4 2 67 g4 2 76 0.309852 0.0981991 1
g4 2 75 g4 2 93 0.344025 0.148781 1
g4 2 55 g4 2 60 0.259055 0.103583 1
g4 2 70 g4 2 65 0.323356 0.0884289 1
g4 2 70 g4 2 70 0.322741 0.0475186 1
g4 2 78 g4 2 68 0.355906 0.0850483 1
g4 2 77 g4 2 81 0.351693 0.108874 1
g4 2 90 g4 2 60 0.406784 0.0948221 1
g4 2 88 g4 2 64 0.398178 0.103041 1
g4 2 57 g4 2 70 0.268158 0.0813742 1
g4 2 57 g4 2 61 0.268761 0.0911389 1
g4 2 61 g4 2 64 0.284872 0.0745925 1
g4 2 64 g4 2 64 0.29738 0.125211 1
g4 2 85 g4 2 64 0.38588 0.0978542 1
g4 2 80 g4 2 64 0.36547 0.184858 1
g4 2 87 g4 2 77 0.395302 0.144483 1
g4 2 62 g4 2 60 0.28961 0.0668608 1
g4 2 86 g4 2 77 0.390167 0.0981559 1
g4 2 98 g4 2 77 0.442931 0.10866 1
g4 2 78 g4 2 80 0.356783 0.0673156 1
g4 2 86 g4 2 60 0.389297 0.0945725 1
g5 2 82 g5 2 92 0.37612 0.0888844 1
g5 2 85 g5 2 83 0.387346 0.0766654 1
g5 2 83 g5 2 99 0.38043 0.104034 1
g5 2 80 g5 2 99 0.367767 0.115317 1
g5 2 67 g5 2 96 0.312139 0.158796 1
g5 2 79 g5 2 96 0.365452 0.0914223 1
g5 2 78 g4 2 63 0.359076 0.186761 1
g5 2 87 g5 2 96 0.397501 0.173141 1
g5 2 76 g5 2 98 0.35056 0.205094 1
g5 2 62 g5 2 60 0.290083 0.115852 1
g5 2 66 g5 2 66 0.306996 0.116191 1
g5 2 78 g5 2 66 0.357479 0.107979 1
g5 2 64 g5 2 80 0.300035 0.141213 1
g5 2 67 g4 2 58 0.311779 0.184074 1
g5 2 81 g5 2 98 0.372358 0.160284 1
g5 2 74 g5 2 66 0.341187 0.202666 1
g5 2 71 g5 2 98 0.328238 0.170467 1
g5 2 66 g5 2 66 0.307352 0.177696 1
g5 2 71 g5 2 98 0.328964 0.163221 1
g5 2 71 g4 2 57 0.328424 0.167461 1
g5 2 73 g5 2 97 0.337109 0.132334 1
g5 2 71 g5 2 63 0.328465 0.154023 1
g5 2 73 g4 2 68 0.336496 0.206301 1
g5 2 71 g5 2 96 0.329431 0.164192 1
g5 2 78 g5 2 96 0.360036 0.126072 1
g5 2 77 g5 2 104 0.354553 0.149785 1
g5 2 74 g4 2 57 0.341232 0.14223 1
g5 2 73 g5 2 104 0.337012 0.163228 1
g5 2 75 g5 2 98 0.344224 0.211005 1
g5 2 76 g5 2 86 0.349223 0.135157 1
g5 2 71 g4 2 63 0.329199 0.186927 1
g5 2 74 g5 2 96 0.341295 0.126245 1
g5 2 69 g5 2 94 0.321637 0.133138 1
g5 2 73 g5 2 96 0.339984 0.133423 1
g5 2 74 g5 2 96 0.342057 0.142666 1
g5 2 81 g5 2 94 0.371527 0.0961288 1
g5 2 108 g5 2 98 0.48617 0.116844 1
g5 2 75 g5 2 94 0.346294 0.08502 1
g5 2 90 g5 2 99 0.408376 0.0742962 1
g5 2 90 g5 2 94 0.412499 0.118403 1
g5 2 96 g5 2 113 0.438641 0.126379 1
g5 2 90 g5 2 113 0.411998 0.0856127 1
g5 2 89 g5 2 103 0.409169 0.0963033 1
g5 2 96 g5 2 98 0.437431 0.089658 1
g5 2 90 g5 2 96 0.411128 0.0717028 1
g6 2 76 g6 2 72 0.346378 0.0771459 1
g6 2 73 g6 2 72 0.334545 0.0880276 1
g6 2 79 g6 2 72 0.359113 0.0822419 1
g6 2 77 g6 2 63 0.35134 0.168577 1
g6 2 65 g6 2 72 0.302398 0.0669014 1
g6 2 64 g6 2 75 0.297769 0.114614 1
g6 2 69 g6 2 72 0.317968 0.0890006 1
g6 2 71 g6 2 72 0.325269 0.123143 1
g6 2 68 g6 2 72 0.313452 0.0985805 1
g6 2 59 g6 2 72 0.278312 0.0973569 1
g6 2 74 g6 2 70 0.338671 0.143305 1
g6 2 80 g6 2 177 0.365589 0.0852704 1
g6 2 78 g6 2 77 0.355462 0.0643359 1
g6 2 57 g6 2 72 0.268427 0.116345 1
g6 2 68 g6 2 77 0.314454 0.158649 1
g6 2 77 g6 2 73 0.351588 0.0807775 1
g6 2 65 g6 2 72 0.300718 0.0915207 1
g6 2 82 g6 2 73 0.372139 0.0823714 1
g6 2 68 g6 2 72 0.313283 0.0777317 1
g6 2 66 g6 2 72 0.305055 0.137876 1
g6 2 78 g6 2 72 0.355308 0.0898468 1
g6 2 113 g6 2 72 0.502132 0.147326 1
g6 2 72 g6 2 73 0.331125 0.0916119 1
g6 2 64 g6 2 69 0.297004 0.111254 1
g6 2 68 g6 2 72 0.31399 0.116217 1
g6 2 66 g6 2 84 0.305716 0.235259 1
g6 2 84 g6 2 72 0.381838 0.11065 1
g6 2 66 g6 2 72 0.305946 0.0817849 1
g6 2 66 g6 2 72 0.304261 0.0878122 1
g6 2 54 g6 2 62 0.256212 0.0951049 1
g6 2 59 g6 2 63 0.275663 0.0737205 1
g6 2 61 g6 2 63 0.28463 0.101849 1
g6 2 97 g6 2 92 0.439387 0.361166 1
g6 2 73 g1 2 54 0.335601 0.242303 1
g6 2 59 g6 2 60 0.275483 0.0325585 1
g6 2 61 g6 2 66 0.284531 0.0781043 1
g6 2 65 g6 2 61 0.301214 0.0581284 1
g6 2 62 g6 2 65 0.288009 0.0600247 1
g6 2 69 g6 2 68 0.317842 0.0699748 1
g6 2 74 g6 2 70 0.338478 0.0584366 1
g6 2 69 g6 2 84 0.31825 0.0875334 1
g7 1 71 g7 1 85 0.329157 0.27168 1
g7 1 63 g7 1 81 0.295217 0.212809 1
g7 1 69 g7 1 73 0.318851 0.308133 1
g7 1 71 g7 1 100 0.328407 0.149006 1
g7 1 76 g7 1 64 0.348956 0.278388 1
g7 1 80 g7 1 77 0.366351 0.250562 1
g7 1 64 g7 1 78 0.299427 0.263044 1
g7 1 70 g7 1 71 0.323727 0.12257 1
g7 1 50 g7 1 58 0.239358 0.217144 1
g7 1 61 g3 1 81 0.286491 0.38893 1
g7 1 65 g7 1 63 0.301837 0.214304 1
g7 1 70 g7 1 64 0.32319 0.160001 1
g7 1 67 g7 1 74 0.309324 0.212843 1
g7 1 63 g7 1 54 0.293364 0.169549 1
g7 1 54 g7 1 53 0.256912 0.213141 1
g7 1 62 g7 1 58 0.288436 0.169683 1
g7 1 61 g7 1 53 0.284534 0.152039 1
g7 1 56 g7 1 60 0.264199 0.210975 1
g7 1 58 g7 1 87 0.273387 0.284984 1
g7 1 59 g7 1 52 0.27758 0.157445 1
g7 1 59 g7 1 60 0.276665 0.193492 1
g7 1 52 g7 1 49 0.249175 0.0354893 1
g7 1 73 g1 2 29 0.335833 0.506446 1
g7 1 66 g7 1 67 0.305062 0.225156 1
g7 1 86 g7 1 52 0.389668 0.317661 1
g7 1 70 g7 1 92 0.323964 0.347275 1
g7 1 65 g2 2 42 0.302171 0.414207 1
g7 1 72 g7 1 71 0.330747 0.161306 1
g7 1 68 g1 2 29 0.314913 0.529818 0
g7 1 68 g3 1 128 0.313474 0.522324 1
g7 1 70 g7 1 67 0.32173 0.215648 1
g7 1 83 g7 1 91 0.378135 0.294133 1
g7 1 75 g7 1 86 0.342798 0.294575 1
g7 1 77 g7 1 65 0.35089 0.213428 1
g7 1 88 g7 1 64 0.399183 0.204561 1
g7 1 134 g7 1 86 0.598407 0.276689 1
g7 1 64 g7 1 73 0.298995 0.24136 1
g7 1 65 g7 1 95 0.302026 0.247475 1
g7 1 76 g7 1 81 0.349451 0.260509 1
g7 1 76 g7 1 73 0.349415 0.23138 1
g7 1 86 g7 1 77 0.391399 0.257496 1
g7 1 95 g7 1 89 0.429498 0.189599 1
g7 1 60 g7 1 63 0.283285 0.262553 1
g7 1 99 g7 1 75 0.44648 0.172561 1
g7 1 37 g7 1 71 0.18673 0.356486 1
g7 1 68 g7 1 98 0.314778 0.358518 1
g7 1 70 g7 1 64 0.323371 0.151632 1
g7 1 69 g7 1 58 0.3195 0.27366 1
g7 1 70 g7 1 71 0.325588 0.163192 1
g7 1 94 g7 1 77 0.426016 0.234385 1
g7 1 61 g7 1 55 0.28565 0.305223 1
g7 1 64 g7 1 63 0.298113 0.253362 1
g7 1 82 g7 1 87 0.373631 0.161789 1
g7 1 117 g7 1 88 0.528235 0.307909 1
g7 1 108 g7 1 101 0.487254 0.245434 1
g7 1 103 g7 1 70 0.464629 0.375397 1
g7 1 102 g7 1 101 0.461454 0.222327 1
g7 1 89 g7 1 69 0.403221 0.232672 1
g7 1 97 g7 1 92 0.441931 0.157676 1
g7 1 81 g7 1 91 0.370258 0.204566 1
g7 1 90 g7 1 92 0.409598 0.152347 1
g7 1 86 g7 1 89 0.391477 0.186012 1
g7 1 91 g7 1 92 0.414325 0.167741 1
