g1 2 46 g6 2 78 0.229769 0.151271 1
g1 2 44 g6 2 66 0.221643 0.17884 1
g1 2 52 g6 2 50 0.255342 0.133323 1
g1 2 102 g1 2 45 0.469882 0.128344 1
g1 2 63 g2 2 32 0.302627 0.180019 1
g1 2 56 g1 2 48 0.274698 0.143851 1
g1 2 60 g1 2 54 0.28909 0.120546 1
g1 2 37 g1 2 52 0.19319 0.0984748 1
g1 2 46 g1 2 42 0.230049 0.124197 1
g1 2 54 g1 2 48 0.262335 0.153851 1
g1 2 39 g1 2 42 0.201418 0.11936 1
g1 2 50 g1 2 42 0.246343 0.0973088 1
g1 2 48 g1 2 48 0.239055 0.0665379 1
g1 2 47 g1 2 46 0.234015 0.0739496 1
g1 2 53 g1 2 48 0.259287 0.0760421 1
g1 2 111 g6 2 73 0.510815 0.20023 1
g1 2 49 g1 2 42 0.242029 0.0889367 1
g1 2 71 g6 2 70 0.337174 0.199175 1
g1 2 37 g6 2 60 0.193219 0.12168 1
g1 2 46 g6 2 66 0.230051 0.186226 1
g1 2 39 g6 2 51 0.200793 0.130296 1
g1 2 54 g6 2 57 0.263211 0.160935 1
g1 2 42 g2 2 32 0.214521 0.181488 1
g1 2 45 g1 2 38 0.225974 0.0751975 1
g1 2 43 g1 2 38 0.217115 0.0769938 1
g1 2 61 g1 2 56 0.293293 0.126871 1
g1 2 58 g1 2 49 0.280126 0.139487 1
g1 2 75 g1 2 49 0.352672 0.246594 1
g1 2 55 g1 2 45 0.266536 0.194769 1
g1 2 56 g1 2 71 0.27163 0.100618 1
g1 2 43 g1 2 48 0.217355 0.0795973 1
g1 2 44 g1 2 45 0.221151 0.162819 1
g1 2 35 g1 2 50 0.186514 0.0640499 1
g1 2 53 g1 2 54 0.258695 0.197292 1
g1 2 43 g1 2 56 0.219078 0.225186 1
g1 2 46 g1 2 45 0.230086 0.149562 1
g1 2 57 g1 2 45 0.27597 0.158168 1
g1 2 46 g1 2 45 0.230123 0.153119 1
g1 2 41 g1 2 43 0.209488 0.154605 1
g1 2 43 g1 2 45 0.217027 0.119913 1
g1 2 49 g1 2 50 0.242715 0.147619 1
g1 2 53 g1 2 54 0.257952 0.204712 1
g1 2 44 g1 2 47 0.221819 0.168578 1
g1 2 46 g1 2 45 0.229432 0.172272 1
g1 2 53 g1 2 45 0.258803 0.161407 1
g1 2 40 g1 2 54 0.205815 0.23451 1
g1 2 50 g6 2 70 0.247054 0.185257 1
g1 2 53 g6 2 65 0.258153 0.19522 1
g1 2 41 g6 2 72 0.209773 0.170714 1
g1 2 52 g6 2 66 0.255681 0.125926 1
g1 2 72 g2 2 32 0.339741 0.207837 1
g1 2 48 g6 2 50 0.238322 0.147822 1
g1 2 64 g2 2 32 0.306185 0.161244 1
g1 2 42 g1 2 34 0.212983 0.0657652 1
g1 2 38 g1 2 34 0.197494 0.0576872 1
g1 2 29 g1 2 32 0.157286 0.0730236 1
g1 2 29 g1 2 29 0.157624 0.0591343 1
g1 2 31 g1 2 32 0.165718 0.0594803 1
g1 2 31 g1 2 31 0.166155 0.0511753 1
g1 2 36 g1 2 34 0.188857 0.0559827 1
g1 2 29 g1 2 29 0.158161 0.0583123 1
g2 2 28 g2 2 26 0.15327 0.081189 1
g2 2 28 g2 2 26 0.15309 0.0852107 1
g2 2 31 g2 2 32 0.16548 0.152605 1
g2 2 26 g2 2 26 0.144735 0.150999 1
g2 2 27 g2 2 26 0.148982 0.134901 1
g2 2 23 g2 2 32 0.13188 0.144775 1
g2 2 26 g2 2 26 0.144802 0.128892 1
g2 2 27 g2 2 26 0.14886 0.0937242 1
g2 2 28 g2 2 26 0.153235 0.156895 1
g2 2 55 g2 2 50 0.267456 0.125755 1
g2 2 29 g2 2 26 0.157354 0.0853226 1
g2 2 28 g2 2 26 0.15288 0.0831557 1
g2 2 28 g2 2 26 0.153029 0.10591 1
g2 2 29 g2 2 26 0.157094 0.106393 1
g2 2 30 g2 2 26 0.160725 0.165876 1
g2 2 27 g2 2 26 0.149298 0.128428 1
g2 2 21 g2 2 32 0.124322 0.237872 1
g2 2 27 g2 2 26 0.14924 0.0733698 1
g2 2 29 g2 2 26 0.157144 0.0850396 1
g2 2 27 g2 2 26 0.149817 0.132614 1
g2 2 30 g2 2 26 0.161109 0.125009 1
g2 2 30 g2 2 26 0.160815 0.202935 1
g2 2 26 g2 2 26 0.144728 0.144234 1
g2 2 31 g2 2 26 0.165984 0.0809107 1
g2 2 33 g2 2 32 0.176917 0.158391 1
g2 2 28 g2 2 26 0.153027 0.150766 1
g2 2 27 g2 2 32 0.148798 0.215902 1
g2 2 30 g2 2 26 0.160861 0.15229 1
g2 2 34 g2 2 26 0.180741 0.122504 1
g2 2 59 g2 2 53 0.28585 0.11708 1
g2 2 54 g2 2 45 0.263381 0.128094 1
g2 2 55 g2 2 50 0.26859 0.115822 1
g2 2 48 g1 2 43 0.238725 0.259655 1
g2 2 38 g2 2 42 0.197429 0.0980393 1
g2 2 42 g2 2 39 0.21307 0.102152 1
g2 2 64 g2 2 53 0.307962 0.107338 1
g2 2 43 g2 2 45 0.217606 0.0816044 1
g2 2 37 g2 2 44 0.193446 0.0787732 1
g2 2 36 g2 2 39 0.189266 0.0732656 1
g2 2 39 g2 2 44 0.201438 0.0675561 1
g2 2 39 g2 2 39 0.200964 0.0572417 1
g2 2 41 g2 2 39 0.209349 0.0581594 1
g2 2 39 g2 2 39 0.201003 0.0957513 1
g2 2 41 g2 2 39 0.210159 0.0682864 1
g2 2 42 g2 2 44 0.213035 0.0697143 1
g2 2 47 g2 2 44 0.2338 0.129158 1
g2 2 31 g2 2 41 0.165681 0.117849 1
g2 2 42 g2 2 39 0.213398 0.06024 1
g2 2 84 g2 2 53 0.395644 0.158477 1
g2 2 41 g2 2 42 0.209397 0.0790936 1
g2 2 52 g2 2 44 0.25543 0.0678578 1
g2 2 52 g1 2 59 0.255595 0.213745 1
g2 2 40 g2 2 39 0.205628 0.0999793 1
g2 2 37 g2 2 44 0.192973 0.0734563 1
g2 2 45 g1 2 64 0.225632 0.115191 1
g2 2 41 g2 2 44 0.209863 0.0894141 1
g2 2 49 g1 2 52 0.242332 0.192012 1
g2 2 46 g2 2 53 0.229392 0.113792 1
g2 2 40 g2 2 56 0.205914 0.10944 1
g2 2 56 g2 2 53 0.271523 0.108505 1
g2 2 35 g2 2 39 0.18543 0.0852977 1
g2 2 40 g1 2 57 0.206128 0.290824 1
g2 2 58 g2 2 48 0.280589 0.156959 1
g2 2 29 g2 2 26 0.157314 0.130546 1
g2 2 26 g2 2 26 0.144885 0.124454 1
g2 2 28 g2 2 26 0.153425 0.0648465 1
g3 1 71 g3 1 117 0.338513 0.324805 1
g3 1 68 g3 1 84 0.324665 0.194898 1
g3 1 95 g3 1 81 0.442655 0.296964 1
g3 1 102 g3 1 73 0.471694 0.238218 1
g3 1 107 g1 2 57 0.497506 0.434995 1
g3 1 96 g3 1 73 0.4508 0.256818 1
g3 1 91 g3 1 72 0.426 0.283774 1
g3 1 93 g3 1 82 0.435807 0.278866 1
g3 1 86 g3 1 87 0.403696 0.278667 1
g3 1 87 g3 1 92 0.405959 0.286612 1
g3 1 88 g3 1 106 0.41119 0.254138 1
g3 1 92 g3 1 81 0.429973 0.212962 1
g3 1 92 g3 1 86 0.431191 0.243562 1
g3 1 92 g3 1 127 0.433071 0.2154 1
g3 1 90 g3 1 78 0.419155 0.482702 0
g3 1 86 g3 1 74 0.406346 0.25076 1
g3 1 80 g3 1 81 0.379521 0.197892 1
g3 1 113 g1 2 49 0.524157 0.365086 1
g3 1 95 g3 1 120 0.442871 0.277557 1
g3 1 95 g3 1 85 0.445833 0.214709 1
g3 1 99 g3 1 91 0.459974 0.219722 1
g3 1 93 g3 1 114 0.434534 0.216527 1
g3 1 92 g3 1 82 0.429064 0.243935 1
g3 1 85 g3 1 73 0.398921 0.253225 1
g3 1 91 g3 1 81 0.424526 0.303278 1
g3 1 88 g3 1 77 0.409613 0.278852 1
g3 1 99 g3 1 112 0.460071 0.301397 1
g3 1 132 g3 1 84 0.606721 0.28222 1
g3 1 114 g1 2 67 0.527194 0.43458 1
g3 1 97 g3 1 80 0.450285 0.1944 1
g3 1 111 g3 1 120 0.515055 0.219216 1
g3 1 104 g3 1 82 0.481799 0.27285 1
g3 1 97 g3 1 78 0.4517 0.214257 1
g3 1 100 g3 1 85 0.465474 0.238382 1
g3 1 101 g3 1 91 0.470541 0.246652 1
g3 1 98 g3 1 83 0.456394 0.267061 1
g3 1 102 g3 1 61 0.473297 0.319308 1
g3 1 115 g3 1 140 0.531379 0.258955 1
g3 1 120 g3 1 140 0.554828 0.257891 1
g3 1 92 g3 1 84 0.428494 0.376797 1
g3 1 76 g3 1 68 0.358436 0.838181 0
g3 1 97 g3 1 85 0.451064 0.281636 1
g3 1 85 g3 1 79 0.397185 0.211361 1
g3 1 77 g3 1 80 0.362835 0.193194 1
g3 1 81 g3 1 81 0.378545 0.214477 1
g3 1 86 g3 1 91 0.400335 0.293181 1
g3 1 77 g3 1 77 0.362335 0.329231 1
g3 1 85 g3 1 84 0.396559 0.171705 1
g3 1 79 g3 1 74 0.370379 0.219266 1
g3 1 78 g3 1 91 0.366451 0.301789 1
g3 1 84 g3 1 91 0.392442 0.249773 1
g4 2 71 g4 2 59 0.334749 0.198089 1
g4 2 71 g4 2 82 0.335117 0.0673423 1
g4 2 86 g4 2 87 0.400464 0.162398 1
g4 2 85 g4 2 82 0.397025 0.163126 1
g4 2 80 g4 2 90 0.375892 0.119477 1
g4 2 81 g4 2 99 0.379855 0.14039 1
g4 2 100 g3 1 89 0.463188 0.25683 1
g4 2 81 g4 2 82 0.379262 0.161355 1
g4 2 95 g4 2 94 0.441427 0.151698 1
g4 2 93 g4 2 95 0.432265 0.166844 1
g4 2 89 g4 2 90 0.414425 0.134392 1
g4 2 94 g4 2 99 0.4364 0.112256 1
g4 2 102 g4 2 101 0.471403 0.0792638 1
g4 2 89 g4 2 60 0.414502 0.120179 1
g4 2 57 g4 2 63 0.274216 0.127509 1
g4 2 60 g4 2 57 0.28867 0.0727742 1
g4 2 57 g4 2 55 0.275458 0.0766083 1
g4 2 63 g4 2 66 0.300623 0.145464 1
g4 2 59 g4 2 64 0.283618 0.103054 1
g4 2 65 g4 2 66 0.310248 0.109011 1
g4 2 67 g4 2 78 0.319496 0.0844505 1
g4 2 69 g4 2 78 0.328625 0.0992722 1
g4 2 77 g4 2 95 0.360601 0.150197 1
g4 2 57 g4 2 62 0.275694 0.105125 1
g4 2 72 g4 2 67 0.340033 0.0918328 1
g4 2 72 g4 2 72 0.340067 0.048741 1
g4 2 80 g4 2 70 0.375501 0.0862969 1
g4 2 79 g4 2 83 0.369348 0.110199 1
g4 2 92 g4 2 62 0.426639 0.0941647 1
g4 2 90 g4 2 66 0.417702 0.104492 1
g4 2 59 g4 2 72 0.284555 0.0842472 1
g4 2 59 g4 2 63 0.284484 0.0951659 1
g4 2 63 g4 2 66 0.301221 0.0775823 1
g4 2 66 g4 2 66 0.313471 0.130808 1
g4 2 87 g4 2 66 0.405017 0.0984353 1
g4 2 82 g4 2 66 0.383341 0.18796 1
g4 2 89 g4 2 79 0.414628 0.146736 1
g4 2 64 g4 2 62 0.306568 0.0681309 1
g4 2 88 g4 2 79 0.410393 0.0983634 1
g4 2 100 g4 2 79 0.462615 0.107761 1
g4 2 80 g4 2 82 0.377366 0.0681987 1
g4 2 88 g4 2 62 0.409156 0.0951218 1
g5 2 84 g5 2 94 0.39573 0.0893176 1
g5 2 87 g5 2 85 0.407352 0.0767305 1
g5 2 85 g5 2 101 0.399141 0.103886 1
g5 2 82 g5 2 101 0.385483 0.114987 1
g5 2 69 g5 2 98 0.3302 0.161727 1
g5 2 81 g5 2 98 0.383079 0.0936171 1
g5 2 80 g4 2 65 0.376989 0.188285 1
g5 2 89 g5 2 98 0.416603 0.177105 1
g5 2 78 g5 2 100 0.368013 0.207032 1
g5 2 64 g5 2 62 0.307004 0.117299 1
g5 2 68 g5 2 68 0.324601 0.118591 1
g5 2 80 g5 2 68 0.377506 0.108626 1
g5 2 66 g5 2 82 0.315024 0.144768 1
g5 2 69 g4 2 60 0.327977 0.184751 1
g5 2 83 g5 2 100 0.390069 0.161175 1
g5 2 76 g5 2 68 0.357626 0.213618 1
g5 2 73 g5 2 100 0.345309 0.169501 1
g5 2 68 g5 2 68 0.324441 0.181356 1
g5 2 73 g5 2 100 0.347423 0.164501 1
g5 2 73 g4 2 59 0.345447 0.169759 1
g5 2 75 g5 2 99 0.356665 0.132945 1
g5 2 73 g4 2 59 0.344644 0.171532 1
g5 2 75 g4 2 70 0.354501 0.207991 1
g5 2 73 g5 2 98 0.345308 0.164006 1
g5 2 80 g5 2 98 0.377903 0.126513 1
g5 2 79 g5 2 106 0.373414 0.15038 1
g5 2 76 g4 2 59 0.360944 0.143869 1
g5 2 75 g5 2 106 0.35695 0.162105 1
g5 2 77 g5 2 100 0.364137 0.211992 1
g5 2 78 g5 2 88 0.370247 0.138184 1
g5 2 73 g4 2 65 0.346037 0.188222 1
g5 2 76 g5 2 98 0.360081 0.126581 1
g5 2 71 g5 2 88 0.33789 0.124045 1
g5 2 75 g5 2 98 0.356595 0.138354 1
g5 2 76 g5 2 98 0.35926 0.141297 1
g5 2 83 g5 2 96 0.390219 0.0967482 1
g5 2 110 g5 2 100 0.508572 0.117647 1
g5 2 77 g5 2 96 0.36529 0.0859701 1
g5 2 92 g5 2 101 0.429069 0.0756917 1
g5 2 92 g5 2 96 0.433529 0.121381 1
g5 2 98 g5 2 115 0.457343 0.128892 1
g5 2 92 g5 2 115 0.432419 0.0887555 1
g5 2 91 g5 2 105 0.426811 0.0983107 1
g5 2 98 g5 2 100 0.456836 0.0919861 1
g5 2 92 g5 2 98 0.432479 0.0726379 1
g6 2 78 g6 2 74 0.364283 0.077136 1
g6 2 75 g6 2 74 0.352369 0.0886381 1
g6 2 81 g6 2 74 0.378073 0.0837195 1
g6 2 79 g6 2 65 0.369366 0.173163 1
g6 2 67 g6 2 74 0.319303 0.0672097 1
g6 2 66 g6 2 77 0.31497 0.118371 1
g6 2 71 g6 2 74 0.334575 0.0905135 1
g6 2 73 g6 2 74 0.343543 0.124847 1
g6 2 70 g6 2 74 0.330167 0.100268 1
g6 2 61 g6 2 74 0.293097 0.0983134 1
g6 2 76 g6 2 72 0.35677 0.148182 1
g6 2 82 g6 2 179 0.382407 0.0846512 1
g6 2 80 g6 2 79 0.374136 0.0637393 1
g6 2 59 g6 2 74 0.284103 0.114933 1
g6 2 70 g6 2 79 0.331134 0.159355 1
g6 2 79 g6 2 75 0.371043 0.0816378 1
g6 2 67 g6 2 74 0.318945 0.0919602 1
g6 2 84 g6 2 75 0.390298 0.0824738 1
g6 2 70 g6 2 74 0.329837 0.078759 1
g6 2 68 g6 2 74 0.322407 0.13811 1
g6 2 80 g6 2 74 0.385864 0.0903619 1
g6 2 115 g6 2 74 0.528259 0.146872 1
g6 2 74 g6 2 75 0.347845 0.0920368 1
g6 2 66 g6 2 75 0.34907 0.116205 1
g6 2 70 g6 2 74 0.33352 0.116409 1
g6 2 68 g6 2 86 0.323563 0.238989 1
g6 2 86 g6 2 74 0.400383 0.111651 1
g6 2 68 g6 2 74 0.324313 0.0831518 1
g6 2 68 g6 2 74 0.321541 0.0867334 1
g6 2 56 g6 2 64 0.270854 0.0932688 1
g6 2 61 g6 2 65 0.292367 0.0761259 1
g6 2 63 g6 2 65 0.301352 0.105697 1
g6 2 99 g6 2 94 0.457687 0.363459 1
g6 2 75 g1 2 48 0.353658 0.249492 1
g6 2 61 g6 2 62 0.293474 0.0327055 1
g6 2 63 g6 2 63 0.301702 0.0631527 1
g6 2 67 g6 2 63 0.319803 0.0575263 1
g6 2 64 g6 2 67 0.306527 0.0628013 1
g6 2 71 g6 2 70 0.335076 0.0709974 1
g6 2 76 g6 2 72 0.356608 0.0616879 1
g6 2 71 g6 2 86 0.335112 0.0880182 1
g7 1 73 g7 1 87 0.346447 0.276636 1
g7 1 65 g7 1 83 0.311267 0.214486 1
g7 1 71 g7 1 67 0.336331 0.282669 1
g7 1 73 g7 1 102 0.347249 0.151537 1
g7 1 78 g7 1 66 0.367843 0.281787 1
g7 1 82 g7 1 79 0.384121 0.25401 1
g7 1 66 g7 1 90 0.315415 0.298672 1
g7 1 72 g7 1 73 0.340952 0.124732 1
g7 1 52 g7 1 60 0.255327 0.216303 1
g7 1 63 g3 1 83 0.302311 0.402604 1
g7 1 67 g7 1 65 0.317709 0.217361 1
g7 1 72 g7 1 66 0.340534 0.16331 1
g7 1 69 g7 1 76 0.327941 0.217129 1
g7 1 65 g7 1 56 0.308784 0.176833 1
g7 1 56 g7 1 55 0.270885 0.21659 1
g7 1 64 g7 1 60 0.304887 0.174301 1
g7 1 63 g7 1 55 0.300697 0.15924 1
g7 1 58 g7 1 62 0.279828 0.214666 1
g7 1 60 g7 1 89 0.287648 0.286894 1
g7 1 61 g7 1 54 0.29224 0.15933 1
g7 1 61 g7 1 62 0.293103 0.197059 1
g7 1 54 g7 1 51 0.264192 0.0359619 1
g7 1 75 g1 2 31 0.353259 0.53179 0
g7 1 68 g7 1 69 0.321602 0.227333 1
g7 1 88 g7 1 54 0.40898 0.322597 1
g7 1 72 g7 1 94 0.342872 0.355519 1
g7 1 67 g2 2 44 0.318268 0.433152 1
g7 1 74 g7 1 73 0.347626 0.16219 1
g7 1 70 g1 2 31 0.332918 0.556157 0
g7 1 70 g3 1 130 0.330108 0.527425 0
g7 1 72 g7 1 69 0.338787 0.213426 1
g7 1 85 g7 1 93 0.395714 0.29699 1
g7 1 77 g7 1 88 0.360987 0.299224 1
g7 1 79 g7 1 67 0.377203 0.217459 1
g7 1 90 g7 1 66 0.420096 0.204742 1
g7 1 136 g7 1 88 0.625021 0.27874 1
g7 1 66 g7 1 75 0.315202 0.243244 1
g7 1 67 g7 1 97 0.318704 0.255224 1
g7 1 78 g7 1 97 0.367869 0.302307 1
g7 1 78 g7 1 75 0.375421 0.228199 1
g7 1 88 g7 1 79 0.510151 0.267728 1
g7 1 97 g7 1 91 0.564156 0.194254 1
g7 1 62 g7 1 67 0.311709 0.300008 1
g7 1 101 g7 1 77 0.497911 0.175766 1
g7 1 39 g7 1 67 0.202912 0.364027 1
g7 1 70 g7 1 100 0.334153 0.366034 1
g7 1 72 g7 1 66 0.344607 0.154061 1
g7 1 71 g7 1 60 0.337299 0.270987 1
g7 1 72 g7 1 73 0.341156 0.167195 1
g7 1 96 g7 1 79 0.450573 0.237295 1
g7 1 63 g7 1 57 0.305128 0.309275 1
g7 1 66 g7 1 65 0.317075 0.260375 1
g7 1 84 g7 1 89 0.394877 0.162851 1
g7 1 119 g7 1 91 0.594622 0.298056 1
g7 1 110 g7 1 103 0.539859 0.245831 1
g7 1 105 g7 1 72 0.499756 0.384197 1
g7 1 104 g7 1 103 0.48638 0.22302 1
g7 1 91 g7 1 71 0.425899 0.238911 1
g7 1 99 g7 1 94 0.462443 0.159631 1
g7 1 83 g7 1 93 0.38989 0.211386 1
g7 1 92 g7 1 94 0.431035 0.157546 1
g7 1 88 g7 1 91 0.412833 0.186825 1
g7 1 93 g7 1 94 0.439622 0.166665 1
