g1 2 46 g6 2 78 0.22989 0.151271 1
g1 2 44 g6 2 66 0.22259 0.17884 0
g1 2 52 g6 2 50 0.255873 0.133323 1
g1 2 102 g1 2 45 0.470533 0.128344 1
g1 2 63 g2 2 32 0.304547 0.180019 1
g1 2 56 g1 2 48 0.271472 0.143851 1
g1 2 60 g1 2 54 0.28944 0.120546 1
g1 2 37 g1 2 52 0.19359 0.0984748 1
g1 2 46 g1 2 42 0.230181 0.124197 1
g1 2 54 g1 2 48 0.263518 0.153851 1
g1 2 39 g1 2 42 0.201017 0.11936 1
g1 2 50 g1 2 42 0.246359 0.0973088 1
g1 2 48 g1 2 48 0.238473 0.0665379 1
g1 2 47 g1 2 46 0.234816 0.0739496 1
g1 2 53 g1 2 48 0.258415 0.0760421 1
g1 2 111 g6 2 73 0.511378 0.20023 0
g1 2 49 g1 2 42 0.242314 0.0889367 1
g1 2 71 g6 2 70 0.334521 0.199175 0
g1 2 37 g6 2 60 0.193553 0.12168 1
g1 2 46 g6 2 66 0.229953 0.186226 0
g1 2 39 g6 2 51 0.201934 0.130296 1
g1 2 54 g6 2 57 0.262503 0.160935 1
g1 2 42 g2 2 32 0.213513 0.181488 1
g1 2 45 g1 2 38 0.22482 0.0751975 1
g1 2 43 g1 2 38 0.218496 0.0769938 1
g1 2 61 g1 2 56 0.293561 0.126871 1
g1 2 58 g1 2 49 0.280306 0.139487 1
g1 2 75 g1 2 49 0.357886 0.246594 0
g1 2 55 g1 2 45 0.26978 0.194769 0
g1 2 56 g1 2 71 0.271486 0.100618 1
g1 2 43 g1 2 48 0.217919 0.0795973 1
g1 2 44 g1 2 45 0.221491 0.162819 0
g1 2 35 g1 2 50 0.186605 0.0640499 1
g1 2 53 g1 2 54 0.257994 0.197292 0
g1 2 43 g1 2 56 0.217831 0.225186 0
g1 2 46 g1 2 45 0.229129 0.149562 1
g1 2 57 g1 2 45 0.27538 0.158168 1
g1 2 46 g1 2 45 0.229872 0.153119 1
g1 2 41 g1 2 43 0.209413 0.154605 1
g1 2 43 g1 2 45 0.217866 0.119913 1
g1 2 49 g1 2 50 0.242604 0.147619 1
g1 2 53 g1 2 54 0.259303 0.204712 0
g1 2 44 g1 2 47 0.22141 0.168578 0
g1 2 46 g1 2 45 0.229692 0.172272 0
g1 2 53 g1 2 45 0.259228 0.161407 1
g1 2 40 g1 2 54 0.206762 0.23451 0
g1 2 50 g6 2 70 0.246059 0.185257 0
g1 2 53 g6 2 65 0.258902 0.19522 0
g1 2 41 g6 2 72 0.210528 0.170714 1
g1 2 52 g6 2 66 0.255513 0.125926 1
g1 2 72 g2 2 32 0.341412 0.207837 0
g1 2 48 g6 2 50 0.239202 0.147822 1
g1 2 64 g2 2 32 0.307724 0.161244 1
g1 2 42 g1 2 34 0.212907 0.0657652 1
g1 2 38 g1 2 34 0.197038 0.0576872 1
g1 2 29 g1 2 32 0.157141 0.0730236 1
g1 2 29 g1 2 29 0.157291 0.0591343 1
g1 2 31 g1 2 32 0.165593 0.0594803 1
g1 2 31 g1 2 31 0.165782 0.0511753 1
g1 2 36 g1 2 34 0.189174 0.0559827 1
g1 2 29 g1 2 29 0.157283 0.0583123 1
g2 2 28 g2 2 26 0.153178 0.081189 1
g2 2 28 g2 2 26 0.153108 0.0852107 1
g2 2 31 g2 2 32 0.165794 0.152605 1
g2 2 26 g2 2 26 0.144363 0.150999 1
g2 2 27 g2 2 26 0.148757 0.134901 1
g2 2 23 g2 2 32 0.132177 0.144775 1
g2 2 26 g2 2 26 0.144621 0.128892 1
g2 2 27 g2 2 26 0.148531 0.0937242 1
g2 2 28 g2 2 26 0.153797 0.156895 1
g2 2 55 g2 2 50 0.268946 0.125755 0
g2 2 29 g2 2 26 0.159062 0.0853226 1
g2 2 28 g2 2 26 0.153327 0.0831557 1
g2 2 28 g2 2 26 0.153305 0.10591 1
g2 2 29 g2 2 26 0.157357 0.106393 1
g2 2 30 g2 2 26 0.160945 0.165876 0
g2 2 27 g2 2 26 0.149916 0.128428 1
g2 2 21 g2 2 32 0.12553 0.237872 0
g2 2 27 g2 2 26 0.148896 0.0733698 1
g2 2 29 g2 2 26 0.157694 0.0850396 1
g2 2 27 g2 2 26 0.148684 0.132614 0
g2 2 30 g2 2 26 0.16162 0.125009 1
g2 2 30 g2 2 26 0.16441 0.202935 0
g2 2 26 g2 2 26 0.144749 0.144234 1
g2 2 31 g2 2 26 0.17015 0.0809107 1
g2 2 33 g2 2 32 0.177018 0.158391 0
g2 2 28 g2 2 26 0.152899 0.150766 1
g2 2 27 g2 2 32 0.148545 0.215902 0
g2 2 30 g2 2 26 0.161207 0.15229 1
g2 2 34 g2 2 26 0.18115 0.122504 1
g2 2 59 g2 2 53 0.286264 0.11708 1
g2 2 54 g2 2 45 0.264523 0.128094 1
g2 2 55 g2 2 50 0.267903 0.115822 1
g2 2 48 g1 2 43 0.239542 0.259655 0
g2 2 38 g2 2 42 0.197254 0.0980393 1
g2 2 42 g2 2 39 0.213869 0.102152 1
g2 2 64 g2 2 53 0.306708 0.107338 1
g2 2 43 g2 2 45 0.217756 0.0816044 1
g2 2 37 g2 2 44 0.193306 0.0787732 1
g2 2 36 g2 2 39 0.189542 0.0732656 1
g2 2 39 g2 2 44 0.2012 0.0675561 1
g2 2 39 g2 2 39 0.202192 0.0572417 1
g2 2 41 g2 2 39 0.209895 0.0581594 1
g2 2 39 g2 2 39 0.201385 0.0957513 1
g2 2 41 g2 2 39 0.210705 0.0682864 1
g2 2 42 g2 2 44 0.213639 0.0697143 1
g2 2 47 g2 2 44 0.233608 0.129158 1
g2 2 31 g2 2 41 0.165936 0.117849 1
g2 2 42 g2 2 39 0.213018 0.06024 1
g2 2 84 g2 2 53 0.395362 0.158477 0
g2 2 41 g2 2 42 0.209817 0.0790936 1
g2 2 52 g2 2 44 0.255649 0.0678578 1
g2 2 52 g1 2 59 0.254723 0.213745 0
g2 2 40 g2 2 39 0.206036 0.0999793 1
g2 2 37 g2 2 44 0.19321 0.0734563 1
g2 2 45 g1 2 64 0.226384 0.115191 1
g2 2 41 g2 2 44 0.210374 0.0894141 1
g2 2 49 g1 2 52 0.24216 0.192012 0
g2 2 46 g2 2 53 0.229779 0.113792 1
g2 2 40 g2 2 56 0.205322 0.10944 1
g2 2 56 g2 2 53 0.272571 0.108505 1
g2 2 35 g2 2 39 0.185735 0.0852977 1
g2 2 40 g1 2 57 0.206459 0.290824 0
g2 2 58 g2 2 48 0.279945 0.156959 0
g2 2 29 g2 2 26 0.157296 0.130546 1
g2 2 26 g2 2 26 0.144339 0.124454 1
g2 2 28 g2 2 26 0.153042 0.0648465 1
g3 1 71 g3 1 117 0.337136 0.324805 0
g3 1 68 g3 1 84 0.325185 0.194898 0
g3 1 95 g3 1 81 0.443383 0.296964 0
g3 1 102 g3 1 73 0.471856 0.238218 0
g3 1 107 g1 2 57 0.496394 0.434995 0
g3 1 96 g3 1 73 0.450167 0.256818 0
g3 1 91 g3 1 72 0.42523 0.283774 0
g3 1 93 g3 1 82 0.435325 0.278866 0
g3 1 86 g3 1 87 0.402619 0.278667 0
g3 1 87 g3 1 92 0.406304 0.286612 0
g3 1 88 g3 1 106 0.411168 0.254138 0
g3 1 92 g3 1 81 0.429874 0.212962 0
g3 1 92 g3 1 86 0.431294 0.243562 0
g3 1 92 g3 1 127 0.431824 0.2154 0
g3 1 90 g3 1 78 0.419133 0.482702 0
g3 1 86 g3 1 74 0.406712 0.25076 0
g3 1 80 g3 1 81 0.377849 0.197892 0
g3 1 113 g1 2 49 0.524121 0.365086 0
g3 1 95 g3 1 120 0.443031 0.277557 0
g3 1 95 g3 1 85 0.443677 0.214709 0
g3 1 99 g3 1 91 0.461561 0.219722 0
g3 1 93 g3 1 114 0.435443 0.216527 0
g3 1 92 g3 1 82 0.431959 0.243935 0
g3 1 85 g3 1 73 0.398993 0.253225 0
g3 1 91 g3 1 81 0.42504 0.303278 0
g3 1 88 g3 1 77 0.410844 0.278852 0
g3 1 99 g3 1 112 0.458934 0.301397 0
g3 1 132 g3 1 84 0.606725 0.28222 0
g3 1 114 g1 2 67 0.526768 0.43458 0
g3 1 97 g3 1 80 0.45244 0.1944 0
g3 1 111 g3 1 120 0.514337 0.219216 0
g3 1 104 g3 1 82 0.481268 0.27285 0
g3 1 97 g3 1 78 0.450791 0.214257 0
g3 1 100 g3 1 85 0.465405 0.238382 0
g3 1 101 g3 1 91 0.469659 0.246652 0
g3 1 98 g3 1 83 0.458014 0.267061 0
g3 1 102 g3 1 61 0.473573 0.319308 0
g3 1 115 g3 1 140 0.531192 0.258955 0
g3 1 120 g3 1 140 0.555152 0.257891 0
g3 1 92 g3 1 84 0.428482 0.376797 0
g3 1 76 g3 1 68 0.357456 0.838181 0
g3 1 97 g3 1 85 0.45069 0.281636 0
g3 1 85 g3 1 79 0.398309 0.211361 0
g3 1 77 g3 1 80 0.362627 0.193194 0
g3 1 81 g3 1 81 0.379214 0.214477 0
g3 1 86 g3 1 91 0.400035 0.293181 0
g3 1 77 g3 1 77 0.36201 0.329231 0
g3 1 85 g3 1 84 0.396895 0.171705 0
g3 1 79 g3 1 74 0.370662 0.219266 0
g3 1 78 g3 1 91 0.367051 0.301789 0
g3 1 84 g3 1 91 0.393365 0.249773 0
g4 2 71 g4 2 59 0.335187 0.198089 0
g4 2 71 g4 2 82 0.335942 0.0673423 1
g4 2 86 g4 2 87 0.400842 0.162398 1
g4 2 85 g4 2 82 0.396396 0.163126 1
g4 2 80 g4 2 90 0.375067 0.119477 1
g4 2 81 g4 2 99 0.379634 0.14039 1
g4 2 100 g3 1 89 0.463182 0.25683 0
g4 2 81 g4 2 82 0.380172 0.161355 1
g4 2 95 g4 2 94 0.442424 0.151698 1
g4 2 93 g4 2 95 0.432927 0.166844 1
g4 2 89 g4 2 90 0.414451 0.134392 0
g4 2 94 g4 2 99 0.437006 0.112256 1
g4 2 102 g4 2 101 0.472091 0.0792638 1
g4 2 89 g4 2 60 0.414764 0.120179 1
g4 2 57 g4 2 63 0.27521 0.127509 1
g4 2 60 g4 2 57 0.288745 0.0727742 1
g4 2 57 g4 2 55 0.276036 0.0766083 1
g4 2 63 g4 2 66 0.301899 0.145464 1
g4 2 59 g4 2 64 0.284023 0.103054 1
g4 2 65 g4 2 66 0.310129 0.109011 1
g4 2 67 g4 2 78 0.318721 0.0844505 1
g4 2 69 g4 2 78 0.326579 0.0992722 1
g4 2 77 g4 2 95 0.361143 0.150197 1
g4 2 57 g4 2 62 0.27571 0.105125 1
g4 2 72 g4 2 67 0.340954 0.0918328 1
g4 2 72 g4 2 72 0.33984 0.048741 1
g4 2 80 g4 2 70 0.37481 0.0862969 1
g4 2 79 g4 2 83 0.370129 0.110199 1
g4 2 92 g4 2 62 0.426719 0.0941647 1
g4 2 90 g4 2 66 0.41798 0.104492 1
g4 2 59 g4 2 72 0.28346 0.0842472 1
g4 2 59 g4 2 63 0.283468 0.0951659 1
g4 2 63 g4 2 66 0.302264 0.0775823 1
g4 2 66 g4 2 66 0.314126 0.130808 1
g4 2 87 g4 2 66 0.405203 0.0984353 1
g4 2 82 g4 2 66 0.383569 0.18796 0
g4 2 89 g4 2 79 0.415763 0.146736 1
g4 2 64 g4 2 62 0.306056 0.0681309 1
g4 2 88 g4 2 79 0.410463 0.0983634 1
g4 2 100 g4 2 79 0.462496 0.107761 1
g4 2 80 g4 2 82 0.376057 0.0681987 1
g4 2 88 g4 2 62 0.408895 0.0951218 1
g5 2 84 g5 2 94 0.396152 0.0893176 1
g5 2 87 g5 2 85 0.406641 0.0767305 1
g5 2 85 g5 2 101 0.399564 0.103886 1
g5 2 82 g5 2 101 0.385847 0.114987 1
g5 2 69 g5 2 98 0.329862 0.161727 1
g5 2 81 g5 2 98 0.384488 0.0936171 1
g5 2 80 g4 2 65 0.378434 0.188285 1
g5 2 89 g5 2 98 0.416939 0.177105 1
g5 2 78 g5 2 100 0.368147 0.207032 0
g5 2 64 g5 2 62 0.307112 0.117299 1
g5 2 68 g5 2 68 0.323952 0.118591 1
g5 2 80 g5 2 68 0.37717 0.108626 1
g5 2 66 g5 2 82 0.315914 0.144768 1
g5 2 69 g4 2 60 0.329175 0.184751 1
g5 2 83 g5 2 100 0.389765 0.161175 1
g5 2 76 g5 2 68 0.358858 0.213618 0
g5 2 73 g5 2 100 0.345551 0.169501 1
g5 2 68 g5 2 68 0.32419 0.181356 1
g5 2 73 g5 2 100 0.346707 0.164501 1
g5 2 73 g4 2 59 0.34609 0.169759 1
g5 2 75 g5 2 99 0.355716 0.132945 1
g5 2 73 g4 2 59 0.345257 0.171532 1
g5 2 75 g4 2 70 0.354182 0.207991 0
g5 2 73 g5 2 98 0.346902 0.164006 1
g5 2 80 g5 2 98 0.377963 0.126513 1
g5 2 79 g5 2 106 0.372837 0.15038 1
g5 2 76 g4 2 59 0.360038 0.143869 1
g5 2 75 g5 2 106 0.354317 0.162105 1
g5 2 77 g5 2 100 0.36336 0.211992 0
g5 2 78 g5 2 88 0.368404 0.138184 1
g5 2 73 g4 2 65 0.345737 0.188222 0
g5 2 76 g5 2 98 0.360238 0.126581 1
g5 2 71 g5 2 88 0.339411 0.124045 1
g5 2 75 g5 2 98 0.357086 0.138354 1
g5 2 76 g5 2 98 0.359017 0.141297 1
g5 2 83 g5 2 96 0.39034 0.0967482 1
g5 2 110 g5 2 100 0.512753 0.117647 1
g5 2 77 g5 2 96 0.365391 0.0859701 1
g5 2 92 g5 2 101 0.429518 0.0756917 1
g5 2 92 g5 2 96 0.433725 0.121381 1
g5 2 98 g5 2 115 0.458055 0.128892 1
g5 2 92 g5 2 115 0.43243 0.0887555 1
g5 2 91 g5 2 105 0.427911 0.0983107 1
g5 2 98 g5 2 100 0.457538 0.0919861 1
g5 2 92 g5 2 98 0.431958 0.0726379 1
g6 2 78 g6 2 74 0.364978 0.077136 1
g6 2 75 g6 2 74 0.351862 0.0886381 1
g6 2 81 g6 2 74 0.378755 0.0837195 1
g6 2 79 g6 2 65 0.369396 0.173163 0
g6 2 67 g6 2 74 0.31794 0.0672097 1
g6 2 66 g6 2 77 0.314251 0.118371 1
g6 2 71 g6 2 74 0.334662 0.0905135 1
g6 2 73 g6 2 74 0.343814 0.124847 1
g6 2 70 g6 2 74 0.33094 0.100268 1
g6 2 61 g6 2 74 0.293034 0.0983134 1
g6 2 76 g6 2 72 0.357208 0.148182 0
g6 2 82 g6 2 179 0.382853 0.0846512 1
g6 2 80 g6 2 79 0.37616 0.0637393 1
g6 2 59 g6 2 74 0.283545 0.114933 1
g6 2 70 g6 2 79 0.331714 0.159355 1
g6 2 79 g6 2 75 0.370084 0.0816378 1
g6 2 67 g6 2 74 0.317757 0.0919602 1
g6 2 84 g6 2 75 0.392733 0.0824738 1
g6 2 70 g6 2 74 0.331 0.078759 1
g6 2 68 g6 2 74 0.322309 0.13811 1
g6 2 80 g6 2 74 0.374606 0.0903619 1
g6 2 115 g6 2 74 0.524894 0.146872 0
g6 2 74 g6 2 75 0.347958 0.0920368 1
g6 2 66 g6 2 75 0.314377 0.116205 1
g6 2 70 g6 2 74 0.330948 0.116409 1
g6 2 68 g6 2 86 0.322669 0.238989 0
g6 2 86 g6 2 74 0.399709 0.111651 1
g6 2 68 g6 2 74 0.322219 0.0831518 1
g6 2 68 g6 2 74 0.322682 0.0867334 1
g6 2 56 g6 2 64 0.271395 0.0932688 1
g6 2 61 g6 2 65 0.292454 0.0761259 1
g6 2 63 g6 2 65 0.301311 0.105697 1
g6 2 99 g6 2 94 0.458255 0.363459 0
g6 2 75 g1 2 48 0.352984 0.249492 0
g6 2 61 g6 2 62 0.292972 0.0327055 1
g6 2 63 g6 2 63 0.301314 0.0631527 1
g6 2 67 g6 2 63 0.317695 0.0575263 1
g6 2 64 g6 2 67 0.305616 0.0628013 1
g6 2 71 g6 2 70 0.335262 0.0709974 1
g6 2 76 g6 2 72 0.356284 0.0616879 1
g6 2 71 g6 2 86 0.335235 0.0880182 1
g7 1 73 g7 1 87 0.347673 0.276636 0
g7 1 65 g7 1 83 0.310574 0.214486 0
g7 1 71 g7 1 67 0.335627 0.282669 0
g7 1 73 g7 1 102 0.349179 0.151537 1
g7 1 78 g7 1 66 0.367319 0.281787 0
g7 1 82 g7 1 79 0.385206 0.25401 0
g7 1 66 g7 1 90 0.316417 0.298672 0
g7 1 72 g7 1 73 0.340507 0.124732 1
g7 1 52 g7 1 60 0.255235 0.216303 0
g7 1 63 g3 1 83 0.302777 0.402604 0
g7 1 67 g7 1 65 0.317534 0.217361 0
g7 1 72 g7 1 66 0.340086 0.16331 1
g7 1 69 g7 1 76 0.326731 0.217129 0
g7 1 65 g7 1 56 0.309701 0.176833 0
g7 1 56 g7 1 55 0.270381 0.21659 0
g7 1 64 g7 1 60 0.307322 0.174301 0
g7 1 63 g7 1 55 0.300686 0.15924 0
g7 1 58 g7 1 62 0.279977 0.214666 0
g7 1 60 g7 1 89 0.288785 0.286894 0
g7 1 61 g7 1 54 0.29358 0.15933 0
g7 1 61 g7 1 62 0.292052 0.197059 0
g7 1 54 g7 1 51 0.264331 0.0359619 1
g7 1 75 g1 2 31 0.352977 0.53179 0
g7 1 68 g7 1 69 0.321862 0.227333 0
g7 1 88 g7 1 54 0.410776 0.322597 0
g7 1 72 g7 1 94 0.341716 0.355519 0
g7 1 67 g2 2 44 0.317823 0.433152 0
g7 1 74 g7 1 73 0.347863 0.16219 0
g7 1 70 g1 2 31 0.332182 0.556157 0
g7 1 70 g3 1 130 0.330173 0.527425 0
g7 1 72 g7 1 69 0.338306 0.213426 0
g7 1 85 g7 1 93 0.395983 0.29699 0
g7 1 77 g7 1 88 0.361028 0.299224 0
g7 1 79 g7 1 67 0.370289 0.217459 0
g7 1 90 g7 1 66 0.417919 0.204742 0
g7 1 136 g7 1 88 0.624218 0.27874 0
g7 1 66 g7 1 75 0.315165 0.243244 0
g7 1 67 g7 1 97 0.319001 0.255224 0
g7 1 78 g7 1 97 0.36736 0.302307 0
g7 1 78 g7 1 75 0.366604 0.228199 0
g7 1 88 g7 1 79 0.410472 0.267728 0
g7 1 97 g7 1 91 0.452192 0.194254 0
g7 1 62 g7 1 67 0.297804 0.300008 0
g7 1 101 g7 1 77 0.468138 0.175766 0
g7 1 39 g7 1 67 0.200754 0.364027 0
g7 1 70 g7 1 100 0.332074 0.366034 0
g7 1 72 g7 1 66 0.3413 0.154061 0
g7 1 71 g7 1 60 0.336999 0.270987 0
g7 1 72 g7 1 73 0.340726 0.167195 0
g7 1 96 g7 1 79 0.447583 0.237295 0
g7 1 63 g7 1 57 0.302663 0.309275 0
g7 1 66 g7 1 65 0.313752 0.260375 0
g7 1 84 g7 1 89 0.3934 0.162851 1
g7 1 119 g7 1 91 0.552517 0.298056 0
g7 1 110 g7 1 103 0.508539 0.245831 0
g7 1 105 g7 1 72 0.487104 0.384197 0
g7 1 104 g7 1 103 0.482142 0.22302 0
g7 1 91 g7 1 71 0.423726 0.238911 0
g7 1 99 g7 1 94 0.459566 0.159631 0
g7 1 83 g7 1 93 0.389155 0.211386 0
g7 1 92 g7 1 94 0.429691 0.157546 0
g7 1 88 g7 1 91 0.410833 0.186825 0
g7 1 93 g7 1 94 0.435402 0.166665 0
