g1 2 46 g6 2 78 0.229796 0.151271 1
g1 2 44 g6 2 66 0.222336 0.17884 1
g1 2 52 g6 2 50 0.256786 0.133323 1
g1 2 102 g1 2 45 0.471136 0.128344 1
g1 2 63 g2 2 32 0.304441 0.180019 1
g1 2 56 g1 2 48 0.271793 0.143851 1
g1 2 60 g1 2 54 0.289196 0.120546 1
g1 2 37 g1 2 52 0.193331 0.0984748 1
g1 2 46 g1 2 42 0.230831 0.124197 1
g1 2 54 g1 2 48 0.2638 0.153851 1
g1 2 39 g1 2 42 0.20339 0.11936 1
g1 2 50 g1 2 42 0.246005 0.0973088 1
g1 2 48 g1 2 48 0.238937 0.0665379 1
g1 2 47 g1 2 46 0.234819 0.0739496 1
g1 2 53 g1 2 48 0.259261 0.0760421 1
g1 2 111 g6 2 73 0.510394 0.20023 1
g1 2 49 g1 2 42 0.242572 0.0889367 1
g1 2 71 g6 2 70 0.334809 0.199175 1
g1 2 37 g6 2 60 0.193308 0.12168 1
g1 2 46 g6 2 66 0.229992 0.186226 1
g1 2 39 g6 2 51 0.20178 0.130296 1
g1 2 54 g6 2 57 0.263401 0.160935 1
g1 2 42 g2 2 32 0.213844 0.181488 1
g1 2 45 g1 2 38 0.225624 0.0751975 1
g1 2 43 g1 2 38 0.217556 0.0769938 1
g1 2 61 g1 2 56 0.29393 0.126871 1
g1 2 58 g1 2 49 0.281169 0.139487 1
g1 2 75 g1 2 49 0.353198 0.246594 1
g1 2 55 g1 2 45 0.267418 0.194769 1
g1 2 56 g1 2 71 0.275177 0.100618 1
g1 2 43 g1 2 48 0.218753 0.0795973 1
g1 2 44 g1 2 45 0.222258 0.162819 1
g1 2 35 g1 2 50 0.18615 0.0640499 1
g1 2 53 g1 2 54 0.258645 0.197292 1
g1 2 43 g1 2 56 0.217898 0.225186 1
g1 2 46 g1 2 45 0.229685 0.149562 1
g1 2 57 g1 2 45 0.2773 0.158168 1
g1 2 46 g1 2 45 0.230416 0.153119 1
g1 2 41 g1 2 43 0.211083 0.154605 1
g1 2 43 g1 2 45 0.21705 0.119913 1
g1 2 49 g1 2 50 0.242578 0.147619 1
g1 2 53 g1 2 54 0.259235 0.204712 1
g1 2 44 g1 2 47 0.222042 0.168578 1
g1 2 46 g1 2 45 0.229754 0.172272 1
g1 2 53 g1 2 45 0.258443 0.161407 1
g1 2 40 g1 2 54 0.2059 0.23451 1
g1 2 50 g6 2 70 0.247014 0.185257 1
g1 2 53 g6 2 65 0.258624 0.19522 1
g1 2 41 g6 2 72 0.210556 0.170714 1
g1 2 52 g6 2 66 0.255569 0.125926 1
g1 2 72 g2 2 32 0.341759 0.207837 1
g1 2 48 g6 2 50 0.23873 0.147822 1
g1 2 64 g2 2 32 0.306842 0.161244 1
g1 2 42 g1 2 34 0.212839 0.0657652 1
g1 2 38 g1 2 34 0.197116 0.0576872 1
g1 2 29 g1 2 32 0.157403 0.0730236 1
g1 2 29 g1 2 29 0.157212 0.0591343 1
g1 2 31 g1 2 32 0.166648 0.0594803 1
g1 2 31 g1 2 31 0.165503 0.0511753 1
g1 2 36 g1 2 34 0.188977 0.0559827 1
g1 2 29 g1 2 29 0.157931 0.0583123 1
g2 2 28 g2 2 26 0.152808 0.081189 1
g2 2 28 g2 2 26 0.154262 0.0852107 1
g2 2 31 g2 2 32 0.165375 0.152605 1
g2 2 26 g2 2 26 0.144681 0.150999 1
g2 2 27 g2 2 26 0.14867 0.134901 1
g2 2 23 g2 2 32 0.132273 0.144775 1
g2 2 26 g2 2 26 0.144802 0.128892 1
g2 2 27 g2 2 26 0.149236 0.0937242 1
g2 2 28 g2 2 26 0.153684 0.156895 1
g2 2 55 g2 2 50 0.268128 0.125755 1
g2 2 29 g2 2 26 0.156985 0.0853226 1
g2 2 28 g2 2 26 0.153496 0.0831557 1
g2 2 28 g2 2 26 0.153203 0.10591 1
g2 2 29 g2 2 26 0.157385 0.106393 1
g2 2 30 g2 2 26 0.160501 0.165876 1
g2 2 27 g2 2 26 0.149177 0.128428 1
g2 2 21 g2 2 32 0.124523 0.237872 1
g2 2 27 g2 2 26 0.149116 0.0733698 1
g2 2 29 g2 2 26 0.157694 0.0850396 1
g2 2 27 g2 2 26 0.14892 0.132614 1
g2 2 30 g2 2 26 0.160697 0.125009 1
g2 2 30 g2 2 26 0.161554 0.202935 1
g2 2 26 g2 2 26 0.144375 0.144234 1
g2 2 31 g2 2 26 0.166013 0.0809107 1
g2 2 33 g2 2 32 0.177413 0.158391 1
g2 2 28 g2 2 26 0.15312 0.150766 1
g2 2 27 g2 2 32 0.148507 0.215902 1
g2 2 30 g2 2 26 0.160659 0.15229 1
g2 2 34 g2 2 26 0.181081 0.122504 1
g2 2 59 g2 2 53 0.284693 0.11708 1
g2 2 54 g2 2 45 0.263983 0.128094 1
g2 2 55 g2 2 50 0.269169 0.115822 1
g2 2 48 g1 2 43 0.238898 0.259655 1
g2 2 38 g2 2 42 0.197032 0.0980393 1
g2 2 42 g2 2 39 0.213307 0.102152 1
g2 2 64 g2 2 53 0.305778 0.107338 1
g2 2 43 g2 2 45 0.218131 0.0816044 1
g2 2 37 g2 2 44 0.193059 0.0787732 1
g2 2 36 g2 2 39 0.190426 0.0732656 1
g2 2 39 g2 2 44 0.201413 0.0675561 1
g2 2 39 g2 2 39 0.200831 0.0572417 1
g2 2 41 g2 2 39 0.209881 0.0581594 1
g2 2 39 g2 2 39 0.201116 0.0957513 1
g2 2 41 g2 2 39 0.209423 0.0682864 1
g2 2 42 g2 2 44 0.214173 0.0697143 1
g2 2 47 g2 2 44 0.233414 0.129158 1
g2 2 31 g2 2 41 0.166098 0.117849 1
g2 2 42 g2 2 39 0.213056 0.06024 1
g2 2 84 g2 2 53 0.395193 0.158477 1
g2 2 41 g2 2 42 0.210039 0.0790936 1
g2 2 52 g2 2 44 0.254801 0.0678578 1
g2 2 52 g1 2 59 0.255164 0.213745 1
g2 2 40 g2 2 39 0.20602 0.0999793 1
g2 2 37 g2 2 44 0.193085 0.0734563 1
g2 2 45 g1 2 64 0.225702 0.115191 1
g2 2 41 g2 2 44 0.209621 0.0894141 1
g2 2 49 g1 2 52 0.241306 0.192012 1
g2 2 46 g2 2 53 0.230136 0.113792 1
g2 2 40 g2 2 56 0.206008 0.10944 1
g2 2 56 g2 2 53 0.270788 0.108505 1
g2 2 35 g2 2 39 0.185563 0.0852977 1
g2 2 40 g1 2 57 0.205515 0.290824 1
g2 2 58 g2 2 48 0.27996 0.156959 1
g2 2 29 g2 2 26 0.157045 0.130546 1
g2 2 26 g2 2 26 0.144831 0.124454 1
g2 2 28 g2 2 26 0.153083 0.0648465 1
g3 1 71 g3 1 117 0.337967 0.324805 1
g3 1 68 g3 1 84 0.324821 0.194898 1
g3 1 95 g3 1 81 0.441274 0.296964 1
g3 1 102 g3 1 73 0.47156 0.238218 1
g3 1 107 g1 2 57 0.49652 0.434995 0
g3 1 96 g3 1 73 0.449741 0.256818 1
g3 1 91 g3 1 72 0.423915 0.283774 1
g3 1 93 g3 1 82 0.435654 0.278866 1
g3 1 86 g3 1 87 0.402418 0.278667 1
g3 1 87 g3 1 92 0.405649 0.286612 1
g3 1 88 g3 1 106 0.411011 0.254138 1
g3 1 92 g3 1 81 0.429038 0.212962 1
g3 1 92 g3 1 86 0.430407 0.243562 1
g3 1 92 g3 1 127 0.431746 0.2154 1
g3 1 90 g3 1 78 0.418206 0.482702 0
g3 1 86 g3 1 74 0.40612 0.25076 1
g3 1 80 g3 1 81 0.377551 0.197892 1
g3 1 113 g1 2 49 0.522631 0.365086 1
g3 1 95 g3 1 120 0.445147 0.277557 1
g3 1 95 g3 1 85 0.443867 0.214709 1
g3 1 99 g3 1 91 0.460564 0.219722 1
g3 1 93 g3 1 114 0.43517 0.216527 1
g3 1 92 g3 1 82 0.429588 0.243935 1
g3 1 85 g3 1 73 0.397504 0.253225 1
g3 1 91 g3 1 81 0.424439 0.303278 1
g3 1 88 g3 1 77 0.409516 0.278852 1
g3 1 99 g3 1 112 0.458959 0.301397 1
g3 1 132 g3 1 84 0.605345 0.28222 1
g3 1 114 g1 2 67 0.527181 0.43458 0
g3 1 97 g3 1 80 0.449676 0.1944 1
g3 1 111 g3 1 120 0.514296 0.219216 1
g3 1 104 g3 1 82 0.481477 0.27285 1
g3 1 97 g3 1 78 0.450136 0.214257 1
g3 1 100 g3 1 85 0.464372 0.238382 1
g3 1 101 g3 1 91 0.470118 0.246652 1
g3 1 98 g3 1 83 0.457388 0.267061 1
g3 1 102 g3 1 61 0.473283 0.319308 1
g3 1 115 g3 1 140 0.530627 0.258955 1
g3 1 120 g3 1 140 0.55295 0.257891 1
g3 1 92 g3 1 84 0.427889 0.376797 0
g3 1 76 g3 1 68 0.357637 0.838181 0
g3 1 97 g3 1 85 0.450261 0.281636 1
g3 1 85 g3 1 79 0.397589 0.211361 1
g3 1 77 g3 1 80 0.361982 0.193194 1
g3 1 81 g3 1 81 0.37881 0.214477 1
g3 1 86 g3 1 91 0.399673 0.293181 1
g3 1 77 g3 1 77 0.360405 0.329231 0
g3 1 85 g3 1 84 0.396508 0.171705 1
g3 1 79 g3 1 74 0.370536 0.219266 1
g3 1 78 g3 1 91 0.366341 0.301789 0
g3 1 84 g3 1 91 0.392074 0.249773 1
g4 2 71 g4 2 59 0.335193 0.198089 1
g4 2 71 g4 2 82 0.335337 0.0673423 1
g4 2 86 g4 2 87 0.400644 0.162398 1
g4 2 85 g4 2 82 0.396369 0.163126 1
g4 2 80 g4 2 90 0.37568 0.119477 1
g4 2 81 g4 2 99 0.37988 0.14039 1
g4 2 100 g3 1 89 0.462379 0.25683 1
g4 2 81 g4 2 82 0.379462 0.161355 1
g4 2 95 g4 2 94 0.441545 0.151698 1
g4 2 93 g4 2 95 0.431995 0.166844 1
g4 2 89 g4 2 90 0.41398 0.134392 1
g4 2 94 g4 2 99 0.436582 0.112256 1
g4 2 102 g4 2 101 0.471455 0.0792638 1
g4 2 89 g4 2 60 0.415132 0.120179 1
g4 2 57 g4 2 63 0.274098 0.127509 1
g4 2 60 g4 2 57 0.287802 0.0727742 1
g4 2 57 g4 2 55 0.275971 0.0766083 1
g4 2 63 g4 2 66 0.300954 0.145464 1
g4 2 59 g4 2 64 0.283357 0.103054 1
g4 2 65 g4 2 66 0.309622 0.109011 1
g4 2 67 g4 2 78 0.31862 0.0844505 1
g4 2 69 g4 2 78 0.326336 0.0992722 1
g4 2 77 g4 2 95 0.361153 0.150197 1
g4 2 57 g4 2 62 0.274812 0.105125 1
g4 2 72 g4 2 67 0.340306 0.0918328 1
g4 2 72 g4 2 72 0.339094 0.048741 1
g4 2 80 g4 2 70 0.374547 0.0862969 1
g4 2 79 g4 2 83 0.369106 0.110199 1
g4 2 92 g4 2 62 0.426616 0.0941647 1
g4 2 90 g4 2 66 0.417706 0.104492 1
g4 2 59 g4 2 72 0.283274 0.0842472 1
g4 2 59 g4 2 63 0.284102 0.0951659 1
g4 2 63 g4 2 66 0.302242 0.0775823 1
g4 2 66 g4 2 66 0.313658 0.130808 1
g4 2 87 g4 2 66 0.404751 0.0984353 1
g4 2 82 g4 2 66 0.383048 0.18796 1
g4 2 89 g4 2 79 0.413988 0.146736 1
g4 2 64 g4 2 62 0.305806 0.0681309 1
g4 2 88 g4 2 79 0.409667 0.0983634 1
g4 2 100 g4 2 79 0.462618 0.107761 1
g4 2 80 g4 2 82 0.374769 0.0681987 1
g4 2 88 g4 2 62 0.408269 0.0951218 1
g5 2 84 g5 2 94 0.396618 0.0893176 1
g5 2 87 g5 2 85 0.407768 0.0767305 1
g5 2 85 g5 2 101 0.400539 0.103886 1
g5 2 82 g5 2 101 0.384966 0.114987 1
g5 2 69 g5 2 98 0.329844 0.161727 1
g5 2 81 g5 2 98 0.383893 0.0936171 1
g5 2 80 g4 2 65 0.376973 0.188285 1
g5 2 89 g5 2 98 0.416612 0.177105 1
g5 2 78 g5 2 100 0.367692 0.207032 1
g5 2 64 g5 2 62 0.307589 0.117299 1
g5 2 68 g5 2 68 0.32384 0.118591 1
g5 2 80 g5 2 68 0.376705 0.108626 1
g5 2 66 g5 2 82 0.315682 0.144768 1
g5 2 69 g4 2 60 0.328622 0.184751 1
g5 2 83 g5 2 100 0.39068 0.161175 1
g5 2 76 g5 2 68 0.358069 0.213618 1
g5 2 73 g5 2 100 0.345612 0.169501 1
g5 2 68 g5 2 68 0.323863 0.181356 1
g5 2 73 g5 2 100 0.34665 0.164501 1
g5 2 73 g4 2 59 0.346279 0.169759 1
g5 2 75 g5 2 99 0.354096 0.132945 1
g5 2 73 g4 2 59 0.345572 0.171532 1
g5 2 75 g4 2 70 0.354059 0.207991 1
g5 2 73 g5 2 98 0.346375 0.164006 1
g5 2 80 g5 2 98 0.377171 0.126513 1
g5 2 79 g5 2 106 0.373349 0.15038 1
g5 2 76 g4 2 59 0.359931 0.143869 1
g5 2 75 g5 2 106 0.354277 0.162105 1
g5 2 77 g5 2 100 0.362362 0.211992 1
g5 2 78 g5 2 88 0.368883 0.138184 1
g5 2 73 g4 2 65 0.346019 0.188222 1
g5 2 76 g5 2 98 0.360873 0.126581 1
g5 2 71 g5 2 88 0.33868 0.124045 1
g5 2 75 g5 2 98 0.356778 0.138354 1
g5 2 76 g5 2 98 0.358753 0.141297 1
g5 2 83 g5 2 96 0.389998 0.0967482 1
g5 2 110 g5 2 100 0.507638 0.117647 1
g5 2 77 g5 2 96 0.364857 0.0859701 1
g5 2 92 g5 2 101 0.429638 0.0756917 1
g5 2 92 g5 2 96 0.43433 0.121381 1
g5 2 98 g5 2 115 0.458272 0.128892 1
g5 2 92 g5 2 115 0.432269 0.0887555 1
g5 2 91 g5 2 105 0.426943 0.0983107 1
g5 2 98 g5 2 100 0.456577 0.0919861 1
g5 2 92 g5 2 98 0.43206 0.0726379 1
g6 2 78 g6 2 74 0.364811 0.077136 1
g6 2 75 g6 2 74 0.351928 0.0886381 1
g6 2 81 g6 2 74 0.378203 0.0837195 1
g6 2 79 g6 2 65 0.368685 0.173163 1
g6 2 67 g6 2 74 0.317778 0.0672097 1
g6 2 66 g6 2 77 0.313693 0.118371 1
g6 2 71 g6 2 74 0.334731 0.0905135 1
g6 2 73 g6 2 74 0.343189 0.124847 1
g6 2 70 g6 2 74 0.330461 0.100268 1
g6 2 61 g6 2 74 0.292501 0.0983134 1
g6 2 76 g6 2 72 0.356992 0.148182 1
g6 2 82 g6 2 179 0.382662 0.0846512 1
g6 2 80 g6 2 79 0.37498 0.0637393 1
g6 2 59 g6 2 74 0.283306 0.114933 1
g6 2 70 g6 2 79 0.33169 0.159355 1
g6 2 79 g6 2 75 0.369309 0.0816378 1
g6 2 67 g6 2 74 0.31658 0.0919602 1
g6 2 84 g6 2 75 0.391049 0.0824738 1
g6 2 70 g6 2 74 0.331003 0.078759 1
g6 2 68 g6 2 74 0.32112 0.13811 1
g6 2 80 g6 2 74 0.374203 0.0903619 1
g6 2 115 g6 2 74 0.525547 0.146872 1
g6 2 74 g6 2 75 0.347914 0.0920368 1
g6 2 66 g6 2 75 0.313719 0.116205 1
g6 2 70 g6 2 74 0.330547 0.116409 1
g6 2 68 g6 2 86 0.321516 0.238989 1
g6 2 86 g6 2 74 0.400131 0.111651 1
g6 2 68 g6 2 74 0.322254 0.0831518 1
g6 2 68 g6 2 74 0.321601 0.0867334 1
g6 2 56 g6 2 64 0.272207 0.0932688 1
g6 2 61 g6 2 65 0.291936 0.0761259 1
g6 2 63 g6 2 65 0.300666 0.105697 1
g6 2 99 g6 2 94 0.458266 0.363459 1
g6 2 75 g1 2 48 0.352608 0.249492 1
g6 2 61 g6 2 62 0.291716 0.0327055 1
g6 2 63 g6 2 63 0.301324 0.0631527 1
g6 2 67 g6 2 63 0.317932 0.0575263 1
g6 2 64 g6 2 67 0.304974 0.0628013 1
g6 2 71 g6 2 70 0.336385 0.0709974 1
g6 2 76 g6 2 72 0.356279 0.0616879 1
g6 2 71 g6 2 86 0.334516 0.0880182 1
g7 1 73 g7 1 87 0.347057 0.276636 1
g7 1 65 g7 1 83 0.310435 0.214486 1
g7 1 71 g7 1 67 0.335274 0.282669 1
g7 1 73 g7 1 102 0.346786 0.151537 1
g7 1 78 g7 1 66 0.366497 0.281787 1
g7 1 82 g7 1 79 0.383683 0.25401 1
g7 1 66 g7 1 90 0.315414 0.298672 1
g7 1 72 g7 1 73 0.340272 0.124732 1
g7 1 52 g7 1 60 0.255508 0.216303 1
g7 1 63 g3 1 83 0.302796 0.402604 0
g7 1 67 g7 1 65 0.318064 0.217361 1
g7 1 72 g7 1 66 0.340239 0.16331 1
g7 1 69 g7 1 76 0.33175 0.217129 1
g7 1 65 g7 1 56 0.309131 0.176833 1
g7 1 56 g7 1 55 0.271489 0.21659 1
g7 1 64 g7 1 60 0.305394 0.174301 1
g7 1 63 g7 1 55 0.300977 0.15924 1
g7 1 58 g7 1 62 0.280003 0.214666 1
g7 1 60 g7 1 89 0.288324 0.286894 1
g7 1 61 g7 1 54 0.293132 0.15933 1
g7 1 61 g7 1 62 0.291713 0.197059 1
g7 1 54 g7 1 51 0.263787 0.0359619 1
g7 1 75 g1 2 31 0.352383 0.53179 0
g7 1 68 g7 1 69 0.321812 0.227333 1
g7 1 88 g7 1 54 0.409325 0.322597 1
g7 1 72 g7 1 94 0.340497 0.355519 1
g7 1 67 g2 2 44 0.317658 0.433152 0
g7 1 74 g7 1 73 0.34694 0.16219 1
g7 1 70 g1 2 31 0.331234 0.556157 0
g7 1 70 g3 1 130 0.330421 0.527425 0
g7 1 72 g7 1 69 0.338981 0.213426 1
g7 1 85 g7 1 93 0.396665 0.29699 1
g7 1 77 g7 1 88 0.360958 0.299224 1
g7 1 79 g7 1 67 0.369682 0.217459 1
g7 1 90 g7 1 66 0.418089 0.204742 1
g7 1 136 g7 1 88 0.62409 0.27874 1
g7 1 66 g7 1 75 0.314883 0.243244 1
g7 1 67 g7 1 97 0.318175 0.255224 1
g7 1 78 g7 1 97 0.366709 0.302307 1
g7 1 78 g7 1 75 0.367408 0.228199 1
g7 1 88 g7 1 79 0.410813 0.267728 1
g7 1 97 g7 1 91 0.450042 0.194254 1
g7 1 62 g7 1 67 0.297821 0.300008 1
g7 1 101 g7 1 77 0.467296 0.175766 1
g7 1 39 g7 1 67 0.200225 0.364027 1
g7 1 70 g7 1 100 0.333018 0.366034 1
g7 1 72 g7 1 66 0.340277 0.154061 1
g7 1 71 g7 1 60 0.336536 0.270987 1
g7 1 72 g7 1 73 0.339892 0.167195 1
g7 1 96 g7 1 79 0.448081 0.237295 1
g7 1 63 g7 1 57 0.301774 0.309275 1
g7 1 66 g7 1 65 0.313968 0.260375 1
g7 1 84 g7 1 89 0.392719 0.162851 1
g7 1 119 g7 1 91 0.550146 0.298056 1
g7 1 110 g7 1 103 0.507526 0.245831 1
g7 1 105 g7 1 72 0.486013 0.384197 1
g7 1 104 g7 1 103 0.483836 0.22302 1
g7 1 91 g7 1 71 0.423041 0.238911 1
g7 1 99 g7 1 94 0.459794 0.159631 1
g7 1 83 g7 1 93 0.389155 0.211386 1
g7 1 92 g7 1 94 0.430089 0.157546 1
g7 1 88 g7 1 91 0.410143 0.186825 1
g7 1 93 g7 1 94 0.434847 0.166665 1
