g1 2 46 g6 2 78 0.229961 0.151271 1
g1 2 44 g6 2 66 0.222455 0.17884 1
g1 2 52 g6 2 50 0.254948 0.133323 1
g1 2 102 g1 2 45 0.470186 0.128344 1
g1 2 63 g2 2 32 0.303911 0.180019 1
g1 2 56 g1 2 48 0.270909 0.143851 1
g1 2 60 g1 2 54 0.288387 0.120546 1
g1 2 37 g1 2 52 0.193612 0.0984748 1
g1 2 46 g1 2 42 0.230204 0.124197 1
g1 2 54 g1 2 48 0.262858 0.153851 1
g1 2 39 g1 2 42 0.200681 0.11936 1
g1 2 50 g1 2 42 0.246938 0.0973088 1
g1 2 48 g1 2 48 0.237929 0.0665379 1
g1 2 47 g1 2 46 0.233809 0.0739496 1
g1 2 53 g1 2 48 0.258628 0.0760421 1
g1 2 111 g6 2 73 0.509767 0.20023 1
g1 2 49 g1 2 42 0.241475 0.0889367 1
g1 2 71 g6 2 70 0.335158 0.199175 1
g1 2 37 g6 2 60 0.193602 0.12168 1
g1 2 46 g6 2 66 0.23009 0.186226 1
g1 2 39 g6 2 51 0.200849 0.130296 1
g1 2 54 g6 2 57 0.263055 0.160935 1
g1 2 42 g2 2 32 0.213402 0.181488 1
g1 2 45 g1 2 38 0.225583 0.0751975 1
g1 2 43 g1 2 38 0.217142 0.0769938 1
g1 2 61 g1 2 56 0.292938 0.126871 1
g1 2 58 g1 2 49 0.279955 0.139487 1
g1 2 75 g1 2 49 0.352223 0.246594 1
g1 2 55 g1 2 45 0.266785 0.194769 1
g1 2 56 g1 2 71 0.271585 0.100618 1
g1 2 43 g1 2 48 0.217482 0.0795973 1
g1 2 44 g1 2 45 0.221336 0.162819 1
g1 2 35 g1 2 50 0.185257 0.0640499 1
g1 2 53 g1 2 54 0.258531 0.197292 1
g1 2 43 g1 2 56 0.217565 0.225186 1
g1 2 46 g1 2 45 0.229926 0.149562 1
g1 2 57 g1 2 45 0.275608 0.158168 1
g1 2 46 g1 2 45 0.228774 0.153119 1
g1 2 41 g1 2 43 0.209541 0.154605 1
g1 2 43 g1 2 45 0.217208 0.119913 1
g1 2 49 g1 2 50 0.242121 0.147619 1
g1 2 53 g1 2 54 0.258875 0.204712 1
g1 2 44 g1 2 47 0.224929 0.168578 1
g1 2 46 g1 2 45 0.229487 0.172272 1
g1 2 53 g1 2 45 0.259776 0.161407 1
g1 2 40 g1 2 54 0.205102 0.23451 1
g1 2 50 g6 2 70 0.245892 0.185257 1
g1 2 53 g6 2 65 0.258024 0.19522 1
g1 2 41 g6 2 72 0.210527 0.170714 1
g1 2 52 g6 2 66 0.255457 0.125926 1
g1 2 72 g2 2 32 0.34027 0.207837 1
g1 2 48 g6 2 50 0.238129 0.147822 1
g1 2 64 g2 2 32 0.307043 0.161244 1
g1 2 42 g1 2 34 0.212666 0.0657652 1
g1 2 38 g1 2 34 0.1973 0.0576872 1
g1 2 29 g1 2 32 0.15759 0.0730236 1
g1 2 29 g1 2 29 0.157374 0.0591343 1
g1 2 31 g1 2 32 0.165976 0.0594803 1
g1 2 31 g1 2 31 0.165711 0.0511753 1
g1 2 36 g1 2 34 0.188674 0.0559827 1
g1 2 29 g1 2 29 0.156994 0.0583123 1
g2 2 28 g2 2 26 0.152962 0.081189 1
g2 2 28 g2 2 26 0.154061 0.0852107 1
g2 2 31 g2 2 32 0.165894 0.152605 1
g2 2 26 g2 2 26 0.144898 0.150999 1
g2 2 27 g2 2 26 0.148858 0.134901 1
g2 2 23 g2 2 32 0.131556 0.144775 1
g2 2 26 g2 2 26 0.145308 0.128892 1
g2 2 27 g2 2 26 0.148912 0.0937242 1
g2 2 28 g2 2 26 0.153134 0.156895 1
g2 2 55 g2 2 50 0.268034 0.125755 1
g2 2 29 g2 2 26 0.157017 0.0853226 1
g2 2 28 g2 2 26 0.153193 0.0831557 1
g2 2 28 g2 2 26 0.153101 0.10591 1
g2 2 29 g2 2 26 0.157299 0.106393 1
g2 2 30 g2 2 26 0.161098 0.165876 1
g2 2 27 g2 2 26 0.14921 0.128428 1
g2 2 21 g2 2 32 0.124464 0.237872 1
g2 2 27 g2 2 26 0.148883 0.0733698 1
g2 2 29 g2 2 26 0.157156 0.0850396 1
g2 2 27 g2 2 26 0.149002 0.132614 1
g2 2 30 g2 2 26 0.160668 0.125009 1
g2 2 30 g2 2 26 0.161738 0.202935 1
g2 2 26 g2 2 26 0.144891 0.144234 1
g2 2 31 g2 2 26 0.16529 0.0809107 1
g2 2 33 g2 2 32 0.177319 0.158391 1
g2 2 28 g2 2 26 0.152665 0.150766 1
g2 2 27 g2 2 32 0.148558 0.215902 1
g2 2 30 g2 2 26 0.160859 0.15229 1
g2 2 34 g2 2 26 0.181352 0.122504 1
g2 2 59 g2 2 53 0.284618 0.11708 1
g2 2 54 g2 2 45 0.263637 0.128094 1
g2 2 55 g2 2 50 0.268486 0.115822 1
g2 2 48 g1 2 43 0.239107 0.259655 1
g2 2 38 g2 2 42 0.197332 0.0980393 1
g2 2 42 g2 2 39 0.213235 0.102152 1
g2 2 64 g2 2 53 0.305894 0.107338 1
g2 2 43 g2 2 45 0.218783 0.0816044 1
g2 2 37 g2 2 44 0.192917 0.0787732 1
g2 2 36 g2 2 39 0.189029 0.0732656 1
g2 2 39 g2 2 44 0.201019 0.0675561 1
g2 2 39 g2 2 39 0.201286 0.0572417 1
g2 2 41 g2 2 39 0.210389 0.0581594 1
g2 2 39 g2 2 39 0.20123 0.0957513 1
g2 2 41 g2 2 39 0.209956 0.0682864 1
g2 2 42 g2 2 44 0.213369 0.0697143 1
g2 2 47 g2 2 44 0.233359 0.129158 1
g2 2 31 g2 2 41 0.166143 0.117849 1
g2 2 42 g2 2 39 0.213123 0.06024 1
g2 2 84 g2 2 53 0.394712 0.158477 1
g2 2 41 g2 2 42 0.21033 0.0790936 1
g2 2 52 g2 2 44 0.255404 0.0678578 1
g2 2 52 g1 2 59 0.255184 0.213745 1
g2 2 40 g2 2 39 0.205073 0.0999793 1
g2 2 37 g2 2 44 0.193008 0.0734563 1
g2 2 45 g1 2 64 0.225446 0.115191 1
g2 2 41 g2 2 44 0.210023 0.0894141 1
g2 2 49 g1 2 52 0.242082 0.192012 1
g2 2 46 g2 2 53 0.229857 0.113792 1
g2 2 40 g2 2 56 0.205204 0.10944 1
g2 2 56 g2 2 53 0.271495 0.108505 1
g2 2 35 g2 2 39 0.185301 0.0852977 1
g2 2 40 g1 2 57 0.205721 0.290824 1
g2 2 58 g2 2 48 0.28094 0.156959 1
g2 2 29 g2 2 26 0.157983 0.130546 1
g2 2 26 g2 2 26 0.144677 0.124454 1
g2 2 28 g2 2 26 0.152959 0.0648465 1
g3 1 71 g3 1 117 0.336897 0.324805 1
g3 1 68 g3 1 84 0.324459 0.194898 1
g3 1 95 g3 1 81 0.442065 0.296964 1
g3 1 102 g3 1 73 0.470855 0.238218 1
g3 1 107 g1 2 57 0.498443 0.434995 1
g3 1 96 g3 1 73 0.448038 0.256818 1
g3 1 91 g3 1 72 0.425957 0.283774 1
g3 1 93 g3 1 82 0.434621 0.278866 1
g3 1 86 g3 1 87 0.401313 0.278667 1
g3 1 87 g3 1 92 0.406049 0.286612 1
g3 1 88 g3 1 106 0.410684 0.254138 1
g3 1 92 g3 1 81 0.429484 0.212962 1
g3 1 92 g3 1 86 0.429883 0.243562 1
g3 1 92 g3 1 127 0.432183 0.2154 1
g3 1 90 g3 1 78 0.420998 0.482702 0
g3 1 86 g3 1 74 0.402467 0.25076 1
g3 1 80 g3 1 81 0.37809 0.197892 1
g3 1 113 g1 2 49 0.52246 0.365086 1
g3 1 95 g3 1 120 0.442884 0.277557 1
g3 1 95 g3 1 85 0.442785 0.214709 1
g3 1 99 g3 1 91 0.460968 0.219722 1
g3 1 93 g3 1 114 0.4348 0.216527 1
g3 1 92 g3 1 82 0.429521 0.243935 1
g3 1 85 g3 1 73 0.398351 0.253225 1
g3 1 91 g3 1 81 0.424746 0.303278 1
g3 1 88 g3 1 77 0.410691 0.278852 1
g3 1 99 g3 1 112 0.458719 0.301397 1
g3 1 132 g3 1 84 0.606945 0.28222 1
g3 1 114 g1 2 67 0.525834 0.43458 1
g3 1 97 g3 1 80 0.450539 0.1944 1
g3 1 111 g3 1 120 0.513478 0.219216 1
g3 1 104 g3 1 82 0.482287 0.27285 1
g3 1 97 g3 1 78 0.450231 0.214257 1
g3 1 100 g3 1 85 0.464412 0.238382 1
g3 1 101 g3 1 91 0.470213 0.246652 1
g3 1 98 g3 1 83 0.456232 0.267061 1
g3 1 102 g3 1 61 0.474195 0.319308 1
g3 1 115 g3 1 140 0.530843 0.258955 1
g3 1 120 g3 1 140 0.554772 0.257891 1
g3 1 92 g3 1 84 0.427531 0.376797 1
g3 1 76 g3 1 68 0.358218 0.838181 0
g3 1 97 g3 1 85 0.449827 0.281636 1
g3 1 85 g3 1 79 0.398073 0.211361 1
g3 1 77 g3 1 80 0.36397 0.193194 1
g3 1 81 g3 1 81 0.378818 0.214477 1
g3 1 86 g3 1 91 0.400273 0.293181 1
g3 1 77 g3 1 77 0.361496 0.329231 1
g3 1 85 g3 1 84 0.396754 0.171705 1
g3 1 79 g3 1 74 0.371124 0.219266 1
g3 1 78 g3 1 91 0.366883 0.301789 1
g3 1 84 g3 1 91 0.392647 0.249773 1
g4 2 71 g4 2 59 0.335281 0.198089 1
g4 2 71 g4 2 82 0.335872 0.0673423 1
g4 2 86 g4 2 87 0.40148 0.162398 1
g4 2 85 g4 2 82 0.396355 0.163126 1
g4 2 80 g4 2 90 0.376225 0.119477 1
g4 2 81 g4 2 99 0.381028 0.14039 1
g4 2 100 g3 1 89 0.462165 0.25683 1
g4 2 81 g4 2 82 0.379494 0.161355 1
g4 2 95 g4 2 94 0.441909 0.151698 1
g4 2 93 g4 2 95 0.431936 0.166844 1
g4 2 89 g4 2 90 0.414303 0.134392 1
g4 2 94 g4 2 99 0.436283 0.112256 1
g4 2 102 g4 2 101 0.473818 0.0792638 1
g4 2 89 g4 2 60 0.413632 0.120179 1
g4 2 57 g4 2 63 0.274205 0.127509 1
g4 2 60 g4 2 57 0.288139 0.0727742 1
g4 2 57 g4 2 55 0.27564 0.0766083 1
g4 2 63 g4 2 66 0.30038 0.145464 1
g4 2 59 g4 2 64 0.284124 0.103054 1
g4 2 65 g4 2 66 0.31051 0.109011 1
g4 2 67 g4 2 78 0.318068 0.0844505 1
g4 2 69 g4 2 78 0.328138 0.0992722 1
g4 2 77 g4 2 95 0.361209 0.150197 1
g4 2 57 g4 2 62 0.274621 0.105125 1
g4 2 72 g4 2 67 0.340465 0.0918328 1
g4 2 72 g4 2 72 0.340252 0.048741 1
g4 2 80 g4 2 70 0.37635 0.0862969 1
g4 2 79 g4 2 83 0.37024 0.110199 1
g4 2 92 g4 2 62 0.426679 0.0941647 1
g4 2 90 g4 2 66 0.417708 0.104492 1
g4 2 59 g4 2 72 0.284343 0.0842472 1
g4 2 59 g4 2 63 0.284295 0.0951659 1
g4 2 63 g4 2 66 0.301066 0.0775823 1
g4 2 66 g4 2 66 0.313975 0.130808 1
g4 2 87 g4 2 66 0.40518 0.0984353 1
g4 2 82 g4 2 66 0.382868 0.18796 1
g4 2 89 g4 2 79 0.414885 0.146736 1
g4 2 64 g4 2 62 0.305396 0.0681309 1
g4 2 88 g4 2 79 0.408918 0.0983634 1
g4 2 100 g4 2 79 0.462682 0.107761 1
g4 2 80 g4 2 82 0.375237 0.0681987 1
g4 2 88 g4 2 62 0.410011 0.0951218 1
g5 2 84 g5 2 94 0.395287 0.0893176 1
g5 2 87 g5 2 85 0.406988 0.0767305 1
g5 2 85 g5 2 101 0.399895 0.103886 1
g5 2 82 g5 2 101 0.385056 0.114987 1
g5 2 69 g5 2 98 0.330964 0.161727 1
g5 2 81 g5 2 98 0.38294 0.0936171 1
g5 2 80 g4 2 65 0.376584 0.188285 1
g5 2 89 g5 2 98 0.416698 0.177105 1
g5 2 78 g5 2 100 0.367508 0.207032 1
g5 2 64 g5 2 62 0.307249 0.117299 1
g5 2 68 g5 2 68 0.324178 0.118591 1
g5 2 80 g5 2 68 0.376728 0.108626 1
g5 2 66 g5 2 82 0.315321 0.144768 1
g5 2 69 g4 2 60 0.329749 0.184751 1
g5 2 83 g5 2 100 0.389491 0.161175 1
g5 2 76 g5 2 68 0.357951 0.213618 1
g5 2 73 g5 2 100 0.345996 0.169501 1
g5 2 68 g5 2 68 0.324321 0.181356 1
g5 2 73 g5 2 100 0.345784 0.164501 1
g5 2 73 g4 2 59 0.345828 0.169759 1
g5 2 75 g5 2 99 0.354446 0.132945 1
g5 2 73 g4 2 59 0.344889 0.171532 1
g5 2 75 g4 2 70 0.354194 0.207991 1
g5 2 73 g5 2 98 0.346369 0.164006 1
g5 2 80 g5 2 98 0.377362 0.126513 1
g5 2 79 g5 2 106 0.373229 0.15038 1
g5 2 76 g4 2 59 0.359641 0.143869 1
g5 2 75 g5 2 106 0.354637 0.162105 1
g5 2 77 g5 2 100 0.36284 0.211992 1
g5 2 78 g5 2 88 0.367535 0.138184 1
g5 2 73 g4 2 65 0.34604 0.188222 1
g5 2 76 g5 2 98 0.360582 0.126581 1
g5 2 71 g5 2 88 0.337852 0.124045 1
g5 2 75 g5 2 98 0.356794 0.138354 1
g5 2 76 g5 2 98 0.359014 0.141297 1
g5 2 83 g5 2 96 0.389836 0.0967482 1
g5 2 110 g5 2 100 0.50796 0.117647 1
g5 2 77 g5 2 96 0.364787 0.0859701 1
g5 2 92 g5 2 101 0.428944 0.0756917 1
g5 2 92 g5 2 96 0.433054 0.121381 1
g5 2 98 g5 2 115 0.457409 0.128892 1
g5 2 92 g5 2 115 0.432365 0.0887555 1
g5 2 91 g5 2 105 0.426666 0.0983107 1
g5 2 98 g5 2 100 0.45702 0.0919861 1
g5 2 92 g5 2 98 0.43177 0.0726379 1
g6 2 78 g6 2 74 0.364749 0.077136 1
g6 2 75 g6 2 74 0.352146 0.0886381 1
g6 2 81 g6 2 74 0.377304 0.0837195 1
g6 2 79 g6 2 65 0.369031 0.173163 1
g6 2 67 g6 2 74 0.317558 0.0672097 1
g6 2 66 g6 2 77 0.313765 0.118371 1
g6 2 71 g6 2 74 0.334047 0.0905135 1
g6 2 73 g6 2 74 0.342966 0.124847 1
g6 2 70 g6 2 74 0.330284 0.100268 1
g6 2 61 g6 2 74 0.293293 0.0983134 1
g6 2 76 g6 2 72 0.35702 0.148182 1
g6 2 82 g6 2 179 0.381487 0.0846512 1
g6 2 80 g6 2 79 0.374203 0.0637393 1
g6 2 59 g6 2 74 0.2841 0.114933 1
g6 2 70 g6 2 79 0.331238 0.159355 1
g6 2 79 g6 2 75 0.369644 0.0816378 1
g6 2 67 g6 2 74 0.317882 0.0919602 1
g6 2 84 g6 2 75 0.390359 0.0824738 1
g6 2 70 g6 2 74 0.331584 0.078759 1
g6 2 68 g6 2 74 0.322027 0.13811 1
g6 2 80 g6 2 74 0.375475 0.0903619 1
g6 2 115 g6 2 74 0.526388 0.146872 1
g6 2 74 g6 2 75 0.347539 0.0920368 1
g6 2 66 g6 2 75 0.313175 0.116205 1
g6 2 70 g6 2 74 0.330842 0.116409 1
g6 2 68 g6 2 86 0.322059 0.238989 1
g6 2 86 g6 2 74 0.400055 0.111651 1
g6 2 68 g6 2 74 0.322466 0.0831518 1
g6 2 68 g6 2 74 0.32125 0.0867334 1
g6 2 56 g6 2 64 0.270523 0.0932688 1
g6 2 61 g6 2 65 0.292574 0.0761259 1
g6 2 63 g6 2 65 0.300291 0.105697 1
g6 2 99 g6 2 94 0.457698 0.363459 1
g6 2 75 g1 2 48 0.353095 0.249492 1
g6 2 61 g6 2 62 0.292015 0.0327055 1
g6 2 63 g6 2 63 0.300534 0.0631527 1
g6 2 67 g6 2 63 0.318621 0.0575263 1
g6 2 64 g6 2 67 0.304722 0.0628013 1
g6 2 71 g6 2 70 0.33448 0.0709974 1
g6 2 76 g6 2 72 0.356585 0.0616879 1
g6 2 71 g6 2 86 0.334714 0.0880182 1
g7 1 73 g7 1 87 0.346712 0.276636 1
g7 1 65 g7 1 83 0.311365 0.214486 1
g7 1 71 g7 1 67 0.336275 0.282669 1
g7 1 73 g7 1 102 0.346915 0.151537 1
g7 1 78 g7 1 66 0.366533 0.281787 1
g7 1 82 g7 1 79 0.384078 0.25401 1
g7 1 66 g7 1 90 0.315295 0.298672 1
g7 1 72 g7 1 73 0.341765 0.124732 1
g7 1 52 g7 1 60 0.255388 0.216303 1
g7 1 63 g3 1 83 0.302182 0.402604 1
g7 1 67 g7 1 65 0.31784 0.217361 1
g7 1 72 g7 1 66 0.340869 0.16331 1
g7 1 69 g7 1 76 0.326084 0.217129 1
g7 1 65 g7 1 56 0.309746 0.176833 1
g7 1 56 g7 1 55 0.270833 0.21659 1
g7 1 64 g7 1 60 0.30512 0.174301 1
g7 1 63 g7 1 55 0.301061 0.15924 1
g7 1 58 g7 1 62 0.280189 0.214666 1
g7 1 60 g7 1 89 0.288505 0.286894 1
g7 1 61 g7 1 54 0.291983 0.15933 1
g7 1 61 g7 1 62 0.29183 0.197059 1
g7 1 54 g7 1 51 0.264411 0.0359619 1
g7 1 75 g1 2 31 0.352037 0.53179 0
g7 1 68 g7 1 69 0.321815 0.227333 1
g7 1 88 g7 1 54 0.409294 0.322597 1
g7 1 72 g7 1 94 0.340294 0.355519 1
g7 1 67 g2 2 44 0.318585 0.433152 1
g7 1 74 g7 1 73 0.348094 0.16219 1
g7 1 70 g1 2 31 0.331808 0.556157 0
g7 1 70 g3 1 130 0.330828 0.527425 1
g7 1 72 g7 1 69 0.338876 0.213426 1
g7 1 85 g7 1 93 0.395387 0.29699 1
g7 1 77 g7 1 88 0.36185 0.299224 1
g7 1 79 g7 1 67 0.369374 0.217459 1
g7 1 90 g7 1 66 0.417704 0.204742 1
g7 1 136 g7 1 88 0.623711 0.27874 1
g7 1 66 g7 1 75 0.314531 0.243244 1
g7 1 67 g7 1 97 0.318065 0.255224 1
g7 1 78 g7 1 97 0.367266 0.302307 1
g7 1 78 g7 1 75 0.365778 0.228199 1
g7 1 88 g7 1 79 0.411059 0.267728 1
g7 1 97 g7 1 91 0.450199 0.194254 1
g7 1 62 g7 1 67 0.297231 0.300008 1
g7 1 101 g7 1 77 0.467616 0.175766 1
g7 1 39 g7 1 67 0.199725 0.364027 1
g7 1 70 g7 1 100 0.332167 0.366034 1
g7 1 72 g7 1 66 0.343232 0.154061 1
g7 1 71 g7 1 60 0.336497 0.270987 1
g7 1 72 g7 1 73 0.342067 0.167195 1
g7 1 96 g7 1 79 0.447512 0.237295 1
g7 1 63 g7 1 57 0.301737 0.309275 1
g7 1 66 g7 1 65 0.313608 0.260375 1
g7 1 84 g7 1 89 0.392426 0.162851 1
g7 1 119 g7 1 91 0.550996 0.298056 1
g7 1 110 g7 1 103 0.509793 0.245831 1
g7 1 105 g7 1 72 0.48618 0.384197 1
g7 1 104 g7 1 103 0.484584 0.22302 1
g7 1 91 g7 1 71 0.422997 0.238911 1
g7 1 99 g7 1 94 0.460347 0.159631 1
g7 1 83 g7 1 93 0.38895 0.211386 1
g7 1 92 g7 1 94 0.429027 0.157546 1
g7 1 88 g7 1 91 0.410466 0.186825 1
g7 1 93 g7 1 94 0.435379 0.166665 1
