g1 2 24 g6 2 32 0.07366 0.17794 1
g1 2 23 g6 2 34 0.074362 0.194198 1
g1 2 27 g6 2 25 0.080735 0.15724 1
g1 2 42 g1 2 24 0.124906 0.123816 1
g1 2 33 g2 2 17 0.096071 0.187198 1
g1 2 29 g1 2 25 0.084769 0.155603 1
g1 2 31 g1 2 28 0.090003 0.130341 1
g1 2 20 g1 2 27 0.067102 0.114622 1
g1 2 24 g1 2 33 0.073477 0.163865 1
g1 2 28 g1 2 25 0.082721 0.160339 1
g1 2 21 g1 2 31 0.067708 0.14073 1
g1 2 26 g1 2 22 0.078288 0.114373 1
g1 2 25 g1 2 25 0.075675 0.0740661 1
g1 2 25 g1 2 25 0.075981 0.125881 1
g1 2 28 g1 2 25 0.084866 0.0868187 1
g1 2 54 g6 2 38 0.137078 0.204369 1
g1 2 26 g1 2 22 0.078218 0.0972668 1
g1 2 37 g6 2 36 0.107523 0.215971 1
g1 2 20 g6 2 31 0.066255 0.134031 1
g1 2 24 g6 2 34 0.073726 0.199984 1
g1 2 21 g6 2 32 0.068617 0.150999 1
g1 2 28 g6 2 30 0.083464 0.173621 1
g1 2 22 g2 2 17 0.069417 0.193526 1
g1 2 24 g1 2 19 0.075814 0.0891945 1
g1 2 23 g1 2 20 0.071851 0.0969903 1
g1 2 32 g1 2 29 0.093524 0.134032 1
g1 2 30 g1 2 26 0.091728 0.148789 1
g1 2 39 g1 2 26 0.109541 0.259161 1
g1 2 29 g1 2 24 0.086324 0.203512 1
g1 2 29 g1 2 37 0.085699 0.106583 1
g1 2 23 g1 2 25 0.071374 0.0915781 1
g1 2 23 g1 2 24 0.071741 0.174426 1
g1 2 19 g1 2 26 0.065361 0.085179 1
g1 2 28 g1 2 28 0.082879 0.210505 1
g1 2 23 g1 2 29 0.072732 0.236403 1
g1 2 24 g1 2 24 0.07399 0.164906 1
g1 2 30 g1 2 24 0.087375 0.170312 1
g1 2 24 g1 2 26 0.074078 0.146705 1
g1 2 22 g1 2 23 0.071044 0.160308 1
g1 2 23 g1 2 24 0.071657 0.136293 1
g1 2 26 g1 2 26 0.078333 0.157024 1
g1 2 28 g1 2 28 0.082042 0.208836 1
g1 2 23 g1 2 25 0.072206 0.184867 1
g1 2 24 g1 2 24 0.073352 0.181988 1
g1 2 28 g1 2 24 0.082274 0.185135 1
g1 2 21 g1 2 28 0.069896 0.252151 1
g1 2 26 g6 2 36 0.078823 0.200933 1
g1 2 28 g6 2 34 0.082918 0.212761 1
g1 2 22 g6 2 37 0.069761 0.187049 1
g1 2 27 g6 2 34 0.08072 0.136433 1
g1 2 37 g2 2 17 0.10578 0.214004 1
g1 2 25 g6 2 25 0.078482 0.166234 1
g1 2 33 g2 2 17 0.095462 0.175786 1
g1 2 22 g1 2 18 0.069641 0.0772465 1
g1 2 20 g1 2 18 0.065264 0.0702443 1
g1 2 16 g1 2 17 0.056972 0.0958116 1
g1 2 16 g1 2 16 0.058837 0.0742667 1
g1 2 17 g1 2 17 0.058736 0.0748685 1
g1 2 17 g1 2 17 0.067942 0.0620692 1
g1 2 19 g1 2 18 0.064638 0.0683333 1
g1 2 16 g1 2 17 0.058124 0.105744 1
g2 2 15 g2 2 14 0.055118 0.102187 1
g2 2 15 g2 2 14 0.055204 0.10185 1
g2 2 17 g2 2 17 0.060002 0.181372 1
g2 2 14 g2 2 14 0.053623 0.155059 1
g2 2 15 g2 2 14 0.058196 0.154887 1
g2 2 13 g2 2 17 0.050767 0.164817 1
g2 2 14 g2 2 14 0.053715 0.13909 1
g2 2 15 g2 2 14 0.054931 0.110691 1
g2 2 15 g2 2 14 0.054713 0.179236 1
g2 2 29 g2 2 26 0.084894 0.139318 1
g2 2 16 g2 2 14 0.057371 0.110161 1
g2 2 15 g2 2 14 0.056495 0.100015 1
g2 2 15 g2 2 14 0.056117 0.119707 1
g2 2 16 g2 2 14 0.057209 0.121027 1
g2 2 16 g2 2 14 0.057374 0.173813 1
g2 2 15 g2 2 14 0.056079 0.140784 1
g2 2 12 g2 2 17 0.04848 0.269356 1
g2 2 15 g2 2 14 0.055626 0.092682 1
g2 2 16 g2 2 14 0.057763 0.101305 1
g2 2 15 g2 2 14 0.05466 0.158697 1
g2 2 16 g2 2 14 0.059599 0.13721 1
g2 2 16 g2 2 14 0.05764 0.214676 1
g2 2 14 g2 2 14 0.05327 0.148629 1
g2 2 17 g2 2 14 0.059434 0.10577 1
g2 2 18 g2 2 17 0.061005 0.169768 1
g2 2 15 g2 2 14 0.054819 0.174605 1
g2 2 15 g2 2 17 0.054429 0.236373 1
g2 2 16 g2 2 14 0.057791 0.175869 1
g2 2 18 g2 2 14 0.060428 0.137793 1
g2 2 31 g2 2 28 0.092107 0.126317 1
g2 2 28 g2 2 27 0.083198 0.154631 1
g2 2 29 g2 2 26 0.086511 0.139835 1
g2 2 25 g2 2 26 0.076237 0.145608 1
g2 2 20 g2 2 21 0.064682 0.141188 1
g2 2 22 g2 2 21 0.070121 0.116212 1
g2 2 32 g2 2 29 0.099223 0.128335 1
g2 2 23 g2 2 21 0.078424 0.096611 1
g2 2 20 g2 2 21 0.071737 0.0919244 1
g2 2 19 g2 2 21 0.074125 0.0917693 1
g2 2 21 g2 2 21 0.081634 0.0850921 1
g2 2 20 g2 2 21 0.079606 0.0905802 1
g2 2 21 g2 2 21 0.090684 0.0696447 1
g2 2 19 g2 2 21 0.079887 0.111867 1
g2 2 22 g2 2 21 0.074441 0.0774176 1
g2 2 22 g2 2 21 0.072725 0.0948557 1
g2 2 25 g2 2 23 0.08283 0.152061 1
g2 2 17 g2 2 24 0.065706 0.137865 1
g2 2 22 g2 2 21 0.073978 0.0837894 1
g2 2 42 g2 2 28 0.119879 0.160804 1
g2 2 22 g2 2 22 0.070603 0.0964792 1
g2 2 27 g2 2 23 0.088184 0.0798759 1
g2 2 27 g1 2 31 0.082857 0.219936 1
g2 2 21 g2 2 21 0.070549 0.115142 1
g2 2 19 g2 2 21 0.065134 0.0974426 1
g2 2 24 g1 2 33 0.078038 0.127458 1
g2 2 22 g2 2 21 0.070845 0.112631 1
g2 2 26 g1 2 27 0.095023 0.202682 1
g2 2 24 g2 2 28 0.076295 0.128112 1
g2 2 21 g2 2 29 0.070015 0.125182 1
g2 2 29 g2 2 28 0.086651 0.116633 1
g2 2 19 g2 2 21 0.063653 0.102651 1
g2 2 21 g1 2 33 0.069195 0.312074 1
g2 2 30 g2 2 25 0.087887 0.164235 1
g2 2 16 g2 2 14 0.05859 0.14913 1
g2 2 14 g2 2 14 0.057377 0.130177 1
g2 2 15 g2 2 14 0.056584 0.0820335 1
g3 1 36 g3 1 46 0.109679 0.333223 1
g3 1 35 g3 1 43 0.107479 0.221946 1
g3 1 49 g3 1 42 0.13824 0.30178 1
g3 1 52 g3 1 37 0.144696 0.246502 1
g3 1 55 g1 2 30 0.14868 0.418822 1
g3 1 49 g3 1 37 0.14135 0.259881 1
g3 1 47 g3 1 42 0.130767 0.382952 1
g3 1 47 g3 1 41 0.134745 0.282962 1
g3 1 44 g3 1 45 0.126393 0.289696 1
g3 1 43 g3 1 46 0.126928 0.297558 1
g3 1 44 g3 1 57 0.124304 0.28128 1
g3 1 47 g3 1 46 0.131026 0.232351 1
g3 1 46 g3 1 43 0.134235 0.247889 1
g3 1 47 g3 1 64 0.131572 0.222787 1
g3 1 44 g3 1 47 0.12379 0.51036 1
g3 1 44 g3 1 40 0.12307 0.258832 1
g3 1 41 g3 1 42 0.119441 0.209816 1
g3 1 56 g1 2 26 0.158868 0.386249 1
g3 1 48 g3 1 41 0.133721 0.251072 1
g3 1 48 g3 1 42 0.13392 0.221803 1
g3 1 50 g3 1 47 0.141705 0.226277 1
g3 1 48 g3 1 57 0.134382 0.221905 1
g3 1 46 g3 1 41 0.129325 0.25135 1
g3 1 43 g3 1 37 0.125932 0.253234 1
g3 1 47 g3 1 42 0.135055 0.316508 1
g3 1 44 g3 1 38 0.123652 0.28715 1
g3 1 50 g3 1 53 0.140741 0.32382 1
g3 1 66 g3 1 42 0.183558 0.284562 1
g3 1 58 g1 2 35 0.16319 0.4447 1
g3 1 50 g3 1 39 0.137506 0.201403 1
g3 1 57 g3 1 60 0.158962 0.228523 1
g3 1 53 g3 1 41 0.146544 0.280706 1
g3 1 49 g3 1 40 0.140821 0.220627 1
g3 1 51 g3 1 42 0.14053 0.247319 1
g3 1 52 g3 1 47 0.142994 0.263802 1
g3 1 50 g3 1 59 0.137391 0.273868 1
g3 1 51 g3 1 32 0.144206 0.32566 1
g3 1 59 g3 1 69 0.158827 0.265699 1
g3 1 61 g3 1 69 0.163222 0.260838 1
g3 1 46 g3 1 43 0.133033 0.385294 1
g3 1 28 g3 1 47 0.097491 0.823248 0
g3 1 49 g3 1 44 0.137484 0.300426 1
g3 1 42 g3 1 40 0.120899 0.212795 1
g3 1 40 g3 1 41 0.112838 0.20749 1
g3 1 42 g3 1 42 0.119646 0.230677 1
g3 1 44 g3 1 47 0.121283 0.308949 1
g3 1 39 g3 1 38 0.110258 0.342217 1
g3 1 43 g3 1 42 0.12211 0.173902 1
g3 1 40 g3 1 37 0.11525 0.222896 1
g3 1 39 g3 1 47 0.114491 0.313576 1
g3 1 43 g3 1 47 0.120491 0.257709 1
g4 2 37 g4 2 31 0.105938 0.214003 1
g4 2 37 g4 2 42 0.125664 0.0776266 1
g4 2 44 g4 2 45 0.122382 0.166957 1
g4 2 44 g4 2 42 0.125156 0.168567 1
g4 2 41 g4 2 46 0.11604 0.126684 1
g4 2 42 g4 2 51 0.119118 0.146778 1
g4 2 50 g3 1 44 0.141193 0.269455 1
g4 2 42 g4 2 42 0.12127 0.171182 1
g4 2 49 g4 2 48 0.135506 0.160702 1
g4 2 47 g4 2 49 0.131203 0.169863 1
g4 2 46 g4 2 46 0.128137 0.137917 1
g4 2 48 g4 2 51 0.135455 0.118121 1
g4 2 52 g4 2 51 0.144773 0.0872918 1
g4 2 45 g4 2 31 0.126811 0.128089 1
g4 2 30 g4 2 43 0.087557 0.145188 1
g4 2 31 g4 2 30 0.091662 0.0783236 1
g4 2 30 g4 2 29 0.088812 0.0842569 1
g4 2 33 g4 2 34 0.095951 0.155891 1
g4 2 31 g4 2 33 0.089742 0.107021 1
g4 2 34 g4 2 34 0.098522 0.120714 1
g4 2 35 g4 2 40 0.101179 0.0921291 1
g4 2 36 g4 2 32 0.104946 0.107127 1
g4 2 40 g4 2 48 0.113091 0.157677 1
g4 2 30 g4 2 32 0.086897 0.11523 1
g4 2 37 g4 2 35 0.105931 0.0999789 1
g4 2 37 g4 2 37 0.104899 0.0565179 1
g4 2 41 g4 2 36 0.116702 0.0927801 1
g4 2 41 g4 2 43 0.11547 0.114147 1
g4 2 46 g4 2 32 0.12628 0.101447 1
g4 2 46 g4 2 34 0.127254 0.113267 1
g4 2 31 g4 2 37 0.090881 0.0959691 1
g4 2 31 g4 2 33 0.091625 0.104216 1
g4 2 33 g4 2 34 0.096612 0.089046 1
g4 2 34 g4 2 34 0.09888 0.140114 1
g4 2 45 g4 2 34 0.124431 0.10591 1
g4 2 42 g4 2 34 0.117283 0.195535 1
g4 2 46 g4 2 41 0.130377 0.155241 1
g4 2 33 g4 2 32 0.096468 0.0741323 1
g4 2 45 g4 2 41 0.125365 0.101616 1
g4 2 50 g4 2 41 0.13791 0.114166 1
g4 2 41 g4 2 42 0.119732 0.0754929 1
g4 2 45 g4 2 32 0.124728 0.102621 1
g5 2 43 g5 2 48 0.121963 0.0971744 1
g5 2 45 g5 2 44 0.125196 0.0816019 1
g5 2 44 g5 2 52 0.125142 0.109662 1
g5 2 42 g5 2 52 0.121958 0.124991 1
g5 2 36 g5 2 50 0.10676 0.17394 1
g5 2 42 g5 2 50 0.120881 0.10384 1
g5 2 41 g4 2 34 0.118755 0.196252 1
g5 2 46 g5 2 50 0.13058 0.189313 1
g5 2 40 g5 2 51 0.116968 0.211937 1
g5 2 33 g5 2 32 0.097665 0.123541 1
g5 2 35 g5 2 35 0.102108 0.127559 1
g5 2 41 g5 2 35 0.116193 0.116069 1
g5 2 34 g5 2 33 0.098904 0.167177 1
g5 2 36 g4 2 31 0.107279 0.194451 1
g5 2 43 g5 2 51 0.121212 0.16659 1
g5 2 39 g5 2 52 0.113232 0.223702 1
g5 2 38 g5 2 51 0.109925 0.17723 1
g5 2 35 g5 2 35 0.104486 0.193171 1
g5 2 38 g5 2 51 0.11188 0.171682 1
g5 2 38 g4 2 31 0.133672 0.179745 1
g5 2 39 g5 2 51 0.122403 0.145158 1
g5 2 38 g4 2 31 0.116233 0.182144 1
g5 2 39 g4 2 36 0.128808 0.223905 1
g5 2 38 g5 2 50 0.11834 0.172716 1
g5 2 41 g5 2 50 0.125937 0.134535 1
g5 2 41 g5 2 54 0.127408 0.156904 1
g5 2 39 g4 2 31 0.122246 0.154788 1
g5 2 39 g5 2 54 0.118542 0.169673 1
g5 2 40 g5 2 51 0.125211 0.220685 1
g5 2 40 g5 2 51 0.125451 0.173265 1
g5 2 38 g4 2 31 0.114074 0.184001 1
g5 2 39 g5 2 50 0.110868 0.134244 1
g5 2 37 g5 2 45 0.107414 0.133308 1
g5 2 39 g5 2 50 0.112543 0.152698 1
g5 2 39 g5 2 49 0.111711 0.14648 1
g5 2 43 g5 2 49 0.12558 0.105347 1
g5 2 55 g5 2 51 0.15318 0.123206 1
g5 2 40 g5 2 49 0.115628 0.0955829 1
g5 2 47 g5 2 52 0.136275 0.083783 1
g5 2 47 g5 2 49 0.138588 0.126546 1
g5 2 50 g5 2 59 0.142974 0.137976 1
g5 2 47 g5 2 55 0.136148 0.0960784 1
g5 2 47 g5 2 54 0.148992 0.106638 1
g5 2 50 g5 2 51 0.148758 0.100387 1
g5 2 47 g5 2 48 0.139873 0.0650965 1
g6 2 40 g6 2 38 0.123707 0.083175 1
g6 2 39 g6 2 38 0.124685 0.0953195 1
g6 2 42 g6 2 38 0.12191 0.0928561 1
g6 2 41 g6 2 34 0.119445 0.186681 1
g6 2 35 g6 2 38 0.106887 0.0746636 1
g6 2 34 g6 2 34 0.099902 0.133747 1
g6 2 37 g6 2 38 0.110123 0.0972487 1
g6 2 38 g6 2 38 0.108385 0.13291 1
g6 2 36 g6 2 38 0.105347 0.106651 1
g6 2 32 g6 2 38 0.09524 0.106965 1
g6 2 39 g6 2 37 0.114195 0.158648 1
g6 2 42 g6 2 59 0.121101 0.0806673 1
g6 2 41 g6 2 41 0.118714 0.0722909 1
g6 2 31 g6 2 38 0.092002 0.121881 1
g6 2 36 g6 2 41 0.105786 0.165956 1
g6 2 41 g6 2 39 0.121003 0.0874991 1
g6 2 35 g6 2 38 0.106505 0.0999042 1
g6 2 43 g6 2 39 0.12404 0.0893298 1
g6 2 36 g6 2 38 0.108872 0.0858735 1
g6 2 35 g6 2 38 0.109701 0.143103 1
g6 2 41 g6 2 38 0.12089 0.0953615 1
g6 2 56 g6 2 38 0.191594 0.112614 1
g6 2 38 g6 2 39 0.112274 0.102929 1
g6 2 34 g6 2 39 0.099484 0.12231 1
g6 2 36 g6 2 38 0.105218 0.120256 1
g6 2 35 g6 2 44 0.101154 0.250265 1
g6 2 44 g6 2 38 0.122077 0.115719 1
g6 2 35 g6 2 38 0.101892 0.0915789 1
g6 2 35 g6 2 38 0.100231 0.0938618 1
g6 2 29 g6 2 33 0.089464 0.102225 1
g6 2 32 g6 2 34 0.095394 0.0872025 1
g6 2 33 g6 2 34 0.09644 0.119237 1
g6 2 51 g6 2 49 0.14065 0.354557 1
g6 2 39 g1 2 25 0.110432 0.256252 1
g6 2 32 g6 2 33 0.095212 0.0489091 1
g6 2 33 g6 2 35 0.0962 0.0869931 1
g6 2 35 g6 2 35 0.100648 0.0761341 1
g6 2 33 g6 2 35 0.096778 0.0791336 1
g6 2 37 g6 2 36 0.105374 0.0803105 1
g6 2 39 g6 2 37 0.112216 0.0712027 1
g6 2 37 g6 2 44 0.105727 0.0961247 1
g7 1 37 g7 1 44 0.108784 0.284241 1
g7 1 34 g7 1 42 0.099891 0.224965 1
g7 1 37 g7 1 39 0.105782 0.323346 1
g7 1 38 g7 1 52 0.110122 0.162606 1
g7 1 40 g7 1 34 0.117125 0.290341 1
g7 1 41 g7 1 41 0.118047 0.267993 1
g7 1 34 g7 1 46 0.099794 0.307843 1
g7 1 35 g7 1 36 0.103237 0.13242 1
g7 1 27 g7 1 31 0.082275 0.229789 1
g7 1 32 g3 1 40 0.09843 0.432231 1
g7 1 34 g7 1 33 0.100157 0.228633 1
g7 1 36 g7 1 34 0.105165 0.171633 1
g7 1 36 g7 1 39 0.102879 0.221973 1
g7 1 34 g7 1 29 0.097269 0.191086 1
g7 1 29 g7 1 29 0.087961 0.22992 1
g7 1 33 g7 1 31 0.096125 0.183853 1
g7 1 33 g7 1 28 0.098202 0.179065 1
g7 1 30 g7 1 32 0.087326 0.223571 1
g7 1 31 g7 1 29 0.091208 0.24925 1
g7 1 31 g7 1 28 0.092821 0.164834 1
g7 1 31 g7 1 32 0.094824 0.209471 1
g7 1 27 g7 1 27 0.082101 0.0629575 1
g7 1 39 g1 2 17 0.111411 0.578516 1
g7 1 35 g7 1 35 0.099895 0.240379 1
g7 1 45 g7 1 28 0.125591 0.33521 1
g7 1 37 g7 1 48 0.107344 0.365188 1
g7 1 34 g2 2 23 0.098325 0.458612 1
g7 1 38 g7 1 37 0.109605 0.169295 1
g7 1 35 g1 2 17 0.102818 0.602471 0
g7 1 36 g7 1 38 0.102467 0.375783 1
g7 1 36 g7 1 36 0.106254 0.21929 1
g7 1 44 g7 1 47 0.126439 0.305902 1
g7 1 39 g7 1 43 0.111805 0.305301 1
g7 1 40 g7 1 35 0.118414 0.224363 1
g7 1 46 g7 1 33 0.13035 0.209283 1
g7 1 68 g7 1 43 0.17826 0.286404 1
g7 1 34 g7 1 51 0.101851 0.34738 1
g7 1 35 g7 1 46 0.101878 0.270879 1
g7 1 39 g7 1 50 0.111671 0.307819 1
g7 1 40 g7 1 39 0.11669 0.23487 1
g7 1 45 g7 1 41 0.12547 0.28276 1
g7 1 48 g7 1 45 0.138776 0.196207 1
g7 1 32 g7 1 34 0.09286 0.314379 1
g7 1 50 g7 1 40 0.141952 0.185094 1
g7 1 21 g7 1 36 0.067776 0.36312 1
g7 1 35 g7 1 51 0.103279 0.377438 1
g7 1 36 g7 1 34 0.106542 0.159756 1
g7 1 36 g7 1 31 0.105544 0.279676 1
g7 1 37 g7 1 31 0.107953 0.22345 1
g7 1 49 g7 1 41 0.134933 0.244665 1
g7 1 33 g7 1 29 0.096751 0.332379 1
g7 1 33 g7 1 33 0.097154 0.272874 1
g7 1 42 g7 1 45 0.121032 0.170913 1
g7 1 61 g7 1 45 0.16949 0.305385 1
g7 1 56 g7 1 52 0.153767 0.246406 1
g7 1 54 g7 1 37 0.148764 0.398754 1
g7 1 53 g7 1 52 0.150155 0.231176 1
g7 1 35 g7 1 35 0.115579 0.242307 1
g7 1 51 g7 1 48 0.142562 0.167855 1
g7 1 43 g7 1 47 0.121082 0.222068 1
g7 1 47 g7 1 48 0.133286 0.168317 1
g7 1 45 g7 1 45 0.129486 0.191058 1
g7 1 47 g7 1 48 0.131202 0.173907 1
