g1 2 22 g6 2 30 0.065674 0.169768 1
g1 2 21 g6 2 32 0.063678 0.182766 1
g1 2 25 g6 2 23 0.072247 0.142628 1
g1 2 40 g1 2 22 0.114119 0.122917 1
g1 2 31 g2 2 15 0.085775 0.192795 1
g1 2 27 g1 2 23 0.076282 0.153719 1
g1 2 29 g1 2 26 0.081807 0.127131 1
g1 2 18 g1 2 25 0.058509 0.11378 1
g1 2 22 g1 2 25 0.066225 0.13298 1
g1 2 26 g1 2 23 0.073853 0.159024 1
g1 2 19 g1 2 20 0.060428 0.140108 1
g1 2 24 g1 2 20 0.070139 0.1084 1
g1 2 23 g1 2 23 0.068062 0.0709912 1
g1 2 23 g1 2 23 0.067962 0.124063 1
g1 2 26 g1 2 26 0.074525 0.0804248 1
g1 2 52 g6 2 36 0.12514 0.200435 1
g1 2 24 g1 2 20 0.070236 0.0998263 1
g1 2 35 g6 2 34 0.095888 0.203915 1
g1 2 18 g6 2 29 0.060278 0.130181 1
g1 2 22 g6 2 32 0.06703 0.189666 1
g1 2 19 g6 2 30 0.060025 0.141693 1
g1 2 26 g6 2 28 0.07501 0.162342 1
g1 2 20 g2 2 15 0.06189 0.191332 1
g1 2 22 g1 2 17 0.065726 0.0826369 1
g1 2 21 g1 2 18 0.063606 0.0905276 1
g1 2 30 g1 2 27 0.08347 0.133558 1
g1 2 28 g1 2 24 0.078579 0.151798 1
g1 2 37 g1 2 24 0.09916 0.252167 1
g1 2 27 g1 2 22 0.077297 0.202364 1
g1 2 27 g1 2 35 0.076642 0.106825 1
g1 2 21 g1 2 23 0.063873 0.0890126 1
g1 2 21 g1 2 22 0.0638 0.16291 1
g1 2 17 g1 2 24 0.055972 0.0803424 1
g1 2 26 g1 2 23 0.073829 0.224511 1
g1 2 21 g1 2 27 0.064703 0.239584 1
g1 2 22 g1 2 22 0.06628 0.156561 1
g1 2 28 g1 2 22 0.078631 0.164012 1
g1 2 22 g1 2 22 0.065569 0.158704 1
g1 2 20 g1 2 21 0.061946 0.163986 1
g1 2 21 g1 2 22 0.063917 0.127 1
g1 2 24 g1 2 24 0.070031 0.157281 1
g1 2 26 g1 2 26 0.074032 0.208272 1
g1 2 21 g1 2 23 0.064065 0.184014 1
g1 2 22 g1 2 22 0.066358 0.171721 1
g1 2 26 g1 2 22 0.074358 0.166915 1
g1 2 19 g1 2 26 0.060021 0.235 1
g1 2 24 g6 2 34 0.070253 0.18875 1
g1 2 26 g6 2 32 0.07463 0.197104 1
g1 2 20 g6 2 35 0.061979 0.172626 1
g1 2 25 g6 2 37 0.072468 0.129048 1
g1 2 35 g2 2 15 0.096302 0.221742 1
g1 2 23 g6 2 23 0.068442 0.151302 1
g1 2 31 g2 2 15 0.085345 0.17079 1
g1 2 20 g1 2 16 0.06169 0.074766 1
g1 2 18 g1 2 16 0.057553 0.0666175 1
g1 2 14 g1 2 16 0.049722 0.097091 1
g1 2 14 g1 2 14 0.050059 0.0732514 1
g1 2 15 g1 2 15 0.052081 0.0769861 1
g1 2 15 g1 2 15 0.051939 0.0601426 1
g1 2 17 g1 2 16 0.055474 0.0660645 1
g1 2 14 g1 2 15 0.049972 0.111548 1
g2 2 13 g2 2 12 0.048533 0.104895 1
g2 2 13 g2 2 12 0.04874 0.100152 1
g2 2 15 g2 2 15 0.052176 0.181384 1
g2 2 12 g2 2 12 0.046137 0.149102 1
g2 2 13 g2 2 12 0.049104 0.151942 1
g2 2 11 g2 2 15 0.043294 0.165786 1
g2 2 12 g2 2 12 0.045725 0.125499 1
g2 2 13 g2 2 12 0.048475 0.10506 1
g2 2 13 g2 2 12 0.048852 0.16345 1
g2 2 27 g2 2 24 0.077022 0.131999 1
g2 2 14 g2 2 12 0.049999 0.107382 1
g2 2 13 g2 2 12 0.048461 0.106109 1
g2 2 13 g2 2 12 0.048514 0.120002 1
g2 2 14 g2 2 12 0.050248 0.127057 1
g2 2 14 g2 2 12 0.050609 0.180586 1
g2 2 13 g2 2 12 0.048692 0.142003 1
g2 2 10 g2 2 15 0.041905 0.257722 1
g2 2 13 g2 2 12 0.048976 0.0980197 1
g2 2 14 g2 2 12 0.050242 0.105194 1
g2 2 13 g2 2 12 0.048905 0.161468 1
g2 2 14 g2 2 12 0.050056 0.143054 1
g2 2 14 g2 2 12 0.050222 0.214652 1
g2 2 12 g2 2 12 0.046185 0.142436 1
g2 2 15 g2 2 12 0.052409 0.101405 1
g2 2 16 g2 2 15 0.053621 0.171857 1
g2 2 13 g2 2 12 0.048346 0.160181 1
g2 2 13 g2 2 15 0.048048 0.242999 1
g2 2 14 g2 2 12 0.050269 0.163168 1
g2 2 16 g2 2 12 0.054724 0.134649 1
g2 2 29 g2 2 26 0.081772 0.119545 1
g2 2 26 g2 2 25 0.074604 0.152066 1
g2 2 27 g2 2 24 0.077491 0.135915 1
g2 2 23 g1 2 21 0.068492 0.27101 1
g2 2 18 g2 2 20 0.058012 0.108109 1
g2 2 20 g2 2 19 0.061602 0.111781 1
g2 2 30 g2 2 27 0.085248 0.124809 1
g2 2 21 g2 2 22 0.063967 0.0915402 1
g2 2 18 g2 2 21 0.058068 0.09341 1
g2 2 17 g2 2 19 0.055809 0.0936848 1
g2 2 19 g2 2 19 0.058658 0.0877324 1
g2 2 18 g2 2 19 0.059987 0.0914348 1
g2 2 19 g2 2 19 0.060232 0.0712885 1
g2 2 17 g2 2 19 0.057536 0.114198 1
g2 2 20 g2 2 19 0.062256 0.073588 1
g2 2 20 g2 2 19 0.06197 0.0967156 1
g2 2 23 g2 2 21 0.068177 0.144163 1
g2 2 15 g2 2 20 0.05242 0.130696 1
g2 2 20 g2 2 19 0.061714 0.0832217 1
g2 2 40 g2 2 26 0.107318 0.163425 1
g2 2 20 g2 2 20 0.062095 0.0960384 1
g2 2 25 g2 2 21 0.072434 0.0813563 1
g2 2 25 g1 2 29 0.072132 0.220425 1
g2 2 19 g2 2 19 0.060007 0.112486 1
g2 2 17 g2 2 21 0.057642 0.097333 1
g2 2 22 g1 2 31 0.06549 0.122122 1
g2 2 20 g2 2 21 0.062301 0.107351 1
g2 2 24 g1 2 25 0.069738 0.197976 1
g2 2 22 g2 2 26 0.066478 0.120047 1
g2 2 19 g2 2 27 0.059988 0.119208 1
g2 2 27 g2 2 26 0.077858 0.118647 1
g2 2 17 g2 2 19 0.056304 0.100057 1
g2 2 19 g1 2 28 0.060018 0.292518 1
g2 2 28 g2 2 23 0.079311 0.166886 1
g2 2 14 g2 2 12 0.050627 0.14921 1
g2 2 12 g2 2 12 0.045918 0.119037 1
g2 2 13 g2 2 12 0.048666 0.0842657 1
g3 1 34 g3 1 44 0.095904 0.317284 1
g3 1 33 g3 1 46 0.092327 0.219336 1
g3 1 47 g3 1 40 0.122597 0.300735 1
g3 1 50 g3 1 38 0.131546 0.292126 1
g3 1 53 g1 2 28 0.134549 0.394027 1
g3 1 47 g3 1 35 0.12515 0.254261 1
g3 1 45 g3 1 35 0.119382 0.283474 1
g3 1 45 g3 1 39 0.120419 0.271269 1
g3 1 42 g3 1 62 0.11277 0.270819 1
g3 1 41 g3 1 44 0.1125 0.289394 1
g3 1 42 g3 1 55 0.112279 0.278039 1
g3 1 45 g3 1 46 0.11867 0.244614 1
g3 1 44 g3 1 41 0.116383 0.235877 1
g3 1 45 g3 1 58 0.11983 0.252537 1
g3 1 42 g3 1 38 0.113138 0.493665 0
g3 1 42 g3 1 40 0.112331 0.203043 1
g3 1 39 g3 1 40 0.105797 0.203044 1
g3 1 54 g1 2 24 0.143315 0.362888 1
g3 1 46 g3 1 39 0.121184 0.241867 1
g3 1 46 g3 1 40 0.122179 0.209648 1
g3 1 48 g3 1 45 0.127784 0.216754 1
g3 1 46 g3 1 55 0.122762 0.223339 1
g3 1 44 g3 1 39 0.117913 0.239907 1
g3 1 41 g3 1 35 0.111321 0.247535 1
g3 1 45 g3 1 40 0.11995 0.311268 1
g3 1 42 g3 1 36 0.112523 0.292783 1
g3 1 48 g3 1 55 0.127847 0.300204 1
g3 1 64 g3 1 40 0.163016 0.285783 1
g3 1 56 g3 1 36 0.145627 0.289882 1
g3 1 48 g3 1 37 0.125265 0.198829 1
g3 1 55 g3 1 58 0.14276 0.224211 1
g3 1 51 g3 1 39 0.133793 0.271578 1
g3 1 47 g3 1 38 0.123728 0.215558 1
g3 1 49 g3 1 40 0.129133 0.234342 1
g3 1 50 g3 1 45 0.129871 0.252466 1
g3 1 48 g3 1 57 0.126298 0.27381 1
g3 1 49 g3 1 30 0.129672 0.323088 1
g3 1 57 g3 1 67 0.145493 0.266969 1
g3 1 59 g3 1 67 0.149797 0.253434 1
g3 1 44 g3 1 41 0.11826 0.369473 0
g3 1 26 g3 1 45 0.087767 0.815193 0
g3 1 47 g3 1 42 0.125072 0.286109 1
g3 1 40 g3 1 37 0.109373 0.220951 1
g3 1 38 g3 1 39 0.101942 0.198995 1
g3 1 40 g3 1 40 0.106258 0.222099 1
g3 1 42 g3 1 45 0.112329 0.299045 1
g3 1 37 g3 1 36 0.100817 0.333865 1
g3 1 41 g3 1 40 0.111264 0.166086 1
g3 1 38 g3 1 35 0.104425 0.213044 1
g3 1 37 g3 1 45 0.101994 0.298428 1
g3 1 41 g3 1 45 0.110626 0.255173 1
g4 2 35 g4 2 29 0.095828 0.200981 1
g4 2 35 g4 2 40 0.096141 0.074868 1
g4 2 42 g4 2 43 0.112589 0.165537 1
g4 2 42 g4 2 40 0.112091 0.165293 1
g4 2 39 g4 2 44 0.105011 0.123519 1
g4 2 40 g4 2 49 0.108233 0.144795 1
g4 2 48 g3 1 42 0.12714 0.263518 1
g4 2 40 g4 2 40 0.107382 0.163291 1
g4 2 47 g4 2 46 0.123933 0.155578 1
g4 2 45 g4 2 47 0.119351 0.164294 1
g4 2 44 g4 2 44 0.116602 0.139688 1
g4 2 46 g4 2 49 0.121688 0.115756 1
g4 2 50 g4 2 49 0.130976 0.0830325 1
g4 2 43 g4 2 29 0.114167 0.121298 1
g4 2 28 g4 2 31 0.078905 0.135106 1
g4 2 29 g4 2 28 0.080939 0.0741795 1
g4 2 28 g4 2 27 0.078862 0.0812595 1
g4 2 31 g4 2 32 0.08562 0.148538 1
g4 2 29 g4 2 31 0.081024 0.10039 1
g4 2 32 g4 2 32 0.088521 0.113248 1
g4 2 33 g4 2 38 0.091237 0.0895119 1
g4 2 34 g4 2 30 0.094671 0.105078 1
g4 2 38 g4 2 46 0.102336 0.154445 1
g4 2 28 g4 2 30 0.078638 0.111214 1
g4 2 35 g4 2 33 0.095842 0.0928454 1
g4 2 35 g4 2 35 0.096454 0.054118 1
g4 2 39 g4 2 34 0.104669 0.0895005 1
g4 2 39 g4 2 41 0.104848 0.110703 1
g4 2 44 g4 2 30 0.115972 0.100345 1
g4 2 44 g4 2 32 0.116174 0.109677 1
g4 2 29 g4 2 35 0.080726 0.0896642 1
g4 2 29 g4 2 31 0.081142 0.0966102 1
g4 2 31 g4 2 32 0.085527 0.0844094 1
g4 2 32 g4 2 32 0.088719 0.129553 1
g4 2 43 g4 2 32 0.114146 0.104682 1
g4 2 40 g4 2 32 0.107155 0.189227 1
g4 2 44 g4 2 39 0.116884 0.150614 1
g4 2 31 g4 2 30 0.08546 0.0719758 1
g4 2 43 g4 2 39 0.114112 0.100572 1
g4 2 48 g4 2 39 0.125983 0.11545 1
g4 2 39 g4 2 40 0.105255 0.0739062 1
g4 2 43 g4 2 30 0.113923 0.099075 1
g5 2 41 g5 2 48 0.110935 0.0936454 1
g5 2 43 g5 2 42 0.114793 0.0802734 1
g5 2 42 g5 2 50 0.113676 0.110121 1
g5 2 40 g5 2 50 0.108634 0.126498 1
g5 2 34 g5 2 48 0.094827 0.167191 1
g5 2 40 g5 2 48 0.108989 0.10047 1
g5 2 39 g4 2 32 0.106055 0.19223 1
g5 2 44 g5 2 48 0.118075 0.179595 1
g5 2 38 g5 2 49 0.104484 0.208098 1
g5 2 31 g5 2 30 0.086301 0.119656 1
g5 2 33 g5 2 33 0.092918 0.123368 1
g5 2 39 g5 2 33 0.105479 0.114927 1
g5 2 32 g5 2 40 0.089183 0.147538 1
g5 2 34 g4 2 29 0.094677 0.192093 1
g5 2 41 g5 2 49 0.11079 0.168088 1
g5 2 37 g5 2 33 0.10061 0.206707 1
g5 2 36 g5 2 49 0.098991 0.176142 1
g5 2 33 g5 2 33 0.092305 0.183825 1
g5 2 36 g5 2 49 0.100233 0.169152 1
g5 2 36 g4 2 29 0.098742 0.176426 1
g5 2 37 g5 2 49 0.101251 0.142442 1
g5 2 36 g4 2 29 0.098542 0.174111 1
g5 2 37 g4 2 29 0.100921 0.209175 1
g5 2 36 g5 2 48 0.099597 0.172507 1
g5 2 39 g5 2 48 0.106056 0.13397 1
g5 2 39 g5 2 52 0.106033 0.154602 1
g5 2 37 g4 2 29 0.101315 0.149926 1
g5 2 37 g5 2 52 0.101245 0.168346 1
g5 2 38 g5 2 49 0.103038 0.216505 1
g5 2 38 g5 2 48 0.103778 0.163797 1
g5 2 36 g4 2 32 0.098671 0.192569 1
g5 2 37 g5 2 48 0.101338 0.131962 1
g5 2 35 g5 2 47 0.097257 0.142198 1
g5 2 37 g5 2 48 0.103001 0.14226 1
g5 2 37 g5 2 47 0.101162 0.144625 1
g5 2 41 g5 2 47 0.11077 0.101672 1
g5 2 53 g5 2 49 0.137442 0.12125 1
g5 2 38 g5 2 47 0.104025 0.0936596 1
g5 2 45 g5 2 50 0.120123 0.0808529 1
g5 2 45 g5 2 47 0.120901 0.120769 1
g5 2 48 g5 2 57 0.12825 0.133671 1
g5 2 45 g5 2 57 0.120545 0.0969753 1
g5 2 45 g5 2 52 0.121595 0.102699 1
g5 2 48 g5 2 49 0.127435 0.0952967 1
g5 2 45 g5 2 50 0.121612 0.0759647 1
g6 2 38 g6 2 36 0.102156 0.0832649 1
g6 2 37 g6 2 36 0.100379 0.0919877 1
g6 2 40 g6 2 32 0.105743 0.104036 1
g6 2 39 g6 2 32 0.104053 0.177701 1
g6 2 33 g6 2 36 0.091464 0.0739164 1
g6 2 32 g6 2 38 0.088215 0.121687 1
g6 2 35 g6 2 36 0.095684 0.0944504 1
g6 2 36 g6 2 36 0.097793 0.131658 1
g6 2 34 g6 2 36 0.093411 0.102656 1
g6 2 30 g6 2 36 0.082782 0.105279 1
g6 2 37 g6 2 35 0.100182 0.14888 1
g6 2 40 g6 2 57 0.1072 0.0781961 1
g6 2 39 g6 2 39 0.104481 0.0718683 1
g6 2 29 g6 2 36 0.080982 0.12352 1
g6 2 34 g6 2 39 0.093871 0.164024 1
g6 2 39 g6 2 37 0.104277 0.0867312 1
g6 2 33 g6 2 36 0.091565 0.0986273 1
g6 2 41 g6 2 37 0.109755 0.0893568 1
g6 2 34 g6 2 36 0.093133 0.0844872 1
g6 2 33 g6 2 36 0.09124 0.141988 1
g6 2 39 g6 2 36 0.104538 0.0943078 1
g6 2 54 g6 2 36 0.139178 0.153552 1
g6 2 36 g6 2 37 0.097922 0.100885 1
g6 2 32 g6 2 37 0.088392 0.123474 1
g6 2 34 g6 2 36 0.093239 0.119653 1
g6 2 33 g6 2 32 0.091305 0.235521 1
g6 2 42 g6 2 36 0.111317 0.113696 1
g6 2 33 g6 2 36 0.092014 0.0889257 1
g6 2 33 g6 2 36 0.091169 0.0953035 1
g6 2 27 g6 2 31 0.076677 0.105149 1
g6 2 30 g6 2 32 0.08374 0.0827278 1
g6 2 31 g6 2 32 0.085244 0.112569 1
g6 2 49 g6 2 45 0.128487 0.369142 1
g6 2 37 g1 2 27 0.100476 0.24954 1
g6 2 30 g6 2 31 0.083256 0.0481761 1
g6 2 31 g6 2 33 0.085235 0.0835578 1
g6 2 33 g6 2 33 0.091741 0.0749726 1
g6 2 31 g6 2 33 0.085406 0.0741513 1
g6 2 35 g6 2 34 0.096027 0.0786984 1
g6 2 37 g6 2 35 0.099993 0.0650936 1
g6 2 35 g6 2 42 0.095456 0.094644 1
g7 1 35 g7 1 42 0.098077 0.274072 1
g7 1 32 g7 1 40 0.088684 0.213871 1
g7 1 35 g7 1 37 0.09629 0.314541 1
g7 1 36 g7 1 50 0.09932 0.156651 1
g7 1 38 g7 1 32 0.103274 0.283299 1
g7 1 39 g7 1 50 0.106566 0.199292 1
g7 1 32 g7 1 39 0.089387 0.269915 1
g7 1 33 g7 1 34 0.094777 0.128595 1
g7 1 25 g7 1 29 0.072966 0.23025 1
g7 1 30 g3 1 38 0.085167 0.404612 1
g7 1 32 g7 1 31 0.089913 0.224395 1
g7 1 34 g7 1 32 0.095062 0.163102 1
g7 1 34 g7 1 37 0.094455 0.212897 1
g7 1 32 g7 1 27 0.087299 0.175722 1
g7 1 27 g7 1 27 0.076085 0.223942 1
g7 1 31 g7 1 29 0.085933 0.174304 1
g7 1 31 g7 1 26 0.085795 0.169538 1
g7 1 28 g7 1 30 0.079157 0.216126 1
g7 1 29 g7 1 27 0.080934 0.234621 1
g7 1 29 g7 1 26 0.082505 0.163887 1
g7 1 29 g7 1 30 0.082935 0.201632 1
g7 1 25 g7 1 25 0.074397 0.0634586 1
g7 1 37 g1 2 15 0.100557 0.530052 0
g7 1 33 g7 1 33 0.090211 0.236254 1
g7 1 43 g7 1 26 0.115086 0.325197 1
g7 1 35 g7 1 46 0.0954 0.348845 1
g7 1 32 g2 2 21 0.087895 0.420181 0
g7 1 36 g7 1 35 0.098133 0.16725 1
g7 1 33 g1 2 15 0.092715 0.551134 0
g7 1 34 g7 1 36 0.092346 0.358404 1
g7 1 34 g7 1 34 0.093092 0.230783 1
g7 1 42 g7 1 45 0.112377 0.299935 1
g7 1 37 g7 1 41 0.101244 0.295442 1
g7 1 38 g7 1 33 0.103441 0.215944 1
g7 1 44 g7 1 31 0.118903 0.208828 1
g7 1 66 g7 1 41 0.160335 0.282145 1
g7 1 32 g7 1 37 0.088943 0.24747 1
g7 1 33 g7 1 48 0.090439 0.259356 1
g7 1 37 g7 1 41 0.102036 0.258088 1
g7 1 38 g7 1 37 0.102772 0.234551 1
g7 1 43 g7 1 39 0.115255 0.261738 1
g7 1 46 g7 1 43 0.124525 0.186543 1
g7 1 30 g7 1 31 0.083581 0.263501 1
g7 1 48 g7 1 38 0.128339 0.179544 1
g7 1 19 g7 1 34 0.059615 0.362941 1
g7 1 33 g7 1 49 0.09276 0.362298 1
g7 1 34 g7 1 32 0.095776 0.154278 1
g7 1 34 g7 1 29 0.095326 0.281279 1
g7 1 35 g7 1 29 0.096356 0.218815 1
g7 1 47 g7 1 39 0.124261 0.239458 1
g7 1 31 g7 1 27 0.086188 0.320248 1
g7 1 31 g7 1 31 0.086822 0.258225 1
g7 1 40 g7 1 43 0.109398 0.168175 1
g7 1 59 g7 1 43 0.154399 0.298299 1
g7 1 54 g7 1 50 0.141238 0.245747 1
g7 1 52 g7 1 35 0.136916 0.381369 1
g7 1 51 g7 1 50 0.133795 0.22973 1
g7 1 33 g7 1 33 0.104566 0.226786 1
g7 1 49 g7 1 46 0.129996 0.164696 1
g7 1 41 g7 1 45 0.10945 0.208928 1
g7 1 45 g7 1 46 0.118526 0.158187 1
g7 1 43 g7 1 43 0.116451 0.191376 1
g7 1 45 g7 1 46 0.120138 0.173496 1
