g1 2 24 g6 2 32 0.074005 0.17794 0
g1 2 23 g6 2 34 0.071727 0.194198 0
g1 2 27 g6 2 25 0.080682 0.15724 1
g1 2 42 g1 2 24 0.124847 0.123816 1
g1 2 33 g2 2 17 0.096313 0.187198 1
g1 2 29 g1 2 25 0.084932 0.155603 1
g1 2 31 g1 2 28 0.09025 0.130341 1
g1 2 20 g1 2 27 0.065446 0.114622 1
g1 2 24 g1 2 33 0.07372 0.163865 1
g1 2 28 g1 2 25 0.08298 0.160339 0
g1 2 21 g1 2 31 0.067527 0.14073 1
g1 2 26 g1 2 22 0.078085 0.114373 1
g1 2 25 g1 2 25 0.076065 0.0740661 1
g1 2 25 g1 2 25 0.076206 0.125881 1
g1 2 28 g1 2 25 0.082783 0.0868187 1
g1 2 54 g6 2 38 0.139822 0.204369 0
g1 2 26 g1 2 22 0.07825 0.0972668 1
g1 2 37 g6 2 36 0.105014 0.215971 0
g1 2 20 g6 2 31 0.06521 0.134031 1
g1 2 24 g6 2 34 0.073869 0.199984 0
g1 2 21 g6 2 32 0.067539 0.150999 1
g1 2 28 g6 2 30 0.08287 0.173621 1
g1 2 22 g2 2 17 0.069332 0.193526 1
g1 2 24 g1 2 19 0.073888 0.0891945 1
g1 2 23 g1 2 20 0.071752 0.0969903 1
g1 2 32 g1 2 29 0.092512 0.134032 1
g1 2 30 g1 2 26 0.087171 0.148789 1
g1 2 39 g1 2 26 0.108727 0.259161 0
g1 2 29 g1 2 24 0.085096 0.203512 0
g1 2 29 g1 2 37 0.084757 0.106583 1
g1 2 23 g1 2 25 0.071736 0.0915781 1
g1 2 23 g1 2 24 0.071928 0.174426 0
g1 2 19 g1 2 26 0.063096 0.085179 1
g1 2 28 g1 2 28 0.082996 0.210505 0
g1 2 23 g1 2 29 0.072215 0.236403 0
g1 2 24 g1 2 24 0.074878 0.164906 1
g1 2 30 g1 2 24 0.086792 0.170312 1
g1 2 24 g1 2 26 0.07353 0.146705 1
g1 2 22 g1 2 23 0.069326 0.160308 1
g1 2 23 g1 2 24 0.07146 0.136293 1
g1 2 26 g1 2 26 0.078023 0.157024 1
g1 2 28 g1 2 28 0.082854 0.208836 0
g1 2 23 g1 2 25 0.071808 0.184867 0
g1 2 24 g1 2 24 0.073701 0.181988 0
g1 2 28 g1 2 24 0.082665 0.185135 1
g1 2 21 g1 2 28 0.067409 0.252151 0
g1 2 26 g6 2 36 0.078117 0.200933 0
g1 2 28 g6 2 34 0.082965 0.212761 0
g1 2 22 g6 2 37 0.069648 0.187049 1
g1 2 27 g6 2 34 0.080738 0.136433 1
g1 2 37 g2 2 17 0.105686 0.214004 0
g1 2 25 g6 2 25 0.076628 0.166234 1
g1 2 33 g2 2 17 0.095222 0.175786 0
g1 2 22 g1 2 18 0.069221 0.0772465 1
g1 2 20 g1 2 18 0.065229 0.0702443 1
g1 2 16 g1 2 17 0.057384 0.0958116 1
g1 2 16 g1 2 16 0.057062 0.0742667 1
g1 2 17 g1 2 17 0.059826 0.0748685 1
g1 2 17 g1 2 17 0.058848 0.0620692 1
g1 2 19 g1 2 18 0.063128 0.0683333 1
g1 2 16 g1 2 17 0.057133 0.105744 1
g2 2 15 g2 2 14 0.054787 0.102187 1
g2 2 15 g2 2 14 0.055361 0.10185 1
g2 2 17 g2 2 17 0.058811 0.181372 0
g2 2 14 g2 2 14 0.052939 0.155059 1
g2 2 15 g2 2 14 0.054945 0.154887 1
g2 2 13 g2 2 17 0.050959 0.164817 1
g2 2 14 g2 2 14 0.052751 0.13909 1
g2 2 15 g2 2 14 0.054973 0.110691 1
g2 2 15 g2 2 14 0.054774 0.179236 1
g2 2 29 g2 2 26 0.085174 0.139318 0
g2 2 16 g2 2 14 0.057204 0.110161 1
g2 2 15 g2 2 14 0.054765 0.100015 1
g2 2 15 g2 2 14 0.054987 0.119707 1
g2 2 16 g2 2 14 0.057084 0.121027 1
g2 2 16 g2 2 14 0.057433 0.173813 0
g2 2 15 g2 2 14 0.055017 0.140784 1
g2 2 12 g2 2 17 0.048672 0.269356 0
g2 2 15 g2 2 14 0.054975 0.092682 1
g2 2 16 g2 2 14 0.057525 0.101305 1
g2 2 15 g2 2 14 0.055459 0.158697 0
g2 2 16 g2 2 14 0.057191 0.13721 1
g2 2 16 g2 2 14 0.057041 0.214676 0
g2 2 14 g2 2 14 0.052583 0.148629 1
g2 2 17 g2 2 14 0.05866 0.10577 1
g2 2 18 g2 2 17 0.060631 0.169768 0
g2 2 15 g2 2 14 0.054824 0.174605 1
g2 2 15 g2 2 17 0.054669 0.236373 0
g2 2 16 g2 2 14 0.057148 0.175869 0
g2 2 18 g2 2 14 0.060969 0.137793 1
g2 2 31 g2 2 28 0.090354 0.126317 1
g2 2 28 g2 2 27 0.083208 0.154631 1
g2 2 29 g2 2 26 0.085762 0.139835 1
g2 2 25 g2 2 26 0.076602 0.145608 1
g2 2 20 g2 2 21 0.065303 0.141188 1
g2 2 22 g2 2 21 0.069753 0.116212 1
g2 2 32 g2 2 29 0.095634 0.128335 1
g2 2 23 g2 2 21 0.071823 0.096611 1
g2 2 20 g2 2 21 0.0653 0.0919244 1
g2 2 19 g2 2 21 0.062991 0.0917693 1
g2 2 21 g2 2 21 0.065937 0.0850921 1
g2 2 20 g2 2 21 0.067032 0.0905802 1
g2 2 21 g2 2 21 0.06746 0.0696447 1
g2 2 19 g2 2 21 0.064665 0.111867 1
g2 2 22 g2 2 21 0.069698 0.0774176 1
g2 2 22 g2 2 21 0.069833 0.0948557 1
g2 2 25 g2 2 23 0.075583 0.152061 1
g2 2 17 g2 2 24 0.05879 0.137865 1
g2 2 22 g2 2 21 0.069576 0.0837894 1
g2 2 42 g2 2 28 0.118056 0.160804 0
g2 2 22 g2 2 22 0.069723 0.0964792 1
g2 2 27 g2 2 23 0.080334 0.0798759 1
g2 2 27 g1 2 31 0.080336 0.219936 0
g2 2 21 g2 2 21 0.0673 0.115142 1
g2 2 19 g2 2 21 0.064809 0.0974426 1
g2 2 24 g1 2 33 0.07331 0.127458 1
g2 2 22 g2 2 21 0.070088 0.112631 1
g2 2 26 g1 2 27 0.077619 0.202682 0
g2 2 24 g2 2 28 0.07387 0.128112 1
g2 2 21 g2 2 29 0.067666 0.125182 1
g2 2 29 g2 2 28 0.085152 0.116633 1
g2 2 19 g2 2 21 0.063138 0.102651 1
g2 2 21 g1 2 33 0.067624 0.312074 0
g2 2 30 g2 2 25 0.087859 0.164235 0
g2 2 16 g2 2 14 0.057318 0.14913 1
g2 2 14 g2 2 14 0.052736 0.130177 1
g2 2 15 g2 2 14 0.05518 0.0820335 1
g3 1 36 g3 1 46 0.105204 0.333223 0
g3 1 35 g3 1 43 0.10189 0.221946 0
g3 1 49 g3 1 42 0.134121 0.30178 0
g3 1 52 g3 1 37 0.142379 0.246502 0
g3 1 55 g1 2 30 0.145931 0.418822 0
g3 1 49 g3 1 37 0.135738 0.259881 0
g3 1 47 g3 1 42 0.130003 0.382952 0
g3 1 47 g3 1 41 0.131139 0.282962 0
g3 1 44 g3 1 45 0.122995 0.289696 0
g3 1 43 g3 1 46 0.122309 0.297558 0
g3 1 44 g3 1 57 0.123092 0.28128 0
g3 1 47 g3 1 46 0.129871 0.232351 0
g3 1 46 g3 1 43 0.127017 0.247889 0
g3 1 47 g3 1 64 0.13046 0.222787 0
g3 1 44 g3 1 47 0.124062 0.51036 0
g3 1 44 g3 1 40 0.122218 0.258832 0
g3 1 41 g3 1 42 0.116114 0.209816 0
g3 1 56 g1 2 26 0.155737 0.386249 0
g3 1 48 g3 1 41 0.131967 0.251072 0
g3 1 48 g3 1 42 0.133427 0.221803 0
g3 1 50 g3 1 47 0.137855 0.226277 0
g3 1 48 g3 1 57 0.134367 0.221905 0
g3 1 46 g3 1 41 0.128215 0.25135 0
g3 1 43 g3 1 37 0.121572 0.253234 0
g3 1 47 g3 1 42 0.130763 0.316508 0
g3 1 44 g3 1 38 0.122734 0.28715 0
g3 1 50 g3 1 53 0.13908 0.32382 0
g3 1 66 g3 1 42 0.175965 0.284562 0
g3 1 58 g1 2 35 0.158059 0.4447 0
g3 1 50 g3 1 39 0.136992 0.201403 0
g3 1 57 g3 1 60 0.154228 0.228523 0
g3 1 53 g3 1 41 0.144464 0.280706 0
g3 1 49 g3 1 40 0.135157 0.220627 0
g3 1 51 g3 1 42 0.140621 0.247319 0
g3 1 52 g3 1 47 0.140944 0.263802 0
g3 1 50 g3 1 59 0.136922 0.273868 0
g3 1 51 g3 1 32 0.141309 0.32566 0
g3 1 59 g3 1 69 0.156927 0.265699 0
g3 1 61 g3 1 69 0.16163 0.260838 0
g3 1 46 g3 1 43 0.128327 0.385294 0
g3 1 28 g3 1 47 0.097782 0.823248 0
g3 1 49 g3 1 44 0.135729 0.300426 0
g3 1 42 g3 1 40 0.119533 0.212795 0
g3 1 40 g3 1 41 0.112118 0.20749 0
g3 1 42 g3 1 42 0.116758 0.230677 0
g3 1 44 g3 1 47 0.120806 0.308949 0
g3 1 39 g3 1 38 0.109694 0.342217 0
g3 1 43 g3 1 42 0.123755 0.173902 0
g3 1 40 g3 1 37 0.114438 0.222896 0
g3 1 39 g3 1 47 0.112049 0.313576 0
g3 1 43 g3 1 47 0.12053 0.257709 0
g4 2 37 g4 2 31 0.105095 0.214003 0
g4 2 37 g4 2 42 0.105434 0.0776266 1
g4 2 44 g4 2 45 0.122805 0.166957 1
g4 2 44 g4 2 42 0.122323 0.168567 1
g4 2 41 g4 2 46 0.114921 0.126684 1
g4 2 42 g4 2 51 0.117567 0.146778 1
g4 2 50 g3 1 44 0.13839 0.269455 0
g4 2 42 g4 2 42 0.117764 0.171182 0
g4 2 49 g4 2 48 0.135081 0.160702 1
g4 2 47 g4 2 49 0.129895 0.169863 1
g4 2 46 g4 2 46 0.127505 0.137917 0
g4 2 48 g4 2 51 0.132783 0.118121 1
g4 2 52 g4 2 51 0.142592 0.0872918 1
g4 2 45 g4 2 31 0.124577 0.128089 1
g4 2 30 g4 2 43 0.086844 0.145188 1
g4 2 31 g4 2 30 0.089633 0.0783236 1
g4 2 30 g4 2 29 0.087361 0.0842569 1
g4 2 33 g4 2 34 0.095573 0.155891 1
g4 2 31 g4 2 33 0.090219 0.107021 1
g4 2 34 g4 2 34 0.097901 0.120714 1
g4 2 35 g4 2 40 0.101551 0.0921291 1
g4 2 36 g4 2 32 0.102624 0.107127 1
g4 2 40 g4 2 48 0.113641 0.157677 0
g4 2 30 g4 2 32 0.086687 0.11523 1
g4 2 37 g4 2 35 0.1056 0.0999789 1
g4 2 37 g4 2 37 0.105343 0.0565179 1
g4 2 41 g4 2 36 0.114866 0.0927801 1
g4 2 41 g4 2 43 0.114988 0.114147 1
g4 2 46 g4 2 32 0.126896 0.101447 1
g4 2 46 g4 2 34 0.127314 0.113267 1
g4 2 31 g4 2 37 0.089749 0.0959691 1
g4 2 31 g4 2 33 0.090323 0.104216 1
g4 2 33 g4 2 34 0.09599 0.089046 1
g4 2 34 g4 2 34 0.098431 0.140114 1
g4 2 45 g4 2 34 0.124742 0.10591 1
g4 2 42 g4 2 34 0.117098 0.195535 0
g4 2 46 g4 2 41 0.127243 0.155241 0
g4 2 33 g4 2 32 0.09563 0.0741323 1
g4 2 45 g4 2 41 0.125521 0.101616 1
g4 2 50 g4 2 41 0.137145 0.114166 1
g4 2 41 g4 2 42 0.1154 0.0754929 1
g4 2 45 g4 2 32 0.124633 0.102621 1
g5 2 43 g5 2 48 0.121306 0.0971744 1
g5 2 45 g5 2 44 0.125341 0.0816019 1
g5 2 44 g5 2 52 0.124052 0.109662 1
g5 2 42 g5 2 52 0.118278 0.124991 1
g5 2 36 g5 2 50 0.104266 0.17394 1
g5 2 42 g5 2 50 0.119719 0.10384 1
g5 2 41 g4 2 34 0.115995 0.196252 0
g5 2 46 g5 2 50 0.128286 0.189313 1
g5 2 40 g5 2 51 0.113433 0.211937 0
g5 2 33 g5 2 32 0.096278 0.123541 1
g5 2 35 g5 2 35 0.101121 0.127559 1
g5 2 41 g5 2 35 0.115567 0.116069 1
g5 2 34 g5 2 33 0.099004 0.167177 1
g5 2 36 g4 2 31 0.103301 0.194451 0
g5 2 43 g5 2 51 0.12134 0.16659 1
g5 2 39 g5 2 52 0.110287 0.223702 0
g5 2 38 g5 2 51 0.108355 0.17723 0
g5 2 35 g5 2 35 0.101174 0.193171 0
g5 2 38 g5 2 51 0.108825 0.171682 1
g5 2 38 g4 2 31 0.10827 0.179745 1
g5 2 39 g5 2 51 0.111012 0.145158 1
g5 2 38 g4 2 31 0.108373 0.182144 1
g5 2 39 g4 2 36 0.11075 0.223905 0
g5 2 38 g5 2 50 0.108966 0.172716 1
g5 2 41 g5 2 50 0.116478 0.134535 1
g5 2 41 g5 2 54 0.116236 0.156904 1
g5 2 39 g4 2 31 0.111105 0.154788 1
g5 2 39 g5 2 54 0.110988 0.169673 1
g5 2 40 g5 2 51 0.113005 0.220685 0
g5 2 40 g5 2 51 0.113623 0.173265 1
g5 2 38 g4 2 31 0.109334 0.184001 0
g5 2 39 g5 2 50 0.111433 0.134244 1
g5 2 37 g5 2 45 0.107005 0.133308 1
g5 2 39 g5 2 50 0.112635 0.152698 1
g5 2 39 g5 2 49 0.110866 0.14648 1
g5 2 43 g5 2 49 0.120878 0.105347 1
g5 2 55 g5 2 51 0.150396 0.123206 1
g5 2 40 g5 2 49 0.114236 0.0955829 1
g5 2 47 g5 2 52 0.12998 0.083783 1
g5 2 47 g5 2 49 0.131779 0.126546 1
g5 2 50 g5 2 59 0.138195 0.137976 0
g5 2 47 g5 2 55 0.132238 0.0960784 1
g5 2 47 g5 2 54 0.132309 0.106638 1
g5 2 50 g5 2 51 0.138117 0.100387 1
g5 2 47 g5 2 48 0.131318 0.0650965 1
g6 2 40 g6 2 38 0.111807 0.083175 1
g6 2 39 g6 2 38 0.109714 0.0953195 1
g6 2 42 g6 2 38 0.115524 0.0928561 1
g6 2 41 g6 2 34 0.118104 0.186681 0
g6 2 35 g6 2 38 0.101101 0.0746636 1
g6 2 34 g6 2 34 0.09812 0.133747 1
g6 2 37 g6 2 38 0.105653 0.0972487 1
g6 2 38 g6 2 38 0.108786 0.13291 1
g6 2 36 g6 2 38 0.105065 0.106651 1
g6 2 32 g6 2 38 0.092592 0.106965 1
g6 2 39 g6 2 37 0.109755 0.158648 0
g6 2 42 g6 2 59 0.117281 0.0806673 1
g6 2 41 g6 2 41 0.114926 0.0722909 1
g6 2 31 g6 2 38 0.090726 0.121881 1
g6 2 36 g6 2 41 0.103382 0.165956 1
g6 2 41 g6 2 39 0.114741 0.0874991 1
g6 2 35 g6 2 38 0.100096 0.0999042 1
g6 2 43 g6 2 39 0.119114 0.0893298 1
g6 2 36 g6 2 38 0.102416 0.0858735 1
g6 2 35 g6 2 38 0.100536 0.143103 1
g6 2 41 g6 2 38 0.114911 0.0953615 1
g6 2 56 g6 2 38 0.151344 0.112614 1
g6 2 38 g6 2 39 0.107734 0.102929 1
g6 2 34 g6 2 39 0.098556 0.12231 1
g6 2 36 g6 2 38 0.102829 0.120256 1
g6 2 35 g6 2 44 0.100765 0.250265 0
g6 2 44 g6 2 38 0.121757 0.115719 1
g6 2 35 g6 2 38 0.100859 0.0915789 1
g6 2 35 g6 2 38 0.100154 0.0938618 1
g6 2 29 g6 2 33 0.084701 0.102225 1
g6 2 32 g6 2 34 0.092534 0.0872025 1
g6 2 33 g6 2 34 0.095874 0.119237 1
g6 2 51 g6 2 49 0.139477 0.354557 0
g6 2 39 g1 2 25 0.110177 0.256252 0
g6 2 32 g6 2 33 0.092092 0.0489091 1
g6 2 33 g6 2 35 0.095307 0.0869931 1
g6 2 35 g6 2 35 0.100253 0.0761341 1
g6 2 33 g6 2 35 0.095316 0.0791336 1
g6 2 37 g6 2 36 0.105106 0.0803105 1
g6 2 39 g6 2 37 0.109953 0.0712027 1
g6 2 37 g6 2 44 0.105934 0.0961247 1
g7 1 37 g7 1 44 0.107742 0.284241 0
g7 1 34 g7 1 42 0.09848 0.224965 0
g7 1 37 g7 1 39 0.105855 0.323346 0
g7 1 38 g7 1 52 0.109035 0.162606 1
g7 1 40 g7 1 34 0.113062 0.290341 0
g7 1 41 g7 1 41 0.117092 0.267993 0
g7 1 34 g7 1 46 0.098814 0.307843 0
g7 1 35 g7 1 36 0.103565 0.13242 1
g7 1 27 g7 1 31 0.080387 0.229789 0
g7 1 32 g3 1 40 0.094699 0.432231 0
g7 1 34 g7 1 33 0.099389 0.228633 0
g7 1 36 g7 1 34 0.104523 0.171633 1
g7 1 36 g7 1 39 0.102698 0.221973 0
g7 1 34 g7 1 29 0.097051 0.191086 0
g7 1 29 g7 1 29 0.084737 0.22992 0
g7 1 33 g7 1 31 0.0959 0.183853 0
g7 1 33 g7 1 28 0.096 0.179065 0
g7 1 30 g7 1 32 0.087119 0.223571 0
g7 1 31 g7 1 29 0.090022 0.24925 0
g7 1 31 g7 1 28 0.091634 0.164834 0
g7 1 31 g7 1 32 0.09134 0.209471 0
g7 1 27 g7 1 27 0.082391 0.0629575 1
g7 1 39 g1 2 17 0.110598 0.578516 0
g7 1 35 g7 1 35 0.099427 0.240379 0
g7 1 45 g7 1 28 0.125182 0.33521 0
g7 1 37 g7 1 48 0.103947 0.365188 0
g7 1 34 g2 2 23 0.098263 0.458612 0
g7 1 38 g7 1 37 0.107342 0.169295 0
g7 1 35 g1 2 17 0.102319 0.602471 0
g7 1 36 g7 1 38 0.101989 0.375783 0
g7 1 36 g7 1 36 0.102408 0.21929 0
g7 1 44 g7 1 47 0.122417 0.305902 0
g7 1 39 g7 1 43 0.111648 0.305301 0
g7 1 40 g7 1 35 0.113171 0.224363 0
g7 1 46 g7 1 33 0.127302 0.209283 0
g7 1 68 g7 1 43 0.174462 0.286404 0
g7 1 34 g7 1 51 0.098368 0.34738 0
g7 1 35 g7 1 46 0.099575 0.270879 0
g7 1 39 g7 1 50 0.114142 0.307819 0
g7 1 40 g7 1 39 0.112816 0.23487 0
g7 1 45 g7 1 41 0.125558 0.28276 0
g7 1 48 g7 1 45 0.134929 0.196207 0
g7 1 32 g7 1 34 0.093138 0.314379 0
g7 1 50 g7 1 40 0.138616 0.185094 0
g7 1 21 g7 1 36 0.067114 0.36312 0
g7 1 35 g7 1 51 0.10214 0.377438 0
g7 1 36 g7 1 34 0.104528 0.159756 0
g7 1 36 g7 1 31 0.104356 0.279676 0
g7 1 37 g7 1 31 0.105398 0.22345 0
g7 1 49 g7 1 41 0.135238 0.244665 0
g7 1 33 g7 1 29 0.096796 0.332379 0
g7 1 33 g7 1 33 0.097433 0.272874 0
g7 1 42 g7 1 45 0.118576 0.170913 1
g7 1 61 g7 1 45 0.166104 0.305385 0
g7 1 56 g7 1 52 0.152628 0.246406 0
g7 1 54 g7 1 37 0.148237 0.398754 0
g7 1 53 g7 1 52 0.145258 0.231176 0
g7 1 35 g7 1 35 0.114391 0.242307 0
g7 1 51 g7 1 48 0.140368 0.167855 0
g7 1 43 g7 1 47 0.119241 0.222068 0
g7 1 47 g7 1 48 0.129122 0.168317 0
g7 1 45 g7 1 45 0.124929 0.191058 0
g7 1 47 g7 1 48 0.130776 0.173907 0
