g1 2 22 g6 2 30 0.066059 0.169768 0
g1 2 21 g6 2 32 0.064191 0.182766 0
g1 2 25 g6 2 23 0.072635 0.142628 0
g1 2 40 g1 2 22 0.114379 0.122917 0
g1 2 31 g2 2 15 0.086431 0.192795 0
g1 2 27 g1 2 23 0.07656 0.153719 0
g1 2 29 g1 2 26 0.081188 0.127131 0
g1 2 18 g1 2 25 0.058289 0.11378 0
g1 2 22 g1 2 25 0.066027 0.13298 0
g1 2 26 g1 2 23 0.074515 0.159024 0
g1 2 19 g1 2 20 0.060018 0.140108 0
g1 2 24 g1 2 20 0.070059 0.1084 0
g1 2 23 g1 2 23 0.06823 0.0709912 0
g1 2 23 g1 2 23 0.068404 0.124063 0
g1 2 26 g1 2 26 0.074547 0.0804248 0
g1 2 52 g6 2 36 0.125893 0.200435 0
g1 2 24 g1 2 20 0.070149 0.0998263 0
g1 2 35 g6 2 34 0.098923 0.203915 0
g1 2 18 g6 2 29 0.057947 0.130181 0
g1 2 22 g6 2 32 0.066225 0.189666 0
g1 2 19 g6 2 30 0.059995 0.141693 0
g1 2 26 g6 2 28 0.074538 0.162342 0
g1 2 20 g2 2 15 0.062097 0.191332 0
g1 2 22 g1 2 17 0.065643 0.0826369 0
g1 2 21 g1 2 18 0.063793 0.0905276 0
g1 2 30 g1 2 27 0.083735 0.133558 0
g1 2 28 g1 2 24 0.07863 0.151798 0
g1 2 37 g1 2 24 0.099559 0.252167 0
g1 2 27 g1 2 22 0.076826 0.202364 0
g1 2 27 g1 2 35 0.07668 0.106825 0
g1 2 21 g1 2 23 0.06444 0.0890126 0
g1 2 21 g1 2 22 0.064368 0.16291 0
g1 2 17 g1 2 24 0.056207 0.0803424 0
g1 2 26 g1 2 23 0.074094 0.224511 0
g1 2 21 g1 2 27 0.064263 0.239584 0
g1 2 22 g1 2 22 0.066185 0.156561 0
g1 2 28 g1 2 22 0.078578 0.164012 0
g1 2 22 g1 2 22 0.065956 0.158704 0
g1 2 20 g1 2 21 0.062007 0.163986 0
g1 2 21 g1 2 22 0.06381 0.127 0
g1 2 24 g1 2 24 0.07027 0.157281 0
g1 2 26 g1 2 26 0.074315 0.208272 0
g1 2 21 g1 2 23 0.06404 0.184014 0
g1 2 22 g1 2 22 0.066283 0.171721 0
g1 2 26 g1 2 22 0.074622 0.166915 0
g1 2 19 g1 2 26 0.059882 0.235 0
g1 2 24 g6 2 34 0.070505 0.18875 0
g1 2 26 g6 2 32 0.074428 0.197104 0
g1 2 20 g6 2 35 0.061893 0.172626 0
g1 2 25 g6 2 37 0.07273 0.129048 0
g1 2 35 g2 2 15 0.096323 0.221742 0
g1 2 23 g6 2 23 0.068468 0.151302 0
g1 2 31 g2 2 15 0.085434 0.17079 0
g1 2 20 g1 2 16 0.061758 0.074766 0
g1 2 18 g1 2 16 0.057906 0.0666175 0
g1 2 14 g1 2 16 0.049938 0.097091 0
g1 2 14 g1 2 14 0.050217 0.0732514 0
g1 2 15 g1 2 15 0.052279 0.0769861 0
g1 2 15 g1 2 15 0.052263 0.0601426 0
g1 2 17 g1 2 16 0.056108 0.0660645 0
g1 2 14 g1 2 15 0.050306 0.111548 0
g2 2 13 g2 2 12 0.048614 0.104895 0
g2 2 13 g2 2 12 0.049104 0.100152 0
g2 2 15 g2 2 15 0.052232 0.181384 0
g2 2 12 g2 2 12 0.046136 0.149102 0
g2 2 13 g2 2 12 0.04849 0.151942 0
g2 2 11 g2 2 15 0.043671 0.165786 0
g2 2 12 g2 2 12 0.046119 0.125499 0
g2 2 13 g2 2 12 0.048799 0.10506 0
g2 2 13 g2 2 12 0.048646 0.16345 0
g2 2 27 g2 2 24 0.077011 0.131999 0
g2 2 14 g2 2 12 0.05022 0.107382 0
g2 2 13 g2 2 12 0.049212 0.106109 0
g2 2 13 g2 2 12 0.04862 0.120002 0
g2 2 14 g2 2 12 0.050377 0.127057 0
g2 2 14 g2 2 12 0.050154 0.180586 0
g2 2 13 g2 2 12 0.049062 0.142003 0
g2 2 10 g2 2 15 0.041775 0.257722 0
g2 2 13 g2 2 12 0.048894 0.0980197 0
g2 2 14 g2 2 12 0.050508 0.105194 0
g2 2 13 g2 2 12 0.048731 0.161468 0
g2 2 14 g2 2 12 0.050531 0.143054 0
g2 2 14 g2 2 12 0.05021 0.214652 0
g2 2 12 g2 2 12 0.046588 0.142436 0
g2 2 15 g2 2 12 0.052403 0.101405 0
g2 2 16 g2 2 15 0.054244 0.171857 0
g2 2 13 g2 2 12 0.048257 0.160181 0
g2 2 13 g2 2 15 0.048617 0.242999 0
g2 2 14 g2 2 12 0.049927 0.163168 0
g2 2 16 g2 2 12 0.054547 0.134649 0
g2 2 29 g2 2 26 0.081789 0.119545 0
g2 2 26 g2 2 25 0.07469 0.152066 0
g2 2 27 g2 2 24 0.077386 0.135915 0
g2 2 23 g1 2 21 0.068748 0.27101 0
g2 2 18 g2 2 20 0.057993 0.108109 0
g2 2 20 g2 2 19 0.061982 0.111781 0
g2 2 30 g2 2 27 0.085754 0.124809 0
g2 2 21 g2 2 22 0.064526 0.0915402 0
g2 2 18 g2 2 21 0.058024 0.09341 0
g2 2 17 g2 2 19 0.056621 0.0936848 0
g2 2 19 g2 2 19 0.05844 0.0877324 0
g2 2 18 g2 2 19 0.059807 0.0914348 0
g2 2 19 g2 2 19 0.059982 0.0712885 0
g2 2 17 g2 2 19 0.057813 0.114198 0
g2 2 20 g2 2 19 0.062152 0.073588 0
g2 2 20 g2 2 19 0.061936 0.0967156 0
g2 2 23 g2 2 21 0.068129 0.144163 0
g2 2 15 g2 2 20 0.052362 0.130696 0
g2 2 20 g2 2 19 0.062034 0.0832217 0
g2 2 40 g2 2 26 0.107804 0.163425 0
g2 2 20 g2 2 20 0.062144 0.0960384 0
g2 2 25 g2 2 21 0.072292 0.0813563 0
g2 2 25 g1 2 29 0.073233 0.220425 0
g2 2 19 g2 2 19 0.060099 0.112486 0
g2 2 17 g2 2 21 0.057585 0.097333 0
g2 2 22 g1 2 31 0.066082 0.122122 0
g2 2 20 g2 2 21 0.061995 0.107351 0
g2 2 24 g1 2 25 0.069481 0.197976 0
g2 2 22 g2 2 26 0.066334 0.120047 0
g2 2 19 g2 2 27 0.059863 0.119208 0
g2 2 27 g2 2 26 0.076783 0.118647 0
g2 2 17 g2 2 19 0.056385 0.100057 0
g2 2 19 g1 2 28 0.060299 0.292518 0
g2 2 28 g2 2 23 0.079019 0.166886 0
g2 2 14 g2 2 12 0.050412 0.14921 0
g2 2 12 g2 2 12 0.045916 0.119037 0
g2 2 13 g2 2 12 0.048491 0.0842657 0
g3 1 34 g3 1 44 0.095644 0.317284 0
g3 1 33 g3 1 46 0.092304 0.219336 0
g3 1 47 g3 1 40 0.123524 0.300735 0
g3 1 50 g3 1 38 0.1313 0.292126 0
g3 1 53 g1 2 28 0.134803 0.394027 0
g3 1 47 g3 1 35 0.125037 0.254261 0
g3 1 45 g3 1 35 0.119157 0.283474 0
g3 1 45 g3 1 39 0.12024 0.271269 0
g3 1 42 g3 1 62 0.112663 0.270819 0
g3 1 41 g3 1 44 0.112385 0.289394 0
g3 1 42 g3 1 55 0.11238 0.278039 0
g3 1 45 g3 1 46 0.118919 0.244614 0
g3 1 44 g3 1 41 0.116712 0.235877 0
g3 1 45 g3 1 58 0.119738 0.252537 0
g3 1 42 g3 1 38 0.113377 0.493665 0
g3 1 42 g3 1 40 0.112217 0.203043 0
g3 1 39 g3 1 40 0.106072 0.203044 0
g3 1 54 g1 2 24 0.143575 0.362888 0
g3 1 46 g3 1 39 0.121193 0.241867 0
g3 1 46 g3 1 40 0.122606 0.209648 0
g3 1 48 g3 1 45 0.127234 0.216754 0
g3 1 46 g3 1 55 0.122625 0.223339 0
g3 1 44 g3 1 39 0.117471 0.239907 0
g3 1 41 g3 1 35 0.111892 0.247535 0
g3 1 45 g3 1 40 0.12014 0.311268 0
g3 1 42 g3 1 36 0.112101 0.292783 0
g3 1 48 g3 1 55 0.127897 0.300204 0
g3 1 64 g3 1 40 0.1634 0.285783 0
g3 1 56 g3 1 36 0.146187 0.289882 0
g3 1 48 g3 1 37 0.125523 0.198829 0
g3 1 55 g3 1 58 0.142465 0.224211 0
g3 1 51 g3 1 39 0.133722 0.271578 0
g3 1 47 g3 1 38 0.124357 0.215558 0
g3 1 49 g3 1 40 0.129803 0.234342 0
g3 1 50 g3 1 45 0.129646 0.252466 0
g3 1 48 g3 1 57 0.126544 0.27381 0
g3 1 49 g3 1 30 0.129689 0.323088 0
g3 1 57 g3 1 67 0.145257 0.266969 0
g3 1 59 g3 1 67 0.149857 0.253434 0
g3 1 44 g3 1 41 0.118365 0.369473 0
g3 1 26 g3 1 45 0.087953 0.815193 0
g3 1 47 g3 1 42 0.125367 0.286109 0
g3 1 40 g3 1 37 0.109231 0.220951 0
g3 1 38 g3 1 39 0.102613 0.198995 0
g3 1 40 g3 1 40 0.106476 0.222099 0
g3 1 42 g3 1 45 0.110993 0.299045 0
g3 1 37 g3 1 36 0.100675 0.333865 0
g3 1 41 g3 1 40 0.111834 0.166086 0
g3 1 38 g3 1 35 0.104266 0.213044 0
g3 1 37 g3 1 45 0.102228 0.298428 0
g3 1 41 g3 1 45 0.110852 0.255173 0
g4 2 35 g4 2 29 0.09618 0.200981 0
g4 2 35 g4 2 40 0.095919 0.074868 0
g4 2 42 g4 2 43 0.112533 0.165537 0
g4 2 42 g4 2 40 0.112162 0.165293 0
g4 2 39 g4 2 44 0.105282 0.123519 0
g4 2 40 g4 2 49 0.108189 0.144795 0
g4 2 48 g3 1 42 0.127529 0.263518 0
g4 2 40 g4 2 40 0.107827 0.163291 0
g4 2 47 g4 2 46 0.124193 0.155578 0
g4 2 45 g4 2 47 0.119446 0.164294 0
g4 2 44 g4 2 44 0.116901 0.139688 0
g4 2 46 g4 2 49 0.122089 0.115756 0
g4 2 50 g4 2 49 0.131293 0.0830325 0
g4 2 43 g4 2 29 0.114463 0.121298 0
g4 2 28 g4 2 31 0.078516 0.135106 0
g4 2 29 g4 2 28 0.080952 0.0741795 0
g4 2 28 g4 2 27 0.078706 0.0812595 0
g4 2 31 g4 2 32 0.085538 0.148538 0
g4 2 29 g4 2 31 0.080791 0.10039 0
g4 2 32 g4 2 32 0.089192 0.113248 0
g4 2 33 g4 2 38 0.091475 0.0895119 0
g4 2 34 g4 2 30 0.093584 0.105078 0
g4 2 38 g4 2 46 0.102772 0.154445 0
g4 2 28 g4 2 30 0.078366 0.111214 0
g4 2 35 g4 2 33 0.096221 0.0928454 0
g4 2 35 g4 2 35 0.096084 0.054118 0
g4 2 39 g4 2 34 0.105538 0.0895005 0
g4 2 39 g4 2 41 0.105136 0.110703 0
g4 2 44 g4 2 30 0.116052 0.100345 0
g4 2 44 g4 2 32 0.11627 0.109677 0
g4 2 29 g4 2 35 0.080582 0.0896642 0
g4 2 29 g4 2 31 0.081376 0.0966102 0
g4 2 31 g4 2 32 0.086297 0.0844094 0
g4 2 32 g4 2 32 0.088485 0.129553 0
g4 2 43 g4 2 32 0.114122 0.104682 0
g4 2 40 g4 2 32 0.107319 0.189227 0
g4 2 44 g4 2 39 0.116727 0.150614 0
g4 2 31 g4 2 30 0.085923 0.0719758 0
g4 2 43 g4 2 39 0.11425 0.100572 0
g4 2 48 g4 2 39 0.126631 0.11545 0
g4 2 39 g4 2 40 0.10514 0.0739062 0
g4 2 43 g4 2 30 0.113932 0.099075 0
g5 2 41 g5 2 48 0.111893 0.0936454 0
g5 2 43 g5 2 42 0.115063 0.0802734 0
g5 2 42 g5 2 50 0.113658 0.110121 0
g5 2 40 g5 2 50 0.108236 0.126498 0
g5 2 34 g5 2 48 0.09475 0.167191 0
g5 2 40 g5 2 48 0.109054 0.10047 0
g5 2 39 g4 2 32 0.105944 0.19223 0
g5 2 44 g5 2 48 0.117947 0.179595 0
g5 2 38 g5 2 49 0.103507 0.208098 0
g5 2 31 g5 2 30 0.08675 0.119656 0
g5 2 33 g5 2 33 0.092918 0.123368 0
g5 2 39 g5 2 33 0.105747 0.114927 0
g5 2 32 g5 2 40 0.089209 0.147538 0
g5 2 34 g4 2 29 0.094162 0.192093 0
g5 2 41 g5 2 49 0.111095 0.168088 0
g5 2 37 g5 2 33 0.1008 0.206707 0
g5 2 36 g5 2 49 0.100151 0.176142 0
g5 2 33 g5 2 33 0.092168 0.183825 0
g5 2 36 g5 2 49 0.099331 0.169152 0
g5 2 36 g4 2 29 0.09946 0.176426 0
g5 2 37 g5 2 49 0.101806 0.142442 0
g5 2 36 g4 2 29 0.098664 0.174111 0
g5 2 37 g4 2 29 0.101164 0.209175 0
g5 2 36 g5 2 48 0.099032 0.172507 0
g5 2 39 g5 2 48 0.106372 0.13397 0
g5 2 39 g5 2 52 0.106194 0.154602 0
g5 2 37 g4 2 29 0.101265 0.149926 0
g5 2 37 g5 2 52 0.101161 0.168346 0
g5 2 38 g5 2 49 0.103199 0.216505 0
g5 2 38 g5 2 48 0.104074 0.163797 0
g5 2 36 g4 2 32 0.099085 0.192569 0
g5 2 37 g5 2 48 0.101582 0.131962 0
g5 2 35 g5 2 47 0.09727 0.142198 0
g5 2 37 g5 2 48 0.102587 0.14226 0
g5 2 37 g5 2 47 0.101282 0.144625 0
g5 2 41 g5 2 47 0.110956 0.101672 0
g5 2 53 g5 2 49 0.138434 0.12125 0
g5 2 38 g5 2 47 0.104205 0.0936596 0
g5 2 45 g5 2 50 0.119499 0.0808529 0
g5 2 45 g5 2 47 0.121474 0.120769 0
g5 2 48 g5 2 57 0.128174 0.133671 0
g5 2 45 g5 2 57 0.120983 0.0969753 0
g5 2 45 g5 2 52 0.121426 0.102699 0
g5 2 48 g5 2 49 0.1276 0.0952967 0
g5 2 45 g5 2 50 0.120621 0.0759647 0
g6 2 38 g6 2 36 0.10228 0.0832649 0
g6 2 37 g6 2 36 0.100492 0.0919877 0
g6 2 40 g6 2 32 0.106164 0.104036 0
g6 2 39 g6 2 32 0.104512 0.177701 0
g6 2 33 g6 2 36 0.091572 0.0739164 0
g6 2 32 g6 2 38 0.088585 0.121687 0
g6 2 35 g6 2 36 0.09575 0.0944504 0
g6 2 36 g6 2 36 0.097766 0.131658 0
g6 2 34 g6 2 36 0.093869 0.102656 0
g6 2 30 g6 2 36 0.083777 0.105279 0
g6 2 37 g6 2 35 0.100568 0.14888 0
g6 2 40 g6 2 57 0.107225 0.0781961 0
g6 2 39 g6 2 39 0.104826 0.0718683 0
g6 2 29 g6 2 36 0.08131 0.12352 0
g6 2 34 g6 2 39 0.09397 0.164024 0
g6 2 39 g6 2 37 0.104763 0.0867312 0
g6 2 33 g6 2 36 0.092042 0.0986273 0
g6 2 41 g6 2 37 0.109519 0.0893568 0
g6 2 34 g6 2 36 0.097264 0.0844872 0
g6 2 33 g6 2 36 0.091956 0.141988 0
g6 2 39 g6 2 36 0.106503 0.0943078 0
g6 2 54 g6 2 36 0.139636 0.153552 0
g6 2 36 g6 2 37 0.098238 0.100885 0
g6 2 32 g6 2 37 0.088693 0.123474 0
g6 2 34 g6 2 36 0.093742 0.119653 0
g6 2 33 g6 2 32 0.09129 0.235521 0
g6 2 42 g6 2 36 0.111961 0.113696 0
g6 2 33 g6 2 36 0.091997 0.0889257 0
g6 2 33 g6 2 36 0.092099 0.0953035 0
g6 2 27 g6 2 31 0.077268 0.105149 0
g6 2 30 g6 2 32 0.08328 0.0827278 0
g6 2 31 g6 2 32 0.085665 0.112569 0
g6 2 49 g6 2 45 0.128647 0.369142 0
g6 2 37 g1 2 27 0.100722 0.24954 0
g6 2 30 g6 2 31 0.083304 0.0481761 0
g6 2 31 g6 2 33 0.085509 0.0835578 0
g6 2 33 g6 2 33 0.091395 0.0749726 0
g6 2 31 g6 2 33 0.085394 0.0741513 0
g6 2 35 g6 2 34 0.095793 0.0786984 0
g6 2 37 g6 2 35 0.100202 0.0650936 0
g6 2 35 g6 2 42 0.096118 0.094644 0
g7 1 35 g7 1 42 0.098023 0.274072 0
g7 1 32 g7 1 40 0.088937 0.213871 0
g7 1 35 g7 1 37 0.096288 0.314541 0
g7 1 36 g7 1 50 0.099008 0.156651 0
g7 1 38 g7 1 32 0.103406 0.283299 0
g7 1 39 g7 1 50 0.106885 0.199292 0
g7 1 32 g7 1 39 0.089306 0.269915 0
g7 1 33 g7 1 34 0.094202 0.128595 0
g7 1 25 g7 1 29 0.072614 0.23025 0
g7 1 30 g3 1 38 0.085704 0.404612 0
g7 1 32 g7 1 31 0.090306 0.224395 0
g7 1 34 g7 1 32 0.095134 0.163102 0
g7 1 34 g7 1 37 0.093488 0.212897 0
g7 1 32 g7 1 27 0.087337 0.175722 0
g7 1 27 g7 1 27 0.076583 0.223942 0
g7 1 31 g7 1 29 0.085992 0.174304 0
g7 1 31 g7 1 26 0.085442 0.169538 0
g7 1 28 g7 1 30 0.079179 0.216126 0
g7 1 29 g7 1 27 0.081784 0.234621 0
g7 1 29 g7 1 26 0.082822 0.163887 0
g7 1 29 g7 1 30 0.083538 0.201632 0
g7 1 25 g7 1 25 0.074393 0.0634586 0
g7 1 37 g1 2 15 0.100469 0.530052 0
g7 1 33 g7 1 33 0.090297 0.236254 0
g7 1 43 g7 1 26 0.114325 0.325197 0
g7 1 35 g7 1 46 0.095232 0.348845 0
g7 1 32 g2 2 21 0.088688 0.420181 0
g7 1 36 g7 1 35 0.0981 0.16725 0
g7 1 33 g1 2 15 0.093799 0.551134 0
g7 1 34 g7 1 36 0.092555 0.358404 0
g7 1 34 g7 1 34 0.093464 0.230783 0
g7 1 42 g7 1 45 0.112117 0.299935 0
g7 1 37 g7 1 41 0.102081 0.295442 0
g7 1 38 g7 1 33 0.103895 0.215944 0
g7 1 44 g7 1 31 0.11661 0.208828 0
g7 1 66 g7 1 41 0.160825 0.282145 0
g7 1 32 g7 1 37 0.089071 0.24747 0
g7 1 33 g7 1 48 0.090573 0.259356 0
g7 1 37 g7 1 41 0.102406 0.258088 0
g7 1 38 g7 1 37 0.103091 0.234551 0
g7 1 43 g7 1 39 0.115082 0.261738 0
g7 1 46 g7 1 43 0.124672 0.186543 0
g7 1 30 g7 1 31 0.083715 0.263501 0
g7 1 48 g7 1 38 0.128089 0.179544 0
g7 1 19 g7 1 34 0.05969 0.362941 0
g7 1 33 g7 1 49 0.093103 0.362298 0
g7 1 34 g7 1 32 0.095978 0.154278 0
g7 1 34 g7 1 29 0.095582 0.281279 0
g7 1 35 g7 1 29 0.096458 0.218815 0
g7 1 47 g7 1 39 0.124173 0.239458 0
g7 1 31 g7 1 27 0.086859 0.320248 0
g7 1 31 g7 1 31 0.087727 0.258225 0
g7 1 40 g7 1 43 0.109357 0.168175 0
g7 1 59 g7 1 43 0.153882 0.298299 0
g7 1 54 g7 1 50 0.141001 0.245747 0
g7 1 52 g7 1 35 0.136559 0.381369 0
g7 1 51 g7 1 50 0.135224 0.22973 0
g7 1 33 g7 1 33 0.104604 0.226786 0
g7 1 49 g7 1 46 0.129154 0.164696 0
g7 1 41 g7 1 45 0.109511 0.208928 0
g7 1 45 g7 1 46 0.118745 0.158187 0
g7 1 43 g7 1 43 0.114719 0.191376 0
g7 1 45 g7 1 46 0.120628 0.173496 0
