g1 2 46 g6 2 78 0.229517 0.151271 1
g1 2 44 g6 2 66 0.222265 0.17884 1
g1 2 52 g6 2 50 0.255699 0.133323 1
g1 2 102 g1 2 45 0.47118 0.128344 1
g1 2 63 g2 2 32 0.305762 0.180019 1
g1 2 56 g1 2 48 0.271256 0.143851 1
g1 2 60 g1 2 54 0.288944 0.120546 1
g1 2 37 g1 2 52 0.193148 0.0984748 1
g1 2 46 g1 2 42 0.230564 0.124197 1
g1 2 54 g1 2 48 0.263588 0.153851 1
g1 2 39 g1 2 42 0.201374 0.11936 1
g1 2 50 g1 2 42 0.246794 0.0973088 1
g1 2 48 g1 2 48 0.238261 0.0665379 1
g1 2 47 g1 2 46 0.233866 0.0739496 1
g1 2 53 g1 2 48 0.259519 0.0760421 1
g1 2 111 g6 2 73 0.511179 0.20023 1
g1 2 49 g1 2 42 0.242315 0.0889367 1
g1 2 71 g6 2 70 0.335187 0.199175 1
g1 2 37 g6 2 60 0.193615 0.12168 1
g1 2 46 g6 2 66 0.230694 0.186226 1
g1 2 39 g6 2 51 0.201191 0.130296 1
g1 2 54 g6 2 57 0.26398 0.160935 1
g1 2 42 g2 2 32 0.21336 0.181488 1
g1 2 45 g1 2 38 0.224691 0.0751975 1
g1 2 43 g1 2 38 0.216872 0.0769938 1
g1 2 61 g1 2 56 0.292271 0.126871 1
g1 2 58 g1 2 49 0.28032 0.139487 1
g1 2 75 g1 2 49 0.352428 0.246594 1
g1 2 55 g1 2 45 0.266959 0.194769 1
g1 2 56 g1 2 71 0.271247 0.100618 1
g1 2 43 g1 2 48 0.217641 0.0795973 1
g1 2 44 g1 2 45 0.22118 0.162819 1
g1 2 35 g1 2 50 0.185945 0.0640499 1
g1 2 53 g1 2 54 0.25795 0.197292 1
g1 2 43 g1 2 56 0.218503 0.225186 0
g1 2 46 g1 2 45 0.229151 0.149562 1
g1 2 57 g1 2 45 0.275082 0.158168 1
g1 2 46 g1 2 45 0.228937 0.153119 1
g1 2 41 g1 2 43 0.209565 0.154605 1
g1 2 43 g1 2 45 0.21704 0.119913 1
g1 2 49 g1 2 50 0.241639 0.147619 1
g1 2 53 g1 2 54 0.258485 0.204712 1
g1 2 44 g1 2 47 0.223525 0.168578 1
g1 2 46 g1 2 45 0.229293 0.172272 1
g1 2 53 g1 2 45 0.258589 0.161407 1
g1 2 40 g1 2 54 0.205496 0.23451 0
g1 2 50 g6 2 70 0.246026 0.185257 1
g1 2 53 g6 2 65 0.258269 0.19522 1
g1 2 41 g6 2 72 0.210151 0.170714 1
g1 2 52 g6 2 66 0.255218 0.125926 1
g1 2 72 g2 2 32 0.340941 0.207837 1
g1 2 48 g6 2 50 0.23839 0.147822 1
g1 2 64 g2 2 32 0.305994 0.161244 1
g1 2 42 g1 2 34 0.212834 0.0657652 1
g1 2 38 g1 2 34 0.197022 0.0576872 1
g1 2 29 g1 2 32 0.157476 0.0730236 1
g1 2 29 g1 2 29 0.157325 0.0591343 1
g1 2 31 g1 2 32 0.165565 0.0594803 1
g1 2 31 g1 2 31 0.165592 0.0511753 1
g1 2 36 g1 2 34 0.188783 0.0559827 1
g1 2 29 g1 2 29 0.157138 0.0583123 1
g2 2 28 g2 2 26 0.154262 0.081189 1
g2 2 28 g2 2 26 0.153378 0.0852107 1
g2 2 31 g2 2 32 0.166939 0.152605 1
g2 2 26 g2 2 26 0.145161 0.150999 1
g2 2 27 g2 2 26 0.148781 0.134901 1
g2 2 23 g2 2 32 0.132011 0.144775 1
g2 2 26 g2 2 26 0.144792 0.128892 1
g2 2 27 g2 2 26 0.148787 0.0937242 1
g2 2 28 g2 2 26 0.153064 0.156895 1
g2 2 55 g2 2 50 0.267692 0.125755 1
g2 2 29 g2 2 26 0.157058 0.0853226 1
g2 2 28 g2 2 26 0.153032 0.0831557 1
g2 2 28 g2 2 26 0.154276 0.10591 1
g2 2 29 g2 2 26 0.15687 0.106393 1
g2 2 30 g2 2 26 0.160459 0.165876 1
g2 2 27 g2 2 26 0.148882 0.128428 1
g2 2 21 g2 2 32 0.125004 0.237872 1
g2 2 27 g2 2 26 0.148703 0.0733698 1
g2 2 29 g2 2 26 0.157454 0.0850396 1
g2 2 27 g2 2 26 0.149482 0.132614 1
g2 2 30 g2 2 26 0.160548 0.125009 1
g2 2 30 g2 2 26 0.160476 0.202935 1
g2 2 26 g2 2 26 0.144557 0.144234 1
g2 2 31 g2 2 26 0.165212 0.0809107 1
g2 2 33 g2 2 32 0.176644 0.158391 1
g2 2 28 g2 2 26 0.154404 0.150766 1
g2 2 27 g2 2 32 0.148751 0.215902 1
g2 2 30 g2 2 26 0.160385 0.15229 1
g2 2 34 g2 2 26 0.180892 0.122504 1
g2 2 59 g2 2 53 0.284763 0.11708 1
g2 2 54 g2 2 45 0.264123 0.128094 1
g2 2 55 g2 2 50 0.268364 0.115822 1
g2 2 48 g1 2 43 0.238766 0.259655 0
g2 2 38 g2 2 42 0.198282 0.0980393 1
g2 2 42 g2 2 39 0.213845 0.102152 1
g2 2 64 g2 2 53 0.306851 0.107338 1
g2 2 43 g2 2 45 0.217199 0.0816044 1
g2 2 37 g2 2 44 0.193291 0.0787732 1
g2 2 36 g2 2 39 0.188837 0.0732656 1
g2 2 39 g2 2 44 0.201982 0.0675561 1
g2 2 39 g2 2 39 0.200902 0.0572417 1
g2 2 41 g2 2 39 0.210437 0.0581594 1
g2 2 39 g2 2 39 0.200845 0.0957513 1
g2 2 41 g2 2 39 0.209383 0.0682864 1
g2 2 42 g2 2 44 0.214421 0.0697143 1
g2 2 47 g2 2 44 0.233323 0.129158 1
g2 2 31 g2 2 41 0.165607 0.117849 1
g2 2 42 g2 2 39 0.213539 0.06024 1
g2 2 84 g2 2 53 0.395736 0.158477 1
g2 2 41 g2 2 42 0.209683 0.0790936 1
g2 2 52 g2 2 44 0.254533 0.0678578 1
g2 2 52 g1 2 59 0.254935 0.213745 1
g2 2 40 g2 2 39 0.205916 0.0999793 1
g2 2 37 g2 2 44 0.193283 0.0734563 1
g2 2 45 g1 2 64 0.225316 0.115191 1
g2 2 41 g2 2 44 0.209547 0.0894141 1
g2 2 49 g1 2 52 0.241321 0.192012 1
g2 2 46 g2 2 53 0.230066 0.113792 1
g2 2 40 g2 2 56 0.205017 0.10944 1
g2 2 56 g2 2 53 0.271174 0.108505 1
g2 2 35 g2 2 39 0.186084 0.0852977 1
g2 2 40 g1 2 57 0.206161 0.290824 0
g2 2 58 g2 2 48 0.279977 0.156959 1
g2 2 29 g2 2 26 0.15712 0.130546 1
g2 2 26 g2 2 26 0.144467 0.124454 1
g2 2 28 g2 2 26 0.153279 0.0648465 1
g3 1 71 g3 1 117 0.336947 0.324805 0
g3 1 68 g3 1 84 0.324293 0.194898 1
g3 1 95 g3 1 81 0.441294 0.296964 1
g3 1 102 g3 1 73 0.475295 0.238218 1
g3 1 107 g1 2 57 0.495752 0.434995 0
g3 1 96 g3 1 73 0.44892 0.256818 1
g3 1 91 g3 1 72 0.424219 0.283774 1
g3 1 93 g3 1 82 0.434684 0.278866 0
g3 1 86 g3 1 87 0.401886 0.278667 0
g3 1 87 g3 1 92 0.404762 0.286612 0
g3 1 88 g3 1 106 0.411328 0.254138 0
g3 1 92 g3 1 81 0.429901 0.212962 1
g3 1 92 g3 1 86 0.430595 0.243562 0
g3 1 92 g3 1 127 0.431674 0.2154 1
g3 1 90 g3 1 78 0.420485 0.482702 0
g3 1 86 g3 1 74 0.403206 0.25076 0
g3 1 80 g3 1 81 0.377492 0.197892 1
g3 1 113 g1 2 49 0.523572 0.365086 0
g3 1 95 g3 1 120 0.442565 0.277557 0
g3 1 95 g3 1 85 0.443613 0.214709 1
g3 1 99 g3 1 91 0.459905 0.219722 1
g3 1 93 g3 1 114 0.43466 0.216527 1
g3 1 92 g3 1 82 0.429821 0.243935 0
g3 1 85 g3 1 73 0.397279 0.253225 0
g3 1 91 g3 1 81 0.424837 0.303278 0
g3 1 88 g3 1 77 0.409176 0.278852 0
g3 1 99 g3 1 112 0.45995 0.301397 1
g3 1 132 g3 1 84 0.605559 0.28222 0
g3 1 114 g1 2 67 0.525748 0.43458 0
g3 1 97 g3 1 80 0.450867 0.1944 1
g3 1 111 g3 1 120 0.514141 0.219216 1
g3 1 104 g3 1 82 0.480985 0.27285 0
g3 1 97 g3 1 78 0.451131 0.214257 1
g3 1 100 g3 1 85 0.464402 0.238382 1
g3 1 101 g3 1 91 0.469838 0.246652 1
g3 1 98 g3 1 83 0.456543 0.267061 1
g3 1 102 g3 1 61 0.473204 0.319308 0
g3 1 115 g3 1 140 0.53057 0.258955 1
g3 1 120 g3 1 140 0.554704 0.257891 0
g3 1 92 g3 1 84 0.430232 0.376797 0
g3 1 76 g3 1 68 0.35767 0.838181 0
g3 1 97 g3 1 85 0.450651 0.281636 0
g3 1 85 g3 1 79 0.397653 0.211361 1
g3 1 77 g3 1 80 0.362697 0.193194 1
g3 1 81 g3 1 81 0.378058 0.214477 1
g3 1 86 g3 1 91 0.400014 0.293181 0
g3 1 77 g3 1 77 0.361099 0.329231 0
g3 1 85 g3 1 84 0.396175 0.171705 1
g3 1 79 g3 1 74 0.371535 0.219266 1
g3 1 78 g3 1 91 0.366933 0.301789 0
g3 1 84 g3 1 91 0.391976 0.249773 0
g4 2 71 g4 2 59 0.335052 0.198089 1
g4 2 71 g4 2 82 0.335069 0.0673423 1
g4 2 86 g4 2 87 0.401557 0.162398 1
g4 2 85 g4 2 82 0.397309 0.163126 1
g4 2 80 g4 2 90 0.375403 0.119477 1
g4 2 81 g4 2 99 0.380117 0.14039 1
g4 2 100 g3 1 89 0.462088 0.25683 1
g4 2 81 g4 2 82 0.378809 0.161355 1
g4 2 95 g4 2 94 0.442004 0.151698 1
g4 2 93 g4 2 95 0.432214 0.166844 1
g4 2 89 g4 2 90 0.414754 0.134392 1
g4 2 94 g4 2 99 0.436058 0.112256 1
g4 2 102 g4 2 101 0.472819 0.0792638 1
g4 2 89 g4 2 60 0.414452 0.120179 1
g4 2 57 g4 2 63 0.275045 0.127509 1
g4 2 60 g4 2 57 0.28837 0.0727742 1
g4 2 57 g4 2 55 0.275172 0.0766083 1
g4 2 63 g4 2 66 0.300423 0.145464 1
g4 2 59 g4 2 64 0.28423 0.103054 1
g4 2 65 g4 2 66 0.310755 0.109011 1
g4 2 67 g4 2 78 0.318858 0.0844505 1
g4 2 69 g4 2 78 0.327839 0.0992722 1
g4 2 77 g4 2 95 0.360521 0.150197 1
g4 2 57 g4 2 62 0.274384 0.105125 1
g4 2 72 g4 2 67 0.340418 0.0918328 1
g4 2 72 g4 2 72 0.340087 0.048741 1
g4 2 80 g4 2 70 0.374372 0.0862969 1
g4 2 79 g4 2 83 0.370376 0.110199 1
g4 2 92 g4 2 62 0.427343 0.0941647 1
g4 2 90 g4 2 66 0.418472 0.104492 1
g4 2 59 g4 2 72 0.283818 0.0842472 1
g4 2 59 g4 2 63 0.284214 0.0951659 1
g4 2 63 g4 2 66 0.301181 0.0775823 1
g4 2 66 g4 2 66 0.314048 0.130808 1
g4 2 87 g4 2 66 0.405339 0.0984353 1
g4 2 82 g4 2 66 0.382851 0.18796 1
g4 2 89 g4 2 79 0.415141 0.146736 1
g4 2 64 g4 2 62 0.305524 0.0681309 1
g4 2 88 g4 2 79 0.410164 0.0983634 1
g4 2 100 g4 2 79 0.461534 0.107761 1
g4 2 80 g4 2 82 0.375485 0.0681987 1
g4 2 88 g4 2 62 0.409616 0.0951218 1
g5 2 84 g5 2 94 0.395318 0.0893176 1
g5 2 87 g5 2 85 0.406737 0.0767305 1
g5 2 85 g5 2 101 0.40008 0.103886 1
g5 2 82 g5 2 101 0.384787 0.114987 1
g5 2 69 g5 2 98 0.330961 0.161727 1
g5 2 81 g5 2 98 0.382596 0.0936171 1
g5 2 80 g4 2 65 0.376575 0.188285 1
g5 2 89 g5 2 98 0.417056 0.177105 1
g5 2 78 g5 2 100 0.367325 0.207032 1
g5 2 64 g5 2 62 0.308239 0.117299 1
g5 2 68 g5 2 68 0.323834 0.118591 1
g5 2 80 g5 2 68 0.377237 0.108626 1
g5 2 66 g5 2 82 0.315761 0.144768 1
g5 2 69 g4 2 60 0.327954 0.184751 1
g5 2 83 g5 2 100 0.38969 0.161175 1
g5 2 76 g5 2 68 0.358255 0.213618 1
g5 2 73 g5 2 100 0.345617 0.169501 1
g5 2 68 g5 2 68 0.323472 0.181356 1
g5 2 73 g5 2 100 0.346768 0.164501 1
g5 2 73 g4 2 59 0.346207 0.169759 1
g5 2 75 g5 2 99 0.354546 0.132945 1
g5 2 73 g4 2 59 0.345927 0.171532 1
g5 2 75 g4 2 70 0.353574 0.207991 1
g5 2 73 g5 2 98 0.344788 0.164006 1
g5 2 80 g5 2 98 0.377911 0.126513 1
g5 2 79 g5 2 106 0.373 0.15038 1
g5 2 76 g4 2 59 0.358643 0.143869 1
g5 2 75 g5 2 106 0.355002 0.162105 1
g5 2 77 g5 2 100 0.365684 0.211992 1
g5 2 78 g5 2 88 0.367922 0.138184 1
g5 2 73 g4 2 65 0.345608 0.188222 1
g5 2 76 g5 2 98 0.359301 0.126581 1
g5 2 71 g5 2 88 0.339232 0.124045 1
g5 2 75 g5 2 98 0.356758 0.138354 1
g5 2 76 g5 2 98 0.358614 0.141297 1
g5 2 83 g5 2 96 0.390214 0.0967482 1
g5 2 110 g5 2 100 0.508247 0.117647 1
g5 2 77 g5 2 96 0.364096 0.0859701 1
g5 2 92 g5 2 101 0.428857 0.0756917 1
g5 2 92 g5 2 96 0.432234 0.121381 1
g5 2 98 g5 2 115 0.457798 0.128892 1
g5 2 92 g5 2 115 0.433086 0.0887555 1
g5 2 91 g5 2 105 0.427743 0.0983107 1
g5 2 98 g5 2 100 0.457312 0.0919861 1
g5 2 92 g5 2 98 0.431978 0.0726379 1
g6 2 78 g6 2 74 0.365626 0.077136 1
g6 2 75 g6 2 74 0.351374 0.0886381 1
g6 2 81 g6 2 74 0.377826 0.0837195 1
g6 2 79 g6 2 65 0.368678 0.173163 1
g6 2 67 g6 2 74 0.318084 0.0672097 1
g6 2 66 g6 2 77 0.313494 0.118371 1
g6 2 71 g6 2 74 0.334425 0.0905135 1
g6 2 73 g6 2 74 0.343639 0.124847 1
g6 2 70 g6 2 74 0.331249 0.100268 1
g6 2 61 g6 2 74 0.292581 0.0983134 1
g6 2 76 g6 2 72 0.356779 0.148182 1
g6 2 82 g6 2 179 0.38225 0.0846512 1
g6 2 80 g6 2 79 0.373963 0.0637393 1
g6 2 59 g6 2 74 0.283344 0.114933 1
g6 2 70 g6 2 79 0.331089 0.159355 1
g6 2 79 g6 2 75 0.369953 0.0816378 1
g6 2 67 g6 2 74 0.317285 0.0919602 1
g6 2 84 g6 2 75 0.390587 0.0824738 1
g6 2 70 g6 2 74 0.330483 0.078759 1
g6 2 68 g6 2 74 0.322388 0.13811 1
g6 2 80 g6 2 74 0.374825 0.0903619 1
g6 2 115 g6 2 74 0.525135 0.146872 1
g6 2 74 g6 2 75 0.347329 0.0920368 1
g6 2 66 g6 2 75 0.313917 0.116205 1
g6 2 70 g6 2 74 0.33165 0.116409 1
g6 2 68 g6 2 86 0.322137 0.238989 0
g6 2 86 g6 2 74 0.40071 0.111651 1
g6 2 68 g6 2 74 0.322847 0.0831518 1
g6 2 68 g6 2 74 0.321399 0.0867334 1
g6 2 56 g6 2 64 0.271321 0.0932688 1
g6 2 61 g6 2 65 0.292557 0.0761259 1
g6 2 63 g6 2 65 0.301067 0.105697 1
g6 2 99 g6 2 94 0.457663 0.363459 0
g6 2 75 g1 2 48 0.354551 0.249492 1
g6 2 61 g6 2 62 0.292209 0.0327055 1
g6 2 63 g6 2 63 0.300596 0.0631527 1
g6 2 67 g6 2 63 0.317136 0.0575263 1
g6 2 64 g6 2 67 0.305463 0.0628013 1
g6 2 71 g6 2 70 0.334785 0.0709974 1
g6 2 76 g6 2 72 0.356674 0.0616879 1
g6 2 71 g6 2 86 0.334768 0.0880182 1
g7 1 73 g7 1 87 0.346965 0.276636 1
g7 1 65 g7 1 83 0.311261 0.214486 1
g7 1 71 g7 1 67 0.336388 0.282669 0
g7 1 73 g7 1 102 0.346181 0.151537 1
g7 1 78 g7 1 66 0.366644 0.281787 1
g7 1 82 g7 1 79 0.38424 0.25401 1
g7 1 66 g7 1 90 0.3159 0.298672 0
g7 1 72 g7 1 73 0.342129 0.124732 1
g7 1 52 g7 1 60 0.256084 0.216303 1
g7 1 63 g3 1 83 0.302567 0.402604 0
g7 1 67 g7 1 65 0.31977 0.217361 1
g7 1 72 g7 1 66 0.339967 0.16331 1
g7 1 69 g7 1 76 0.327156 0.217129 1
g7 1 65 g7 1 56 0.309425 0.176833 1
g7 1 56 g7 1 55 0.280824 0.21659 1
g7 1 64 g7 1 60 0.305307 0.174301 1
g7 1 63 g7 1 55 0.300978 0.15924 1
g7 1 58 g7 1 62 0.279889 0.214666 0
g7 1 60 g7 1 89 0.289338 0.286894 1
g7 1 61 g7 1 54 0.291999 0.15933 1
g7 1 61 g7 1 62 0.29261 0.197059 1
g7 1 54 g7 1 51 0.264818 0.0359619 1
g7 1 75 g1 2 31 0.352704 0.53179 0
g7 1 68 g7 1 69 0.322541 0.227333 1
g7 1 88 g7 1 54 0.409412 0.322597 0
g7 1 72 g7 1 94 0.340118 0.355519 0
g7 1 67 g2 2 44 0.319852 0.433152 0
g7 1 74 g7 1 73 0.347809 0.16219 1
g7 1 70 g1 2 31 0.3338 0.556157 0
g7 1 70 g3 1 130 0.331352 0.527425 0
g7 1 72 g7 1 69 0.372169 0.213426 1
g7 1 85 g7 1 93 0.397405 0.29699 0
g7 1 77 g7 1 88 0.361254 0.299224 0
g7 1 79 g7 1 67 0.379284 0.217459 1
g7 1 90 g7 1 66 0.41791 0.204742 1
g7 1 136 g7 1 88 0.623239 0.27874 1
g7 1 66 g7 1 75 0.314794 0.243244 1
g7 1 67 g7 1 97 0.319186 0.255224 1
g7 1 78 g7 1 97 0.367298 0.302307 0
g7 1 78 g7 1 75 0.366088 0.228199 1
g7 1 88 g7 1 79 0.410598 0.267728 1
g7 1 97 g7 1 91 0.450068 0.194254 1
g7 1 62 g7 1 67 0.297796 0.300008 0
g7 1 101 g7 1 77 0.468038 0.175766 1
g7 1 39 g7 1 67 0.200442 0.364027 0
g7 1 70 g7 1 100 0.332404 0.366034 0
g7 1 72 g7 1 66 0.343079 0.154061 1
g7 1 71 g7 1 60 0.335816 0.270987 1
g7 1 72 g7 1 73 0.340755 0.167195 1
g7 1 96 g7 1 79 0.447327 0.237295 1
g7 1 63 g7 1 57 0.301587 0.309275 1
g7 1 66 g7 1 65 0.313812 0.260375 1
g7 1 84 g7 1 89 0.391634 0.162851 1
g7 1 119 g7 1 91 0.552232 0.298056 1
g7 1 110 g7 1 103 0.509669 0.245831 1
g7 1 105 g7 1 72 0.485861 0.384197 0
g7 1 104 g7 1 103 0.482346 0.22302 0
g7 1 91 g7 1 71 0.422474 0.238911 1
g7 1 99 g7 1 94 0.460531 0.159631 1
g7 1 83 g7 1 93 0.388331 0.211386 1
g7 1 92 g7 1 94 0.429931 0.157546 1
g7 1 88 g7 1 91 0.410285 0.186825 1
g7 1 93 g7 1 94 0.434833 0.166665 1
