g1 2 22 g6 2 30 0.065866 0.169768 1
g1 2 21 g6 2 32 0.064182 0.182766 1
g1 2 25 g6 2 23 0.072768 0.142628 1
g1 2 40 g1 2 22 0.113688 0.122917 1
g1 2 31 g2 2 15 0.086677 0.192795 1
g1 2 27 g1 2 23 0.076434 0.153719 1
g1 2 29 g1 2 26 0.081486 0.127131 1
g1 2 18 g1 2 25 0.057806 0.11378 1
g1 2 22 g1 2 25 0.066195 0.13298 1
g1 2 26 g1 2 23 0.074455 0.159024 1
g1 2 19 g1 2 20 0.060037 0.140108 1
g1 2 24 g1 2 20 0.070557 0.1084 1
g1 2 23 g1 2 23 0.068325 0.0709912 1
g1 2 23 g1 2 23 0.068081 0.124063 1
g1 2 26 g1 2 26 0.074509 0.0804248 1
g1 2 52 g6 2 36 0.128123 0.200435 1
g1 2 24 g1 2 20 0.070066 0.0998263 1
g1 2 35 g6 2 34 0.095789 0.203915 1
g1 2 18 g6 2 29 0.057774 0.130181 1
g1 2 22 g6 2 32 0.066583 0.189666 1
g1 2 19 g6 2 30 0.060216 0.141693 1
g1 2 26 g6 2 28 0.07437 0.162342 1
g1 2 20 g2 2 15 0.061972 0.191332 1
g1 2 22 g1 2 17 0.066179 0.0826369 1
g1 2 21 g1 2 18 0.063574 0.0905276 1
g1 2 30 g1 2 27 0.082753 0.133558 1
g1 2 28 g1 2 24 0.078733 0.151798 1
g1 2 37 g1 2 24 0.099296 0.252167 0
g1 2 27 g1 2 22 0.076316 0.202364 1
g1 2 27 g1 2 35 0.076192 0.106825 1
g1 2 21 g1 2 23 0.064273 0.0890126 1
g1 2 21 g1 2 22 0.064178 0.16291 1
g1 2 17 g1 2 24 0.056108 0.0803424 1
g1 2 26 g1 2 23 0.07412 0.224511 0
g1 2 21 g1 2 27 0.065107 0.239584 0
g1 2 22 g1 2 22 0.065821 0.156561 1
g1 2 28 g1 2 22 0.078597 0.164012 1
g1 2 22 g1 2 22 0.065966 0.158704 1
g1 2 20 g1 2 21 0.061736 0.163986 1
g1 2 21 g1 2 22 0.064754 0.127 1
g1 2 24 g1 2 24 0.07121 0.157281 1
g1 2 26 g1 2 26 0.074364 0.208272 1
g1 2 21 g1 2 23 0.064116 0.184014 1
g1 2 22 g1 2 22 0.066362 0.171721 1
g1 2 26 g1 2 22 0.074224 0.166915 1
g1 2 19 g1 2 26 0.060146 0.235 0
g1 2 24 g6 2 34 0.07025 0.18875 1
g1 2 26 g6 2 32 0.074235 0.197104 1
g1 2 20 g6 2 35 0.062205 0.172626 1
g1 2 25 g6 2 37 0.073021 0.129048 1
g1 2 35 g2 2 15 0.096417 0.221742 1
g1 2 23 g6 2 23 0.068266 0.151302 1
g1 2 31 g2 2 15 0.085312 0.17079 1
g1 2 20 g1 2 16 0.061916 0.074766 1
g1 2 18 g1 2 16 0.057692 0.0666175 1
g1 2 14 g1 2 16 0.05001 0.097091 1
g1 2 14 g1 2 14 0.050017 0.0732514 1
g1 2 15 g1 2 15 0.052228 0.0769861 1
g1 2 15 g1 2 15 0.052048 0.0601426 1
g1 2 17 g1 2 16 0.05577 0.0660645 1
g1 2 14 g1 2 15 0.05009 0.111548 1
g2 2 13 g2 2 12 0.04859 0.104895 1
g2 2 13 g2 2 12 0.048521 0.100152 1
g2 2 15 g2 2 15 0.052184 0.181384 1
g2 2 12 g2 2 12 0.046082 0.149102 1
g2 2 13 g2 2 12 0.048829 0.151942 1
g2 2 11 g2 2 15 0.043198 0.165786 1
g2 2 12 g2 2 12 0.046422 0.125499 1
g2 2 13 g2 2 12 0.048587 0.10506 1
g2 2 13 g2 2 12 0.048595 0.16345 1
g2 2 27 g2 2 24 0.07685 0.131999 1
g2 2 14 g2 2 12 0.050043 0.107382 1
g2 2 13 g2 2 12 0.048452 0.106109 1
g2 2 13 g2 2 12 0.048824 0.120002 1
g2 2 14 g2 2 12 0.050187 0.127057 1
g2 2 14 g2 2 12 0.050887 0.180586 1
g2 2 13 g2 2 12 0.048648 0.142003 1
g2 2 10 g2 2 15 0.041964 0.257722 0
g2 2 13 g2 2 12 0.048636 0.0980197 1
g2 2 14 g2 2 12 0.050283 0.105194 1
g2 2 13 g2 2 12 0.048453 0.161468 1
g2 2 14 g2 2 12 0.050416 0.143054 1
g2 2 14 g2 2 12 0.050292 0.214652 1
g2 2 12 g2 2 12 0.046048 0.142436 1
g2 2 15 g2 2 12 0.052174 0.101405 1
g2 2 16 g2 2 15 0.054012 0.171857 1
g2 2 13 g2 2 12 0.048364 0.160181 1
g2 2 13 g2 2 15 0.048671 0.242999 0
g2 2 14 g2 2 12 0.05119 0.163168 1
g2 2 16 g2 2 12 0.05464 0.134649 1
g2 2 29 g2 2 26 0.081472 0.119545 1
g2 2 26 g2 2 25 0.075045 0.152066 1
g2 2 27 g2 2 24 0.077532 0.135915 1
g2 2 23 g1 2 21 0.068849 0.27101 0
g2 2 18 g2 2 20 0.058081 0.108109 1
g2 2 20 g2 2 19 0.062014 0.111781 1
g2 2 30 g2 2 27 0.085414 0.124809 1
g2 2 21 g2 2 22 0.0644 0.0915402 1
g2 2 18 g2 2 21 0.05794 0.09341 1
g2 2 17 g2 2 19 0.055976 0.0936848 1
g2 2 19 g2 2 19 0.058819 0.0877324 1
g2 2 18 g2 2 19 0.059558 0.0914348 1
g2 2 19 g2 2 19 0.060483 0.0712885 1
g2 2 17 g2 2 19 0.058056 0.114198 1
g2 2 20 g2 2 19 0.062097 0.073588 1
g2 2 20 g2 2 19 0.062056 0.0967156 1
g2 2 23 g2 2 21 0.067804 0.144163 1
g2 2 15 g2 2 20 0.052365 0.130696 1
g2 2 20 g2 2 19 0.061874 0.0832217 1
g2 2 40 g2 2 26 0.107538 0.163425 1
g2 2 20 g2 2 20 0.061788 0.0960384 1
g2 2 25 g2 2 21 0.072341 0.0813563 1
g2 2 25 g1 2 29 0.072332 0.220425 1
g2 2 19 g2 2 19 0.059782 0.112486 1
g2 2 17 g2 2 21 0.058827 0.097333 1
g2 2 22 g1 2 31 0.065706 0.122122 1
g2 2 20 g2 2 21 0.062104 0.107351 1
g2 2 24 g1 2 25 0.069583 0.197976 1
g2 2 22 g2 2 26 0.067016 0.120047 1
g2 2 19 g2 2 27 0.060245 0.119208 1
g2 2 27 g2 2 26 0.076781 0.118647 1
g2 2 17 g2 2 19 0.056244 0.100057 1
g2 2 19 g1 2 28 0.060083 0.292518 0
g2 2 28 g2 2 23 0.078754 0.166886 1
g2 2 14 g2 2 12 0.050472 0.14921 1
g2 2 12 g2 2 12 0.045996 0.119037 1
g2 2 13 g2 2 12 0.048942 0.0842657 1
g3 1 34 g3 1 44 0.095419 0.317284 0
g3 1 33 g3 1 46 0.09238 0.219336 1
g3 1 47 g3 1 40 0.122998 0.300735 0
g3 1 50 g3 1 38 0.130922 0.292126 0
g3 1 53 g1 2 28 0.135102 0.394027 0
g3 1 47 g3 1 35 0.125231 0.254261 1
g3 1 45 g3 1 35 0.118634 0.283474 0
g3 1 45 g3 1 39 0.120334 0.271269 0
g3 1 42 g3 1 62 0.112964 0.270819 0
g3 1 41 g3 1 44 0.11247 0.289394 0
g3 1 42 g3 1 55 0.112473 0.278039 0
g3 1 45 g3 1 46 0.118541 0.244614 0
g3 1 44 g3 1 41 0.116637 0.235877 0
g3 1 45 g3 1 58 0.120027 0.252537 0
g3 1 42 g3 1 38 0.112924 0.493665 0
g3 1 42 g3 1 40 0.112486 0.203043 1
g3 1 39 g3 1 40 0.106222 0.203044 0
g3 1 54 g1 2 24 0.14378 0.362888 0
g3 1 46 g3 1 39 0.121037 0.241867 0
g3 1 46 g3 1 40 0.12227 0.209648 1
g3 1 48 g3 1 45 0.127332 0.216754 1
g3 1 46 g3 1 55 0.123733 0.223339 1
g3 1 44 g3 1 39 0.1175 0.239907 0
g3 1 41 g3 1 35 0.111679 0.247535 0
g3 1 45 g3 1 40 0.119791 0.311268 0
g3 1 42 g3 1 36 0.112072 0.292783 0
g3 1 48 g3 1 55 0.127611 0.300204 0
g3 1 64 g3 1 40 0.16311 0.285783 0
g3 1 56 g3 1 36 0.146033 0.289882 0
g3 1 48 g3 1 37 0.126126 0.198829 1
g3 1 55 g3 1 58 0.142464 0.224211 0
g3 1 51 g3 1 39 0.133291 0.271578 0
g3 1 47 g3 1 38 0.124069 0.215558 1
g3 1 49 g3 1 40 0.129533 0.234342 0
g3 1 50 g3 1 45 0.130469 0.252466 0
g3 1 48 g3 1 57 0.126358 0.27381 0
g3 1 49 g3 1 30 0.129763 0.323088 0
g3 1 57 g3 1 67 0.145777 0.266969 0
g3 1 59 g3 1 67 0.149665 0.253434 0
g3 1 44 g3 1 41 0.117923 0.369473 0
g3 1 26 g3 1 45 0.087584 0.815193 0
g3 1 47 g3 1 42 0.125466 0.286109 0
g3 1 40 g3 1 37 0.109132 0.220951 0
g3 1 38 g3 1 39 0.102498 0.198995 0
g3 1 40 g3 1 40 0.106153 0.222099 0
g3 1 42 g3 1 45 0.111268 0.299045 0
g3 1 37 g3 1 36 0.100561 0.333865 0
g3 1 41 g3 1 40 0.111193 0.166086 1
g3 1 38 g3 1 35 0.104653 0.213044 0
g3 1 37 g3 1 45 0.102261 0.298428 0
g3 1 41 g3 1 45 0.110038 0.255173 0
g4 2 35 g4 2 29 0.095545 0.200981 1
g4 2 35 g4 2 40 0.095787 0.074868 1
g4 2 42 g4 2 43 0.112248 0.165537 1
g4 2 42 g4 2 40 0.112001 0.165293 1
g4 2 39 g4 2 44 0.105206 0.123519 1
g4 2 40 g4 2 49 0.107983 0.144795 1
g4 2 48 g3 1 42 0.127484 0.263518 0
g4 2 40 g4 2 40 0.107721 0.163291 1
g4 2 47 g4 2 46 0.124622 0.155578 1
g4 2 45 g4 2 47 0.119344 0.164294 1
g4 2 44 g4 2 44 0.116373 0.139688 1
g4 2 46 g4 2 49 0.121455 0.115756 1
g4 2 50 g4 2 49 0.132363 0.0830325 1
g4 2 43 g4 2 29 0.114764 0.121298 1
g4 2 28 g4 2 31 0.078113 0.135106 1
g4 2 29 g4 2 28 0.080626 0.0741795 1
g4 2 28 g4 2 27 0.078552 0.0812595 1
g4 2 31 g4 2 32 0.085332 0.148538 1
g4 2 29 g4 2 31 0.080908 0.10039 1
g4 2 32 g4 2 32 0.088508 0.113248 1
g4 2 33 g4 2 38 0.092353 0.0895119 1
g4 2 34 g4 2 30 0.093502 0.105078 1
g4 2 38 g4 2 46 0.102407 0.154445 1
g4 2 28 g4 2 30 0.078355 0.111214 1
g4 2 35 g4 2 33 0.096136 0.0928454 1
g4 2 35 g4 2 35 0.096302 0.054118 1
g4 2 39 g4 2 34 0.104666 0.0895005 1
g4 2 39 g4 2 41 0.104777 0.110703 1
g4 2 44 g4 2 30 0.115658 0.100345 1
g4 2 44 g4 2 32 0.116675 0.109677 1
g4 2 29 g4 2 35 0.08136 0.0896642 1
g4 2 29 g4 2 31 0.081146 0.0966102 1
g4 2 31 g4 2 32 0.085892 0.0844094 1
g4 2 32 g4 2 32 0.08917 0.129553 1
g4 2 43 g4 2 32 0.114005 0.104682 1
g4 2 40 g4 2 32 0.107622 0.189227 1
g4 2 44 g4 2 39 0.116362 0.150614 1
g4 2 31 g4 2 30 0.085704 0.0719758 1
g4 2 43 g4 2 39 0.1164 0.100572 1
g4 2 48 g4 2 39 0.12647 0.11545 1
g4 2 39 g4 2 40 0.105849 0.0739062 1
g4 2 43 g4 2 30 0.113762 0.099075 1
g5 2 41 g5 2 48 0.111418 0.0936454 1
g5 2 43 g5 2 42 0.114849 0.0802734 1
g5 2 42 g5 2 50 0.114067 0.110121 1
g5 2 40 g5 2 50 0.108073 0.126498 1
g5 2 34 g5 2 48 0.094674 0.167191 1
g5 2 40 g5 2 48 0.109183 0.10047 1
g5 2 39 g4 2 32 0.105832 0.19223 1
g5 2 44 g5 2 48 0.117834 0.179595 1
g5 2 38 g5 2 49 0.103564 0.208098 1
g5 2 31 g5 2 30 0.08651 0.119656 1
g5 2 33 g5 2 33 0.092252 0.123368 1
g5 2 39 g5 2 33 0.105545 0.114927 1
g5 2 32 g5 2 40 0.08925 0.147538 1
g5 2 34 g4 2 29 0.094099 0.192093 1
g5 2 41 g5 2 49 0.110858 0.168088 1
g5 2 37 g5 2 33 0.100779 0.206707 1
g5 2 36 g5 2 49 0.098798 0.176142 1
g5 2 33 g5 2 33 0.091852 0.183825 1
g5 2 36 g5 2 49 0.099329 0.169152 1
g5 2 36 g4 2 29 0.098864 0.176426 1
g5 2 37 g5 2 49 0.101389 0.142442 1
g5 2 36 g4 2 29 0.098686 0.174111 1
g5 2 37 g4 2 29 0.101402 0.209175 1
g5 2 36 g5 2 48 0.098714 0.172507 1
g5 2 39 g5 2 48 0.106326 0.13397 1
g5 2 39 g5 2 52 0.105977 0.154602 1
g5 2 37 g4 2 29 0.101416 0.149926 1
g5 2 37 g5 2 52 0.101893 0.168346 1
g5 2 38 g5 2 49 0.103289 0.216505 1
g5 2 38 g5 2 48 0.103968 0.163797 1
g5 2 36 g4 2 32 0.098668 0.192569 1
g5 2 37 g5 2 48 0.10166 0.131962 1
g5 2 35 g5 2 47 0.097035 0.142198 1
g5 2 37 g5 2 48 0.102256 0.14226 1
g5 2 37 g5 2 47 0.101234 0.144625 1
g5 2 41 g5 2 47 0.110777 0.101672 1
g5 2 53 g5 2 49 0.13812 0.12125 1
g5 2 38 g5 2 47 0.104209 0.0936596 1
g5 2 45 g5 2 50 0.119204 0.0808529 1
g5 2 45 g5 2 47 0.121217 0.120769 1
g5 2 48 g5 2 57 0.127787 0.133671 1
g5 2 45 g5 2 57 0.121126 0.0969753 1
g5 2 45 g5 2 52 0.12094 0.102699 1
g5 2 48 g5 2 49 0.127754 0.0952967 1
g5 2 45 g5 2 50 0.120395 0.0759647 1
g6 2 38 g6 2 36 0.102031 0.0832649 1
g6 2 37 g6 2 36 0.10002 0.0919877 1
g6 2 40 g6 2 32 0.106035 0.104036 1
g6 2 39 g6 2 32 0.104192 0.177701 1
g6 2 33 g6 2 36 0.091611 0.0739164 1
g6 2 32 g6 2 38 0.088653 0.121687 1
g6 2 35 g6 2 36 0.095909 0.0944504 1
g6 2 36 g6 2 36 0.097829 0.131658 1
g6 2 34 g6 2 36 0.092832 0.102656 1
g6 2 30 g6 2 36 0.082975 0.105279 1
g6 2 37 g6 2 35 0.100838 0.14888 1
g6 2 40 g6 2 57 0.106784 0.0781961 1
g6 2 39 g6 2 39 0.104555 0.0718683 1
g6 2 29 g6 2 36 0.08097 0.12352 1
g6 2 34 g6 2 39 0.093608 0.164024 1
g6 2 39 g6 2 37 0.104878 0.0867312 1
g6 2 33 g6 2 36 0.091527 0.0986273 1
g6 2 41 g6 2 37 0.109027 0.0893568 1
g6 2 34 g6 2 36 0.093194 0.0844872 1
g6 2 33 g6 2 36 0.091197 0.141988 1
g6 2 39 g6 2 36 0.104321 0.0943078 1
g6 2 54 g6 2 36 0.138776 0.153552 1
g6 2 36 g6 2 37 0.099871 0.100885 1
g6 2 32 g6 2 37 0.088192 0.123474 1
g6 2 34 g6 2 36 0.093333 0.119653 1
g6 2 33 g6 2 32 0.091186 0.235521 0
g6 2 42 g6 2 36 0.111617 0.113696 1
g6 2 33 g6 2 36 0.091998 0.0889257 1
g6 2 33 g6 2 36 0.091021 0.0953035 1
g6 2 27 g6 2 31 0.076357 0.105149 1
g6 2 30 g6 2 32 0.082794 0.0827278 1
g6 2 31 g6 2 32 0.0855 0.112569 1
g6 2 49 g6 2 45 0.1282 0.369142 0
g6 2 37 g1 2 27 0.100378 0.24954 1
g6 2 30 g6 2 31 0.082932 0.0481761 1
g6 2 31 g6 2 33 0.085463 0.0835578 1
g6 2 33 g6 2 33 0.090924 0.0749726 1
g6 2 31 g6 2 33 0.08561 0.0741513 1
g6 2 35 g6 2 34 0.095271 0.0786984 1
g6 2 37 g6 2 35 0.100048 0.0650936 1
g6 2 35 g6 2 42 0.095653 0.094644 1
g7 1 35 g7 1 42 0.09852 0.274072 1
g7 1 32 g7 1 40 0.089391 0.213871 1
g7 1 35 g7 1 37 0.096181 0.314541 0
g7 1 36 g7 1 50 0.100646 0.156651 1
g7 1 38 g7 1 32 0.102907 0.283299 1
g7 1 39 g7 1 50 0.106741 0.199292 1
g7 1 32 g7 1 39 0.08902 0.269915 0
g7 1 33 g7 1 34 0.094591 0.128595 1
g7 1 25 g7 1 29 0.072526 0.23025 1
g7 1 30 g3 1 38 0.085195 0.404612 0
g7 1 32 g7 1 31 0.090018 0.224395 0
g7 1 34 g7 1 32 0.09505 0.163102 1
g7 1 34 g7 1 37 0.093151 0.212897 1
g7 1 32 g7 1 27 0.086895 0.175722 1
g7 1 27 g7 1 27 0.076438 0.223942 1
g7 1 31 g7 1 29 0.085673 0.174304 1
g7 1 31 g7 1 26 0.085722 0.169538 1
g7 1 28 g7 1 30 0.078685 0.216126 0
g7 1 29 g7 1 27 0.080675 0.234621 0
g7 1 29 g7 1 26 0.083111 0.163887 1
g7 1 29 g7 1 30 0.082578 0.201632 0
g7 1 25 g7 1 25 0.074123 0.0634586 1
g7 1 37 g1 2 15 0.100363 0.530052 0
g7 1 33 g7 1 33 0.090984 0.236254 1
g7 1 43 g7 1 26 0.114252 0.325197 0
g7 1 35 g7 1 46 0.094985 0.348845 0
g7 1 32 g2 2 21 0.088209 0.420181 0
g7 1 36 g7 1 35 0.098299 0.16725 1
g7 1 33 g1 2 15 0.092911 0.551134 0
g7 1 34 g7 1 36 0.092674 0.358404 0
g7 1 34 g7 1 34 0.093703 0.230783 0
g7 1 42 g7 1 45 0.111738 0.299935 0
g7 1 37 g7 1 41 0.101269 0.295442 0
g7 1 38 g7 1 33 0.104021 0.215944 1
g7 1 44 g7 1 31 0.116896 0.208828 1
g7 1 66 g7 1 41 0.161194 0.282145 0
g7 1 32 g7 1 37 0.088883 0.24747 0
g7 1 33 g7 1 48 0.090537 0.259356 0
g7 1 37 g7 1 41 0.102162 0.258088 0
g7 1 38 g7 1 37 0.103283 0.234551 1
g7 1 43 g7 1 39 0.115038 0.261738 1
g7 1 46 g7 1 43 0.123869 0.186543 1
g7 1 30 g7 1 31 0.083681 0.263501 0
g7 1 48 g7 1 38 0.127767 0.179544 1
g7 1 19 g7 1 34 0.059744 0.362941 0
g7 1 33 g7 1 49 0.093603 0.362298 0
g7 1 34 g7 1 32 0.095771 0.154278 1
g7 1 34 g7 1 29 0.095005 0.281279 0
g7 1 35 g7 1 29 0.096141 0.218815 1
g7 1 47 g7 1 39 0.124574 0.239458 1
g7 1 31 g7 1 27 0.085738 0.320248 0
g7 1 31 g7 1 31 0.087265 0.258225 1
g7 1 40 g7 1 43 0.10905 0.168175 1
g7 1 59 g7 1 43 0.154051 0.298299 0
g7 1 54 g7 1 50 0.14148 0.245747 1
g7 1 52 g7 1 35 0.136516 0.381369 0
g7 1 51 g7 1 50 0.134129 0.22973 0
g7 1 33 g7 1 33 0.104281 0.226786 1
g7 1 49 g7 1 46 0.129315 0.164696 1
g7 1 41 g7 1 45 0.110015 0.208928 1
g7 1 45 g7 1 46 0.118534 0.158187 1
g7 1 43 g7 1 43 0.115421 0.191376 1
g7 1 45 g7 1 46 0.120935 0.173496 1
