g1 2 24 g6 2 32 0.073737 0.177839 1
g1 2 23 g6 2 34 0.071698 0.194286 1
g1 2 27 g6 2 25 0.081623 0.156739 1
g1 2 42 g1 2 24 0.126581 0.124555 1
g1 2 33 g2 2 17 0.096164 0.186512 1
g1 2 29 g1 2 25 0.08527 0.155493 1
g1 2 31 g1 2 28 0.090445 0.130339 1
g1 2 20 g1 2 27 0.065157 0.114469 1
g1 2 24 g1 2 33 0.074235 0.163801 1
g1 2 28 g1 2 25 0.082623 0.160279 1
g1 2 21 g1 2 22 0.067257 0.138157 1
g1 2 26 g1 2 22 0.077779 0.114392 1
g1 2 25 g1 2 25 0.075911 0.0740715 1
g1 2 25 g1 2 25 0.076344 0.125773 1
g1 2 28 g1 2 25 0.083085 0.0863041 1
g1 2 54 g6 2 38 0.137389 0.204242 1
g1 2 26 g1 2 22 0.077868 0.0966976 1
g1 2 37 g6 2 36 0.104763 0.215399 1
g1 2 20 g6 2 31 0.065188 0.133138 1
g1 2 24 g6 2 34 0.076302 0.19971 1
g1 2 21 g6 2 32 0.068858 0.148979 1
g1 2 28 g6 2 30 0.082559 0.172967 1
g1 2 22 g2 2 17 0.070056 0.191713 1
g1 2 24 g1 2 19 0.073798 0.0886496 1
g1 2 23 g1 2 20 0.071499 0.0959363 1
g1 2 32 g1 2 29 0.092707 0.134286 1
g1 2 30 g1 2 26 0.087483 0.147948 1
g1 2 39 g1 2 26 0.108495 0.258994 1
g1 2 29 g1 2 24 0.08502 0.203157 1
g1 2 29 g1 2 37 0.084815 0.106014 1
g1 2 23 g1 2 25 0.071499 0.0902134 1
g1 2 23 g1 2 24 0.071525 0.174544 1
g1 2 19 g1 2 26 0.063072 0.0834176 1
g1 2 28 g1 2 28 0.082542 0.210743 1
g1 2 23 g1 2 29 0.071961 0.235269 1
g1 2 24 g1 2 24 0.073483 0.163654 1
g1 2 30 g1 2 24 0.08683 0.169157 1
g1 2 24 g1 2 26 0.073207 0.146512 1
g1 2 22 g1 2 23 0.069498 0.159734 1
g1 2 23 g1 2 24 0.072093 0.134771 1
g1 2 26 g1 2 26 0.078456 0.155951 1
g1 2 28 g1 2 28 0.082845 0.190776 1
g1 2 23 g1 2 25 0.071814 0.184149 1
g1 2 24 g1 2 24 0.074255 0.182284 1
g1 2 28 g1 2 24 0.082682 0.184123 1
g1 2 21 g1 2 28 0.067381 0.251477 1
g1 2 26 g6 2 36 0.078147 0.200737 1
g1 2 28 g6 2 34 0.082488 0.212294 1
g1 2 22 g6 2 37 0.069945 0.185805 1
g1 2 27 g6 2 34 0.080367 0.13539 1
g1 2 37 g2 2 17 0.105566 0.213727 1
g1 2 25 g6 2 25 0.076502 0.165599 1
g1 2 33 g2 2 17 0.095213 0.175089 1
g1 2 22 g1 2 18 0.069592 0.0769956 1
g1 2 20 g1 2 18 0.064939 0.0699969 1
g1 2 16 g1 2 17 0.057153 0.0972281 1
g1 2 16 g1 2 16 0.056921 0.0740709 1
g1 2 17 g1 2 17 0.059074 0.0754636 1
g1 2 17 g1 2 17 0.05868 0.060393 1
g1 2 19 g1 2 18 0.062869 0.0681503 1
g1 2 16 g1 2 17 0.057583 0.103612 1
g2 2 15 g2 2 14 0.054599 0.102294 1
g2 2 15 g2 2 14 0.055047 0.102069 1
g2 2 17 g2 2 17 0.059015 0.180842 1
g2 2 14 g2 2 14 0.053401 0.155019 1
g2 2 15 g2 2 14 0.054838 0.154699 1
g2 2 13 g2 2 17 0.051238 0.163711 1
g2 2 14 g2 2 14 0.053156 0.138865 1
g2 2 15 g2 2 14 0.055363 0.109654 1
g2 2 15 g2 2 14 0.055159 0.179041 1
g2 2 29 g2 2 26 0.085319 0.13883 1
g2 2 16 g2 2 14 0.057074 0.109136 1
g2 2 15 g2 2 14 0.054615 0.0998811 1
g2 2 15 g2 2 14 0.054879 0.119302 1
g2 2 16 g2 2 14 0.057182 0.119978 1
g2 2 16 g2 2 14 0.056942 0.173492 1
g2 2 15 g2 2 14 0.055247 0.139512 1
g2 2 12 g2 2 17 0.048873 0.266786 1
g2 2 15 g2 2 14 0.05511 0.0909069 1
g2 2 16 g2 2 14 0.057013 0.0997465 1
g2 2 15 g2 2 14 0.054852 0.15704 1
g2 2 16 g2 2 14 0.057235 0.136554 1
g2 2 16 g2 2 14 0.057155 0.213739 1
g2 2 14 g2 2 14 0.052824 0.149036 1
g2 2 17 g2 2 14 0.058938 0.104702 1
g2 2 18 g2 2 17 0.061206 0.171124 1
g2 2 15 g2 2 14 0.054949 0.174244 1
g2 2 15 g2 2 17 0.054749 0.234601 1
g2 2 16 g2 2 14 0.057235 0.175422 1
g2 2 18 g2 2 14 0.061077 0.137632 1
g2 2 31 g2 2 28 0.089917 0.125996 1
g2 2 28 g2 2 27 0.082792 0.154531 1
g2 2 29 g2 2 26 0.085932 0.13868 1
g2 2 25 g2 2 26 0.076528 0.145046 1
g2 2 20 g2 2 21 0.065415 0.14081 1
g2 2 22 g2 2 21 0.069306 0.116275 1
g2 2 32 g2 2 29 0.094676 0.128344 1
g2 2 23 g2 2 24 0.071763 0.0911216 1
g2 2 20 g2 2 21 0.066116 0.0914759 1
g2 2 19 g2 2 21 0.063275 0.090553 1
g2 2 21 g2 2 23 0.066229 0.0802652 1
g2 2 20 g2 2 21 0.06679 0.0893105 1
g2 2 21 g2 2 21 0.067317 0.0697141 1
g2 2 19 g2 2 21 0.06473 0.111094 1
g2 2 22 g2 2 21 0.069186 0.0768108 1
g2 2 22 g2 2 21 0.06971 0.0935556 1
g2 2 25 g2 2 23 0.076222 0.151366 1
g2 2 17 g2 2 24 0.059882 0.136608 1
g2 2 22 g2 2 21 0.069948 0.0832263 1
g2 2 42 g2 2 28 0.11741 0.160527 1
g2 2 22 g2 2 22 0.069351 0.0972297 1
g2 2 27 g2 2 23 0.080252 0.0794278 1
g2 2 27 g1 2 31 0.080344 0.219084 1
g2 2 21 g2 2 21 0.067429 0.114951 1
g2 2 19 g2 2 21 0.065043 0.0968977 1
g2 2 24 g1 2 33 0.073698 0.126282 1
g2 2 22 g2 2 21 0.069464 0.112032 1
g2 2 26 g1 2 27 0.077377 0.201474 1
g2 2 24 g2 2 28 0.074117 0.127158 1
g2 2 21 g2 2 29 0.067468 0.124674 1
g2 2 29 g2 2 28 0.085282 0.115389 1
g2 2 19 g2 2 21 0.06312 0.102121 1
g2 2 21 g1 2 33 0.067167 0.311734 1
g2 2 30 g2 2 25 0.087453 0.163577 1
g2 2 16 g2 2 14 0.057159 0.148281 1
g2 2 14 g2 2 14 0.052768 0.130207 1
g2 2 15 g2 2 14 0.055241 0.0822884 1
g3 1 36 g3 1 46 0.104711 0.332445 1
g3 1 35 g3 1 43 0.101707 0.221407 1
g3 1 49 g3 1 42 0.133709 0.300641 1
g3 1 52 g3 1 37 0.142264 0.246244 1
g3 1 55 g1 2 30 0.146167 0.418895 1
g3 1 49 g3 1 37 0.135451 0.259543 1
g3 1 47 g3 1 42 0.12972 0.382585 1
g3 1 47 g3 1 41 0.130653 0.282248 1
g3 1 44 g3 1 45 0.123603 0.289176 1
g3 1 43 g3 1 46 0.122343 0.297155 1
g3 1 44 g3 1 57 0.122906 0.280456 1
g3 1 47 g3 1 46 0.129217 0.231488 1
g3 1 46 g3 1 43 0.126871 0.244426 1
g3 1 47 g3 1 64 0.13042 0.222005 1
g3 1 44 g3 1 47 0.12403 0.509912 0
g3 1 44 g3 1 40 0.122492 0.258925 1
g3 1 41 g3 1 42 0.116393 0.20938 1
g3 1 56 g1 2 26 0.155591 0.384839 1
g3 1 48 g3 1 41 0.132529 0.250921 1
g3 1 48 g3 1 42 0.133271 0.221797 1
g3 1 50 g3 1 47 0.137488 0.226461 1
g3 1 48 g3 1 57 0.133626 0.223474 1
g3 1 46 g3 1 41 0.127861 0.251364 1
g3 1 43 g3 1 37 0.121898 0.252658 1
g3 1 47 g3 1 42 0.131008 0.316269 1
g3 1 44 g3 1 38 0.1222 0.286164 1
g3 1 50 g3 1 53 0.137976 0.323461 1
g3 1 66 g3 1 42 0.175959 0.284546 1
g3 1 58 g1 2 35 0.157887 0.443586 1
g3 1 50 g3 1 39 0.136169 0.201097 1
g3 1 57 g3 1 60 0.154507 0.227756 1
g3 1 53 g3 1 41 0.144998 0.280176 1
g3 1 49 g3 1 40 0.135165 0.220275 1
g3 1 51 g3 1 42 0.140407 0.246952 1
g3 1 52 g3 1 47 0.141325 0.262663 1
g3 1 50 g3 1 59 0.136895 0.273023 1
g3 1 51 g3 1 32 0.140643 0.325366 1
g3 1 59 g3 1 69 0.157262 0.265281 1
g3 1 61 g3 1 69 0.162066 0.26054 1
g3 1 46 g3 1 43 0.128423 0.385156 1
g3 1 28 g3 1 47 0.096775 0.823018 0
g3 1 49 g3 1 44 0.136325 0.299366 1
g3 1 42 g3 1 40 0.118925 0.212053 1
g3 1 40 g3 1 41 0.111382 0.207229 1
g3 1 42 g3 1 42 0.115663 0.229532 1
g3 1 44 g3 1 47 0.120966 0.308689 1
g3 1 39 g3 1 38 0.109889 0.342506 1
g3 1 43 g3 1 42 0.121554 0.173607 1
g3 1 40 g3 1 37 0.113624 0.222603 1
g3 1 39 g3 1 47 0.111691 0.313106 1
g3 1 43 g3 1 47 0.119618 0.257062 1
g4 2 37 g4 2 31 0.105028 0.213731 1
g4 2 37 g4 2 42 0.105579 0.0770925 1
g4 2 44 g4 2 45 0.12279 0.166975 1
g4 2 44 g4 2 42 0.122657 0.168401 1
g4 2 41 g4 2 46 0.115127 0.126542 1
g4 2 42 g4 2 51 0.118039 0.146691 1
g4 2 50 g3 1 44 0.13828 0.268622 1
g4 2 42 g4 2 42 0.117511 0.170647 1
g4 2 49 g4 2 48 0.135428 0.16048 1
g4 2 47 g4 2 49 0.129506 0.169922 1
g4 2 46 g4 2 46 0.127413 0.137594 1
g4 2 48 g4 2 51 0.132794 0.117739 1
g4 2 52 g4 2 51 0.142176 0.0872674 1
g4 2 45 g4 2 31 0.124644 0.127746 1
g4 2 30 g4 2 43 0.086711 0.144586 1
g4 2 31 g4 2 30 0.089192 0.078087 1
g4 2 30 g4 2 29 0.087554 0.0841841 1
g4 2 33 g4 2 34 0.095605 0.155968 1
g4 2 31 g4 2 33 0.089388 0.106797 1
g4 2 34 g4 2 34 0.097697 0.120246 1
g4 2 35 g4 2 40 0.100895 0.0919232 1
g4 2 36 g4 2 32 0.10252 0.107242 1
g4 2 40 g4 2 48 0.112576 0.15742 1
g4 2 30 g4 2 32 0.087304 0.114933 1
g4 2 37 g4 2 35 0.104949 0.0999654 1
g4 2 37 g4 2 37 0.105907 0.0560005 1
g4 2 41 g4 2 36 0.114756 0.0923847 1
g4 2 41 g4 2 43 0.114849 0.113961 1
g4 2 46 g4 2 32 0.126234 0.101124 1
g4 2 46 g4 2 34 0.126424 0.113174 1
g4 2 31 g4 2 37 0.089662 0.0955719 1
g4 2 31 g4 2 33 0.089779 0.103906 1
g4 2 33 g4 2 34 0.09556 0.0887908 1
g4 2 34 g4 2 34 0.098162 0.140199 1
g4 2 45 g4 2 34 0.124809 0.105555 1
g4 2 42 g4 2 34 0.117103 0.195331 1
g4 2 46 g4 2 41 0.127917 0.154758 1
g4 2 33 g4 2 32 0.095887 0.0741617 1
g4 2 45 g4 2 41 0.124769 0.101517 1
g4 2 50 g4 2 41 0.136674 0.113763 1
g4 2 41 g4 2 42 0.114969 0.0753194 1
g4 2 45 g4 2 32 0.124663 0.102625 1
g5 2 43 g5 2 48 0.120544 0.096948 1
g5 2 45 g5 2 44 0.125041 0.0813948 1
g5 2 44 g5 2 52 0.123584 0.109526 1
g5 2 42 g5 2 52 0.117657 0.12298 1
g5 2 36 g5 2 50 0.10391 0.173685 1
g5 2 42 g5 2 50 0.119214 0.103629 1
g5 2 41 g4 2 34 0.115671 0.195062 1
g5 2 46 g5 2 50 0.128335 0.189381 1
g5 2 40 g5 2 51 0.113563 0.211785 1
g5 2 33 g5 2 32 0.096536 0.123193 1
g5 2 35 g5 2 35 0.100835 0.127778 1
g5 2 41 g5 2 35 0.115351 0.115549 1
g5 2 34 g5 2 33 0.099295 0.166843 1
g5 2 36 g4 2 31 0.103052 0.193424 1
g5 2 43 g5 2 51 0.120671 0.166174 1
g5 2 39 g5 2 51 0.110932 0.210268 1
g5 2 38 g5 2 51 0.108207 0.176763 1
g5 2 35 g5 2 35 0.101136 0.193344 1
g5 2 38 g5 2 51 0.108273 0.171544 1
g5 2 38 g4 2 31 0.108005 0.178412 1
g5 2 39 g5 2 51 0.111942 0.144814 1
g5 2 38 g4 2 31 0.107778 0.180962 1
g5 2 39 g4 2 36 0.110203 0.222326 1
g5 2 38 g5 2 50 0.108514 0.172357 1
g5 2 41 g5 2 50 0.116316 0.134481 1
g5 2 41 g5 2 54 0.11602 0.156583 1
g5 2 39 g4 2 31 0.111085 0.153731 1
g5 2 39 g5 2 54 0.110828 0.169357 1
g5 2 40 g5 2 51 0.112674 0.220687 1
g5 2 40 g5 2 51 0.113471 0.173148 1
g5 2 38 g4 2 31 0.10806 0.182182 1
g5 2 39 g5 2 50 0.110995 0.132382 1
g5 2 37 g5 2 45 0.106248 0.13262 1
g5 2 39 g5 2 50 0.112004 0.152406 1
g5 2 39 g5 2 49 0.111028 0.145824 1
g5 2 43 g5 2 49 0.120911 0.104819 1
g5 2 55 g5 2 51 0.150072 0.122428 1
g5 2 40 g5 2 49 0.114143 0.0949954 1
g5 2 47 g5 2 52 0.130033 0.0837979 1
g5 2 47 g5 2 49 0.131735 0.126398 1
g5 2 50 g5 2 59 0.137999 0.137652 1
g5 2 47 g5 2 55 0.131573 0.0960286 1
g5 2 47 g5 2 54 0.131792 0.106302 1
g5 2 50 g5 2 51 0.137914 0.100019 1
g5 2 47 g5 2 48 0.130759 0.0650633 1
g6 2 40 g6 2 38 0.112302 0.0831293 1
g6 2 39 g6 2 38 0.1106 0.0954732 1
g6 2 42 g6 2 38 0.116322 0.09279 1
g6 2 41 g6 2 34 0.114838 0.186611 1
g6 2 35 g6 2 38 0.09985 0.0741795 1
g6 2 34 g6 2 34 0.098704 0.13345 1
g6 2 37 g6 2 38 0.104496 0.0968774 1
g6 2 38 g6 2 38 0.107684 0.132625 1
g6 2 36 g6 2 38 0.102029 0.105043 1
g6 2 32 g6 2 38 0.092575 0.10631 1
g6 2 39 g6 2 37 0.109834 0.158528 1
g6 2 42 g6 2 59 0.116884 0.0806915 1
g6 2 41 g6 2 41 0.114429 0.07077 1
g6 2 31 g6 2 38 0.08936 0.12078 1
g6 2 36 g6 2 41 0.102592 0.164803 1
g6 2 41 g6 2 39 0.11456 0.0869633 1
g6 2 35 g6 2 38 0.100006 0.099564 1
g6 2 43 g6 2 39 0.119352 0.0888546 1
g6 2 36 g6 2 38 0.102552 0.0856295 1
g6 2 35 g6 2 38 0.100008 0.142454 1
g6 2 41 g6 2 38 0.114544 0.0950052 1
g6 2 56 g6 2 38 0.15105 0.112544 1
g6 2 38 g6 2 39 0.107361 0.102009 1
g6 2 34 g6 2 39 0.097768 0.12163 1
g6 2 36 g6 2 38 0.102406 0.119668 1
g6 2 35 g6 2 44 0.10048 0.249863 1
g6 2 44 g6 2 38 0.122399 0.115654 1
g6 2 35 g6 2 38 0.100484 0.0913838 1
g6 2 35 g6 2 38 0.101513 0.0932373 1
g6 2 29 g6 2 33 0.085023 0.101353 1
g6 2 32 g6 2 34 0.092585 0.0869118 1
g6 2 33 g6 2 34 0.095723 0.118859 1
g6 2 51 g6 2 49 0.139175 0.354284 1
g6 2 39 g1 2 25 0.109957 0.255429 1
g6 2 32 g6 2 33 0.092301 0.0479845 1
g6 2 33 g6 2 35 0.095795 0.0866037 1
g6 2 35 g6 2 35 0.10099 0.0756825 1
g6 2 33 g6 2 35 0.095745 0.0790453 1
g6 2 37 g6 2 36 0.105207 0.0800973 1
g6 2 39 g6 2 37 0.109572 0.0710931 1
g6 2 37 g6 2 44 0.105031 0.0960218 1
g7 1 37 g7 1 44 0.109453 0.283729 1
g7 1 34 g7 1 42 0.098877 0.224504 1
g7 1 37 g7 1 39 0.105996 0.322902 1
g7 1 38 g7 1 52 0.108297 0.161921 1
g7 1 40 g7 1 34 0.112577 0.289615 1
g7 1 41 g7 1 41 0.117052 0.267352 1
g7 1 34 g7 1 46 0.098906 0.306425 1
g7 1 35 g7 1 36 0.103296 0.132177 1
g7 1 27 g7 1 31 0.080636 0.224476 1
g7 1 32 g3 1 40 0.094915 0.431618 1
g7 1 34 g7 1 33 0.098882 0.226178 1
g7 1 36 g7 1 34 0.104622 0.171268 1
g7 1 36 g7 1 39 0.102064 0.221251 1
g7 1 34 g7 1 29 0.09638 0.190098 1
g7 1 29 g7 1 29 0.08513 0.229544 1
g7 1 33 g7 1 31 0.095609 0.183661 1
g7 1 33 g7 1 28 0.09545 0.178668 1
g7 1 30 g7 1 32 0.086577 0.223046 1
g7 1 31 g7 1 29 0.090237 0.248928 1
g7 1 31 g7 1 28 0.091425 0.164172 1
g7 1 31 g7 1 32 0.091307 0.208856 1
g7 1 27 g7 1 27 0.082229 0.0615644 1
g7 1 39 g1 2 17 0.109571 0.57738 0
g7 1 35 g7 1 35 0.099225 0.238792 1
g7 1 45 g7 1 28 0.124844 0.334334 1
g7 1 37 g7 1 48 0.104002 0.36491 1
g7 1 34 g2 2 23 0.098221 0.45804 1
g7 1 38 g7 1 37 0.107445 0.16894 1
g7 1 35 g1 2 17 0.101775 0.601892 0
g7 1 36 g7 1 38 0.101912 0.375958 1
g7 1 36 g7 1 36 0.102433 0.22344 1
g7 1 44 g7 1 47 0.122008 0.305023 1
g7 1 39 g7 1 43 0.110595 0.304891 1
g7 1 40 g7 1 35 0.113275 0.22377 1
g7 1 46 g7 1 33 0.126854 0.208856 1
g7 1 68 g7 1 43 0.174065 0.286301 1
g7 1 34 g7 1 51 0.098169 0.347542 1
g7 1 35 g7 1 46 0.101989 0.270526 1
g7 1 39 g7 1 50 0.112164 0.307484 1
g7 1 40 g7 1 39 0.112879 0.2346 1
g7 1 45 g7 1 41 0.124774 0.282181 1
g7 1 48 g7 1 45 0.135058 0.196393 1
g7 1 32 g7 1 34 0.093001 0.31424 1
g7 1 50 g7 1 40 0.138793 0.18407 1
g7 1 21 g7 1 36 0.067354 0.363603 1
g7 1 35 g7 1 51 0.10218 0.376813 1
g7 1 36 g7 1 34 0.104724 0.159465 1
g7 1 36 g7 1 31 0.104103 0.279683 1
g7 1 37 g7 1 31 0.105614 0.223388 1
g7 1 49 g7 1 41 0.135177 0.244423 1
g7 1 33 g7 1 29 0.096245 0.331907 1
g7 1 33 g7 1 33 0.096817 0.27306 1
g7 1 42 g7 1 45 0.119353 0.170613 1
g7 1 61 g7 1 45 0.166559 0.305014 1
g7 1 56 g7 1 52 0.152866 0.246199 1
g7 1 54 g7 1 37 0.147829 0.398423 1
g7 1 53 g7 1 52 0.145 0.230603 1
g7 1 35 g7 1 35 0.114598 0.243094 1
g7 1 51 g7 1 48 0.140056 0.167706 1
g7 1 43 g7 1 47 0.118925 0.222166 1
g7 1 47 g7 1 48 0.129633 0.168155 1
g7 1 45 g7 1 45 0.125303 0.191072 1
g7 1 47 g7 1 48 0.130793 0.173402 1
