g1 2 44 g6 2 60 0.215997 0.160914 1
g1 2 42 g6 2 64 0.20822 0.172727 1
g1 2 50 g6 2 48 0.244 0.125289 1
g1 2 100 g1 2 43 0.451068 0.129417 1
g1 2 61 g2 2 30 0.288441 0.183151 1
g1 2 54 g1 2 46 0.25851 0.142534 1
g1 2 58 g1 2 46 0.274422 0.113158 1
g1 2 35 g1 2 50 0.180515 0.0970448 1
g1 2 44 g1 2 40 0.216283 0.122193 1
g1 2 52 g1 2 46 0.250407 0.153201 1
g1 2 37 g1 2 40 0.188182 0.117398 1
g1 2 48 g1 2 40 0.233287 0.0942005 1
g1 2 46 g1 2 46 0.223574 0.0653767 1
g1 2 45 g1 2 44 0.221722 0.0742529 1
g1 2 51 g1 2 46 0.243496 0.0742867 1
g1 2 109 g6 2 71 0.49112 0.199637 1
g1 2 47 g1 2 40 0.228158 0.0893916 1
g1 2 69 g6 2 68 0.319813 0.192761 1
g1 2 35 g6 2 69 0.180367 0.134836 1
g1 2 44 g6 2 64 0.217436 0.180735 1
g1 2 37 g6 2 49 0.187728 0.127242 1
g1 2 52 g6 2 55 0.250746 0.15502 1
g1 2 40 g2 2 45 0.199997 0.175992 1
g1 2 43 g1 2 36 0.214008 0.0701902 1
g1 2 41 g1 2 36 0.203326 0.0729246 1
g1 2 59 g1 2 54 0.278088 0.125942 1
g1 2 56 g1 2 47 0.264053 0.139616 1
g1 2 73 g1 2 47 0.336409 0.242762 1
g1 2 53 g1 2 43 0.252943 0.194021 1
g1 2 54 g1 2 69 0.261323 0.100994 1
g1 2 41 g1 2 46 0.204497 0.0782365 1
g1 2 42 g1 2 43 0.209671 0.156364 1
g1 2 33 g1 2 48 0.172015 0.0612619 1
g1 2 51 g1 2 52 0.244102 0.197634 1
g1 2 41 g1 2 54 0.206608 0.226619 1
g1 2 44 g1 2 43 0.21614 0.145674 1
g1 2 55 g1 2 43 0.26222 0.154799 1
g1 2 44 g1 2 43 0.216308 0.14882 1
g1 2 39 g1 2 41 0.19613 0.156408 1
g1 2 41 g1 2 43 0.205093 0.113863 1
g1 2 47 g1 2 48 0.228474 0.148519 1
g1 2 51 g1 2 52 0.245154 0.204624 1
g1 2 42 g1 2 43 0.207257 0.206752 1
g1 2 44 g1 2 43 0.215119 0.166897 1
g1 2 51 g1 2 43 0.24876 0.152267 1
g1 2 38 g1 2 52 0.193431 0.225632 1
g1 2 48 g6 2 67 0.233729 0.191866 1
g1 2 51 g6 2 63 0.24411 0.186925 1
g1 2 39 g6 2 70 0.19581 0.163582 1
g1 2 50 g6 2 64 0.241704 0.123351 1
g1 2 70 g2 2 30 0.324295 0.211961 1
g1 2 46 g6 2 48 0.225199 0.140177 1
g1 2 62 g2 2 30 0.290255 0.158839 1
g1 2 40 g1 2 30 0.200665 0.104996 1
g1 2 36 g1 2 32 0.183365 0.0552752 1
g1 2 27 g1 2 30 0.14486 0.0717766 1
g1 2 27 g1 2 27 0.145793 0.0584145 1
g1 2 29 g1 2 30 0.152816 0.0570191 1
g1 2 29 g1 2 29 0.153386 0.0497548 1
g1 2 34 g1 2 32 0.177183 0.0552609 1
g1 2 27 g1 2 27 0.144996 0.0585002 1
g2 2 26 g2 2 24 0.140319 0.080774 1
g2 2 26 g2 2 24 0.141315 0.0829627 1
g2 2 29 g2 2 30 0.15591 0.150494 1
g2 2 24 g2 2 24 0.134652 0.147788 1
g2 2 25 g2 2 24 0.138225 0.131777 1
g2 2 21 g2 2 30 0.122841 0.144918 1
g2 2 24 g2 2 24 0.132843 0.121557 1
g2 2 25 g2 2 24 0.136823 0.0897749 1
g2 2 26 g2 2 24 0.140534 0.147597 1
g2 2 53 g2 2 48 0.255008 0.12162 1
g2 2 27 g2 2 24 0.145562 0.0821964 1
g2 2 26 g2 2 24 0.140997 0.0848221 1
g2 2 26 g2 2 24 0.142984 0.105094 1
g2 2 27 g2 2 24 0.145781 0.108519 1
g2 2 28 g2 2 24 0.149378 0.168705 1
g2 2 25 g2 2 24 0.138987 0.128441 1
g2 2 19 g2 2 30 0.113521 0.230905 1
g2 2 25 g2 2 24 0.137382 0.0748435 1
g2 2 27 g2 2 24 0.14601 0.0862481 1
g2 2 25 g2 2 24 0.136677 0.132325 1
g2 2 28 g2 2 24 0.149842 0.127187 1
g2 2 28 g2 2 24 0.149594 0.202375 1
g2 2 24 g2 2 24 0.133452 0.140708 1
g2 2 29 g2 2 24 0.155187 0.0773327 1
g2 2 31 g2 2 30 0.161041 0.157309 1
g2 2 26 g2 2 24 0.14111 0.142029 1
g2 2 25 g2 2 30 0.136068 0.218193 1
g2 2 28 g2 2 24 0.150224 0.144577 1
g2 2 32 g2 2 24 0.167997 0.120105 1
g2 2 57 g2 2 51 0.270651 0.113447 1
g2 2 52 g1 2 29 0.251566 0.207128 1
g2 2 53 g2 2 48 0.253388 0.113228 1
g2 2 46 g1 2 41 0.225708 0.255285 1
g2 2 36 g2 2 40 0.183292 0.0945646 1
g2 2 40 g2 2 37 0.200648 0.0997305 1
g2 2 62 g2 2 51 0.291728 0.105391 1
g2 2 41 g2 2 37 0.204311 0.0860249 1
g2 2 35 g2 2 42 0.181676 0.0785681 1
g2 2 34 g2 2 37 0.176402 0.0735559 1
g2 2 37 g2 2 42 0.190405 0.0676064 1
g2 2 37 g2 2 37 0.187923 0.0543996 1
g2 2 39 g2 2 37 0.195306 0.0563116 1
g2 2 37 g2 2 37 0.190266 0.0944887 1
g2 2 39 g2 2 37 0.195922 0.0661056 1
g2 2 40 g2 2 42 0.200349 0.0699725 1
g2 2 45 g2 2 42 0.221691 0.125056 1
g2 2 29 g2 2 40 0.155068 0.117702 1
g2 2 40 g2 2 37 0.20382 0.0587943 1
g2 2 82 g2 2 51 0.376556 0.159875 1
g2 2 39 g2 2 40 0.197584 0.0776896 1
g2 2 50 g2 2 42 0.23962 0.0686868 1
g2 2 50 g1 2 48 0.241311 0.208267 1
g2 2 38 g2 2 37 0.191667 0.097143 1
g2 2 35 g2 2 42 0.180979 0.0715669 1
g2 2 43 g1 2 62 0.21408 0.112596 1
g2 2 39 g2 2 42 0.195941 0.0883543 1
g2 2 47 g1 2 50 0.228563 0.190312 1
g2 2 44 g2 2 51 0.217887 0.108911 1
g2 2 38 g2 2 54 0.191684 0.10608 1
g2 2 54 g2 2 51 0.258971 0.109573 1
g2 2 33 g2 2 37 0.172027 0.083846 1
g2 2 38 g1 2 55 0.192482 0.278588 1
g2 2 56 g2 2 46 0.270667 0.160661 1
g2 2 27 g2 2 24 0.147004 0.129458 1
g2 2 24 g2 2 24 0.132866 0.118578 1
g2 2 26 g2 2 24 0.142701 0.0644475 1
g3 1 69 g3 1 72 0.319795 0.316273 1
g3 1 66 g3 1 82 0.31035 0.190213 1
g3 1 93 g3 1 79 0.424326 0.296692 1
g3 1 100 g3 1 71 0.455563 0.236355 1
g3 1 105 g1 2 55 0.475588 0.423074 1
g3 1 94 g3 1 71 0.428151 0.254154 1
g3 1 89 g3 1 70 0.408481 0.276936 1
g3 1 91 g3 1 80 0.418153 0.273393 1
g3 1 84 g3 1 85 0.385875 0.278647 1
g3 1 85 g3 1 90 0.388531 0.283675 1
g3 1 86 g3 1 104 0.393326 0.250977 1
g3 1 90 g3 1 79 0.411765 0.20536 1
g3 1 90 g3 1 84 0.413937 0.23957 1
g3 1 90 g3 1 125 0.412224 0.213121 1
g3 1 88 g3 1 76 0.401541 0.475727 1
g3 1 84 g3 1 72 0.387736 0.242721 1
g3 1 78 g3 1 79 0.361917 0.195477 1
g3 1 111 g1 2 47 0.505884 0.354061 1
g3 1 93 g3 1 80 0.425708 0.243617 1
g3 1 93 g3 1 83 0.426001 0.208777 1
g3 1 97 g3 1 89 0.441475 0.214353 1
g3 1 91 g3 1 112 0.417871 0.215496 1
g3 1 90 g3 1 80 0.410139 0.237226 1
g3 1 83 g3 1 71 0.382295 0.250708 1
g3 1 89 g3 1 79 0.408932 0.300822 1
g3 1 86 g3 1 75 0.394478 0.281679 1
g3 1 97 g3 1 110 0.442809 0.295255 1
g3 1 130 g3 1 82 0.582736 0.284261 1
g3 1 112 g3 1 87 0.508306 0.287481 1
g3 1 95 g3 1 78 0.431691 0.19328 1
g3 1 109 g3 1 118 0.494421 0.217483 1
g3 1 102 g3 1 80 0.461438 0.268437 1
g3 1 95 g3 1 76 0.432046 0.211657 1
g3 1 98 g3 1 83 0.446511 0.232041 1
g3 1 99 g3 1 89 0.452724 0.239975 1
g3 1 96 g3 1 81 0.440874 0.262869 1
g3 1 100 g7 1 75 0.455471 0.43396 1
g3 1 113 g3 1 138 0.510154 0.259061 1
g3 1 118 g3 1 138 0.533799 0.252984 1
g3 1 90 g3 1 82 0.410282 0.368885 1
g3 1 74 g3 1 66 0.339392 0.834601 0
g3 1 95 g3 1 83 0.431613 0.274813 1
g3 1 83 g3 1 77 0.384192 0.211947 1
g3 1 75 g3 1 78 0.347122 0.188616 1
g3 1 79 g3 1 79 0.36333 0.209933 1
g3 1 84 g3 1 89 0.383003 0.288825 1
g3 1 75 g3 1 75 0.343981 0.323432 1
g3 1 83 g3 1 82 0.379519 0.167859 1
g3 1 77 g3 1 72 0.353958 0.214258 1
g3 1 76 g3 1 89 0.350677 0.294233 1
g3 1 82 g3 1 89 0.373952 0.248577 1
g4 2 69 g4 2 57 0.321101 0.191123 1
g4 2 69 g4 2 80 0.319549 0.0660167 1
g4 2 84 g4 2 85 0.388004 0.161414 1
g4 2 83 g4 2 80 0.379924 0.161243 1
g4 2 78 g4 2 88 0.358784 0.117795 1
g4 2 79 g4 2 97 0.361833 0.13937 1
g4 2 98 g3 1 87 0.444703 0.254056 1
g4 2 79 g4 2 80 0.364206 0.157149 1
g4 2 93 g4 2 92 0.423561 0.149584 1
g4 2 91 g4 2 93 0.41356 0.163987 1
g4 2 87 g4 2 88 0.398287 0.135221 1
g4 2 92 g4 2 97 0.422169 0.111199 1
g4 2 100 g4 2 99 0.456033 0.0772027 1
g4 2 87 g4 2 53 0.396319 0.0994266 1
g4 2 55 g4 2 65 0.261916 0.116808 1
g4 2 58 g4 2 55 0.273065 0.0715552 1
g4 2 55 g4 2 53 0.261199 0.0751592 1
g4 2 61 g4 2 64 0.284329 0.142849 1
g4 2 57 g4 2 62 0.2706 0.0996441 1
g4 2 63 g4 2 64 0.296975 0.105019 1
g4 2 65 g4 2 76 0.301997 0.0836168 1
g4 2 67 g4 2 76 0.312333 0.0981991 1
g4 2 75 g4 2 93 0.3431 0.148781 1
g4 2 55 g4 2 60 0.265183 0.103583 1
g4 2 70 g4 2 65 0.324195 0.0884289 1
g4 2 70 g4 2 70 0.324502 0.0475186 1
g4 2 78 g4 2 68 0.357995 0.0850483 1
g4 2 77 g4 2 81 0.352597 0.108874 1
g4 2 90 g4 2 60 0.408346 0.0948221 1
g4 2 88 g4 2 64 0.400184 0.103041 1
g4 2 57 g4 2 70 0.26842 0.0813742 1
g4 2 57 g4 2 61 0.270576 0.0911389 1
g4 2 61 g4 2 64 0.286009 0.0745925 1
g4 2 64 g4 2 64 0.299947 0.125211 1
g4 2 85 g4 2 64 0.387415 0.0978542 1
g4 2 80 g4 2 64 0.369346 0.184858 1
g4 2 87 g4 2 77 0.397422 0.144483 1
g4 2 62 g4 2 60 0.291259 0.0668608 1
g4 2 86 g4 2 77 0.391716 0.0981559 1
g4 2 98 g4 2 77 0.444363 0.10866 1
g4 2 78 g4 2 80 0.36002 0.0673156 1
g4 2 86 g4 2 60 0.389256 0.0945725 1
g5 2 82 g5 2 92 0.378619 0.0888844 1
g5 2 85 g5 2 83 0.38953 0.0766654 1
g5 2 83 g5 2 99 0.383102 0.104034 1
g5 2 80 g5 2 99 0.371657 0.115317 1
g5 2 67 g5 2 96 0.314633 0.158796 1
g5 2 79 g5 2 96 0.364982 0.0914223 1
g5 2 78 g4 2 63 0.36045 0.186761 1
g5 2 87 g5 2 96 0.398912 0.173141 1
g5 2 76 g5 2 98 0.35079 0.205094 1
g5 2 62 g5 2 60 0.290344 0.115852 1
g5 2 66 g5 2 66 0.308357 0.116191 1
g5 2 78 g5 2 66 0.359158 0.107979 1
g5 2 64 g5 2 80 0.301277 0.141213 1
g5 2 67 g4 2 58 0.311701 0.184074 1
g5 2 81 g5 2 98 0.377134 0.160284 1
g5 2 74 g5 2 66 0.34332 0.202666 1
g5 2 71 g5 2 98 0.328697 0.170467 1
g5 2 66 g5 2 66 0.309217 0.177696 1
g5 2 71 g5 2 98 0.33367 0.163221 1
g5 2 71 g4 2 57 0.331071 0.167461 1
g5 2 73 g5 2 97 0.340598 0.132334 1
g5 2 71 g5 2 63 0.327436 0.154023 1
g5 2 73 g4 2 68 0.338849 0.206301 1
g5 2 71 g5 2 96 0.329848 0.164192 1
g5 2 78 g5 2 96 0.359557 0.126072 1
g5 2 77 g5 2 104 0.359105 0.149785 1
g5 2 74 g4 2 57 0.344578 0.14223 1
g5 2 73 g5 2 104 0.336957 0.163228 1
g5 2 75 g5 2 98 0.347255 0.211005 1
g5 2 76 g5 2 86 0.353275 0.135157 1
g5 2 71 g4 2 63 0.328892 0.186927 1
g5 2 74 g5 2 96 0.344705 0.126245 1
g5 2 69 g5 2 94 0.322276 0.133138 1
g5 2 73 g5 2 96 0.340618 0.133423 1
g5 2 74 g5 2 96 0.342732 0.142666 1
g5 2 81 g5 2 94 0.372284 0.0961288 1
g5 2 108 g5 2 98 0.49133 0.116844 1
g5 2 75 g5 2 94 0.360223 0.08502 1
g5 2 90 g5 2 99 0.413971 0.0742962 1
g5 2 90 g5 2 94 0.413384 0.118403 1
g5 2 96 g5 2 113 0.476892 0.126379 1
g5 2 90 g5 2 113 0.414808 0.0856127 1
g5 2 89 g5 2 103 0.409397 0.0963033 1
g5 2 96 g5 2 98 0.440294 0.089658 1
g5 2 90 g5 2 96 0.413664 0.0717028 1
g6 2 76 g6 2 72 0.352417 0.0771459 1
g6 2 73 g6 2 72 0.336696 0.0880276 1
g6 2 79 g6 2 72 0.361428 0.0822419 1
g6 2 77 g6 2 63 0.351046 0.168577 1
g6 2 65 g6 2 72 0.303121 0.0669014 1
g6 2 64 g6 2 75 0.29806 0.114614 1
g6 2 69 g6 2 72 0.319798 0.0890006 1
g6 2 71 g6 2 72 0.326102 0.123143 1
g6 2 68 g6 2 72 0.314635 0.0985805 1
g6 2 59 g6 2 72 0.277613 0.0973569 1
g6 2 74 g6 2 70 0.340913 0.143305 1
g6 2 80 g6 2 177 0.368411 0.0852704 1
g6 2 78 g6 2 77 0.357931 0.0643359 1
g6 2 57 g6 2 72 0.268031 0.116345 1
g6 2 68 g6 2 77 0.316022 0.158649 1
g6 2 77 g6 2 73 0.353097 0.0807775 1
g6 2 65 g6 2 72 0.30173 0.0915207 1
g6 2 82 g6 2 73 0.373767 0.0823714 1
g6 2 68 g6 2 72 0.314385 0.0777317 1
g6 2 66 g6 2 72 0.307851 0.137876 1
g6 2 78 g6 2 72 0.355482 0.0898468 1
g6 2 113 g6 2 72 0.509627 0.147326 1
g6 2 72 g6 2 73 0.334517 0.0916119 1
g6 2 64 g6 2 69 0.297315 0.111254 1
g6 2 68 g6 2 72 0.316436 0.116217 1
g6 2 66 g6 2 84 0.305781 0.235259 1
g6 2 84 g6 2 72 0.38217 0.11065 1
g6 2 66 g6 2 72 0.306662 0.0817849 1
g6 2 66 g6 2 72 0.307127 0.0878122 1
g6 2 54 g6 2 62 0.257041 0.0951049 1
g6 2 59 g6 2 63 0.278308 0.0737205 1
g6 2 61 g6 2 63 0.284984 0.101849 1
g6 2 97 g6 2 92 0.439926 0.361166 1
g6 2 73 g1 2 54 0.339132 0.242303 1
g6 2 59 g6 2 60 0.277863 0.0325585 1
g6 2 61 g6 2 66 0.286956 0.0781043 1
g6 2 65 g6 2 61 0.305609 0.0581284 1
g6 2 62 g6 2 65 0.291175 0.0600247 1
g6 2 69 g6 2 68 0.319451 0.0699748 1
g6 2 74 g6 2 70 0.340657 0.0584366 1
g6 2 69 g6 2 84 0.318176 0.0875334 1
g7 1 71 g7 1 85 0.330614 0.27168 1
g7 1 63 g7 1 81 0.294843 0.212809 1
g7 1 69 g7 1 73 0.321901 0.308133 1
g7 1 71 g7 1 100 0.332554 0.149006 1
g7 1 76 g7 1 64 0.351023 0.278388 1
g7 1 80 g7 1 77 0.366528 0.250562 1
g7 1 64 g7 1 78 0.301751 0.263044 1
g7 1 70 g7 1 71 0.326343 0.12257 1
g7 1 50 g7 1 58 0.239347 0.217144 1
g7 1 61 g3 1 81 0.285988 0.38893 1
g7 1 65 g7 1 63 0.304033 0.214304 1
g7 1 70 g7 1 64 0.325483 0.160001 1
g7 1 67 g7 1 74 0.309435 0.212843 1
g7 1 63 g7 1 54 0.295781 0.169549 1
g7 1 54 g7 1 53 0.255576 0.213141 1
g7 1 62 g7 1 58 0.29058 0.169683 1
g7 1 61 g7 1 53 0.29245 0.152039 1
g7 1 56 g7 1 60 0.264245 0.210975 1
g7 1 58 g7 1 87 0.27602 0.284984 1
g7 1 59 g7 1 52 0.279371 0.157445 1
g7 1 59 g7 1 60 0.276684 0.193492 1
g7 1 52 g7 1 49 0.250084 0.0354893 1
g7 1 73 g1 2 29 0.337599 0.506446 1
g7 1 66 g7 1 67 0.30984 0.225156 1
g7 1 86 g7 1 52 0.391399 0.317661 1
g7 1 70 g7 1 92 0.326514 0.347275 1
g7 1 65 g2 2 42 0.306316 0.414207 1
g7 1 72 g7 1 71 0.332108 0.161306 1
g7 1 68 g1 2 29 0.316296 0.529818 1
g7 1 68 g3 1 128 0.316899 0.522324 1
g7 1 70 g7 1 67 0.323304 0.215648 1
g7 1 83 g7 1 91 0.377086 0.294133 1
g7 1 75 g7 1 86 0.34518 0.294575 1
g7 1 77 g7 1 65 0.357344 0.213428 1
g7 1 88 g7 1 64 0.39853 0.204561 1
g7 1 134 g7 1 86 0.601807 0.276689 1
g7 1 64 g7 1 73 0.302744 0.24136 1
g7 1 65 g7 1 95 0.302666 0.247475 1
g7 1 76 g7 1 81 0.350984 0.260509 1
g7 1 76 g7 1 73 0.348878 0.23138 1
g7 1 86 g7 1 77 0.39528 0.257496 1
g7 1 95 g7 1 89 0.433823 0.189599 1
g7 1 60 g7 1 63 0.281528 0.262553 1
g7 1 99 g7 1 75 0.450372 0.172561 1
g7 1 37 g7 1 71 0.18793 0.356486 1
g7 1 68 g7 1 98 0.316494 0.358518 1
g7 1 70 g7 1 64 0.32568 0.151632 1
g7 1 69 g7 1 58 0.323013 0.27366 1
g7 1 70 g7 1 71 0.32329 0.163192 1
g7 1 94 g7 1 77 0.42673 0.234385 1
g7 1 61 g7 1 55 0.288935 0.305223 1
g7 1 64 g7 1 63 0.2982 0.253362 1
g7 1 82 g7 1 87 0.380194 0.161789 1
g7 1 117 g7 1 88 0.533383 0.307909 1
g7 1 108 g7 1 101 0.4869 0.245434 1
g7 1 103 g7 1 70 0.467455 0.375397 1
g7 1 102 g7 1 101 0.464062 0.222327 1
g7 1 89 g7 1 69 0.407309 0.232672 1
g7 1 97 g7 1 92 0.439532 0.157676 1
g7 1 81 g7 1 91 0.373081 0.204566 1
g7 1 90 g7 1 92 0.412498 0.152347 1
g7 1 86 g7 1 89 0.391442 0.186012 1
g7 1 91 g7 1 92 0.419523 0.167741 1
