g1 2 46 g6 2 78 0.233046 0.151288 1
g1 2 44 g6 2 66 0.222053 0.178759 1
g1 2 52 g6 2 50 0.260459 0.133322 1
g1 2 102 g1 2 45 0.46994 0.128455 1
g1 2 63 g2 2 32 0.302168 0.180064 1
g1 2 56 g1 2 48 0.274201 0.143843 1
g1 2 60 g1 2 54 0.28903 0.120497 1
g1 2 37 g1 2 52 0.193811 0.0984114 1
g1 2 46 g1 2 42 0.229988 0.124173 1
g1 2 54 g1 2 48 0.26498 0.15383 1
g1 2 39 g1 2 42 0.201098 0.119368 1
g1 2 50 g1 2 42 0.245914 0.0973216 1
g1 2 48 g1 2 48 0.238743 0.0664936 1
g1 2 47 g1 2 46 0.234302 0.0739914 1
g1 2 53 g1 2 48 0.258957 0.0760608 1
g1 2 111 g6 2 73 0.510381 0.200285 1
g1 2 49 g1 2 42 0.242442 0.0890284 1
g1 2 71 g6 2 70 0.334365 0.199234 1
g1 2 37 g6 2 60 0.193221 0.121699 1
g1 2 46 g6 2 66 0.230119 0.186203 1
g1 2 39 g6 2 51 0.201403 0.130479 1
g1 2 54 g6 2 57 0.263102 0.161004 1
g1 2 42 g2 2 32 0.213519 0.181831 1
g1 2 45 g1 2 38 0.225754 0.0752116 1
g1 2 43 g1 2 38 0.217556 0.076984 1
g1 2 61 g1 2 56 0.293259 0.126833 1
g1 2 58 g1 2 49 0.28017 0.139635 1
g1 2 75 g1 2 49 0.353747 0.246473 1
g1 2 55 g1 2 45 0.266953 0.194773 1
g1 2 56 g1 2 71 0.271091 0.100638 1
g1 2 43 g1 2 48 0.217158 0.0796961 1
g1 2 44 g1 2 45 0.222527 0.162744 1
g1 2 35 g1 2 50 0.186216 0.0640508 1
g1 2 53 g1 2 54 0.257949 0.197304 1
g1 2 43 g1 2 56 0.218168 0.225174 1
g1 2 46 g1 2 45 0.230004 0.149752 1
g1 2 57 g1 2 45 0.275233 0.158249 1
g1 2 46 g1 2 45 0.229392 0.153167 1
g1 2 41 g1 2 43 0.209259 0.154717 1
g1 2 43 g1 2 45 0.217301 0.120064 1
g1 2 49 g1 2 50 0.242579 0.147739 1
g1 2 53 g1 2 54 0.258778 0.204874 1
g1 2 44 g1 2 47 0.221354 0.16863 1
g1 2 46 g1 2 45 0.22939 0.172158 1
g1 2 53 g1 2 45 0.259195 0.161457 1
g1 2 40 g1 2 54 0.206174 0.234592 1
g1 2 50 g6 2 70 0.246058 0.185241 1
g1 2 53 g6 2 65 0.258328 0.195168 1
g1 2 41 g6 2 72 0.210754 0.170864 1
g1 2 52 g6 2 66 0.255607 0.126153 1
g1 2 72 g2 2 32 0.340254 0.2079 1
g1 2 48 g6 2 50 0.238779 0.147781 1
g1 2 64 g2 2 32 0.307059 0.161413 1
g1 2 42 g1 2 34 0.212729 0.0657474 1
g1 2 38 g1 2 34 0.19646 0.0576905 1
g1 2 29 g1 2 32 0.157437 0.0730474 1
g1 2 29 g1 2 29 0.156859 0.0591479 1
g1 2 31 g1 2 32 0.166174 0.0594514 1
g1 2 31 g1 2 31 0.166353 0.0512402 1
g1 2 36 g1 2 34 0.189027 0.0559701 1
g1 2 29 g1 2 29 0.157804 0.0584143 1
g2 2 28 g2 2 26 0.153194 0.0811795 1
g2 2 28 g2 2 26 0.153113 0.0851334 1
g2 2 31 g2 2 32 0.165359 0.152475 1
g2 2 26 g2 2 26 0.145182 0.15096 1
g2 2 27 g2 2 26 0.148447 0.134783 1
g2 2 23 g2 2 32 0.131701 0.14479 1
g2 2 26 g2 2 26 0.145374 0.128871 1
g2 2 27 g2 2 26 0.148788 0.0936361 1
g2 2 28 g2 2 26 0.152946 0.156916 1
g2 2 55 g2 2 50 0.269232 0.125751 1
g2 2 29 g2 2 26 0.157199 0.0853091 1
g2 2 28 g2 2 26 0.153298 0.083249 1
g2 2 28 g2 2 26 0.153116 0.105967 1
g2 2 29 g2 2 26 0.157118 0.106472 1
g2 2 30 g2 2 26 0.160797 0.165983 1
g2 2 27 g2 2 26 0.149551 0.128473 1
g2 2 21 g2 2 32 0.125002 0.237987 1
g2 2 27 g2 2 26 0.149044 0.0734326 1
g2 2 29 g2 2 26 0.157099 0.0851217 1
g2 2 27 g2 2 26 0.148896 0.132623 1
g2 2 30 g2 2 26 0.160825 0.125164 1
g2 2 30 g2 2 26 0.160781 0.203044 1
g2 2 26 g2 2 26 0.145716 0.144111 1
g2 2 31 g2 2 26 0.165056 0.0810045 1
g2 2 33 g2 2 32 0.176769 0.158366 1
g2 2 28 g2 2 26 0.153326 0.150752 1
g2 2 27 g2 2 32 0.14843 0.215898 1
g2 2 30 g2 2 26 0.160732 0.152333 1
g2 2 34 g2 2 26 0.18136 0.12261 1
g2 2 59 g2 2 53 0.285407 0.11708 1
g2 2 54 g2 2 45 0.263345 0.128014 1
g2 2 55 g2 2 50 0.26811 0.115755 1
g2 2 48 g1 2 43 0.240572 0.2597 1
g2 2 38 g2 2 42 0.197767 0.0980483 1
g2 2 42 g2 2 39 0.212907 0.102194 1
g2 2 64 g2 2 53 0.30654 0.107352 1
g2 2 43 g2 2 45 0.217309 0.08175 1
g2 2 37 g2 2 44 0.193749 0.0787427 1
g2 2 36 g2 2 39 0.188529 0.0732876 1
g2 2 39 g2 2 44 0.201469 0.0676211 1
g2 2 39 g2 2 39 0.201279 0.0572556 1
g2 2 41 g2 2 39 0.209911 0.058204 1
g2 2 39 g2 2 39 0.202407 0.0958255 1
g2 2 41 g2 2 39 0.20929 0.068372 1
g2 2 42 g2 2 44 0.2132 0.069749 1
g2 2 47 g2 2 44 0.233361 0.129113 1
g2 2 31 g2 2 41 0.16579 0.117848 1
g2 2 42 g2 2 39 0.213337 0.0603325 1
g2 2 84 g2 2 53 0.395934 0.158532 1
g2 2 41 g2 2 42 0.20986 0.0792109 1
g2 2 52 g2 2 44 0.255473 0.0678666 1
g2 2 52 g1 2 59 0.255443 0.214053 1
g2 2 40 g2 2 39 0.205523 0.100108 1
g2 2 37 g2 2 44 0.192769 0.0734798 1
g2 2 45 g1 2 64 0.227802 0.11533 1
g2 2 41 g2 2 44 0.211447 0.0894534 1
g2 2 49 g1 2 52 0.241793 0.192203 1
g2 2 46 g2 2 53 0.230856 0.113762 1
g2 2 40 g2 2 56 0.205444 0.109518 1
g2 2 56 g2 2 53 0.273046 0.108558 1
g2 2 35 g2 2 39 0.185413 0.0854126 1
g2 2 40 g1 2 57 0.206579 0.290744 1
g2 2 58 g2 2 48 0.280514 0.157088 1
g2 2 29 g2 2 26 0.156877 0.130603 1
g2 2 26 g2 2 26 0.144675 0.124375 1
g2 2 28 g2 2 26 0.15331 0.0648008 1
g3 1 71 g3 1 117 0.336377 0.324802 1
g3 1 68 g3 1 84 0.324272 0.195019 1
g3 1 95 g3 1 81 0.443103 0.297211 1
g3 1 102 g3 1 73 0.471291 0.238231 1
g3 1 107 g1 2 57 0.495876 0.435192 1
g3 1 96 g3 1 73 0.448584 0.256784 1
g3 1 91 g3 1 72 0.425656 0.283782 1
g3 1 93 g3 1 82 0.434786 0.278986 1
g3 1 86 g3 1 87 0.40231 0.278766 1
g3 1 87 g3 1 92 0.406644 0.286671 1
g3 1 88 g3 1 106 0.411827 0.25416 1
g3 1 92 g3 1 81 0.430184 0.213043 1
g3 1 92 g3 1 86 0.431117 0.243595 1
g3 1 92 g3 1 127 0.432375 0.215488 1
g3 1 90 g3 1 78 0.419129 0.48263 0
g3 1 86 g3 1 74 0.405427 0.250771 1
g3 1 80 g3 1 81 0.379087 0.197855 1
g3 1 113 g1 2 49 0.522883 0.365256 1
g3 1 95 g3 1 120 0.443754 0.277623 1
g3 1 95 g3 1 85 0.442789 0.214674 1
g3 1 99 g3 1 91 0.46051 0.21966 1
g3 1 93 g3 1 114 0.435322 0.216507 1
g3 1 92 g3 1 82 0.429588 0.243911 1
g3 1 85 g3 1 73 0.399197 0.253357 1
g3 1 91 g3 1 81 0.424755 0.303233 1
g3 1 88 g3 1 77 0.410648 0.279025 1
g3 1 99 g3 1 112 0.46043 0.301411 1
g3 1 132 g3 1 84 0.606365 0.282255 1
g3 1 114 g1 2 67 0.525765 0.433656 1
g3 1 97 g3 1 80 0.450956 0.194454 1
g3 1 111 g3 1 120 0.515614 0.219352 1
g3 1 104 g3 1 82 0.481622 0.272961 1
g3 1 97 g3 1 78 0.451123 0.214279 1
g3 1 100 g3 1 85 0.465402 0.238413 1
g3 1 101 g3 1 91 0.47026 0.246691 1
g3 1 98 g3 1 83 0.456295 0.266989 1
g3 1 102 g3 1 61 0.475161 0.319321 1
g3 1 115 g3 1 140 0.531228 0.259004 1
g3 1 120 g3 1 140 0.554537 0.257885 1
g3 1 92 g3 1 84 0.428337 0.376836 0
g3 1 76 g3 1 68 0.358273 0.838187 0
g3 1 97 g3 1 85 0.449987 0.281698 1
g3 1 85 g3 1 79 0.397853 0.211924 1
g3 1 77 g3 1 80 0.364244 0.193174 1
g3 1 81 g3 1 81 0.378319 0.214615 1
g3 1 86 g3 1 91 0.400149 0.293187 1
g3 1 77 g3 1 77 0.361244 0.329228 1
g3 1 85 g3 1 84 0.396668 0.171792 1
g3 1 79 g3 1 74 0.370396 0.219377 1
g3 1 78 g3 1 91 0.366545 0.301788 1
g3 1 84 g3 1 91 0.392078 0.249839 1
g4 2 71 g4 2 59 0.335726 0.197981 1
g4 2 71 g4 2 82 0.335411 0.0673577 1
g4 2 86 g4 2 87 0.401009 0.162387 1
g4 2 85 g4 2 82 0.396529 0.163094 1
g4 2 80 g4 2 90 0.37531 0.119479 1
g4 2 81 g4 2 99 0.380232 0.140361 1
g4 2 100 g3 1 89 0.462755 0.256963 1
g4 2 81 g4 2 82 0.379416 0.161404 1
g4 2 95 g4 2 94 0.442729 0.151724 1
g4 2 93 g4 2 95 0.432397 0.166845 1
g4 2 89 g4 2 90 0.414912 0.134421 1
g4 2 94 g4 2 99 0.437609 0.112284 1
g4 2 102 g4 2 101 0.471955 0.0792493 1
g4 2 89 g4 2 60 0.416149 0.120146 1
g4 2 57 g4 2 63 0.274604 0.127532 1
g4 2 60 g4 2 57 0.289036 0.0727951 1
g4 2 57 g4 2 55 0.276031 0.0765809 1
g4 2 63 g4 2 66 0.301711 0.145435 1
g4 2 59 g4 2 64 0.283293 0.103085 1
g4 2 65 g4 2 66 0.310607 0.109033 1
g4 2 67 g4 2 78 0.318335 0.0845207 1
g4 2 69 g4 2 78 0.327035 0.0992632 1
g4 2 77 g4 2 95 0.36099 0.150205 1
g4 2 57 g4 2 62 0.275351 0.105123 1
g4 2 72 g4 2 67 0.340472 0.0917946 1
g4 2 72 g4 2 72 0.341104 0.0487928 1
g4 2 80 g4 2 72 0.375043 0.096792 1
g4 2 79 g4 2 83 0.369945 0.110217 1
g4 2 92 g4 2 62 0.42701 0.0942064 1
g4 2 90 g4 2 66 0.418736 0.104487 1
g4 2 59 g4 2 72 0.283453 0.0842909 1
g4 2 59 g4 2 63 0.284893 0.0951817 1
g4 2 63 g4 2 66 0.301236 0.0775533 1
g4 2 66 g4 2 66 0.313509 0.130783 1
g4 2 87 g4 2 66 0.406338 0.0984169 1
g4 2 82 g4 2 66 0.383377 0.187906 1
g4 2 89 g4 2 79 0.414729 0.146783 1
g4 2 64 g4 2 62 0.306412 0.06811 1
g4 2 88 g4 2 79 0.409367 0.0983666 1
g4 2 100 g4 2 79 0.462493 0.107776 1
g4 2 80 g4 2 82 0.374709 0.0682101 1
g4 2 88 g4 2 62 0.409005 0.0951075 1
g5 2 84 g5 2 94 0.395675 0.0893276 1
g5 2 87 g5 2 85 0.407065 0.07674 1
g5 2 85 g5 2 101 0.400195 0.103887 1
g5 2 82 g5 2 101 0.384732 0.115029 1
g5 2 69 g5 2 98 0.329434 0.161708 1
g5 2 81 g5 2 98 0.383178 0.093637 1
g5 2 80 g4 2 65 0.376654 0.188495 1
g5 2 89 g5 2 98 0.417025 0.177104 1
g5 2 78 g5 2 100 0.36832 0.207057 1
g5 2 64 g5 2 62 0.308258 0.117363 1
g5 2 68 g5 2 68 0.324215 0.118527 1
g5 2 80 g5 2 68 0.377118 0.108617 1
g5 2 66 g5 2 82 0.315099 0.144767 1
g5 2 69 g4 2 60 0.328256 0.184893 1
g5 2 83 g5 2 100 0.390631 0.161194 1
g5 2 76 g5 2 68 0.357681 0.213484 1
g5 2 73 g5 2 100 0.346136 0.169533 1
g5 2 68 g5 2 68 0.324825 0.181235 1
g5 2 73 g5 2 100 0.34588 0.164479 1
g5 2 73 g4 2 59 0.345545 0.169954 1
g5 2 75 g5 2 99 0.356091 0.132889 1
g5 2 73 g4 2 59 0.344853 0.171729 1
g5 2 75 g4 2 70 0.354816 0.208315 1
g5 2 73 g5 2 98 0.34605 0.164008 1
g5 2 80 g5 2 98 0.37694 0.126467 1
g5 2 79 g5 2 106 0.374554 0.150373 1
g5 2 76 g4 2 59 0.359084 0.143915 1
g5 2 75 g5 2 106 0.354186 0.162088 1
g5 2 77 g5 2 100 0.362878 0.212821 1
g5 2 78 g5 2 88 0.367842 0.138219 1
g5 2 73 g4 2 65 0.34519 0.188444 1
g5 2 76 g5 2 98 0.360948 0.126548 1
g5 2 71 g5 2 88 0.338258 0.124091 1
g5 2 75 g5 2 98 0.356971 0.138346 1
g5 2 76 g5 2 98 0.360128 0.14134 1
g5 2 83 g5 2 96 0.390122 0.0967958 1
g5 2 110 g5 2 100 0.509064 0.117764 1
g5 2 77 g5 2 96 0.365374 0.0859853 1
g5 2 92 g5 2 101 0.428732 0.0756882 1
g5 2 92 g5 2 96 0.432678 0.121358 1
g5 2 98 g5 2 115 0.457994 0.128895 1
g5 2 92 g5 2 115 0.434058 0.0887364 1
g5 2 91 g5 2 105 0.426619 0.0983385 1
g5 2 98 g5 2 100 0.45742 0.0920366 1
g5 2 92 g5 2 98 0.431602 0.0726742 1
g6 2 78 g6 2 74 0.364821 0.0771508 1
g6 2 75 g6 2 74 0.352367 0.0886424 1
g6 2 81 g6 2 74 0.377678 0.0836842 1
g6 2 79 g6 2 65 0.368963 0.173104 1
g6 2 67 g6 2 74 0.319295 0.0672741 1
g6 2 66 g6 2 77 0.314261 0.118315 1
g6 2 71 g6 2 74 0.335341 0.0905255 1
g6 2 73 g6 2 74 0.343093 0.124846 1
g6 2 70 g6 2 74 0.330309 0.100239 1
g6 2 61 g6 2 74 0.29495 0.0983939 1
g6 2 76 g6 2 72 0.357348 0.148163 1
g6 2 82 g6 2 179 0.381799 0.0846958 1
g6 2 80 g6 2 79 0.374648 0.063838 1
g6 2 59 g6 2 74 0.284178 0.11493 1
g6 2 70 g6 2 79 0.331465 0.159495 1
g6 2 79 g6 2 75 0.369659 0.0817193 1
g6 2 67 g6 2 74 0.318046 0.091968 1
g6 2 84 g6 2 75 0.391032 0.0825079 1
g6 2 70 g6 2 74 0.331003 0.0787895 1
g6 2 68 g6 2 74 0.322612 0.138218 1
g6 2 80 g6 2 74 0.373792 0.0904658 1
g6 2 115 g6 2 74 0.526717 0.146904 1
g6 2 74 g6 2 75 0.347712 0.0920864 1
g6 2 66 g6 2 75 0.314323 0.116224 1
g6 2 70 g6 2 74 0.331019 0.116515 1
g6 2 68 g6 2 86 0.321525 0.238972 1
g6 2 86 g6 2 74 0.399698 0.111647 1
g6 2 68 g6 2 74 0.322578 0.0831092 1
g6 2 68 g6 2 74 0.321228 0.086832 1
g6 2 56 g6 2 64 0.271087 0.0933762 1
g6 2 61 g6 2 65 0.292789 0.0761368 1
g6 2 63 g6 2 65 0.301471 0.105658 1
g6 2 99 g6 2 94 0.458095 0.363476 1
g6 2 75 g1 2 48 0.352961 0.249605 1
g6 2 61 g6 2 62 0.291959 0.0327492 1
g6 2 63 g6 2 63 0.301833 0.0631679 1
g6 2 67 g6 2 63 0.317403 0.05762 1
g6 2 64 g6 2 67 0.30538 0.0627893 1
g6 2 71 g6 2 70 0.333873 0.0710151 1
g6 2 76 g6 2 72 0.358023 0.0616743 1
g6 2 71 g6 2 86 0.335636 0.0880207 1
g7 1 73 g7 1 87 0.346494 0.276653 1
g7 1 65 g7 1 83 0.310969 0.214454 1
g7 1 71 g7 1 67 0.3364 0.282719 1
g7 1 73 g7 1 102 0.346139 0.152302 1
g7 1 78 g7 1 66 0.366457 0.281868 1
g7 1 82 g7 1 79 0.384299 0.254095 1
g7 1 66 g7 1 90 0.315694 0.298982 1
g7 1 72 g7 1 73 0.341612 0.12482 1
g7 1 52 g7 1 60 0.255799 0.216389 1
g7 1 63 g3 1 83 0.302164 0.402751 0
g7 1 67 g7 1 65 0.318316 0.216339 1
g7 1 72 g7 1 66 0.340566 0.16338 1
g7 1 69 g7 1 76 0.326797 0.217292 1
g7 1 65 g7 1 56 0.309927 0.176963 1
g7 1 56 g7 1 55 0.270779 0.216631 1
g7 1 64 g7 1 60 0.30533 0.174255 1
g7 1 63 g7 1 55 0.300941 0.159184 1
g7 1 58 g7 1 62 0.280672 0.214683 1
g7 1 60 g7 1 89 0.288582 0.287003 1
g7 1 61 g7 1 54 0.29274 0.1594 1
g7 1 61 g7 1 62 0.292206 0.197077 1
g7 1 54 g7 1 51 0.264058 0.0359672 1
g7 1 75 g1 2 31 0.352105 0.531559 0
g7 1 68 g7 1 69 0.322591 0.227489 1
g7 1 88 g7 1 54 0.40983 0.322716 1
g7 1 72 g7 1 94 0.339672 0.355573 1
g7 1 67 g2 2 44 0.319286 0.433212 0
g7 1 74 g7 1 73 0.348497 0.162263 1
g7 1 70 g1 2 31 0.331621 0.556073 0
g7 1 70 g3 1 130 0.330768 0.527538 0
g7 1 72 g7 1 69 0.339418 0.213634 1
g7 1 85 g7 1 93 0.395589 0.297133 1
g7 1 77 g7 1 88 0.360603 0.299293 1
g7 1 79 g7 1 67 0.370281 0.217543 1
g7 1 90 g7 1 66 0.417222 0.204809 1
g7 1 136 g7 1 88 0.625316 0.278841 1
g7 1 66 g7 1 75 0.315463 0.243261 1
g7 1 67 g7 1 97 0.318818 0.255342 1
g7 1 78 g7 1 97 0.367287 0.302368 1
g7 1 78 g7 1 75 0.367259 0.2283 1
g7 1 88 g7 1 79 0.410333 0.267838 1
g7 1 97 g7 1 91 0.451179 0.194214 1
g7 1 62 g7 1 67 0.297578 0.300022 1
g7 1 101 g7 1 77 0.468681 0.175852 1
g7 1 39 g7 1 67 0.200139 0.363805 1
g7 1 70 g7 1 100 0.331725 0.366107 1
g7 1 72 g7 1 66 0.34094 0.154116 1
g7 1 71 g7 1 60 0.336781 0.27246 1
g7 1 72 g7 1 73 0.340317 0.167207 1
g7 1 96 g7 1 79 0.447566 0.237336 1
g7 1 63 g7 1 57 0.302086 0.30922 1
g7 1 66 g7 1 65 0.314158 0.258674 1
g7 1 84 g7 1 89 0.393101 0.162882 1
g7 1 119 g7 1 91 0.551192 0.298131 1
g7 1 110 g7 1 103 0.511334 0.245886 1
g7 1 105 g7 1 72 0.486043 0.384203 1
g7 1 104 g7 1 103 0.481997 0.223071 1
g7 1 91 g7 1 71 0.422348 0.238848 1
g7 1 99 g7 1 94 0.460869 0.159645 1
g7 1 83 g7 1 93 0.389493 0.211323 1
g7 1 92 g7 1 94 0.429259 0.157543 1
g7 1 88 g7 1 91 0.410262 0.186894 1
g7 1 93 g7 1 94 0.434112 0.166753 1
