g1 2 24 g6 2 32 0.073812 0.17794 0
g1 2 23 g6 2 34 0.072363 0.194198 0
g1 2 27 g6 2 25 0.080273 0.15724 0
g1 2 42 g1 2 24 0.124667 0.123816 0
g1 2 33 g2 2 17 0.096279 0.187198 0
g1 2 29 g1 2 25 0.084748 0.155603 0
g1 2 31 g1 2 28 0.090046 0.130341 0
g1 2 20 g1 2 27 0.065371 0.114622 0
g1 2 24 g1 2 33 0.073667 0.163865 0
g1 2 28 g1 2 25 0.083481 0.160339 0
g1 2 21 g1 2 31 0.067411 0.14073 0
g1 2 26 g1 2 22 0.078222 0.114373 0
g1 2 25 g1 2 25 0.07571 0.0740661 0
g1 2 25 g1 2 25 0.075923 0.125881 0
g1 2 28 g1 2 25 0.082612 0.0868187 0
g1 2 54 g6 2 38 0.140073 0.204369 0
g1 2 26 g1 2 22 0.078073 0.0972668 1
g1 2 37 g6 2 36 0.104847 0.215971 0
g1 2 20 g6 2 31 0.066175 0.134031 0
g1 2 24 g6 2 34 0.073772 0.199984 0
g1 2 21 g6 2 32 0.067636 0.150999 0
g1 2 28 g6 2 30 0.084989 0.173621 0
g1 2 22 g2 2 17 0.070161 0.193526 0
g1 2 24 g1 2 19 0.073382 0.0891945 1
g1 2 23 g1 2 20 0.071399 0.0969903 0
g1 2 32 g1 2 29 0.092368 0.134032 0
g1 2 30 g1 2 26 0.087601 0.148789 0
g1 2 39 g1 2 26 0.108806 0.259161 0
g1 2 29 g1 2 24 0.084919 0.203512 0
g1 2 29 g1 2 37 0.084887 0.106583 0
g1 2 23 g1 2 25 0.071472 0.0915781 1
g1 2 23 g1 2 24 0.071583 0.174426 0
g1 2 19 g1 2 26 0.063267 0.085179 1
g1 2 28 g1 2 28 0.083003 0.210505 0
g1 2 23 g1 2 29 0.071945 0.236403 0
g1 2 24 g1 2 24 0.074094 0.164906 0
g1 2 30 g1 2 24 0.087451 0.170312 0
g1 2 24 g1 2 26 0.073461 0.146705 0
g1 2 22 g1 2 23 0.06991 0.160308 0
g1 2 23 g1 2 24 0.071524 0.136293 0
g1 2 26 g1 2 26 0.078031 0.157024 0
g1 2 28 g1 2 28 0.083685 0.208836 0
g1 2 23 g1 2 25 0.071611 0.184867 0
g1 2 24 g1 2 24 0.073603 0.181988 0
g1 2 28 g1 2 24 0.082424 0.185135 0
g1 2 21 g1 2 28 0.067453 0.252151 0
g1 2 26 g6 2 36 0.078463 0.200933 0
g1 2 28 g6 2 34 0.082351 0.212761 0
g1 2 22 g6 2 37 0.069521 0.187049 0
g1 2 27 g6 2 34 0.080392 0.136433 0
g1 2 37 g2 2 17 0.10574 0.214004 0
g1 2 25 g6 2 25 0.076337 0.166234 0
g1 2 33 g2 2 17 0.09511 0.175786 0
g1 2 22 g1 2 18 0.069499 0.0772465 1
g1 2 20 g1 2 18 0.065015 0.0702443 1
g1 2 16 g1 2 17 0.056969 0.0958116 0
g1 2 16 g1 2 16 0.057256 0.0742667 1
g1 2 17 g1 2 17 0.059314 0.0748685 1
g1 2 17 g1 2 17 0.059216 0.0620692 1
g1 2 19 g1 2 18 0.062945 0.0683333 1
g1 2 16 g1 2 17 0.057194 0.105744 0
g2 2 15 g2 2 14 0.055617 0.102187 0
g2 2 15 g2 2 14 0.054965 0.10185 0
g2 2 17 g2 2 17 0.059156 0.181372 0
g2 2 14 g2 2 14 0.052631 0.155059 0
g2 2 15 g2 2 14 0.055203 0.154887 0
g2 2 13 g2 2 17 0.051005 0.164817 0
g2 2 14 g2 2 14 0.052721 0.13909 0
g2 2 15 g2 2 14 0.055135 0.110691 0
g2 2 15 g2 2 14 0.055096 0.179236 0
g2 2 29 g2 2 26 0.085281 0.139318 0
g2 2 16 g2 2 14 0.057187 0.110161 0
g2 2 15 g2 2 14 0.05506 0.100015 0
g2 2 15 g2 2 14 0.054917 0.119707 0
g2 2 16 g2 2 14 0.057294 0.121027 0
g2 2 16 g2 2 14 0.056993 0.173813 0
g2 2 15 g2 2 14 0.054861 0.140784 0
g2 2 12 g2 2 17 0.04862 0.269356 0
g2 2 15 g2 2 14 0.054991 0.092682 1
g2 2 16 g2 2 14 0.057519 0.101305 0
g2 2 15 g2 2 14 0.054961 0.158697 0
g2 2 16 g2 2 14 0.057022 0.13721 0
g2 2 16 g2 2 14 0.057032 0.214676 0
g2 2 14 g2 2 14 0.052787 0.148629 0
g2 2 17 g2 2 14 0.05956 0.10577 0
g2 2 18 g2 2 17 0.06094 0.169768 0
g2 2 15 g2 2 14 0.054915 0.174605 0
g2 2 15 g2 2 17 0.054886 0.236373 0
g2 2 16 g2 2 14 0.057123 0.175869 0
g2 2 18 g2 2 14 0.060658 0.137793 0
g2 2 31 g2 2 28 0.090742 0.126317 0
g2 2 28 g2 2 27 0.082853 0.154631 0
g2 2 29 g2 2 26 0.085647 0.139835 0
g2 2 25 g2 2 26 0.076855 0.145608 0
g2 2 20 g2 2 21 0.06536 0.141188 0
g2 2 22 g2 2 21 0.069633 0.116212 0
g2 2 32 g2 2 29 0.094885 0.128335 0
g2 2 23 g2 2 21 0.07177 0.096611 0
g2 2 20 g2 2 21 0.06529 0.0919244 1
g2 2 19 g2 2 21 0.063012 0.0917693 1
g2 2 21 g2 2 21 0.065734 0.0850921 1
g2 2 20 g2 2 21 0.067272 0.0905802 0
g2 2 21 g2 2 21 0.06754 0.0696447 1
g2 2 19 g2 2 21 0.064545 0.111867 0
g2 2 22 g2 2 21 0.073346 0.0774176 1
g2 2 22 g2 2 21 0.069561 0.0948557 1
g2 2 25 g2 2 23 0.075754 0.152061 0
g2 2 17 g2 2 24 0.059042 0.137865 0
g2 2 22 g2 2 21 0.069399 0.0837894 0
g2 2 42 g2 2 28 0.118312 0.160804 0
g2 2 22 g2 2 22 0.069977 0.0964792 0
g2 2 27 g2 2 23 0.080158 0.0798759 1
g2 2 27 g1 2 31 0.080306 0.219936 0
g2 2 21 g2 2 21 0.067271 0.115142 0
g2 2 19 g2 2 21 0.06453 0.0974426 0
g2 2 24 g1 2 33 0.073302 0.127458 0
g2 2 22 g2 2 21 0.069405 0.112631 0
g2 2 26 g1 2 27 0.077445 0.202682 0
g2 2 24 g2 2 28 0.073749 0.128112 0
g2 2 21 g2 2 29 0.067457 0.125182 0
g2 2 29 g2 2 28 0.085126 0.116633 0
g2 2 19 g2 2 21 0.063118 0.102651 0
g2 2 21 g1 2 33 0.067713 0.312074 0
g2 2 30 g2 2 25 0.087385 0.164235 0
g2 2 16 g2 2 14 0.057371 0.14913 0
g2 2 14 g2 2 14 0.052829 0.130177 0
g2 2 15 g2 2 14 0.055571 0.0820335 0
g3 1 36 g3 1 46 0.10492 0.333223 0
g3 1 35 g3 1 43 0.101409 0.221946 0
g3 1 49 g3 1 42 0.133834 0.30178 0
g3 1 52 g3 1 37 0.14189 0.246502 0
g3 1 55 g1 2 30 0.146405 0.418822 0
g3 1 49 g3 1 37 0.1356 0.259881 0
g3 1 47 g3 1 42 0.129244 0.382952 0
g3 1 47 g3 1 41 0.131076 0.282962 0
g3 1 44 g3 1 45 0.122821 0.289696 0
g3 1 43 g3 1 46 0.122169 0.297558 0
g3 1 44 g3 1 57 0.122355 0.28128 0
g3 1 47 g3 1 46 0.129026 0.232351 0
g3 1 46 g3 1 43 0.126802 0.247889 0
g3 1 47 g3 1 64 0.130109 0.222787 0
g3 1 44 g3 1 47 0.123698 0.51036 0
g3 1 44 g3 1 40 0.122296 0.258832 0
g3 1 41 g3 1 42 0.116421 0.209816 0
g3 1 56 g1 2 26 0.15529 0.386249 0
g3 1 48 g3 1 41 0.132223 0.251072 0
g3 1 48 g3 1 42 0.133237 0.221803 0
g3 1 50 g3 1 47 0.137604 0.226277 0
g3 1 48 g3 1 57 0.133988 0.221905 0
g3 1 46 g3 1 41 0.127862 0.25135 0
g3 1 43 g3 1 37 0.122607 0.253234 0
g3 1 47 g3 1 42 0.130527 0.316508 0
g3 1 44 g3 1 38 0.122493 0.28715 0
g3 1 50 g3 1 53 0.13827 0.32382 0
g3 1 66 g3 1 42 0.17574 0.284562 0
g3 1 58 g1 2 35 0.158374 0.4447 0
g3 1 50 g3 1 39 0.136805 0.201403 0
g3 1 57 g3 1 60 0.154116 0.228523 0
g3 1 53 g3 1 41 0.144396 0.280706 0
g3 1 49 g3 1 40 0.134864 0.220627 0
g3 1 51 g3 1 42 0.140113 0.247319 0
g3 1 52 g3 1 47 0.140859 0.263802 0
g3 1 50 g3 1 59 0.136576 0.273868 0
g3 1 51 g3 1 32 0.141494 0.32566 0
g3 1 59 g3 1 69 0.156703 0.265699 0
g3 1 61 g3 1 69 0.161774 0.260838 0
g3 1 46 g3 1 43 0.128188 0.385294 0
g3 1 28 g3 1 47 0.096878 0.823248 0
g3 1 49 g3 1 44 0.136412 0.300426 0
g3 1 42 g3 1 40 0.119287 0.212795 0
g3 1 40 g3 1 41 0.112023 0.20749 0
g3 1 42 g3 1 42 0.116329 0.230677 0
g3 1 44 g3 1 47 0.120729 0.308949 0
g3 1 39 g3 1 38 0.110797 0.342217 0
g3 1 43 g3 1 42 0.120953 0.173902 0
g3 1 40 g3 1 37 0.11402 0.222896 0
g3 1 39 g3 1 47 0.11167 0.313576 0
g3 1 43 g3 1 47 0.119781 0.257709 0
g4 2 37 g4 2 31 0.105096 0.214003 0
g4 2 37 g4 2 42 0.105331 0.0776266 1
g4 2 44 g4 2 45 0.122785 0.166957 0
g4 2 44 g4 2 42 0.122498 0.168567 0
g4 2 41 g4 2 46 0.114893 0.126684 0
g4 2 42 g4 2 51 0.117551 0.146778 0
g4 2 50 g3 1 44 0.138035 0.269455 0
g4 2 42 g4 2 42 0.11776 0.171182 0
g4 2 49 g4 2 48 0.135095 0.160702 0
g4 2 47 g4 2 49 0.129745 0.169863 0
g4 2 46 g4 2 46 0.127402 0.137917 0
g4 2 48 g4 2 51 0.132731 0.118121 0
g4 2 52 g4 2 51 0.142394 0.0872918 1
g4 2 45 g4 2 31 0.124414 0.128089 0
g4 2 30 g4 2 43 0.086823 0.145188 0
g4 2 31 g4 2 30 0.089673 0.0783236 1
g4 2 30 g4 2 29 0.087145 0.0842569 1
g4 2 33 g4 2 34 0.095287 0.155891 0
g4 2 31 g4 2 33 0.089935 0.107021 0
g4 2 34 g4 2 34 0.098627 0.120714 0
g4 2 35 g4 2 40 0.100834 0.0921291 1
g4 2 36 g4 2 32 0.102749 0.107127 0
g4 2 40 g4 2 48 0.112451 0.157677 0
g4 2 30 g4 2 32 0.08702 0.11523 0
g4 2 37 g4 2 35 0.105672 0.0999789 0
g4 2 37 g4 2 37 0.105119 0.0565179 1
g4 2 41 g4 2 36 0.114918 0.0927801 0
g4 2 41 g4 2 43 0.114534 0.114147 0
g4 2 46 g4 2 32 0.126525 0.101447 0
g4 2 46 g4 2 34 0.1271 0.113267 0
g4 2 31 g4 2 37 0.089446 0.0959691 1
g4 2 31 g4 2 33 0.090066 0.104216 0
g4 2 33 g4 2 34 0.095642 0.089046 0
g4 2 34 g4 2 34 0.098042 0.140114 0
g4 2 45 g4 2 34 0.124589 0.10591 0
g4 2 42 g4 2 34 0.117167 0.195535 0
g4 2 46 g4 2 41 0.127212 0.155241 0
g4 2 33 g4 2 32 0.095607 0.0741323 1
g4 2 45 g4 2 41 0.124934 0.101616 0
g4 2 50 g4 2 41 0.13657 0.114166 0
g4 2 41 g4 2 42 0.114897 0.0754929 1
g4 2 45 g4 2 32 0.124031 0.102621 0
g5 2 43 g5 2 48 0.120988 0.0971744 0
g5 2 45 g5 2 44 0.125381 0.0816019 1
g5 2 44 g5 2 52 0.12396 0.109662 0
g5 2 42 g5 2 52 0.117692 0.124991 0
g5 2 36 g5 2 50 0.10459 0.17394 0
g5 2 42 g5 2 50 0.119274 0.10384 0
g5 2 41 g4 2 34 0.115439 0.196252 0
g5 2 46 g5 2 50 0.128579 0.189313 0
g5 2 40 g5 2 51 0.113961 0.211937 0
g5 2 33 g5 2 32 0.09683 0.123541 0
g5 2 35 g5 2 35 0.101291 0.127559 0
g5 2 41 g5 2 35 0.11563 0.116069 0
g5 2 34 g5 2 33 0.098794 0.167177 0
g5 2 36 g4 2 31 0.104326 0.194451 0
g5 2 43 g5 2 51 0.120738 0.16659 0
g5 2 39 g5 2 52 0.110378 0.223702 0
g5 2 38 g5 2 51 0.108103 0.17723 0
g5 2 35 g5 2 35 0.101133 0.193171 0
g5 2 38 g5 2 51 0.108482 0.171682 0
g5 2 38 g4 2 31 0.108427 0.179745 0
g5 2 39 g5 2 51 0.111084 0.145158 0
g5 2 38 g4 2 31 0.108775 0.182144 0
g5 2 39 g4 2 36 0.110666 0.223905 0
g5 2 38 g5 2 50 0.108801 0.172716 0
g5 2 41 g5 2 50 0.116267 0.134535 0
g5 2 41 g5 2 54 0.115901 0.156904 0
g5 2 39 g4 2 31 0.110937 0.154788 0
g5 2 39 g5 2 54 0.110694 0.169673 0
g5 2 40 g5 2 51 0.113142 0.220685 0
g5 2 40 g5 2 51 0.113282 0.173265 0
g5 2 38 g4 2 31 0.108386 0.184001 0
g5 2 39 g5 2 50 0.111116 0.134244 0
g5 2 37 g5 2 45 0.106677 0.133308 0
g5 2 39 g5 2 50 0.11211 0.152698 0
g5 2 39 g5 2 49 0.111474 0.14648 0
g5 2 43 g5 2 49 0.121133 0.105347 0
g5 2 55 g5 2 51 0.150133 0.123206 0
g5 2 40 g5 2 49 0.11428 0.0955829 0
g5 2 47 g5 2 52 0.1298 0.083783 1
g5 2 47 g5 2 49 0.13158 0.126546 0
g5 2 50 g5 2 59 0.138956 0.137976 0
g5 2 47 g5 2 55 0.131337 0.0960784 0
g5 2 47 g5 2 54 0.131776 0.106638 0
g5 2 50 g5 2 51 0.138348 0.100387 0
g5 2 47 g5 2 48 0.131378 0.0650965 1
g6 2 40 g6 2 38 0.112176 0.083175 0
g6 2 39 g6 2 38 0.109453 0.0953195 0
g6 2 42 g6 2 38 0.115763 0.0928561 0
g6 2 41 g6 2 34 0.11464 0.186681 0
g6 2 35 g6 2 38 0.101894 0.0746636 1
g6 2 34 g6 2 34 0.098072 0.133747 0
g6 2 37 g6 2 38 0.104758 0.0972487 0
g6 2 38 g6 2 38 0.10687 0.13291 0
g6 2 36 g6 2 38 0.102813 0.106651 0
g6 2 32 g6 2 38 0.092503 0.106965 0
g6 2 39 g6 2 37 0.109834 0.158648 0
g6 2 42 g6 2 59 0.116778 0.0806673 0
g6 2 41 g6 2 41 0.114765 0.0722909 1
g6 2 31 g6 2 38 0.09079 0.121881 0
g6 2 36 g6 2 41 0.103044 0.165956 0
g6 2 41 g6 2 39 0.114549 0.0874991 1
g6 2 35 g6 2 38 0.100395 0.0999042 0
g6 2 43 g6 2 39 0.119297 0.0893298 1
g6 2 36 g6 2 38 0.102732 0.0858735 1
g6 2 35 g6 2 38 0.100451 0.143103 0
g6 2 41 g6 2 38 0.114526 0.0953615 0
g6 2 56 g6 2 38 0.151216 0.112614 0
g6 2 38 g6 2 39 0.107891 0.102929 0
g6 2 34 g6 2 39 0.097706 0.12231 0
g6 2 36 g6 2 38 0.102767 0.120256 0
g6 2 35 g6 2 44 0.100207 0.250265 0
g6 2 44 g6 2 38 0.121602 0.115719 0
g6 2 35 g6 2 38 0.101301 0.0915789 0
g6 2 35 g6 2 38 0.099984 0.0938618 0
g6 2 29 g6 2 33 0.084781 0.102225 0
g6 2 32 g6 2 34 0.092461 0.0872025 0
g6 2 33 g6 2 34 0.095795 0.119237 0
g6 2 51 g6 2 49 0.139986 0.354557 0
g6 2 39 g1 2 25 0.110016 0.256252 0
g6 2 32 g6 2 33 0.092209 0.0489091 1
g6 2 33 g6 2 35 0.09541 0.0869931 1
g6 2 35 g6 2 35 0.100555 0.0761341 1
g6 2 33 g6 2 35 0.095633 0.0791336 1
g6 2 37 g6 2 36 0.104785 0.0803105 0
g6 2 39 g6 2 37 0.109634 0.0712027 0
g6 2 37 g6 2 44 0.104735 0.0961247 0
g7 1 37 g7 1 44 0.107427 0.284241 0
g7 1 34 g7 1 42 0.09927 0.224965 0
g7 1 37 g7 1 39 0.105475 0.323346 0
g7 1 38 g7 1 52 0.109259 0.162606 0
g7 1 40 g7 1 34 0.112756 0.290341 0
g7 1 41 g7 1 41 0.117274 0.267993 0
g7 1 34 g7 1 46 0.098803 0.307843 0
g7 1 35 g7 1 36 0.103063 0.13242 0
g7 1 27 g7 1 31 0.080412 0.229789 0
g7 1 32 g3 1 40 0.094949 0.432231 0
g7 1 34 g7 1 33 0.099826 0.228633 0
g7 1 36 g7 1 34 0.104923 0.171633 0
g7 1 36 g7 1 39 0.102842 0.221973 0
g7 1 34 g7 1 29 0.096516 0.191086 0
g7 1 29 g7 1 29 0.084642 0.22992 0
g7 1 33 g7 1 31 0.095907 0.183853 0
g7 1 33 g7 1 28 0.097754 0.179065 0
g7 1 30 g7 1 32 0.087211 0.223571 0
g7 1 31 g7 1 29 0.089705 0.24925 0
g7 1 31 g7 1 28 0.091067 0.164834 0
g7 1 31 g7 1 32 0.091084 0.209471 0
g7 1 27 g7 1 27 0.082397 0.0629575 1
g7 1 39 g1 2 17 0.110709 0.578516 0
g7 1 35 g7 1 35 0.09914 0.240379 0
g7 1 45 g7 1 28 0.124254 0.33521 0
g7 1 37 g7 1 48 0.104237 0.365188 0
g7 1 34 g2 2 23 0.098275 0.458612 0
g7 1 38 g7 1 37 0.10793 0.169295 0
g7 1 35 g1 2 17 0.102024 0.602471 0
g7 1 36 g7 1 38 0.10147 0.375783 0
g7 1 36 g7 1 36 0.102357 0.21929 0
g7 1 44 g7 1 47 0.12222 0.305902 0
g7 1 39 g7 1 43 0.111153 0.305301 0
g7 1 40 g7 1 35 0.11327 0.224363 0
g7 1 46 g7 1 33 0.127421 0.209283 0
g7 1 68 g7 1 43 0.175964 0.286404 0
g7 1 34 g7 1 51 0.098172 0.34738 0
g7 1 35 g7 1 46 0.099699 0.270879 0
g7 1 39 g7 1 50 0.111862 0.307819 0
g7 1 40 g7 1 39 0.112571 0.23487 0
g7 1 45 g7 1 41 0.12547 0.28276 0
g7 1 48 g7 1 45 0.135258 0.196207 0
g7 1 32 g7 1 34 0.092753 0.314379 0
g7 1 50 g7 1 40 0.138736 0.185094 0
g7 1 21 g7 1 36 0.066995 0.36312 0
g7 1 35 g7 1 51 0.102275 0.377438 0
g7 1 36 g7 1 34 0.104577 0.159756 0
g7 1 36 g7 1 31 0.104446 0.279676 0
g7 1 37 g7 1 31 0.105288 0.22345 0
g7 1 49 g7 1 41 0.135094 0.244665 0
g7 1 33 g7 1 29 0.096625 0.332379 0
g7 1 33 g7 1 33 0.096891 0.272874 0
g7 1 42 g7 1 45 0.118565 0.170913 0
g7 1 61 g7 1 45 0.16574 0.305385 0
g7 1 56 g7 1 52 0.152496 0.246406 0
g7 1 54 g7 1 37 0.147809 0.398754 0
g7 1 53 g7 1 52 0.145262 0.231176 0
g7 1 35 g7 1 35 0.114771 0.242307 0
g7 1 51 g7 1 48 0.140252 0.167855 0
g7 1 43 g7 1 47 0.119844 0.222068 0
g7 1 47 g7 1 48 0.129524 0.168317 0
g7 1 45 g7 1 45 0.124829 0.191058 0
g7 1 47 g7 1 48 0.131002 0.173907 0
