g1 2 44 g6 2 60 0.215952 0.160914 0
g1 2 42 g6 2 64 0.207537 0.172727 0
g1 2 50 g6 2 48 0.240597 0.125289 1
g1 2 100 g1 2 43 0.448454 0.129417 0
g1 2 61 g2 2 30 0.288173 0.183151 0
g1 2 54 g1 2 46 0.256181 0.142534 0
g1 2 58 g1 2 46 0.273619 0.113158 1
g1 2 35 g1 2 50 0.180064 0.0970448 1
g1 2 44 g1 2 40 0.215879 0.122193 0
g1 2 52 g1 2 46 0.248105 0.153201 0
g1 2 37 g1 2 40 0.187948 0.117398 1
g1 2 48 g1 2 40 0.231582 0.0942005 1
g1 2 46 g1 2 46 0.224014 0.0653767 1
g1 2 45 g1 2 44 0.219536 0.0742529 1
g1 2 51 g1 2 46 0.244111 0.0742867 1
g1 2 109 g6 2 71 0.486581 0.199637 0
g1 2 47 g1 2 40 0.228662 0.0893916 1
g1 2 69 g6 2 68 0.32043 0.192761 0
g1 2 35 g6 2 69 0.179951 0.134836 0
g1 2 44 g6 2 64 0.217231 0.180735 0
g1 2 37 g6 2 49 0.188767 0.127242 1
g1 2 52 g6 2 55 0.247639 0.15502 0
g1 2 40 g2 2 45 0.201025 0.175992 0
g1 2 43 g1 2 36 0.21218 0.0701902 1
g1 2 41 g1 2 36 0.205085 0.0729246 1
g1 2 59 g1 2 54 0.276864 0.125942 0
g1 2 56 g1 2 47 0.264333 0.139616 0
g1 2 73 g1 2 47 0.334733 0.242762 0
g1 2 53 g1 2 43 0.25196 0.194021 0
g1 2 54 g1 2 69 0.25649 0.100994 1
g1 2 41 g1 2 46 0.204191 0.0782365 1
g1 2 42 g1 2 43 0.207095 0.156364 0
g1 2 33 g1 2 48 0.17239 0.0612619 1
g1 2 51 g1 2 52 0.243307 0.197634 0
g1 2 41 g1 2 54 0.204737 0.226619 0
g1 2 44 g1 2 43 0.215514 0.145674 0
g1 2 55 g1 2 43 0.260157 0.154799 0
g1 2 44 g1 2 43 0.215061 0.14882 0
g1 2 39 g1 2 41 0.195332 0.156408 0
g1 2 41 g1 2 43 0.204224 0.113863 1
g1 2 47 g1 2 48 0.228009 0.148519 0
g1 2 51 g1 2 52 0.243658 0.204624 0
g1 2 42 g1 2 43 0.20847 0.206752 0
g1 2 44 g1 2 43 0.215222 0.166897 0
g1 2 51 g1 2 43 0.244354 0.152267 0
g1 2 38 g1 2 52 0.191903 0.225632 0
g1 2 48 g6 2 67 0.231651 0.191866 0
g1 2 51 g6 2 63 0.24291 0.186925 0
g1 2 39 g6 2 70 0.195594 0.163582 0
g1 2 50 g6 2 64 0.240726 0.123351 1
g1 2 70 g2 2 30 0.324147 0.211961 0
g1 2 46 g6 2 48 0.224117 0.140177 0
g1 2 62 g2 2 30 0.290604 0.158839 0
g1 2 40 g1 2 30 0.199105 0.104996 1
g1 2 36 g1 2 32 0.183144 0.0552752 1
g1 2 27 g1 2 30 0.144677 0.0717766 1
g1 2 27 g1 2 27 0.144591 0.0584145 1
g1 2 29 g1 2 30 0.15278 0.0570191 1
g1 2 29 g1 2 29 0.152183 0.0497548 1
g1 2 34 g1 2 32 0.175975 0.0552609 1
g1 2 27 g1 2 27 0.144622 0.0585002 1
g2 2 26 g2 2 24 0.14108 0.080774 1
g2 2 26 g2 2 24 0.140395 0.0829627 1
g2 2 29 g2 2 30 0.152638 0.150494 0
g2 2 24 g2 2 24 0.132725 0.147788 0
g2 2 25 g2 2 24 0.136611 0.131777 1
g2 2 21 g2 2 30 0.122374 0.144918 0
g2 2 24 g2 2 24 0.133366 0.121557 0
g2 2 25 g2 2 24 0.136979 0.0897749 1
g2 2 26 g2 2 24 0.141089 0.147597 0
g2 2 53 g2 2 48 0.252717 0.12162 0
g2 2 27 g2 2 24 0.144726 0.0821964 1
g2 2 26 g2 2 24 0.140818 0.0848221 1
g2 2 26 g2 2 24 0.140759 0.105094 0
g2 2 27 g2 2 24 0.145504 0.108519 1
g2 2 28 g2 2 24 0.14897 0.168705 0
g2 2 25 g2 2 24 0.136735 0.128441 0
g2 2 19 g2 2 30 0.112945 0.230905 0
g2 2 25 g2 2 24 0.136829 0.0748435 1
g2 2 27 g2 2 24 0.145166 0.0862481 1
g2 2 25 g2 2 24 0.137593 0.132325 0
g2 2 28 g2 2 24 0.14854 0.127187 1
g2 2 28 g2 2 24 0.148595 0.202375 0
g2 2 24 g2 2 24 0.132977 0.140708 0
g2 2 29 g2 2 24 0.153369 0.0773327 1
g2 2 31 g2 2 30 0.160288 0.157309 0
g2 2 26 g2 2 24 0.140283 0.142029 0
g2 2 25 g2 2 30 0.136746 0.218193 0
g2 2 28 g2 2 24 0.148881 0.144577 0
g2 2 32 g2 2 24 0.166383 0.120105 1
g2 2 57 g2 2 51 0.269281 0.113447 1
g2 2 52 g1 2 29 0.248466 0.207128 0
g2 2 53 g2 2 48 0.253555 0.113228 1
g2 2 46 g1 2 41 0.224459 0.255285 0
g2 2 36 g2 2 40 0.18349 0.0945646 1
g2 2 40 g2 2 37 0.199741 0.0997305 1
g2 2 62 g2 2 51 0.290246 0.105391 1
g2 2 41 g2 2 37 0.204529 0.0860249 1
g2 2 35 g2 2 42 0.180455 0.0785681 1
g2 2 34 g2 2 37 0.175849 0.0735559 1
g2 2 37 g2 2 42 0.188258 0.0676064 1
g2 2 37 g2 2 37 0.192359 0.0543996 1
g2 2 39 g2 2 37 0.195802 0.0563116 1
g2 2 37 g2 2 37 0.188513 0.0944887 1
g2 2 39 g2 2 37 0.195697 0.0661056 1
g2 2 40 g2 2 42 0.199929 0.0699725 1
g2 2 45 g2 2 42 0.218782 0.125056 1
g2 2 29 g2 2 40 0.153355 0.117702 1
g2 2 40 g2 2 37 0.199718 0.0587943 1
g2 2 82 g2 2 51 0.376748 0.159875 0
g2 2 39 g2 2 40 0.195474 0.0776896 1
g2 2 50 g2 2 42 0.239757 0.0686868 1
g2 2 50 g1 2 48 0.240343 0.208267 0
g2 2 38 g2 2 37 0.1922 0.097143 1
g2 2 35 g2 2 42 0.17994 0.0715669 1
g2 2 43 g1 2 62 0.211169 0.112596 0
g2 2 39 g2 2 42 0.195916 0.0883543 1
g2 2 47 g1 2 50 0.228201 0.190312 0
g2 2 44 g2 2 51 0.216334 0.108911 1
g2 2 38 g2 2 54 0.191684 0.10608 1
g2 2 54 g2 2 51 0.256369 0.109573 0
g2 2 33 g2 2 37 0.172462 0.083846 1
g2 2 38 g1 2 55 0.192134 0.278588 0
g2 2 56 g2 2 46 0.263744 0.160661 0
g2 2 27 g2 2 24 0.14455 0.129458 1
g2 2 24 g2 2 24 0.133116 0.118578 1
g2 2 26 g2 2 24 0.140931 0.0644475 1
g3 1 69 g3 1 72 0.320577 0.316273 0
g3 1 66 g3 1 82 0.307389 0.190213 0
g3 1 93 g3 1 79 0.422851 0.296692 0
g3 1 100 g3 1 71 0.451636 0.236355 0
g3 1 105 g1 2 55 0.474507 0.423074 0
g3 1 94 g3 1 71 0.427198 0.254154 0
g3 1 89 g3 1 70 0.405325 0.276936 0
g3 1 91 g3 1 80 0.415107 0.273393 0
g3 1 84 g3 1 85 0.383467 0.278647 0
g3 1 85 g3 1 90 0.386263 0.283675 0
g3 1 86 g3 1 104 0.392478 0.250977 0
g3 1 90 g3 1 79 0.40974 0.20536 0
g3 1 90 g3 1 84 0.409892 0.23957 0
g3 1 90 g3 1 125 0.411575 0.213121 0
g3 1 88 g3 1 76 0.398847 0.475727 0
g3 1 84 g3 1 72 0.385715 0.242721 0
g3 1 78 g3 1 79 0.35815 0.195477 0
g3 1 111 g1 2 47 0.500928 0.354061 0
g3 1 93 g3 1 80 0.425739 0.243617 0
g3 1 93 g3 1 83 0.422962 0.208777 0
g3 1 97 g3 1 89 0.44031 0.214353 0
g3 1 91 g3 1 112 0.414577 0.215496 0
g3 1 90 g3 1 80 0.409067 0.237226 0
g3 1 83 g3 1 71 0.379055 0.250708 0
g3 1 89 g3 1 79 0.40714 0.300822 0
g3 1 86 g3 1 75 0.390566 0.281679 0
g3 1 97 g3 1 110 0.439163 0.295255 0
g3 1 130 g3 1 82 0.58093 0.284261 0
g3 1 112 g3 1 87 0.504962 0.287481 0
g3 1 95 g3 1 78 0.430854 0.19328 0
g3 1 109 g3 1 118 0.49245 0.217483 0
g3 1 102 g3 1 80 0.459995 0.268437 0
g3 1 95 g3 1 76 0.430147 0.211657 0
g3 1 98 g3 1 83 0.446267 0.232041 0
g3 1 99 g3 1 89 0.448356 0.239975 0
g3 1 96 g3 1 81 0.436868 0.262869 0
g3 1 100 g7 1 75 0.453695 0.43396 0
g3 1 113 g3 1 138 0.50795 0.259061 0
g3 1 118 g3 1 138 0.531505 0.252984 0
g3 1 90 g3 1 82 0.407237 0.368885 0
g3 1 74 g3 1 66 0.339824 0.834601 0
g3 1 95 g3 1 83 0.430018 0.274813 0
g3 1 83 g3 1 77 0.378611 0.211947 0
g3 1 75 g3 1 78 0.344648 0.188616 0
g3 1 79 g3 1 79 0.362691 0.209933 0
g3 1 84 g3 1 89 0.382062 0.288825 0
g3 1 75 g3 1 75 0.3429 0.323432 0
g3 1 83 g3 1 82 0.379743 0.167859 0
g3 1 77 g3 1 72 0.352749 0.214258 0
g3 1 76 g3 1 89 0.348474 0.294233 0
g3 1 82 g3 1 89 0.373656 0.248577 0
g4 2 69 g4 2 57 0.31837 0.191123 0
g4 2 69 g4 2 80 0.318627 0.0660167 1
g4 2 84 g4 2 85 0.382278 0.161414 0
g4 2 83 g4 2 80 0.37856 0.161243 0
g4 2 78 g4 2 88 0.357604 0.117795 1
g4 2 79 g4 2 97 0.361772 0.13937 0
g4 2 98 g3 1 87 0.442921 0.254056 0
g4 2 79 g4 2 80 0.36109 0.157149 0
g4 2 93 g4 2 92 0.422039 0.149584 0
g4 2 91 g4 2 93 0.411916 0.163987 0
g4 2 87 g4 2 88 0.394507 0.135221 0
g4 2 92 g4 2 97 0.419012 0.111199 0
g4 2 100 g4 2 99 0.451932 0.0772027 1
g4 2 87 g4 2 53 0.395177 0.0994266 1
g4 2 55 g4 2 65 0.259302 0.116808 1
g4 2 58 g4 2 55 0.272183 0.0715552 1
g4 2 55 g4 2 53 0.259588 0.0751592 1
g4 2 61 g4 2 64 0.284536 0.142849 0
g4 2 57 g4 2 62 0.267616 0.0996441 1
g4 2 63 g4 2 64 0.293501 0.105019 1
g4 2 65 g4 2 76 0.302904 0.0836168 1
g4 2 67 g4 2 76 0.309722 0.0981991 1
g4 2 75 g4 2 93 0.343876 0.148781 0
g4 2 55 g4 2 60 0.258624 0.103583 1
g4 2 70 g4 2 65 0.323238 0.0884289 1
g4 2 70 g4 2 70 0.322738 0.0475186 1
g4 2 78 g4 2 68 0.355924 0.0850483 1
g4 2 77 g4 2 81 0.352693 0.108874 1
g4 2 90 g4 2 60 0.405694 0.0948221 1
g4 2 88 g4 2 64 0.398591 0.103041 1
g4 2 57 g4 2 70 0.267572 0.0813742 1
g4 2 57 g4 2 61 0.268429 0.0911389 1
g4 2 61 g4 2 64 0.28538 0.0745925 1
g4 2 64 g4 2 64 0.298178 0.125211 1
g4 2 85 g4 2 64 0.385181 0.0978542 1
g4 2 80 g4 2 64 0.364863 0.184858 0
g4 2 87 g4 2 77 0.395342 0.144483 0
g4 2 62 g4 2 60 0.289313 0.0668608 1
g4 2 86 g4 2 77 0.390366 0.0981559 1
g4 2 98 g4 2 77 0.442181 0.10866 1
g4 2 78 g4 2 80 0.35689 0.0673156 1
g4 2 86 g4 2 60 0.390073 0.0945725 1
g5 2 82 g5 2 92 0.376067 0.0888844 1
g5 2 85 g5 2 83 0.387065 0.0766654 1
g5 2 83 g5 2 99 0.381338 0.104034 1
g5 2 80 g5 2 99 0.366869 0.115317 1
g5 2 67 g5 2 96 0.312562 0.158796 0
g5 2 79 g5 2 96 0.364785 0.0914223 1
g5 2 78 g4 2 63 0.357903 0.186761 0
g5 2 87 g5 2 96 0.396901 0.173141 0
g5 2 76 g5 2 98 0.349976 0.205094 0
g5 2 62 g5 2 60 0.290079 0.115852 1
g5 2 66 g5 2 66 0.306775 0.116191 1
g5 2 78 g5 2 66 0.359203 0.107979 1
g5 2 64 g5 2 80 0.29964 0.141213 1
g5 2 67 g4 2 58 0.310792 0.184074 0
g5 2 81 g5 2 98 0.371333 0.160284 0
g5 2 74 g5 2 66 0.340075 0.202666 0
g5 2 71 g5 2 98 0.328015 0.170467 0
g5 2 66 g5 2 66 0.307349 0.177696 0
g5 2 71 g5 2 98 0.329722 0.163221 0
g5 2 71 g4 2 57 0.327506 0.167461 0
g5 2 73 g5 2 97 0.337546 0.132334 0
g5 2 71 g5 2 63 0.327691 0.154023 0
g5 2 73 g4 2 68 0.336436 0.206301 0
g5 2 71 g5 2 96 0.328603 0.164192 0
g5 2 78 g5 2 96 0.360251 0.126072 1
g5 2 77 g5 2 104 0.354407 0.149785 0
g5 2 74 g4 2 57 0.341599 0.14223 1
g5 2 73 g5 2 104 0.336582 0.163228 0
g5 2 75 g5 2 98 0.344306 0.211005 0
g5 2 76 g5 2 86 0.350363 0.135157 0
g5 2 71 g4 2 63 0.328617 0.186927 0
g5 2 74 g5 2 96 0.341638 0.126245 0
g5 2 69 g5 2 94 0.321753 0.133138 1
g5 2 73 g5 2 96 0.340217 0.133423 1
g5 2 74 g5 2 96 0.34098 0.142666 0
g5 2 81 g5 2 94 0.371409 0.0961288 1
g5 2 108 g5 2 98 0.486493 0.116844 1
g5 2 75 g5 2 94 0.349005 0.08502 1
g5 2 90 g5 2 99 0.408896 0.0742962 1
g5 2 90 g5 2 94 0.412087 0.118403 1
g5 2 96 g5 2 113 0.438959 0.126379 0
g5 2 90 g5 2 113 0.413075 0.0856127 1
g5 2 89 g5 2 103 0.408248 0.0963033 1
g5 2 96 g5 2 98 0.437324 0.089658 1
g5 2 90 g5 2 96 0.410953 0.0717028 1
g6 2 76 g6 2 72 0.346825 0.0771459 1
g6 2 73 g6 2 72 0.333999 0.0880276 1
g6 2 79 g6 2 72 0.359379 0.0822419 1
g6 2 77 g6 2 63 0.351328 0.168577 0
g6 2 65 g6 2 72 0.301611 0.0669014 1
g6 2 64 g6 2 75 0.297105 0.114614 1
g6 2 69 g6 2 72 0.318735 0.0890006 1
g6 2 71 g6 2 72 0.325319 0.123143 1
g6 2 68 g6 2 72 0.319571 0.0985805 1
g6 2 59 g6 2 72 0.277061 0.0973569 1
g6 2 74 g6 2 70 0.344239 0.143305 0
g6 2 80 g6 2 177 0.364751 0.0852704 1
g6 2 78 g6 2 77 0.355677 0.0643359 1
g6 2 57 g6 2 72 0.267708 0.116345 1
g6 2 68 g6 2 77 0.314192 0.158649 0
g6 2 77 g6 2 73 0.351394 0.0807775 1
g6 2 65 g6 2 72 0.301698 0.0915207 1
g6 2 82 g6 2 73 0.372095 0.0823714 1
g6 2 68 g6 2 72 0.313296 0.0777317 1
g6 2 66 g6 2 72 0.30599 0.137876 1
g6 2 78 g6 2 72 0.355548 0.0898468 1
g6 2 113 g6 2 72 0.501927 0.147326 0
g6 2 72 g6 2 73 0.331028 0.0916119 1
g6 2 64 g6 2 69 0.297558 0.111254 1
g6 2 68 g6 2 72 0.31404 0.116217 1
g6 2 66 g6 2 84 0.305714 0.235259 0
g6 2 84 g6 2 72 0.381152 0.11065 1
g6 2 66 g6 2 72 0.306005 0.0817849 1
g6 2 66 g6 2 72 0.304693 0.0878122 1
g6 2 54 g6 2 62 0.255663 0.0951049 1
g6 2 59 g6 2 63 0.276702 0.0737205 1
g6 2 61 g6 2 63 0.285228 0.101849 1
g6 2 97 g6 2 92 0.438515 0.361166 0
g6 2 73 g1 2 54 0.335381 0.242303 0
g6 2 59 g6 2 60 0.278578 0.0325585 1
g6 2 61 g6 2 66 0.284321 0.0781043 1
g6 2 65 g6 2 61 0.301302 0.0581284 1
g6 2 62 g6 2 65 0.289534 0.0600247 1
g6 2 69 g6 2 68 0.318354 0.0699748 1
g6 2 74 g6 2 70 0.339118 0.0584366 1
g6 2 69 g6 2 84 0.318458 0.0875334 1
g7 1 71 g7 1 85 0.330787 0.27168 0
g7 1 63 g7 1 81 0.295831 0.212809 0
g7 1 69 g7 1 73 0.319432 0.308133 0
g7 1 71 g7 1 100 0.329455 0.149006 1
g7 1 76 g7 1 64 0.349026 0.278388 0
g7 1 80 g7 1 77 0.367447 0.250562 0
g7 1 64 g7 1 78 0.300073 0.263044 0
g7 1 70 g7 1 71 0.323305 0.12257 0
g7 1 50 g7 1 58 0.23948 0.217144 0
g7 1 61 g3 1 81 0.286404 0.38893 0
g7 1 65 g7 1 63 0.302279 0.214304 0
g7 1 70 g7 1 64 0.32447 0.160001 0
g7 1 67 g7 1 74 0.309692 0.212843 0
g7 1 63 g7 1 54 0.294402 0.169549 0
g7 1 54 g7 1 53 0.256882 0.213141 0
g7 1 62 g7 1 58 0.290776 0.169683 0
g7 1 61 g7 1 53 0.287045 0.152039 0
g7 1 56 g7 1 60 0.265348 0.210975 0
g7 1 58 g7 1 87 0.272339 0.284984 0
g7 1 59 g7 1 52 0.283163 0.157445 0
g7 1 59 g7 1 60 0.283374 0.193492 0
g7 1 52 g7 1 49 0.249764 0.0354893 1
g7 1 73 g1 2 29 0.336157 0.506446 0
g7 1 66 g7 1 67 0.331658 0.225156 0
g7 1 86 g7 1 52 0.396701 0.317661 0
g7 1 70 g7 1 92 0.323403 0.347275 0
g7 1 65 g2 2 42 0.302752 0.414207 0
g7 1 72 g7 1 71 0.375233 0.161306 0
g7 1 68 g1 2 29 0.328459 0.529818 0
g7 1 68 g3 1 128 0.314722 0.522324 0
g7 1 70 g7 1 67 0.323159 0.215648 0
g7 1 83 g7 1 91 0.378718 0.294133 0
g7 1 75 g7 1 86 0.343559 0.294575 0
g7 1 77 g7 1 65 0.352627 0.213428 0
g7 1 88 g7 1 64 0.400363 0.204561 0
g7 1 134 g7 1 86 0.598916 0.276689 0
g7 1 64 g7 1 73 0.299275 0.24136 0
g7 1 65 g7 1 95 0.302587 0.247475 0
g7 1 76 g7 1 81 0.349096 0.260509 0
g7 1 76 g7 1 73 0.349525 0.23138 0
g7 1 86 g7 1 77 0.392339 0.257496 0
g7 1 95 g7 1 89 0.433561 0.189599 0
g7 1 60 g7 1 63 0.283047 0.262553 0
g7 1 99 g7 1 75 0.447943 0.172561 0
g7 1 37 g7 1 71 0.186879 0.356486 0
g7 1 68 g7 1 98 0.316058 0.358518 0
g7 1 70 g7 1 64 0.324476 0.151632 0
g7 1 69 g7 1 58 0.32007 0.27366 0
g7 1 70 g7 1 71 0.323995 0.163192 0
g7 1 94 g7 1 77 0.42653 0.234385 0
g7 1 61 g7 1 55 0.285671 0.305223 0
g7 1 64 g7 1 63 0.298791 0.253362 0
g7 1 82 g7 1 87 0.374914 0.161789 0
g7 1 117 g7 1 88 0.528547 0.307909 0
g7 1 108 g7 1 101 0.488125 0.245434 0
g7 1 103 g7 1 70 0.465174 0.375397 0
g7 1 102 g7 1 101 0.462543 0.222327 0
g7 1 89 g7 1 69 0.403657 0.232672 0
g7 1 97 g7 1 92 0.439208 0.157676 0
g7 1 81 g7 1 91 0.371507 0.204566 0
g7 1 90 g7 1 92 0.408989 0.152347 0
g7 1 86 g7 1 89 0.390673 0.186012 0
g7 1 91 g7 1 92 0.414427 0.167741 0
