g1 2 46 g6 2 78 0.234199 0.151288 1
g1 2 44 g6 2 66 0.233583 0.178759 1
g1 2 52 g6 2 50 0.257016 0.133322 1
g1 2 102 g1 2 45 0.472897 0.128455 1
g1 2 63 g2 2 32 0.305257 0.180064 1
g1 2 56 g1 2 48 0.272865 0.143843 1
g1 2 60 g1 2 54 0.290004 0.120497 1
g1 2 37 g1 2 52 0.203922 0.0984114 1
g1 2 46 g1 2 42 0.240392 0.124173 1
g1 2 54 g1 2 48 0.264888 0.15383 1
g1 2 39 g1 2 42 0.201134 0.119368 1
g1 2 50 g1 2 42 0.246842 0.0973216 1
g1 2 48 g1 2 48 0.240838 0.0664936 1
g1 2 47 g1 2 46 0.235289 0.0739914 1
g1 2 53 g1 2 48 0.261461 0.0760608 1
g1 2 111 g6 2 73 0.512865 0.200285 1
g1 2 49 g1 2 42 0.243704 0.0890284 1
g1 2 71 g6 2 70 0.346955 0.199234 1
g1 2 37 g6 2 60 0.195519 0.121699 1
g1 2 46 g6 2 66 0.231291 0.186203 1
g1 2 39 g6 2 51 0.201778 0.130479 1
g1 2 54 g6 2 57 0.265365 0.161004 1
g1 2 42 g2 2 32 0.216218 0.181831 1
g1 2 45 g1 2 38 0.22733 0.0752116 1
g1 2 43 g1 2 38 0.218297 0.076984 1
g1 2 61 g1 2 56 0.294798 0.126833 1
g1 2 58 g1 2 49 0.280771 0.139635 1
g1 2 75 g1 2 49 0.360889 0.246473 1
g1 2 55 g1 2 45 0.275087 0.194773 1
g1 2 56 g1 2 71 0.275885 0.100638 1
g1 2 43 g1 2 48 0.223082 0.0796961 1
g1 2 44 g1 2 45 0.222469 0.162744 1
g1 2 35 g1 2 50 0.187107 0.0640508 1
g1 2 53 g1 2 54 0.260556 0.197304 1
g1 2 43 g1 2 56 0.217834 0.225174 1
g1 2 46 g1 2 45 0.232003 0.149752 1
g1 2 57 g1 2 45 0.275422 0.158249 1
g1 2 46 g1 2 45 0.231894 0.153167 1
g1 2 41 g1 2 43 0.212439 0.154717 1
g1 2 43 g1 2 45 0.228321 0.120064 1
g1 2 49 g1 2 50 0.242301 0.147739 1
g1 2 53 g1 2 54 0.26077 0.204874 1
g1 2 44 g1 2 47 0.222765 0.16863 1
g1 2 46 g1 2 45 0.230794 0.172158 1
g1 2 53 g1 2 45 0.262652 0.161457 1
g1 2 40 g1 2 54 0.206082 0.234592 1
g1 2 50 g6 2 70 0.249338 0.185241 1
g1 2 53 g6 2 65 0.25944 0.195168 1
g1 2 41 g6 2 72 0.212473 0.170864 1
g1 2 52 g6 2 66 0.255605 0.126153 1
g1 2 72 g2 2 32 0.343313 0.2079 1
g1 2 48 g6 2 50 0.250408 0.147781 1
g1 2 64 g2 2 32 0.309548 0.161413 1
g1 2 42 g1 2 34 0.2147 0.0657474 1
g1 2 38 g1 2 34 0.197496 0.0576905 1
g1 2 29 g1 2 32 0.159563 0.0730474 1
g1 2 29 g1 2 29 0.158415 0.0591479 1
g1 2 31 g1 2 32 0.166838 0.0594514 1
g1 2 31 g1 2 31 0.16825 0.0512402 1
g1 2 36 g1 2 34 0.189179 0.0559701 1
g1 2 29 g1 2 29 0.158312 0.0584143 1
g2 2 28 g2 2 26 0.154989 0.0811795 1
g2 2 28 g2 2 26 0.153653 0.0851334 1
g2 2 31 g2 2 32 0.165682 0.152475 1
g2 2 26 g2 2 26 0.14485 0.15096 1
g2 2 27 g2 2 26 0.15042 0.134783 1
g2 2 23 g2 2 32 0.132298 0.14479 1
g2 2 26 g2 2 26 0.145288 0.128871 1
g2 2 27 g2 2 26 0.148825 0.0936361 1
g2 2 28 g2 2 26 0.156204 0.156916 1
g2 2 55 g2 2 50 0.271133 0.125751 1
g2 2 29 g2 2 26 0.164249 0.0853091 1
g2 2 28 g2 2 26 0.159144 0.083249 1
g2 2 28 g2 2 26 0.154195 0.105967 1
g2 2 29 g2 2 26 0.157724 0.106472 1
g2 2 30 g2 2 26 0.162932 0.165983 1
g2 2 27 g2 2 26 0.149075 0.128473 1
g2 2 21 g2 2 32 0.125115 0.237987 1
g2 2 27 g2 2 26 0.149829 0.0734326 1
g2 2 29 g2 2 26 0.159614 0.0851217 1
g2 2 27 g2 2 26 0.150102 0.132623 1
g2 2 30 g2 2 26 0.161237 0.125164 1
g2 2 30 g2 2 26 0.162904 0.203044 1
g2 2 26 g2 2 26 0.145004 0.144111 1
g2 2 31 g2 2 26 0.1657 0.0810045 1
g2 2 33 g2 2 32 0.179099 0.158366 1
g2 2 28 g2 2 26 0.153617 0.150752 1
g2 2 27 g2 2 32 0.148639 0.215898 1
g2 2 30 g2 2 26 0.161551 0.152333 1
g2 2 34 g2 2 26 0.182565 0.12261 1
g2 2 59 g2 2 53 0.285697 0.11708 1
g2 2 54 g2 2 45 0.271161 0.128014 1
g2 2 55 g2 2 50 0.277879 0.115755 1
g2 2 48 g1 2 43 0.240987 0.2597 1
g2 2 38 g2 2 42 0.197546 0.0980483 1
g2 2 42 g2 2 39 0.213444 0.102194 1
g2 2 64 g2 2 53 0.311284 0.107352 1
g2 2 43 g2 2 45 0.217998 0.08175 1
g2 2 37 g2 2 44 0.195035 0.0787427 1
g2 2 36 g2 2 39 0.189364 0.0732876 1
g2 2 39 g2 2 44 0.20129 0.0676211 1
g2 2 39 g2 2 39 0.203732 0.0572556 1
g2 2 41 g2 2 39 0.209907 0.058204 1
g2 2 39 g2 2 39 0.203105 0.0958255 1
g2 2 41 g2 2 39 0.211629 0.068372 1
g2 2 42 g2 2 44 0.213267 0.069749 1
g2 2 47 g2 2 44 0.238447 0.129113 1
g2 2 31 g2 2 41 0.166974 0.117848 1
g2 2 42 g2 2 39 0.226258 0.0603325 1
g2 2 84 g2 2 53 0.395652 0.158532 1
g2 2 41 g2 2 42 0.211918 0.0792109 1
g2 2 52 g2 2 44 0.255309 0.0678666 1
g2 2 52 g1 2 59 0.259976 0.214053 1
g2 2 40 g2 2 39 0.205624 0.100108 1
g2 2 37 g2 2 44 0.193884 0.0734798 1
g2 2 45 g1 2 64 0.227904 0.11533 1
g2 2 41 g2 2 44 0.210164 0.0894534 1
g2 2 49 g1 2 52 0.243765 0.192203 1
g2 2 46 g2 2 53 0.232408 0.113762 1
g2 2 40 g2 2 56 0.206013 0.109518 1
g2 2 56 g2 2 53 0.273648 0.108558 1
g2 2 35 g2 2 39 0.186996 0.0854126 1
g2 2 40 g1 2 57 0.206573 0.290744 1
g2 2 58 g2 2 48 0.294517 0.157088 1
g2 2 29 g2 2 26 0.157732 0.130603 1
g2 2 26 g2 2 26 0.146938 0.124375 1
g2 2 28 g2 2 26 0.153748 0.0648008 1
g3 1 71 g3 1 117 0.338487 0.324802 1
g3 1 68 g3 1 84 0.326833 0.195019 1
g3 1 95 g3 1 81 0.445794 0.297211 1
g3 1 102 g3 1 73 0.47376 0.238231 1
g3 1 107 g1 2 57 0.499281 0.435192 1
g3 1 96 g3 1 73 0.451148 0.256784 1
g3 1 91 g3 1 72 0.438011 0.283782 1
g3 1 93 g3 1 82 0.436965 0.278986 1
g3 1 86 g3 1 87 0.40482 0.278766 1
g3 1 87 g3 1 92 0.41092 0.286671 1
g3 1 88 g3 1 106 0.411926 0.25416 1
g3 1 92 g3 1 81 0.430983 0.213043 1
g3 1 92 g3 1 86 0.432357 0.243595 1
g3 1 92 g3 1 127 0.435843 0.215488 1
g3 1 90 g3 1 78 0.421676 0.48263 1
g3 1 86 g3 1 74 0.416688 0.250771 1
g3 1 80 g3 1 81 0.379159 0.197855 1
g3 1 113 g1 2 49 0.526616 0.365256 1
g3 1 95 g3 1 120 0.447329 0.277623 1
g3 1 95 g3 1 85 0.443183 0.214674 1
g3 1 99 g3 1 91 0.463761 0.21966 1
g3 1 93 g3 1 114 0.436708 0.216507 1
g3 1 92 g3 1 82 0.43475 0.243911 1
g3 1 85 g3 1 73 0.402601 0.253357 1
g3 1 91 g3 1 81 0.436444 0.303233 1
g3 1 88 g3 1 77 0.411953 0.279025 1
g3 1 99 g3 1 112 0.460967 0.301411 1
g3 1 132 g3 1 84 0.610129 0.282255 1
g3 1 114 g1 2 67 0.528292 0.433656 1
g3 1 97 g3 1 80 0.453914 0.194454 1
g3 1 111 g3 1 120 0.516774 0.219352 1
g3 1 104 g3 1 82 0.485611 0.272961 1
g3 1 97 g3 1 78 0.461889 0.214279 1
g3 1 100 g3 1 85 0.467797 0.238413 1
g3 1 101 g3 1 91 0.47233 0.246691 1
g3 1 98 g3 1 83 0.459372 0.266989 1
g3 1 102 g3 1 61 0.475322 0.319321 1
g3 1 115 g3 1 140 0.534588 0.259004 1
g3 1 120 g3 1 140 0.556274 0.257885 1
g3 1 92 g3 1 84 0.432181 0.376836 1
g3 1 76 g3 1 68 0.369455 0.838187 0
g3 1 97 g3 1 85 0.450808 0.281698 1
g3 1 85 g3 1 79 0.400941 0.211924 1
g3 1 77 g3 1 80 0.36604 0.193174 1
g3 1 81 g3 1 81 0.379661 0.214615 1
g3 1 86 g3 1 91 0.401552 0.293187 1
g3 1 77 g3 1 77 0.363462 0.329228 1
g3 1 85 g3 1 84 0.399063 0.171792 1
g3 1 79 g3 1 74 0.371144 0.219377 1
g3 1 78 g3 1 91 0.375291 0.301788 1
g3 1 84 g3 1 91 0.408648 0.249839 1
g4 2 71 g4 2 59 0.336012 0.197981 1
g4 2 71 g4 2 82 0.337861 0.0673577 1
g4 2 86 g4 2 87 0.404481 0.162387 1
g4 2 85 g4 2 82 0.396738 0.163094 1
g4 2 80 g4 2 90 0.376977 0.119479 1
g4 2 81 g4 2 99 0.38113 0.140361 1
g4 2 100 g3 1 89 0.466671 0.256963 1
g4 2 81 g4 2 82 0.391362 0.161404 1
g4 2 95 g4 2 94 0.445482 0.151724 1
g4 2 93 g4 2 95 0.435313 0.166845 1
g4 2 89 g4 2 90 0.418223 0.134421 1
g4 2 94 g4 2 99 0.438209 0.112284 1
g4 2 102 g4 2 101 0.474253 0.0792493 1
g4 2 89 g4 2 60 0.416386 0.120146 1
g4 2 57 g4 2 63 0.274354 0.127532 1
g4 2 60 g4 2 57 0.294968 0.0727951 1
g4 2 57 g4 2 55 0.284827 0.0765809 1
g4 2 63 g4 2 66 0.303071 0.145435 1
g4 2 59 g4 2 64 0.284255 0.103085 1
g4 2 65 g4 2 66 0.314284 0.109033 1
g4 2 67 g4 2 78 0.321459 0.0845207 1
g4 2 69 g4 2 78 0.327746 0.0992632 1
g4 2 77 g4 2 95 0.363411 0.150205 1
g4 2 57 g4 2 62 0.275902 0.105123 1
g4 2 72 g4 2 67 0.341863 0.0917946 1
g4 2 72 g4 2 72 0.344568 0.0487928 1
g4 2 80 g4 2 72 0.389799 0.096792 1
g4 2 79 g4 2 83 0.372291 0.110217 1
g4 2 92 g4 2 62 0.429958 0.0942064 1
g4 2 90 g4 2 66 0.42043 0.104487 1
g4 2 59 g4 2 72 0.28424 0.0842909 1
g4 2 59 g4 2 63 0.286159 0.0951817 1
g4 2 63 g4 2 66 0.302822 0.0775533 1
g4 2 66 g4 2 66 0.316547 0.130783 1
g4 2 87 g4 2 66 0.406214 0.0984169 1
g4 2 82 g4 2 66 0.39711 0.187906 1
g4 2 89 g4 2 79 0.416954 0.146783 1
g4 2 64 g4 2 62 0.306979 0.06811 1
g4 2 88 g4 2 79 0.41434 0.0983666 1
g4 2 100 g4 2 79 0.465092 0.107776 1
g4 2 80 g4 2 82 0.376542 0.0682101 1
g4 2 88 g4 2 62 0.409724 0.0951075 1
g5 2 84 g5 2 94 0.398593 0.0893276 1
g5 2 87 g5 2 85 0.409407 0.07674 1
g5 2 85 g5 2 101 0.402979 0.103887 1
g5 2 82 g5 2 101 0.396027 0.115029 1
g5 2 69 g5 2 98 0.334333 0.161708 1
g5 2 81 g5 2 98 0.385665 0.093637 1
g5 2 80 g4 2 65 0.379621 0.188495 1
g5 2 89 g5 2 98 0.419253 0.177104 1
g5 2 78 g5 2 100 0.371161 0.207057 1
g5 2 64 g5 2 62 0.307777 0.117363 1
g5 2 68 g5 2 68 0.326096 0.118527 1
g5 2 80 g5 2 68 0.379612 0.108617 1
g5 2 66 g5 2 82 0.327634 0.144767 1
g5 2 69 g4 2 60 0.330579 0.184893 1
g5 2 83 g5 2 100 0.392452 0.161194 1
g5 2 76 g5 2 68 0.360915 0.213484 1
g5 2 73 g5 2 100 0.348451 0.169533 1
g5 2 68 g5 2 68 0.324244 0.181235 1
g5 2 73 g5 2 100 0.34767 0.164479 1
g5 2 73 g4 2 59 0.347579 0.169954 1
g5 2 75 g5 2 99 0.355647 0.132889 1
g5 2 73 g4 2 59 0.348411 0.171729 1
g5 2 75 g4 2 70 0.357867 0.208315 1
g5 2 73 g5 2 98 0.358373 0.164008 1
g5 2 80 g5 2 98 0.379418 0.126467 1
g5 2 79 g5 2 106 0.375172 0.150373 1
g5 2 76 g4 2 59 0.363962 0.143915 1
g5 2 75 g5 2 106 0.355212 0.162088 1
g5 2 77 g5 2 100 0.364221 0.212821 1
g5 2 78 g5 2 88 0.369695 0.138219 1
g5 2 73 g4 2 65 0.345801 0.188444 1
g5 2 76 g5 2 98 0.36261 0.126548 1
g5 2 71 g5 2 88 0.342084 0.124091 1
g5 2 75 g5 2 98 0.371071 0.138346 1
g5 2 76 g5 2 98 0.362208 0.14134 1
g5 2 83 g5 2 96 0.391528 0.0967958 1
g5 2 110 g5 2 100 0.510695 0.117764 1
g5 2 77 g5 2 96 0.3653 0.0859853 1
g5 2 92 g5 2 101 0.430227 0.0756882 1
g5 2 92 g5 2 96 0.436147 0.121358 1
g5 2 98 g5 2 115 0.461676 0.128895 1
g5 2 92 g5 2 115 0.434476 0.0887364 1
g5 2 91 g5 2 105 0.43982 0.0983385 1
g5 2 98 g5 2 100 0.460458 0.0920366 1
g5 2 92 g5 2 98 0.435048 0.0726742 1
g6 2 78 g6 2 74 0.368125 0.0771508 1
g6 2 75 g6 2 74 0.352884 0.0886424 1
g6 2 81 g6 2 74 0.381143 0.0836842 1
g6 2 79 g6 2 65 0.371865 0.173104 1
g6 2 67 g6 2 74 0.318037 0.0672741 1
g6 2 66 g6 2 77 0.316336 0.118315 1
g6 2 71 g6 2 74 0.337367 0.0905255 1
g6 2 73 g6 2 74 0.355469 0.124846 1
g6 2 70 g6 2 74 0.332184 0.100239 1
g6 2 61 g6 2 74 0.293124 0.0983939 1
g6 2 76 g6 2 72 0.359351 0.148163 1
g6 2 82 g6 2 179 0.387924 0.0846958 1
g6 2 80 g6 2 79 0.374749 0.063838 1
g6 2 59 g6 2 74 0.286181 0.11493 1
g6 2 70 g6 2 79 0.333931 0.159495 1
g6 2 79 g6 2 75 0.369417 0.0817193 1
g6 2 67 g6 2 74 0.319885 0.091968 1
g6 2 84 g6 2 75 0.39408 0.0825079 1
g6 2 70 g6 2 74 0.334762 0.0787895 1
g6 2 68 g6 2 74 0.333628 0.138218 1
g6 2 80 g6 2 74 0.37509 0.0904658 1
g6 2 115 g6 2 74 0.530279 0.146904 1
g6 2 74 g6 2 75 0.349979 0.0920864 1
g6 2 66 g6 2 75 0.316137 0.116224 1
g6 2 70 g6 2 74 0.331119 0.116515 1
g6 2 68 g6 2 86 0.324044 0.238972 1
g6 2 86 g6 2 74 0.401371 0.111647 1
g6 2 68 g6 2 74 0.323309 0.0831092 1
g6 2 68 g6 2 74 0.325614 0.086832 1
g6 2 56 g6 2 64 0.28154 0.0933762 1
g6 2 61 g6 2 65 0.295264 0.0761368 1
g6 2 63 g6 2 65 0.302125 0.105658 1
g6 2 99 g6 2 94 0.462289 0.363476 1
g6 2 75 g1 2 48 0.355862 0.249605 1
g6 2 61 g6 2 62 0.293991 0.0327492 1
g6 2 63 g6 2 63 0.301521 0.0631679 1
g6 2 67 g6 2 63 0.321167 0.05762 1
g6 2 64 g6 2 67 0.305801 0.0627893 1
g6 2 71 g6 2 70 0.336656 0.0710151 1
g6 2 76 g6 2 72 0.358879 0.0616743 1
g6 2 71 g6 2 86 0.339713 0.0880207 1
g7 1 73 g7 1 87 0.35638 0.276653 1
g7 1 65 g7 1 83 0.313029 0.214454 1
g7 1 71 g7 1 67 0.339278 0.282719 1
g7 1 73 g7 1 102 0.351198 0.152302 1
g7 1 78 g7 1 66 0.366151 0.281868 1
g7 1 82 g7 1 79 0.387383 0.254095 1
g7 1 66 g7 1 90 0.317877 0.298982 1
g7 1 72 g7 1 73 0.340624 0.12482 1
g7 1 52 g7 1 60 0.258396 0.216389 1
g7 1 63 g3 1 83 0.303214 0.402751 1
g7 1 67 g7 1 65 0.324303 0.216339 1
g7 1 72 g7 1 66 0.354123 0.16338 1
g7 1 69 g7 1 76 0.326513 0.217292 1
g7 1 65 g7 1 56 0.311187 0.176963 1
g7 1 56 g7 1 55 0.271193 0.216631 1
g7 1 64 g7 1 60 0.307802 0.174255 1
g7 1 63 g7 1 55 0.301352 0.159184 1
g7 1 58 g7 1 62 0.28104 0.214683 1
g7 1 60 g7 1 89 0.28972 0.287003 1
g7 1 61 g7 1 54 0.293913 0.1594 1
g7 1 61 g7 1 62 0.294129 0.197077 1
g7 1 54 g7 1 51 0.265034 0.0359672 1
g7 1 75 g1 2 31 0.355826 0.531559 1
g7 1 68 g7 1 69 0.332745 0.227489 1
g7 1 88 g7 1 54 0.413329 0.322716 1
g7 1 72 g7 1 94 0.343123 0.355573 1
g7 1 67 g2 2 44 0.320188 0.433212 1
g7 1 74 g7 1 73 0.350772 0.162263 1
g7 1 70 g1 2 31 0.332064 0.556073 0
g7 1 70 g3 1 130 0.332427 0.527538 1
g7 1 72 g7 1 69 0.340977 0.213634 1
g7 1 85 g7 1 93 0.39541 0.297133 1
g7 1 77 g7 1 88 0.363088 0.299293 1
g7 1 79 g7 1 67 0.376396 0.217543 1
g7 1 90 g7 1 66 0.429317 0.204809 1
g7 1 136 g7 1 88 0.626894 0.278841 1
g7 1 66 g7 1 75 0.317839 0.243261 1
g7 1 67 g7 1 97 0.32043 0.255342 1
g7 1 78 g7 1 97 0.369002 0.302368 1
g7 1 78 g7 1 75 0.367028 0.2283 1
g7 1 88 g7 1 79 0.413183 0.267838 1
g7 1 97 g7 1 91 0.453169 0.194214 1
g7 1 62 g7 1 67 0.298153 0.300022 1
g7 1 101 g7 1 77 0.483186 0.175852 1
g7 1 39 g7 1 67 0.202444 0.363805 1
g7 1 70 g7 1 100 0.333088 0.366107 1
g7 1 72 g7 1 66 0.344685 0.154116 1
g7 1 71 g7 1 60 0.340888 0.27246 1
g7 1 72 g7 1 73 0.34085 0.167207 1
g7 1 96 g7 1 79 0.450134 0.237336 1
g7 1 63 g7 1 57 0.302754 0.30922 1
g7 1 66 g7 1 65 0.315244 0.258674 1
g7 1 84 g7 1 89 0.394838 0.162882 1
g7 1 119 g7 1 91 0.555873 0.298131 1
g7 1 110 g7 1 103 0.521201 0.245886 1
g7 1 105 g7 1 72 0.488253 0.384203 1
g7 1 104 g7 1 103 0.489021 0.223071 1
g7 1 91 g7 1 71 0.423427 0.238848 1
g7 1 99 g7 1 94 0.462856 0.159645 1
g7 1 83 g7 1 93 0.391552 0.211323 1
g7 1 92 g7 1 94 0.432173 0.157543 1
g7 1 88 g7 1 91 0.413444 0.186894 1
g7 1 93 g7 1 94 0.449198 0.166753 1
