g1 2 24 g6 2 32 0.073928 0.17794 1
g1 2 23 g6 2 34 0.072115 0.194198 1
g1 2 27 g6 2 25 0.080669 0.15724 1
g1 2 42 g1 2 24 0.125428 0.123816 1
g1 2 33 g2 2 17 0.095839 0.187198 1
g1 2 29 g1 2 25 0.085043 0.155603 1
g1 2 31 g1 2 28 0.090788 0.130341 1
g1 2 20 g1 2 27 0.06494 0.114622 1
g1 2 24 g1 2 33 0.073649 0.163865 1
g1 2 28 g1 2 25 0.082647 0.160339 1
g1 2 21 g1 2 31 0.067141 0.14073 1
g1 2 26 g1 2 22 0.078128 0.114373 1
g1 2 25 g1 2 25 0.075885 0.0740661 1
g1 2 25 g1 2 25 0.076183 0.125881 1
g1 2 28 g1 2 25 0.083372 0.0868187 1
g1 2 54 g6 2 38 0.139952 0.204369 1
g1 2 26 g1 2 22 0.077707 0.0972668 1
g1 2 37 g6 2 36 0.104915 0.215971 1
g1 2 20 g6 2 31 0.065322 0.134031 1
g1 2 24 g6 2 34 0.073522 0.199984 1
g1 2 21 g6 2 32 0.067609 0.150999 1
g1 2 28 g6 2 30 0.082711 0.173621 1
g1 2 22 g2 2 17 0.069311 0.193526 1
g1 2 24 g1 2 19 0.073128 0.0891945 1
g1 2 23 g1 2 20 0.071518 0.0969903 1
g1 2 32 g1 2 29 0.092613 0.134032 1
g1 2 30 g1 2 26 0.087327 0.148789 1
g1 2 39 g1 2 26 0.108658 0.259161 1
g1 2 29 g1 2 24 0.085003 0.203512 1
g1 2 29 g1 2 37 0.084992 0.106583 1
g1 2 23 g1 2 25 0.072419 0.0915781 1
g1 2 23 g1 2 24 0.071564 0.174426 1
g1 2 19 g1 2 26 0.063132 0.085179 1
g1 2 28 g1 2 28 0.082071 0.210505 1
g1 2 23 g1 2 29 0.071513 0.236403 1
g1 2 24 g1 2 24 0.07358 0.164906 1
g1 2 30 g1 2 24 0.086808 0.170312 1
g1 2 24 g1 2 26 0.073354 0.146705 1
g1 2 22 g1 2 23 0.069945 0.160308 1
g1 2 23 g1 2 24 0.072142 0.136293 1
g1 2 26 g1 2 26 0.078496 0.157024 1
g1 2 28 g1 2 28 0.082425 0.208836 1
g1 2 23 g1 2 25 0.071862 0.184867 1
g1 2 24 g1 2 24 0.073574 0.181988 1
g1 2 28 g1 2 24 0.082516 0.185135 1
g1 2 21 g1 2 28 0.067633 0.252151 1
g1 2 26 g6 2 36 0.078286 0.200933 1
g1 2 28 g6 2 34 0.082689 0.212761 1
g1 2 22 g6 2 37 0.0695 0.187049 1
g1 2 27 g6 2 34 0.080434 0.136433 1
g1 2 37 g2 2 17 0.105879 0.214004 1
g1 2 25 g6 2 25 0.076219 0.166234 1
g1 2 33 g2 2 17 0.096084 0.175786 1
g1 2 22 g1 2 18 0.069247 0.0772465 1
g1 2 20 g1 2 18 0.065217 0.0702443 1
g1 2 16 g1 2 17 0.056905 0.0958116 1
g1 2 16 g1 2 16 0.057603 0.0742667 1
g1 2 17 g1 2 17 0.059794 0.0748685 1
g1 2 17 g1 2 17 0.058831 0.0620692 1
g1 2 19 g1 2 18 0.062934 0.0683333 1
g1 2 16 g1 2 17 0.057233 0.105744 1
g2 2 15 g2 2 14 0.055011 0.102187 1
g2 2 15 g2 2 14 0.055025 0.10185 1
g2 2 17 g2 2 17 0.058564 0.181372 1
g2 2 14 g2 2 14 0.052498 0.155059 1
g2 2 15 g2 2 14 0.054941 0.154887 1
g2 2 13 g2 2 17 0.050864 0.164817 1
g2 2 14 g2 2 14 0.052548 0.13909 1
g2 2 15 g2 2 14 0.054882 0.110691 1
g2 2 15 g2 2 14 0.055434 0.179236 1
g2 2 29 g2 2 26 0.085585 0.139318 1
g2 2 16 g2 2 14 0.057298 0.110161 1
g2 2 15 g2 2 14 0.055003 0.100015 1
g2 2 15 g2 2 14 0.055089 0.119707 1
g2 2 16 g2 2 14 0.057053 0.121027 1
g2 2 16 g2 2 14 0.0571 0.173813 1
g2 2 15 g2 2 14 0.054832 0.140784 1
g2 2 12 g2 2 17 0.048744 0.269356 1
g2 2 15 g2 2 14 0.055043 0.092682 1
g2 2 16 g2 2 14 0.056737 0.101305 1
g2 2 15 g2 2 14 0.055333 0.158697 1
g2 2 16 g2 2 14 0.057384 0.13721 1
g2 2 16 g2 2 14 0.057696 0.214676 1
g2 2 14 g2 2 14 0.052801 0.148629 1
g2 2 17 g2 2 14 0.059201 0.10577 1
g2 2 18 g2 2 17 0.060579 0.169768 1
g2 2 15 g2 2 14 0.05516 0.174605 1
g2 2 15 g2 2 17 0.055293 0.236373 1
g2 2 16 g2 2 14 0.05726 0.175869 1
g2 2 18 g2 2 14 0.060956 0.137793 1
g2 2 31 g2 2 28 0.090692 0.126317 1
g2 2 28 g2 2 27 0.083673 0.154631 1
g2 2 29 g2 2 26 0.085414 0.139835 1
g2 2 25 g2 2 26 0.076521 0.145608 1
g2 2 20 g2 2 21 0.06491 0.141188 1
g2 2 22 g2 2 21 0.069445 0.116212 1
g2 2 32 g2 2 29 0.094848 0.128335 1
g2 2 23 g2 2 21 0.072148 0.096611 1
g2 2 20 g2 2 21 0.065253 0.0919244 1
g2 2 19 g2 2 21 0.062838 0.0917693 1
g2 2 21 g2 2 21 0.066011 0.0850921 1
g2 2 20 g2 2 21 0.06734 0.0905802 1
g2 2 21 g2 2 21 0.067407 0.0696447 1
g2 2 19 g2 2 21 0.064575 0.111867 1
g2 2 22 g2 2 21 0.069768 0.0774176 1
g2 2 22 g2 2 21 0.069205 0.0948557 1
g2 2 25 g2 2 23 0.076268 0.152061 1
g2 2 17 g2 2 24 0.059055 0.137865 1
g2 2 22 g2 2 21 0.069401 0.0837894 1
g2 2 42 g2 2 28 0.117675 0.160804 1
g2 2 22 g2 2 22 0.069635 0.0964792 1
g2 2 27 g2 2 23 0.080542 0.0798759 1
g2 2 27 g1 2 31 0.080339 0.219936 1
g2 2 21 g2 2 21 0.067354 0.115142 1
g2 2 19 g2 2 21 0.064652 0.0974426 1
g2 2 24 g1 2 33 0.073581 0.127458 1
g2 2 22 g2 2 21 0.069349 0.112631 1
g2 2 26 g1 2 27 0.077442 0.202682 1
g2 2 24 g2 2 28 0.074548 0.128112 1
g2 2 21 g2 2 29 0.067232 0.125182 1
g2 2 29 g2 2 28 0.084968 0.116633 1
g2 2 19 g2 2 21 0.063239 0.102651 1
g2 2 21 g1 2 33 0.067571 0.312074 1
g2 2 30 g2 2 25 0.087113 0.164235 1
g2 2 16 g2 2 14 0.057365 0.14913 1
g2 2 14 g2 2 14 0.052835 0.130177 1
g2 2 15 g2 2 14 0.055214 0.0820335 1
g3 1 36 g3 1 46 0.105066 0.333223 1
g3 1 35 g3 1 43 0.102372 0.221946 1
g3 1 49 g3 1 42 0.134991 0.30178 1
g3 1 52 g3 1 37 0.142595 0.246502 1
g3 1 55 g1 2 30 0.145971 0.418822 0
g3 1 49 g3 1 37 0.135916 0.259881 1
g3 1 47 g3 1 42 0.129108 0.382952 1
g3 1 47 g3 1 41 0.131076 0.282962 1
g3 1 44 g3 1 45 0.123375 0.289696 1
g3 1 43 g3 1 46 0.122677 0.297558 1
g3 1 44 g3 1 57 0.123363 0.28128 1
g3 1 47 g3 1 46 0.129661 0.232351 1
g3 1 46 g3 1 43 0.127049 0.247889 1
g3 1 47 g3 1 64 0.130416 0.222787 1
g3 1 44 g3 1 47 0.124102 0.51036 0
g3 1 44 g3 1 40 0.121911 0.258832 1
g3 1 41 g3 1 42 0.11647 0.209816 1
g3 1 56 g1 2 26 0.155813 0.386249 1
g3 1 48 g3 1 41 0.131999 0.251072 1
g3 1 48 g3 1 42 0.13417 0.221803 1
g3 1 50 g3 1 47 0.137942 0.226277 1
g3 1 48 g3 1 57 0.133356 0.221905 1
g3 1 46 g3 1 41 0.127342 0.25135 1
g3 1 43 g3 1 37 0.121627 0.253234 1
g3 1 47 g3 1 42 0.130628 0.316508 1
g3 1 44 g3 1 38 0.123597 0.28715 1
g3 1 50 g3 1 53 0.13888 0.32382 1
g3 1 66 g3 1 42 0.176738 0.284562 1
g3 1 58 g1 2 35 0.158205 0.4447 0
g3 1 50 g3 1 39 0.135981 0.201403 1
g3 1 57 g3 1 60 0.154116 0.228523 1
g3 1 53 g3 1 41 0.144716 0.280706 1
g3 1 49 g3 1 40 0.135355 0.220627 1
g3 1 51 g3 1 42 0.14248 0.247319 1
g3 1 52 g3 1 47 0.140331 0.263802 1
g3 1 50 g3 1 59 0.136801 0.273868 1
g3 1 51 g3 1 32 0.140977 0.32566 1
g3 1 59 g3 1 69 0.157491 0.265699 1
g3 1 61 g3 1 69 0.161526 0.260838 1
g3 1 46 g3 1 43 0.128788 0.385294 0
g3 1 28 g3 1 47 0.097638 0.823248 0
g3 1 49 g3 1 44 0.135974 0.300426 1
g3 1 42 g3 1 40 0.118912 0.212795 1
g3 1 40 g3 1 41 0.111983 0.20749 1
g3 1 42 g3 1 42 0.116078 0.230677 1
g3 1 44 g3 1 47 0.120774 0.308949 1
g3 1 39 g3 1 38 0.109562 0.342217 0
g3 1 43 g3 1 42 0.122826 0.173902 1
g3 1 40 g3 1 37 0.1142 0.222896 1
g3 1 39 g3 1 47 0.111821 0.313576 0
g3 1 43 g3 1 47 0.11955 0.257709 1
g4 2 37 g4 2 31 0.104835 0.214003 1
g4 2 37 g4 2 42 0.105646 0.0776266 1
g4 2 44 g4 2 45 0.122366 0.166957 1
g4 2 44 g4 2 42 0.122002 0.168567 1
g4 2 41 g4 2 46 0.114974 0.126684 1
g4 2 42 g4 2 51 0.11752 0.146778 1
g4 2 50 g3 1 44 0.138103 0.269455 1
g4 2 42 g4 2 42 0.117361 0.171182 1
g4 2 49 g4 2 48 0.13496 0.160702 1
g4 2 47 g4 2 49 0.129371 0.169863 1
g4 2 46 g4 2 46 0.126731 0.137917 1
g4 2 48 g4 2 51 0.132666 0.118121 1
g4 2 52 g4 2 51 0.142735 0.0872918 1
g4 2 45 g4 2 31 0.124834 0.128089 1
g4 2 30 g4 2 43 0.086823 0.145188 1
g4 2 31 g4 2 30 0.089833 0.0783236 1
g4 2 30 g4 2 29 0.086992 0.0842569 1
g4 2 33 g4 2 34 0.095709 0.155891 1
g4 2 31 g4 2 33 0.089924 0.107021 1
g4 2 34 g4 2 34 0.098417 0.120714 1
g4 2 35 g4 2 40 0.101138 0.0921291 1
g4 2 36 g4 2 32 0.102762 0.107127 1
g4 2 40 g4 2 48 0.112265 0.157677 1
g4 2 30 g4 2 32 0.088166 0.11523 1
g4 2 37 g4 2 35 0.105515 0.0999789 1
g4 2 37 g4 2 37 0.10552 0.0565179 1
g4 2 41 g4 2 36 0.115011 0.0927801 1
g4 2 41 g4 2 43 0.114815 0.114147 1
g4 2 46 g4 2 32 0.126489 0.101447 1
g4 2 46 g4 2 34 0.126479 0.113267 1
g4 2 31 g4 2 37 0.089537 0.0959691 1
g4 2 31 g4 2 33 0.090164 0.104216 1
g4 2 33 g4 2 34 0.095778 0.089046 1
g4 2 34 g4 2 34 0.098681 0.140114 1
g4 2 45 g4 2 34 0.124702 0.10591 1
g4 2 42 g4 2 34 0.116859 0.195535 1
g4 2 46 g4 2 41 0.127296 0.155241 1
g4 2 33 g4 2 32 0.09545 0.0741323 1
g4 2 45 g4 2 41 0.124161 0.101616 1
g4 2 50 g4 2 41 0.136398 0.114166 1
g4 2 41 g4 2 42 0.114716 0.0754929 1
g4 2 45 g4 2 32 0.124303 0.102621 1
g5 2 43 g5 2 48 0.121349 0.0971744 1
g5 2 45 g5 2 44 0.125293 0.0816019 1
g5 2 44 g5 2 52 0.123589 0.109662 1
g5 2 42 g5 2 52 0.118006 0.124991 1
g5 2 36 g5 2 50 0.104184 0.17394 1
g5 2 42 g5 2 50 0.118959 0.10384 1
g5 2 41 g4 2 34 0.115913 0.196252 1
g5 2 46 g5 2 50 0.128143 0.189313 1
g5 2 40 g5 2 51 0.113833 0.211937 1
g5 2 33 g5 2 32 0.096041 0.123541 1
g5 2 35 g5 2 35 0.101355 0.127559 1
g5 2 41 g5 2 35 0.115909 0.116069 1
g5 2 34 g5 2 33 0.098392 0.167177 1
g5 2 36 g4 2 31 0.10329 0.194451 1
g5 2 43 g5 2 51 0.120223 0.16659 1
g5 2 39 g5 2 52 0.110189 0.223702 1
g5 2 38 g5 2 51 0.108439 0.17723 1
g5 2 35 g5 2 35 0.101322 0.193171 1
g5 2 38 g5 2 51 0.110206 0.171682 1
g5 2 38 g4 2 31 0.108165 0.179745 1
g5 2 39 g5 2 51 0.111424 0.145158 1
g5 2 38 g4 2 31 0.107797 0.182144 1
g5 2 39 g4 2 36 0.110487 0.223905 1
g5 2 38 g5 2 50 0.108 0.172716 1
g5 2 41 g5 2 50 0.115963 0.134535 1
g5 2 41 g5 2 54 0.1157 0.156904 1
g5 2 39 g4 2 31 0.110907 0.154788 1
g5 2 39 g5 2 54 0.111263 0.169673 1
g5 2 40 g5 2 51 0.112581 0.220685 1
g5 2 40 g5 2 51 0.113581 0.173265 1
g5 2 38 g4 2 31 0.10849 0.184001 1
g5 2 39 g5 2 50 0.111708 0.134244 1
g5 2 37 g5 2 45 0.107007 0.133308 1
g5 2 39 g5 2 50 0.111846 0.152698 1
g5 2 39 g5 2 49 0.110519 0.14648 1
g5 2 43 g5 2 49 0.121364 0.105347 1
g5 2 55 g5 2 51 0.150929 0.123206 1
g5 2 40 g5 2 49 0.11415 0.0955829 1
g5 2 47 g5 2 52 0.130144 0.083783 1
g5 2 47 g5 2 49 0.131688 0.126546 1
g5 2 50 g5 2 59 0.138464 0.137976 1
g5 2 47 g5 2 55 0.131459 0.0960784 1
g5 2 47 g5 2 54 0.131535 0.106638 1
g5 2 50 g5 2 51 0.138234 0.100387 1
g5 2 47 g5 2 48 0.1315 0.0650965 1
g6 2 40 g6 2 38 0.111966 0.083175 1
g6 2 39 g6 2 38 0.109413 0.0953195 1
g6 2 42 g6 2 38 0.117027 0.0928561 1
g6 2 41 g6 2 34 0.114431 0.186681 1
g6 2 35 g6 2 38 0.100398 0.0746636 1
g6 2 34 g6 2 34 0.098389 0.133747 1
g6 2 37 g6 2 38 0.104703 0.0972487 1
g6 2 38 g6 2 38 0.107383 0.13291 1
g6 2 36 g6 2 38 0.102812 0.106651 1
g6 2 32 g6 2 38 0.092777 0.106965 1
g6 2 39 g6 2 37 0.109779 0.158648 1
g6 2 42 g6 2 59 0.116604 0.0806673 1
g6 2 41 g6 2 41 0.115067 0.0722909 1
g6 2 31 g6 2 38 0.089575 0.121881 1
g6 2 36 g6 2 41 0.103291 0.165956 1
g6 2 41 g6 2 39 0.115331 0.0874991 1
g6 2 35 g6 2 38 0.101291 0.0999042 1
g6 2 43 g6 2 39 0.120623 0.0893298 1
g6 2 36 g6 2 38 0.102706 0.0858735 1
g6 2 35 g6 2 38 0.100378 0.143103 1
g6 2 41 g6 2 38 0.114773 0.0953615 1
g6 2 56 g6 2 38 0.151459 0.112614 1
g6 2 38 g6 2 39 0.107325 0.102929 1
g6 2 34 g6 2 39 0.09812 0.12231 1
g6 2 36 g6 2 38 0.102437 0.120256 1
g6 2 35 g6 2 44 0.100769 0.250265 1
g6 2 44 g6 2 38 0.122113 0.115719 1
g6 2 35 g6 2 38 0.100692 0.0915789 1
g6 2 35 g6 2 38 0.100356 0.0938618 1
g6 2 29 g6 2 33 0.084865 0.102225 1
g6 2 32 g6 2 34 0.092468 0.0872025 1
g6 2 33 g6 2 34 0.095796 0.119237 1
g6 2 51 g6 2 49 0.140237 0.354557 1
g6 2 39 g1 2 25 0.110221 0.256252 1
g6 2 32 g6 2 33 0.092017 0.0489091 1
g6 2 33 g6 2 35 0.095542 0.0869931 1
g6 2 35 g6 2 35 0.100177 0.0761341 1
g6 2 33 g6 2 35 0.095509 0.0791336 1
g6 2 37 g6 2 36 0.104743 0.0803105 1
g6 2 39 g6 2 37 0.109279 0.0712027 1
g6 2 37 g6 2 44 0.106578 0.0961247 1
g7 1 37 g7 1 44 0.107794 0.284241 1
g7 1 34 g7 1 42 0.098286 0.224965 1
g7 1 37 g7 1 39 0.105333 0.323346 1
g7 1 38 g7 1 52 0.108705 0.162606 1
g7 1 40 g7 1 34 0.114182 0.290341 1
g7 1 41 g7 1 41 0.117302 0.267993 1
g7 1 34 g7 1 46 0.098735 0.307843 1
g7 1 35 g7 1 36 0.103556 0.13242 1
g7 1 27 g7 1 31 0.080896 0.229789 1
g7 1 32 g3 1 40 0.095292 0.432231 0
g7 1 34 g7 1 33 0.099517 0.228633 1
g7 1 36 g7 1 34 0.1042 0.171633 1
g7 1 36 g7 1 39 0.102217 0.221973 1
g7 1 34 g7 1 29 0.096814 0.191086 1
g7 1 29 g7 1 29 0.084836 0.22992 1
g7 1 33 g7 1 31 0.095558 0.183853 1
g7 1 33 g7 1 28 0.09672 0.179065 1
g7 1 30 g7 1 32 0.086895 0.223571 1
g7 1 31 g7 1 29 0.089339 0.24925 1
g7 1 31 g7 1 28 0.091123 0.164834 1
g7 1 31 g7 1 32 0.091153 0.209471 1
g7 1 27 g7 1 27 0.082654 0.0629575 1
g7 1 39 g1 2 17 0.109726 0.578516 0
g7 1 35 g7 1 35 0.099088 0.240379 1
g7 1 45 g7 1 28 0.126135 0.33521 1
g7 1 37 g7 1 48 0.103737 0.365188 1
g7 1 34 g2 2 23 0.09834 0.458612 0
g7 1 38 g7 1 37 0.107546 0.169295 1
g7 1 35 g1 2 17 0.101812 0.602471 0
g7 1 36 g7 1 38 0.101678 0.375783 1
g7 1 36 g7 1 36 0.103201 0.21929 1
g7 1 44 g7 1 47 0.121596 0.305902 1
g7 1 39 g7 1 43 0.110939 0.305301 1
g7 1 40 g7 1 35 0.11348 0.224363 1
g7 1 46 g7 1 33 0.127193 0.209283 1
g7 1 68 g7 1 43 0.174301 0.286404 1
g7 1 34 g7 1 51 0.098281 0.34738 1
g7 1 35 g7 1 46 0.100204 0.270879 1
g7 1 39 g7 1 50 0.113391 0.307819 1
g7 1 40 g7 1 39 0.114991 0.23487 1
g7 1 45 g7 1 41 0.12515 0.28276 1
g7 1 48 g7 1 45 0.135038 0.196207 1
g7 1 32 g7 1 34 0.093007 0.314379 1
g7 1 50 g7 1 40 0.139664 0.185094 1
g7 1 21 g7 1 36 0.067442 0.36312 1
g7 1 35 g7 1 51 0.102017 0.377438 1
g7 1 36 g7 1 34 0.104724 0.159756 1
g7 1 36 g7 1 31 0.1043 0.279676 1
g7 1 37 g7 1 31 0.1056 0.22345 1
g7 1 49 g7 1 41 0.135064 0.244665 1
g7 1 33 g7 1 29 0.096213 0.332379 1
g7 1 33 g7 1 33 0.097026 0.272874 1
g7 1 42 g7 1 45 0.118744 0.170913 1
g7 1 61 g7 1 45 0.166539 0.305385 1
g7 1 56 g7 1 52 0.152042 0.246406 1
g7 1 54 g7 1 37 0.147772 0.398754 1
g7 1 53 g7 1 52 0.144907 0.231176 1
g7 1 35 g7 1 35 0.114532 0.242307 1
g7 1 51 g7 1 48 0.14038 0.167855 1
g7 1 43 g7 1 47 0.120446 0.222068 1
g7 1 47 g7 1 48 0.130016 0.168317 1
g7 1 45 g7 1 45 0.125078 0.191058 1
g7 1 47 g7 1 48 0.130279 0.173907 1
