g1 2 24 g6 2 32 0.073586 0.17794 1
g1 2 23 g6 2 34 0.071685 0.194198 1
g1 2 27 g6 2 25 0.080484 0.15724 1
g1 2 42 g1 2 24 0.124508 0.123816 1
g1 2 33 g2 2 17 0.096639 0.187198 1
g1 2 29 g1 2 25 0.084799 0.155603 1
g1 2 31 g1 2 28 0.089879 0.130341 1
g1 2 20 g1 2 27 0.065347 0.114622 1
g1 2 24 g1 2 33 0.073617 0.163865 1
g1 2 28 g1 2 25 0.08271 0.160339 1
g1 2 21 g1 2 31 0.067106 0.14073 1
g1 2 26 g1 2 22 0.077799 0.114373 1
g1 2 25 g1 2 25 0.076107 0.0740661 1
g1 2 25 g1 2 25 0.075789 0.125881 1
g1 2 28 g1 2 25 0.082398 0.0868187 1
g1 2 54 g6 2 38 0.137178 0.204369 1
g1 2 26 g1 2 22 0.078174 0.0972668 1
g1 2 37 g6 2 36 0.107111 0.215971 1
g1 2 20 g6 2 31 0.065138 0.134031 1
g1 2 24 g6 2 34 0.073719 0.199984 1
g1 2 21 g6 2 32 0.067417 0.150999 1
g1 2 28 g6 2 30 0.082336 0.173621 1
g1 2 22 g2 2 17 0.070054 0.193526 1
g1 2 24 g1 2 19 0.073348 0.0891945 1
g1 2 23 g1 2 20 0.071394 0.0969903 1
g1 2 32 g1 2 29 0.092441 0.134032 1
g1 2 30 g1 2 26 0.087117 0.148789 1
g1 2 39 g1 2 26 0.108594 0.259161 1
g1 2 29 g1 2 24 0.084605 0.203512 1
g1 2 29 g1 2 37 0.084791 0.106583 1
g1 2 23 g1 2 25 0.071365 0.0915781 1
g1 2 23 g1 2 24 0.071393 0.174426 1
g1 2 19 g1 2 26 0.063112 0.085179 1
g1 2 28 g1 2 28 0.083038 0.210505 1
g1 2 23 g1 2 29 0.071801 0.236403 1
g1 2 24 g1 2 24 0.073757 0.164906 1
g1 2 30 g1 2 24 0.086765 0.170312 1
g1 2 24 g1 2 26 0.073333 0.146705 1
g1 2 22 g1 2 23 0.069238 0.160308 1
g1 2 23 g1 2 24 0.071404 0.136293 1
g1 2 26 g1 2 26 0.077971 0.157024 1
g1 2 28 g1 2 28 0.082193 0.208836 1
g1 2 23 g1 2 25 0.072103 0.184867 1
g1 2 24 g1 2 24 0.07359 0.181988 1
g1 2 28 g1 2 24 0.082288 0.185135 1
g1 2 21 g1 2 28 0.067282 0.252151 0
g1 2 26 g6 2 36 0.078038 0.200933 1
g1 2 28 g6 2 34 0.082476 0.212761 1
g1 2 22 g6 2 37 0.069872 0.187049 1
g1 2 27 g6 2 34 0.08051 0.136433 1
g1 2 37 g2 2 17 0.105419 0.214004 1
g1 2 25 g6 2 25 0.076176 0.166234 1
g1 2 33 g2 2 17 0.096464 0.175786 1
g1 2 22 g1 2 18 0.069244 0.0772465 1
g1 2 20 g1 2 18 0.064808 0.0702443 1
g1 2 16 g1 2 17 0.056909 0.0958116 1
g1 2 16 g1 2 16 0.05695 0.0742667 1
g1 2 17 g1 2 17 0.058835 0.0748685 1
g1 2 17 g1 2 17 0.058817 0.0620692 1
g1 2 19 g1 2 18 0.062825 0.0683333 1
g1 2 16 g1 2 17 0.056965 0.105744 1
g2 2 15 g2 2 14 0.05476 0.102187 1
g2 2 15 g2 2 14 0.054805 0.10185 1
g2 2 17 g2 2 17 0.059273 0.181372 1
g2 2 14 g2 2 14 0.052795 0.155059 1
g2 2 15 g2 2 14 0.054716 0.154887 1
g2 2 13 g2 2 17 0.05057 0.164817 1
g2 2 14 g2 2 14 0.052946 0.13909 1
g2 2 15 g2 2 14 0.054892 0.110691 1
g2 2 15 g2 2 14 0.054736 0.179236 1
g2 2 29 g2 2 26 0.085343 0.139318 1
g2 2 16 g2 2 14 0.057128 0.110161 1
g2 2 15 g2 2 14 0.054791 0.100015 1
g2 2 15 g2 2 14 0.055168 0.119707 1
g2 2 16 g2 2 14 0.056867 0.121027 1
g2 2 16 g2 2 14 0.056726 0.173813 1
g2 2 15 g2 2 14 0.05487 0.140784 1
g2 2 12 g2 2 17 0.048389 0.269356 1
g2 2 15 g2 2 14 0.054897 0.092682 1
g2 2 16 g2 2 14 0.057013 0.101305 1
g2 2 15 g2 2 14 0.054936 0.158697 1
g2 2 16 g2 2 14 0.057504 0.13721 1
g2 2 16 g2 2 14 0.0572 0.214676 1
g2 2 14 g2 2 14 0.052742 0.148629 1
g2 2 17 g2 2 14 0.058875 0.10577 1
g2 2 18 g2 2 17 0.06077 0.169768 1
g2 2 15 g2 2 14 0.054717 0.174605 1
g2 2 15 g2 2 17 0.054754 0.236373 1
g2 2 16 g2 2 14 0.057009 0.175869 1
g2 2 18 g2 2 14 0.060735 0.137793 1
g2 2 31 g2 2 28 0.090448 0.126317 1
g2 2 28 g2 2 27 0.082605 0.154631 1
g2 2 29 g2 2 26 0.085544 0.139835 1
g2 2 25 g2 2 26 0.076354 0.145608 1
g2 2 20 g2 2 21 0.064973 0.141188 1
g2 2 22 g2 2 21 0.069482 0.116212 1
g2 2 32 g2 2 29 0.09659 0.128335 1
g2 2 23 g2 2 21 0.071609 0.096611 1
g2 2 20 g2 2 21 0.065288 0.0919244 1
g2 2 19 g2 2 21 0.063091 0.0917693 1
g2 2 21 g2 2 21 0.065555 0.0850921 1
g2 2 20 g2 2 21 0.066799 0.0905802 1
g2 2 21 g2 2 21 0.06721 0.0696447 1
g2 2 19 g2 2 21 0.064513 0.111867 1
g2 2 22 g2 2 21 0.069573 0.0774176 1
g2 2 22 g2 2 21 0.069502 0.0948557 1
g2 2 25 g2 2 23 0.075768 0.152061 1
g2 2 17 g2 2 24 0.05924 0.137865 1
g2 2 22 g2 2 21 0.069382 0.0837894 1
g2 2 42 g2 2 28 0.117574 0.160804 1
g2 2 22 g2 2 22 0.069788 0.0964792 1
g2 2 27 g2 2 23 0.080107 0.0798759 1
g2 2 27 g1 2 31 0.080284 0.219936 1
g2 2 21 g2 2 21 0.067195 0.115142 1
g2 2 19 g2 2 21 0.064484 0.0974426 1
g2 2 24 g1 2 33 0.073108 0.127458 1
g2 2 22 g2 2 21 0.069627 0.112631 1
g2 2 26 g1 2 27 0.077425 0.202682 1
g2 2 24 g2 2 28 0.073706 0.128112 1
g2 2 21 g2 2 29 0.067612 0.125182 1
g2 2 29 g2 2 28 0.085227 0.116633 1
g2 2 19 g2 2 21 0.063189 0.102651 1
g2 2 21 g1 2 33 0.067308 0.312074 0
g2 2 30 g2 2 25 0.086912 0.164235 1
g2 2 16 g2 2 14 0.057332 0.14913 1
g2 2 14 g2 2 14 0.052921 0.130177 1
g2 2 15 g2 2 14 0.054818 0.0820335 1
g3 1 36 g3 1 46 0.104726 0.333223 1
g3 1 35 g3 1 43 0.101603 0.221946 1
g3 1 49 g3 1 42 0.133813 0.30178 1
g3 1 52 g3 1 37 0.142165 0.246502 1
g3 1 55 g1 2 30 0.145687 0.418822 0
g3 1 49 g3 1 37 0.135223 0.259881 1
g3 1 47 g3 1 42 0.12899 0.382952 0
g3 1 47 g3 1 41 0.131731 0.282962 0
g3 1 44 g3 1 45 0.12286 0.289696 0
g3 1 43 g3 1 46 0.122362 0.297558 1
g3 1 44 g3 1 57 0.122597 0.28128 0
g3 1 47 g3 1 46 0.128909 0.232351 1
g3 1 46 g3 1 43 0.126617 0.247889 1
g3 1 47 g3 1 64 0.129916 0.222787 1
g3 1 44 g3 1 47 0.12312 0.51036 0
g3 1 44 g3 1 40 0.122631 0.258832 1
g3 1 41 g3 1 42 0.115999 0.209816 1
g3 1 56 g1 2 26 0.155324 0.386249 0
g3 1 48 g3 1 41 0.131854 0.251072 1
g3 1 48 g3 1 42 0.133215 0.221803 1
g3 1 50 g3 1 47 0.137326 0.226277 1
g3 1 48 g3 1 57 0.133567 0.221905 1
g3 1 46 g3 1 41 0.128294 0.25135 1
g3 1 43 g3 1 37 0.121485 0.253234 1
g3 1 47 g3 1 42 0.13043 0.316508 0
g3 1 44 g3 1 38 0.121905 0.28715 0
g3 1 50 g3 1 53 0.1385 0.32382 0
g3 1 66 g3 1 42 0.175586 0.284562 0
g3 1 58 g1 2 35 0.158144 0.4447 0
g3 1 50 g3 1 39 0.135942 0.201403 1
g3 1 57 g3 1 60 0.154773 0.228523 1
g3 1 53 g3 1 41 0.144427 0.280706 1
g3 1 49 g3 1 40 0.134512 0.220627 1
g3 1 51 g3 1 42 0.140142 0.247319 1
g3 1 52 g3 1 47 0.140451 0.263802 1
g3 1 50 g3 1 59 0.136301 0.273868 0
g3 1 51 g3 1 32 0.140318 0.32566 1
g3 1 59 g3 1 69 0.157542 0.265699 1
g3 1 61 g3 1 69 0.161117 0.260838 1
g3 1 46 g3 1 43 0.128185 0.385294 0
g3 1 28 g3 1 47 0.096807 0.823248 0
g3 1 49 g3 1 44 0.135776 0.300426 0
g3 1 42 g3 1 40 0.11881 0.212795 1
g3 1 40 g3 1 41 0.111838 0.20749 1
g3 1 42 g3 1 42 0.115791 0.230677 1
g3 1 44 g3 1 47 0.121055 0.308949 0
g3 1 39 g3 1 38 0.109707 0.342217 0
g3 1 43 g3 1 42 0.121238 0.173902 1
g3 1 40 g3 1 37 0.113665 0.222896 1
g3 1 39 g3 1 47 0.111877 0.313576 0
g3 1 43 g3 1 47 0.119863 0.257709 0
g4 2 37 g4 2 31 0.104609 0.214003 1
g4 2 37 g4 2 42 0.105152 0.0776266 1
g4 2 44 g4 2 45 0.122051 0.166957 1
g4 2 44 g4 2 42 0.122601 0.168567 1
g4 2 41 g4 2 46 0.114942 0.126684 1
g4 2 42 g4 2 51 0.117347 0.146778 1
g4 2 50 g3 1 44 0.137746 0.269455 1
g4 2 42 g4 2 42 0.117248 0.171182 1
g4 2 49 g4 2 48 0.134756 0.160702 1
g4 2 47 g4 2 49 0.12937 0.169863 1
g4 2 46 g4 2 46 0.126725 0.137917 1
g4 2 48 g4 2 51 0.132883 0.118121 1
g4 2 52 g4 2 51 0.142079 0.0872918 1
g4 2 45 g4 2 31 0.126571 0.128089 1
g4 2 30 g4 2 43 0.086838 0.145188 1
g4 2 31 g4 2 30 0.089383 0.0783236 1
g4 2 30 g4 2 29 0.08688 0.0842569 1
g4 2 33 g4 2 34 0.0962 0.155891 1
g4 2 31 g4 2 33 0.089804 0.107021 1
g4 2 34 g4 2 34 0.098012 0.120714 1
g4 2 35 g4 2 40 0.100572 0.0921291 1
g4 2 36 g4 2 32 0.103399 0.107127 1
g4 2 40 g4 2 48 0.111905 0.157677 1
g4 2 30 g4 2 32 0.086578 0.11523 1
g4 2 37 g4 2 35 0.105097 0.0999789 1
g4 2 37 g4 2 37 0.10563 0.0565179 1
g4 2 41 g4 2 36 0.114771 0.0927801 1
g4 2 41 g4 2 43 0.114726 0.114147 1
g4 2 46 g4 2 32 0.126119 0.101447 1
g4 2 46 g4 2 34 0.126315 0.113267 1
g4 2 31 g4 2 37 0.089979 0.0959691 1
g4 2 31 g4 2 33 0.089767 0.104216 1
g4 2 33 g4 2 34 0.095927 0.089046 1
g4 2 34 g4 2 34 0.097876 0.140114 1
g4 2 45 g4 2 34 0.1243 0.10591 1
g4 2 42 g4 2 34 0.116851 0.195535 1
g4 2 46 g4 2 41 0.126909 0.155241 1
g4 2 33 g4 2 32 0.096717 0.0741323 1
g4 2 45 g4 2 41 0.12452 0.101616 1
g4 2 50 g4 2 41 0.13684 0.114166 1
g4 2 41 g4 2 42 0.114885 0.0754929 1
g4 2 45 g4 2 32 0.124191 0.102621 1
g5 2 43 g5 2 48 0.120695 0.0971744 1
g5 2 45 g5 2 44 0.124923 0.0816019 1
g5 2 44 g5 2 52 0.123589 0.109662 1
g5 2 42 g5 2 52 0.117731 0.124991 1
g5 2 36 g5 2 50 0.104078 0.17394 1
g5 2 42 g5 2 50 0.118653 0.10384 1
g5 2 41 g4 2 34 0.115849 0.196252 1
g5 2 46 g5 2 50 0.127948 0.189313 1
g5 2 40 g5 2 51 0.113039 0.211937 1
g5 2 33 g5 2 32 0.096618 0.123541 1
g5 2 35 g5 2 35 0.100886 0.127559 1
g5 2 41 g5 2 35 0.115775 0.116069 1
g5 2 34 g5 2 33 0.098602 0.167177 1
g5 2 36 g4 2 31 0.103071 0.194451 1
g5 2 43 g5 2 51 0.12037 0.16659 1
g5 2 39 g5 2 52 0.110293 0.223702 1
g5 2 38 g5 2 51 0.108218 0.17723 1
g5 2 35 g5 2 35 0.100902 0.193171 1
g5 2 38 g5 2 51 0.108324 0.171682 1
g5 2 38 g4 2 31 0.10809 0.179745 1
g5 2 39 g5 2 51 0.110824 0.145158 1
g5 2 38 g4 2 31 0.107962 0.182144 1
g5 2 39 g4 2 36 0.110347 0.223905 1
g5 2 38 g5 2 50 0.108252 0.172716 1
g5 2 41 g5 2 50 0.116534 0.134535 1
g5 2 41 g5 2 54 0.115554 0.156904 1
g5 2 39 g4 2 31 0.110634 0.154788 1
g5 2 39 g5 2 54 0.110636 0.169673 1
g5 2 40 g5 2 51 0.112524 0.220685 1
g5 2 40 g5 2 51 0.113156 0.173265 1
g5 2 38 g4 2 31 0.108398 0.184001 1
g5 2 39 g5 2 50 0.11085 0.134244 1
g5 2 37 g5 2 45 0.106385 0.133308 1
g5 2 39 g5 2 50 0.11173 0.152698 1
g5 2 39 g5 2 49 0.110895 0.14648 1
g5 2 43 g5 2 49 0.120366 0.105347 1
g5 2 55 g5 2 51 0.14951 0.123206 1
g5 2 40 g5 2 49 0.11438 0.0955829 1
g5 2 47 g5 2 52 0.1302 0.083783 1
g5 2 47 g5 2 49 0.131408 0.126546 1
g5 2 50 g5 2 59 0.137937 0.137976 1
g5 2 47 g5 2 55 0.131911 0.0960784 1
g5 2 47 g5 2 54 0.131536 0.106638 1
g5 2 50 g5 2 51 0.137781 0.100387 1
g5 2 47 g5 2 48 0.131018 0.0650965 1
g6 2 40 g6 2 38 0.111652 0.083175 1
g6 2 39 g6 2 38 0.1094 0.0953195 1
g6 2 42 g6 2 38 0.115301 0.0928561 1
g6 2 41 g6 2 34 0.114014 0.186681 1
g6 2 35 g6 2 38 0.100185 0.0746636 1
g6 2 34 g6 2 34 0.098235 0.133747 1
g6 2 37 g6 2 38 0.104647 0.0972487 1
g6 2 38 g6 2 38 0.10697 0.13291 1
g6 2 36 g6 2 38 0.102165 0.106651 1
g6 2 32 g6 2 38 0.092703 0.106965 1
g6 2 39 g6 2 37 0.10975 0.158648 1
g6 2 42 g6 2 59 0.116665 0.0806673 1
g6 2 41 g6 2 41 0.114445 0.0722909 1
g6 2 31 g6 2 38 0.089823 0.121881 1
g6 2 36 g6 2 41 0.102685 0.165956 1
g6 2 41 g6 2 39 0.114612 0.0874991 1
g6 2 35 g6 2 38 0.100102 0.0999042 1
g6 2 43 g6 2 39 0.118804 0.0893298 1
g6 2 36 g6 2 38 0.103259 0.0858735 1
g6 2 35 g6 2 38 0.100162 0.143103 1
g6 2 41 g6 2 38 0.114192 0.0953615 1
g6 2 56 g6 2 38 0.150914 0.112614 1
g6 2 38 g6 2 39 0.107333 0.102929 1
g6 2 34 g6 2 39 0.09776 0.12231 1
g6 2 36 g6 2 38 0.102819 0.120256 1
g6 2 35 g6 2 44 0.100296 0.250265 0
g6 2 44 g6 2 38 0.12195 0.115719 1
g6 2 35 g6 2 38 0.100326 0.0915789 1
g6 2 35 g6 2 38 0.100211 0.0938618 1
g6 2 29 g6 2 33 0.084703 0.102225 1
g6 2 32 g6 2 34 0.092519 0.0872025 1
g6 2 33 g6 2 34 0.095595 0.119237 1
g6 2 51 g6 2 49 0.139098 0.354557 0
g6 2 39 g1 2 25 0.109595 0.256252 1
g6 2 32 g6 2 33 0.092444 0.0489091 1
g6 2 33 g6 2 35 0.096129 0.0869931 1
g6 2 35 g6 2 35 0.100159 0.0761341 1
g6 2 33 g6 2 35 0.095123 0.0791336 1
g6 2 37 g6 2 36 0.104471 0.0803105 1
g6 2 39 g6 2 37 0.109619 0.0712027 1
g6 2 37 g6 2 44 0.104709 0.0961247 1
g7 1 37 g7 1 44 0.107408 0.284241 1
g7 1 34 g7 1 42 0.098586 0.224965 1
g7 1 37 g7 1 39 0.105169 0.323346 0
g7 1 38 g7 1 52 0.108854 0.162606 1
g7 1 40 g7 1 34 0.112603 0.290341 1
g7 1 41 g7 1 41 0.116439 0.267993 1
g7 1 34 g7 1 46 0.099509 0.307843 0
g7 1 35 g7 1 36 0.103174 0.13242 1
g7 1 27 g7 1 31 0.080373 0.229789 1
g7 1 32 g3 1 40 0.094906 0.432231 0
g7 1 34 g7 1 33 0.099149 0.228633 1
g7 1 36 g7 1 34 0.104059 0.171633 1
g7 1 36 g7 1 39 0.102328 0.221973 1
g7 1 34 g7 1 29 0.097052 0.191086 1
g7 1 29 g7 1 29 0.084411 0.22992 1
g7 1 33 g7 1 31 0.096257 0.183853 1
g7 1 33 g7 1 28 0.095624 0.179065 1
g7 1 30 g7 1 32 0.086887 0.223571 1
g7 1 31 g7 1 29 0.089378 0.24925 1
g7 1 31 g7 1 28 0.09109 0.164834 1
g7 1 31 g7 1 32 0.091049 0.209471 1
g7 1 27 g7 1 27 0.082203 0.0629575 1
g7 1 39 g1 2 17 0.109879 0.578516 0
g7 1 35 g7 1 35 0.099028 0.240379 1
g7 1 45 g7 1 28 0.124768 0.33521 1
g7 1 37 g7 1 48 0.10383 0.365188 0
g7 1 34 g2 2 23 0.097786 0.458612 0
g7 1 38 g7 1 37 0.10742 0.169295 1
g7 1 35 g1 2 17 0.101951 0.602471 0
g7 1 36 g7 1 38 0.101176 0.375783 0
g7 1 36 g7 1 36 0.102116 0.21929 1
g7 1 44 g7 1 47 0.121621 0.305902 1
g7 1 39 g7 1 43 0.111017 0.305301 0
g7 1 40 g7 1 35 0.113911 0.224363 1
g7 1 46 g7 1 33 0.126815 0.209283 1
g7 1 68 g7 1 43 0.176931 0.286404 1
g7 1 34 g7 1 51 0.097884 0.34738 0
g7 1 35 g7 1 46 0.099411 0.270879 1
g7 1 39 g7 1 50 0.111615 0.307819 1
g7 1 40 g7 1 39 0.112475 0.23487 1
g7 1 45 g7 1 41 0.124913 0.28276 1
g7 1 48 g7 1 45 0.135192 0.196207 1
g7 1 32 g7 1 34 0.092787 0.314379 1
g7 1 50 g7 1 40 0.138451 0.185094 1
g7 1 21 g7 1 36 0.066953 0.36312 1
g7 1 35 g7 1 51 0.102012 0.377438 0
g7 1 36 g7 1 34 0.104483 0.159756 1
g7 1 36 g7 1 31 0.103991 0.279676 1
g7 1 37 g7 1 31 0.10527 0.22345 1
g7 1 49 g7 1 41 0.134467 0.244665 1
g7 1 33 g7 1 29 0.096958 0.332379 1
g7 1 33 g7 1 33 0.099915 0.272874 1
g7 1 42 g7 1 45 0.118543 0.170913 1
g7 1 61 g7 1 45 0.165621 0.305385 1
g7 1 56 g7 1 52 0.152524 0.246406 1
g7 1 54 g7 1 37 0.1472 0.398754 0
g7 1 53 g7 1 52 0.14496 0.231176 1
g7 1 35 g7 1 35 0.114355 0.242307 1
g7 1 51 g7 1 48 0.14046 0.167855 1
g7 1 43 g7 1 47 0.119376 0.222068 1
g7 1 47 g7 1 48 0.128897 0.168317 1
g7 1 45 g7 1 45 0.125391 0.191058 1
g7 1 47 g7 1 48 0.130856 0.173907 1
