g1 2 22 g6 2 30 0.06587 0.169768 1
g1 2 21 g6 2 32 0.064031 0.182766 1
g1 2 25 g6 2 23 0.072499 0.142628 1
g1 2 40 g1 2 22 0.114341 0.122917 1
g1 2 31 g2 2 15 0.085756 0.192795 1
g1 2 27 g1 2 23 0.077189 0.153719 1
g1 2 29 g1 2 26 0.081218 0.127131 1
g1 2 18 g1 2 25 0.058061 0.11378 1
g1 2 22 g1 2 25 0.066153 0.13298 1
g1 2 26 g1 2 23 0.074275 0.159024 1
g1 2 19 g1 2 20 0.060015 0.140108 1
g1 2 24 g1 2 20 0.070581 0.1084 1
g1 2 23 g1 2 23 0.068134 0.0709912 1
g1 2 23 g1 2 23 0.068219 0.124063 1
g1 2 26 g1 2 26 0.074324 0.0804248 1
g1 2 52 g6 2 36 0.128599 0.200435 1
g1 2 24 g1 2 20 0.070093 0.0998263 1
g1 2 35 g6 2 34 0.095514 0.203915 1
g1 2 18 g6 2 29 0.058147 0.130181 1
g1 2 22 g6 2 32 0.066334 0.189666 1
g1 2 19 g6 2 30 0.059925 0.141693 1
g1 2 26 g6 2 28 0.074234 0.162342 1
g1 2 20 g2 2 15 0.062113 0.191332 1
g1 2 22 g1 2 17 0.066295 0.0826369 1
g1 2 21 g1 2 18 0.064053 0.0905276 1
g1 2 30 g1 2 27 0.083072 0.133558 1
g1 2 28 g1 2 24 0.078634 0.151798 1
g1 2 37 g1 2 24 0.099548 0.252167 1
g1 2 27 g1 2 22 0.076688 0.202364 1
g1 2 27 g1 2 35 0.077107 0.106825 1
g1 2 21 g1 2 23 0.063757 0.0890126 1
g1 2 21 g1 2 22 0.06428 0.16291 1
g1 2 17 g1 2 24 0.055909 0.0803424 1
g1 2 26 g1 2 23 0.074119 0.224511 1
g1 2 21 g1 2 27 0.064134 0.239584 0
g1 2 22 g1 2 22 0.065933 0.156561 1
g1 2 28 g1 2 22 0.078737 0.164012 1
g1 2 22 g1 2 22 0.06601 0.158704 1
g1 2 20 g1 2 21 0.061884 0.163986 1
g1 2 21 g1 2 22 0.064306 0.127 1
g1 2 24 g1 2 24 0.070509 0.157281 1
g1 2 26 g1 2 26 0.074314 0.208272 1
g1 2 21 g1 2 23 0.064156 0.184014 1
g1 2 22 g1 2 22 0.066079 0.171721 1
g1 2 26 g1 2 22 0.074642 0.166915 1
g1 2 19 g1 2 26 0.059743 0.235 0
g1 2 24 g6 2 34 0.070529 0.18875 1
g1 2 26 g6 2 32 0.074382 0.197104 1
g1 2 20 g6 2 35 0.061954 0.172626 1
g1 2 25 g6 2 37 0.072517 0.129048 1
g1 2 35 g2 2 15 0.096085 0.221742 1
g1 2 23 g6 2 23 0.068347 0.151302 1
g1 2 31 g2 2 15 0.08545 0.17079 1
g1 2 20 g1 2 16 0.06198 0.074766 1
g1 2 18 g1 2 16 0.057526 0.0666175 1
g1 2 14 g1 2 16 0.050238 0.097091 1
g1 2 14 g1 2 14 0.049741 0.0732514 1
g1 2 15 g1 2 15 0.052341 0.0769861 1
g1 2 15 g1 2 15 0.051972 0.0601426 1
g1 2 17 g1 2 16 0.055792 0.0660645 1
g1 2 14 g1 2 15 0.050579 0.111548 1
g2 2 13 g2 2 12 0.04876 0.104895 1
g2 2 13 g2 2 12 0.048747 0.100152 1
g2 2 15 g2 2 15 0.052155 0.181384 1
g2 2 12 g2 2 12 0.046124 0.149102 1
g2 2 13 g2 2 12 0.048599 0.151942 1
g2 2 11 g2 2 15 0.043504 0.165786 1
g2 2 12 g2 2 12 0.046461 0.125499 1
g2 2 13 g2 2 12 0.048703 0.10506 1
g2 2 13 g2 2 12 0.048851 0.16345 1
g2 2 27 g2 2 24 0.077677 0.131999 1
g2 2 14 g2 2 12 0.050217 0.107382 1
g2 2 13 g2 2 12 0.048918 0.106109 1
g2 2 13 g2 2 12 0.048649 0.120002 1
g2 2 14 g2 2 12 0.050208 0.127057 1
g2 2 14 g2 2 12 0.050434 0.180586 1
g2 2 13 g2 2 12 0.048955 0.142003 1
g2 2 10 g2 2 15 0.041606 0.257722 0
g2 2 13 g2 2 12 0.048428 0.0980197 1
g2 2 14 g2 2 12 0.050272 0.105194 1
g2 2 13 g2 2 12 0.049308 0.161468 1
g2 2 14 g2 2 12 0.050416 0.143054 1
g2 2 14 g2 2 12 0.050278 0.214652 1
g2 2 12 g2 2 12 0.046423 0.142436 1
g2 2 15 g2 2 12 0.052217 0.101405 1
g2 2 16 g2 2 15 0.054064 0.171857 1
g2 2 13 g2 2 12 0.048089 0.160181 1
g2 2 13 g2 2 15 0.04831 0.242999 1
g2 2 14 g2 2 12 0.050031 0.163168 1
g2 2 16 g2 2 12 0.054222 0.134649 1
g2 2 29 g2 2 26 0.081538 0.119545 1
g2 2 26 g2 2 25 0.075178 0.152066 1
g2 2 27 g2 2 24 0.077553 0.135915 1
g2 2 23 g1 2 21 0.068664 0.27101 0
g2 2 18 g2 2 20 0.057646 0.108109 1
g2 2 20 g2 2 19 0.061885 0.111781 1
g2 2 30 g2 2 27 0.085571 0.124809 1
g2 2 21 g2 2 22 0.064597 0.0915402 1
g2 2 18 g2 2 21 0.058066 0.09341 1
g2 2 17 g2 2 19 0.056791 0.0936848 1
g2 2 19 g2 2 19 0.059086 0.0877324 1
g2 2 18 g2 2 19 0.060041 0.0914348 1
g2 2 19 g2 2 19 0.060247 0.0712885 1
g2 2 17 g2 2 19 0.057598 0.114198 1
g2 2 20 g2 2 19 0.062062 0.073588 1
g2 2 20 g2 2 19 0.062067 0.0967156 1
g2 2 23 g2 2 21 0.068194 0.144163 1
g2 2 15 g2 2 20 0.052951 0.130696 1
g2 2 20 g2 2 19 0.061991 0.0832217 1
g2 2 40 g2 2 26 0.107822 0.163425 1
g2 2 20 g2 2 20 0.061788 0.0960384 1
g2 2 25 g2 2 21 0.07239 0.0813563 1
g2 2 25 g1 2 29 0.072829 0.220425 1
g2 2 19 g2 2 19 0.060298 0.112486 1
g2 2 17 g2 2 21 0.057493 0.097333 1
g2 2 22 g1 2 31 0.06568 0.122122 1
g2 2 20 g2 2 21 0.06199 0.107351 1
g2 2 24 g1 2 25 0.069579 0.197976 1
g2 2 22 g2 2 26 0.066303 0.120047 1
g2 2 19 g2 2 27 0.05994 0.119208 1
g2 2 27 g2 2 26 0.076725 0.118647 1
g2 2 17 g2 2 19 0.05631 0.100057 1
g2 2 19 g1 2 28 0.060307 0.292518 0
g2 2 28 g2 2 23 0.079028 0.166886 1
g2 2 14 g2 2 12 0.050153 0.14921 1
g2 2 12 g2 2 12 0.046273 0.119037 1
g2 2 13 g2 2 12 0.048859 0.0842657 1
g3 1 34 g3 1 44 0.095421 0.317284 0
g3 1 33 g3 1 46 0.09265 0.219336 1
g3 1 47 g3 1 40 0.122934 0.300735 1
g3 1 50 g3 1 38 0.13109 0.292126 0
g3 1 53 g1 2 28 0.134421 0.394027 0
g3 1 47 g3 1 35 0.124539 0.254261 1
g3 1 45 g3 1 35 0.11915 0.283474 1
g3 1 45 g3 1 39 0.123474 0.271269 0
g3 1 42 g3 1 62 0.112931 0.270819 0
g3 1 41 g3 1 44 0.112553 0.289394 1
g3 1 42 g3 1 55 0.112915 0.278039 0
g3 1 45 g3 1 46 0.118929 0.244614 1
g3 1 44 g3 1 41 0.11641 0.235877 1
g3 1 45 g3 1 58 0.120363 0.252537 0
g3 1 42 g3 1 38 0.113123 0.493665 0
g3 1 42 g3 1 40 0.112334 0.203043 1
g3 1 39 g3 1 40 0.106123 0.203044 1
g3 1 54 g1 2 24 0.143826 0.362888 0
g3 1 46 g3 1 39 0.121675 0.241867 1
g3 1 46 g3 1 40 0.122239 0.209648 1
g3 1 48 g3 1 45 0.127339 0.216754 1
g3 1 46 g3 1 55 0.12272 0.223339 1
g3 1 44 g3 1 39 0.1177 0.239907 0
g3 1 41 g3 1 35 0.111723 0.247535 0
g3 1 45 g3 1 40 0.120135 0.311268 0
g3 1 42 g3 1 36 0.112045 0.292783 0
g3 1 48 g3 1 55 0.127997 0.300204 1
g3 1 64 g3 1 40 0.164102 0.285783 0
g3 1 56 g3 1 36 0.146042 0.289882 1
g3 1 48 g3 1 37 0.125267 0.198829 1
g3 1 55 g3 1 58 0.142282 0.224211 1
g3 1 51 g3 1 39 0.133767 0.271578 1
g3 1 47 g3 1 38 0.123867 0.215558 1
g3 1 49 g3 1 40 0.129658 0.234342 1
g3 1 50 g3 1 45 0.129847 0.252466 1
g3 1 48 g3 1 57 0.126364 0.27381 0
g3 1 49 g3 1 30 0.129902 0.323088 0
g3 1 57 g3 1 67 0.145297 0.266969 1
g3 1 59 g3 1 67 0.150105 0.253434 0
g3 1 44 g3 1 41 0.118247 0.369473 0
g3 1 26 g3 1 45 0.087701 0.815193 0
g3 1 47 g3 1 42 0.125346 0.286109 0
g3 1 40 g3 1 37 0.109449 0.220951 1
g3 1 38 g3 1 39 0.101971 0.198995 1
g3 1 40 g3 1 40 0.10621 0.222099 1
g3 1 42 g3 1 45 0.110893 0.299045 0
g3 1 37 g3 1 36 0.100262 0.333865 0
g3 1 41 g3 1 40 0.111647 0.166086 1
g3 1 38 g3 1 35 0.10398 0.213044 1
g3 1 37 g3 1 45 0.101868 0.298428 0
g3 1 41 g3 1 45 0.110395 0.255173 0
g4 2 35 g4 2 29 0.095765 0.200981 1
g4 2 35 g4 2 40 0.096762 0.074868 1
g4 2 42 g4 2 43 0.111966 0.165537 1
g4 2 42 g4 2 40 0.11187 0.165293 1
g4 2 39 g4 2 44 0.10587 0.123519 1
g4 2 40 g4 2 49 0.108501 0.144795 1
g4 2 48 g3 1 42 0.1276 0.263518 1
g4 2 40 g4 2 40 0.107689 0.163291 1
g4 2 47 g4 2 46 0.124156 0.155578 1
g4 2 45 g4 2 47 0.119635 0.164294 1
g4 2 44 g4 2 44 0.117574 0.139688 1
g4 2 46 g4 2 49 0.121565 0.115756 1
g4 2 50 g4 2 49 0.131078 0.0830325 1
g4 2 43 g4 2 29 0.115193 0.121298 1
g4 2 28 g4 2 31 0.078384 0.135106 1
g4 2 29 g4 2 28 0.080693 0.0741795 1
g4 2 28 g4 2 27 0.078451 0.0812595 1
g4 2 31 g4 2 32 0.085458 0.148538 1
g4 2 29 g4 2 31 0.080971 0.10039 1
g4 2 32 g4 2 32 0.088598 0.113248 1
g4 2 33 g4 2 38 0.091529 0.0895119 1
g4 2 34 g4 2 30 0.09363 0.105078 1
g4 2 38 g4 2 46 0.102396 0.154445 1
g4 2 28 g4 2 30 0.078568 0.111214 1
g4 2 35 g4 2 33 0.09607 0.0928454 1
g4 2 35 g4 2 35 0.09626 0.054118 1
g4 2 39 g4 2 34 0.105322 0.0895005 1
g4 2 39 g4 2 41 0.104825 0.110703 1
g4 2 44 g4 2 30 0.115696 0.100345 1
g4 2 44 g4 2 32 0.116201 0.109677 1
g4 2 29 g4 2 35 0.080992 0.0896642 1
g4 2 29 g4 2 31 0.081486 0.0966102 1
g4 2 31 g4 2 32 0.085728 0.0844094 1
g4 2 32 g4 2 32 0.08871 0.129553 1
g4 2 43 g4 2 32 0.113907 0.104682 1
g4 2 40 g4 2 32 0.107341 0.189227 1
g4 2 44 g4 2 39 0.117007 0.150614 1
g4 2 31 g4 2 30 0.085577 0.0719758 1
g4 2 43 g4 2 39 0.114022 0.100572 1
g4 2 48 g4 2 39 0.126327 0.11545 1
g4 2 39 g4 2 40 0.104979 0.0739062 1
g4 2 43 g4 2 30 0.114973 0.099075 1
g5 2 41 g5 2 48 0.111106 0.0936454 1
g5 2 43 g5 2 42 0.115031 0.0802734 1
g5 2 42 g5 2 50 0.114074 0.110121 1
g5 2 40 g5 2 50 0.108237 0.126498 1
g5 2 34 g5 2 48 0.094829 0.167191 1
g5 2 40 g5 2 48 0.109137 0.10047 1
g5 2 39 g4 2 32 0.10578 0.19223 1
g5 2 44 g5 2 48 0.117694 0.179595 1
g5 2 38 g5 2 49 0.103894 0.208098 1
g5 2 31 g5 2 30 0.086335 0.119656 1
g5 2 33 g5 2 33 0.091811 0.123368 1
g5 2 39 g5 2 33 0.105543 0.114927 1
g5 2 32 g5 2 40 0.090123 0.147538 1
g5 2 34 g4 2 29 0.093873 0.192093 1
g5 2 41 g5 2 49 0.110954 0.168088 1
g5 2 37 g5 2 33 0.100397 0.206707 1
g5 2 36 g5 2 49 0.098752 0.176142 1
g5 2 33 g5 2 33 0.091936 0.183825 1
g5 2 36 g5 2 49 0.099366 0.169152 1
g5 2 36 g4 2 29 0.099184 0.176426 1
g5 2 37 g5 2 49 0.101376 0.142442 1
g5 2 36 g4 2 29 0.098392 0.174111 1
g5 2 37 g4 2 29 0.101163 0.209175 1
g5 2 36 g5 2 48 0.099 0.172507 1
g5 2 39 g5 2 48 0.106334 0.13397 1
g5 2 39 g5 2 52 0.106124 0.154602 1
g5 2 37 g4 2 29 0.101655 0.149926 1
g5 2 37 g5 2 52 0.10143 0.168346 1
g5 2 38 g5 2 49 0.103381 0.216505 1
g5 2 38 g5 2 48 0.104178 0.163797 1
g5 2 36 g4 2 32 0.09886 0.192569 1
g5 2 37 g5 2 48 0.102123 0.131962 1
g5 2 35 g5 2 47 0.09701 0.142198 1
g5 2 37 g5 2 48 0.102113 0.14226 1
g5 2 37 g5 2 47 0.101196 0.144625 1
g5 2 41 g5 2 47 0.11071 0.101672 1
g5 2 53 g5 2 49 0.138206 0.12125 1
g5 2 38 g5 2 47 0.104354 0.0936596 1
g5 2 45 g5 2 50 0.119842 0.0808529 1
g5 2 45 g5 2 47 0.120842 0.120769 1
g5 2 48 g5 2 57 0.128267 0.133671 1
g5 2 45 g5 2 57 0.121186 0.0969753 1
g5 2 45 g5 2 52 0.120919 0.102699 1
g5 2 48 g5 2 49 0.127742 0.0952967 1
g5 2 45 g5 2 50 0.120881 0.0759647 1
g6 2 38 g6 2 36 0.102064 0.0832649 1
g6 2 37 g6 2 36 0.1004 0.0919877 1
g6 2 40 g6 2 32 0.106058 0.104036 1
g6 2 39 g6 2 32 0.104041 0.177701 1
g6 2 33 g6 2 36 0.091102 0.0739164 1
g6 2 32 g6 2 38 0.08853 0.121687 1
g6 2 35 g6 2 36 0.095549 0.0944504 1
g6 2 36 g6 2 36 0.09747 0.131658 1
g6 2 34 g6 2 36 0.093037 0.102656 1
g6 2 30 g6 2 36 0.082935 0.105279 1
g6 2 37 g6 2 35 0.100318 0.14888 1
g6 2 40 g6 2 57 0.107335 0.0781961 1
g6 2 39 g6 2 39 0.105495 0.0718683 1
g6 2 29 g6 2 36 0.081206 0.12352 1
g6 2 34 g6 2 39 0.094196 0.164024 1
g6 2 39 g6 2 37 0.105416 0.0867312 1
g6 2 33 g6 2 36 0.091304 0.0986273 1
g6 2 41 g6 2 37 0.109214 0.0893568 1
g6 2 34 g6 2 36 0.093169 0.0844872 1
g6 2 33 g6 2 36 0.091558 0.141988 1
g6 2 39 g6 2 36 0.104598 0.0943078 1
g6 2 54 g6 2 36 0.138728 0.153552 1
g6 2 36 g6 2 37 0.098436 0.100885 1
g6 2 32 g6 2 37 0.088044 0.123474 1
g6 2 34 g6 2 36 0.093249 0.119653 1
g6 2 33 g6 2 32 0.091621 0.235521 0
g6 2 42 g6 2 36 0.111434 0.113696 1
g6 2 33 g6 2 36 0.091038 0.0889257 1
g6 2 33 g6 2 36 0.091408 0.0953035 1
g6 2 27 g6 2 31 0.076492 0.105149 1
g6 2 30 g6 2 32 0.083466 0.0827278 1
g6 2 31 g6 2 32 0.085691 0.112569 1
g6 2 49 g6 2 45 0.128389 0.369142 0
g6 2 37 g1 2 27 0.100662 0.24954 1
g6 2 30 g6 2 31 0.08257 0.0481761 1
g6 2 31 g6 2 33 0.086197 0.0835578 1
g6 2 33 g6 2 33 0.090977 0.0749726 1
g6 2 31 g6 2 33 0.085203 0.0741513 1
g6 2 35 g6 2 34 0.095562 0.0786984 1
g6 2 37 g6 2 35 0.099846 0.0650936 1
g6 2 35 g6 2 42 0.09566 0.094644 1
g7 1 35 g7 1 42 0.099167 0.274072 1
g7 1 32 g7 1 40 0.088838 0.213871 1
g7 1 35 g7 1 37 0.096171 0.314541 0
g7 1 36 g7 1 50 0.099831 0.156651 1
g7 1 38 g7 1 32 0.103164 0.283299 1
g7 1 39 g7 1 50 0.107686 0.199292 1
g7 1 32 g7 1 39 0.089734 0.269915 1
g7 1 33 g7 1 34 0.09408 0.128595 1
g7 1 25 g7 1 29 0.072853 0.23025 1
g7 1 30 g3 1 38 0.085857 0.404612 0
g7 1 32 g7 1 31 0.090218 0.224395 1
g7 1 34 g7 1 32 0.095242 0.163102 1
g7 1 34 g7 1 37 0.093309 0.212897 1
g7 1 32 g7 1 27 0.087004 0.175722 1
g7 1 27 g7 1 27 0.07689 0.223942 1
g7 1 31 g7 1 29 0.085823 0.174304 1
g7 1 31 g7 1 26 0.086046 0.169538 1
g7 1 28 g7 1 30 0.078542 0.216126 0
g7 1 29 g7 1 27 0.081014 0.234621 1
g7 1 29 g7 1 26 0.082387 0.163887 1
g7 1 29 g7 1 30 0.08246 0.201632 1
g7 1 25 g7 1 25 0.074236 0.0634586 1
g7 1 37 g1 2 15 0.100462 0.530052 0
g7 1 33 g7 1 33 0.090232 0.236254 1
g7 1 43 g7 1 26 0.114 0.325197 0
g7 1 35 g7 1 46 0.095413 0.348845 0
g7 1 32 g2 2 21 0.088801 0.420181 0
g7 1 36 g7 1 35 0.098375 0.16725 1
g7 1 33 g1 2 15 0.092702 0.551134 0
g7 1 34 g7 1 36 0.092626 0.358404 0
g7 1 34 g7 1 34 0.093316 0.230783 0
g7 1 42 g7 1 45 0.111524 0.299935 0
g7 1 37 g7 1 41 0.101672 0.295442 0
g7 1 38 g7 1 33 0.103569 0.215944 1
g7 1 44 g7 1 31 0.116203 0.208828 1
g7 1 66 g7 1 41 0.16161 0.282145 1
g7 1 32 g7 1 37 0.088626 0.24747 1
g7 1 33 g7 1 48 0.090937 0.259356 1
g7 1 37 g7 1 41 0.102428 0.258088 1
g7 1 38 g7 1 37 0.102963 0.234551 1
g7 1 43 g7 1 39 0.11513 0.261738 1
g7 1 46 g7 1 43 0.124408 0.186543 1
g7 1 30 g7 1 31 0.083708 0.263501 0
g7 1 48 g7 1 38 0.127948 0.179544 1
g7 1 19 g7 1 34 0.059981 0.362941 0
g7 1 33 g7 1 49 0.092868 0.362298 0
g7 1 34 g7 1 32 0.095971 0.154278 1
g7 1 34 g7 1 29 0.095335 0.281279 1
g7 1 35 g7 1 29 0.09614 0.218815 1
g7 1 47 g7 1 39 0.124016 0.239458 1
g7 1 31 g7 1 27 0.085969 0.320248 1
g7 1 31 g7 1 31 0.087408 0.258225 1
g7 1 40 g7 1 43 0.108853 0.168175 1
g7 1 59 g7 1 43 0.153455 0.298299 1
g7 1 54 g7 1 50 0.141071 0.245747 1
g7 1 52 g7 1 35 0.13724 0.381369 0
g7 1 51 g7 1 50 0.1342 0.22973 0
g7 1 33 g7 1 33 0.104383 0.226786 1
g7 1 49 g7 1 46 0.129326 0.164696 1
g7 1 41 g7 1 45 0.109617 0.208928 1
g7 1 45 g7 1 46 0.118486 0.158187 1
g7 1 43 g7 1 43 0.114676 0.191376 1
g7 1 45 g7 1 46 0.120524 0.173496 1
