g1 2 44 g6 2 60 0.21549 0.160914 1
g1 2 42 g6 2 64 0.207276 0.172727 1
g1 2 50 g6 2 48 0.240107 0.125289 1
g1 2 100 g1 2 43 0.449054 0.129417 1
g1 2 61 g2 2 30 0.288614 0.183151 1
g1 2 54 g1 2 46 0.256597 0.142534 1
g1 2 58 g1 2 46 0.27357 0.113158 1
g1 2 35 g1 2 50 0.18099 0.0970448 1
g1 2 44 g1 2 40 0.218442 0.122193 1
g1 2 52 g1 2 46 0.24861 0.153201 1
g1 2 37 g1 2 40 0.188205 0.117398 1
g1 2 48 g1 2 40 0.233675 0.0942005 1
g1 2 46 g1 2 46 0.224158 0.0653767 1
g1 2 45 g1 2 44 0.220852 0.0742529 1
g1 2 51 g1 2 46 0.243405 0.0742867 1
g1 2 109 g6 2 71 0.486993 0.199637 1
g1 2 47 g1 2 40 0.228 0.0893916 1
g1 2 69 g6 2 68 0.318201 0.192761 0
g1 2 35 g6 2 69 0.180833 0.134836 1
g1 2 44 g6 2 64 0.216671 0.180735 0
g1 2 37 g6 2 49 0.187802 0.127242 1
g1 2 52 g6 2 55 0.2487 0.15502 1
g1 2 40 g2 2 45 0.199985 0.175992 1
g1 2 43 g1 2 36 0.211783 0.0701902 1
g1 2 41 g1 2 36 0.203331 0.0729246 1
g1 2 59 g1 2 54 0.276413 0.125942 1
g1 2 56 g1 2 47 0.264034 0.139616 1
g1 2 73 g1 2 47 0.334742 0.242762 0
g1 2 53 g1 2 43 0.251867 0.194021 1
g1 2 54 g1 2 69 0.257212 0.100994 1
g1 2 41 g1 2 46 0.204531 0.0782365 1
g1 2 42 g1 2 43 0.207487 0.156364 1
g1 2 33 g1 2 48 0.172917 0.0612619 1
g1 2 51 g1 2 52 0.242762 0.197634 0
g1 2 41 g1 2 54 0.204465 0.226619 0
g1 2 44 g1 2 43 0.215521 0.145674 1
g1 2 55 g1 2 43 0.260034 0.154799 1
g1 2 44 g1 2 43 0.215462 0.14882 1
g1 2 39 g1 2 41 0.196217 0.156408 1
g1 2 41 g1 2 43 0.203417 0.113863 1
g1 2 47 g1 2 48 0.227983 0.148519 1
g1 2 51 g1 2 52 0.243024 0.204624 1
g1 2 42 g1 2 43 0.208134 0.206752 0
g1 2 44 g1 2 43 0.215206 0.166897 1
g1 2 51 g1 2 43 0.244725 0.152267 1
g1 2 38 g1 2 52 0.192643 0.225632 0
g1 2 48 g6 2 67 0.231675 0.191866 0
g1 2 51 g6 2 63 0.243802 0.186925 0
g1 2 39 g6 2 70 0.195823 0.163582 1
g1 2 50 g6 2 64 0.239539 0.123351 1
g1 2 70 g2 2 30 0.323595 0.211961 1
g1 2 46 g6 2 48 0.224342 0.140177 1
g1 2 62 g2 2 30 0.289844 0.158839 1
g1 2 40 g1 2 30 0.199514 0.104996 1
g1 2 36 g1 2 32 0.183465 0.0552752 1
g1 2 27 g1 2 30 0.144881 0.0717766 1
g1 2 27 g1 2 27 0.145148 0.0584145 1
g1 2 29 g1 2 30 0.152896 0.0570191 1
g1 2 29 g1 2 29 0.15254 0.0497548 1
g1 2 34 g1 2 32 0.176448 0.0552609 1
g1 2 27 g1 2 27 0.145093 0.0585002 1
g2 2 26 g2 2 24 0.141126 0.080774 1
g2 2 26 g2 2 24 0.141096 0.0829627 1
g2 2 29 g2 2 30 0.152549 0.150494 1
g2 2 24 g2 2 24 0.13338 0.147788 1
g2 2 25 g2 2 24 0.13693 0.131777 1
g2 2 21 g2 2 30 0.119782 0.144918 1
g2 2 24 g2 2 24 0.13311 0.121557 1
g2 2 25 g2 2 24 0.13688 0.0897749 1
g2 2 26 g2 2 24 0.140984 0.147597 1
g2 2 53 g2 2 48 0.253961 0.12162 1
g2 2 27 g2 2 24 0.144488 0.0821964 1
g2 2 26 g2 2 24 0.141149 0.0848221 1
g2 2 26 g2 2 24 0.140614 0.105094 1
g2 2 27 g2 2 24 0.144572 0.108519 1
g2 2 28 g2 2 24 0.148844 0.168705 1
g2 2 25 g2 2 24 0.137285 0.128441 1
g2 2 19 g2 2 30 0.113024 0.230905 0
g2 2 25 g2 2 24 0.137143 0.0748435 1
g2 2 27 g2 2 24 0.145885 0.0862481 1
g2 2 25 g2 2 24 0.13711 0.132325 1
g2 2 28 g2 2 24 0.148769 0.127187 1
g2 2 28 g2 2 24 0.148492 0.202375 1
g2 2 24 g2 2 24 0.134258 0.140708 1
g2 2 29 g2 2 24 0.153549 0.0773327 1
g2 2 31 g2 2 30 0.16073 0.157309 1
g2 2 26 g2 2 24 0.140613 0.142029 1
g2 2 25 g2 2 30 0.13613 0.218193 0
g2 2 28 g2 2 24 0.149026 0.144577 1
g2 2 32 g2 2 24 0.165754 0.120105 1
g2 2 57 g2 2 51 0.26947 0.113447 1
g2 2 52 g1 2 29 0.249284 0.207128 1
g2 2 53 g2 2 48 0.253281 0.113228 1
g2 2 46 g1 2 41 0.225043 0.255285 0
g2 2 36 g2 2 40 0.185135 0.0945646 1
g2 2 40 g2 2 37 0.199855 0.0997305 1
g2 2 62 g2 2 51 0.290564 0.105391 1
g2 2 41 g2 2 37 0.204172 0.0860249 1
g2 2 35 g2 2 42 0.180458 0.0785681 1
g2 2 34 g2 2 37 0.176867 0.0735559 1
g2 2 37 g2 2 42 0.188273 0.0676064 1
g2 2 37 g2 2 37 0.188876 0.0543996 1
g2 2 39 g2 2 37 0.195816 0.0563116 1
g2 2 37 g2 2 37 0.188345 0.0944887 1
g2 2 39 g2 2 37 0.19654 0.0661056 1
g2 2 40 g2 2 42 0.199891 0.0699725 1
g2 2 45 g2 2 42 0.219117 0.125056 1
g2 2 29 g2 2 40 0.152958 0.117702 1
g2 2 40 g2 2 37 0.202956 0.0587943 1
g2 2 82 g2 2 51 0.377456 0.159875 1
g2 2 39 g2 2 40 0.195963 0.0776896 1
g2 2 50 g2 2 42 0.240751 0.0686868 1
g2 2 50 g1 2 48 0.239553 0.208267 0
g2 2 38 g2 2 37 0.193339 0.097143 1
g2 2 35 g2 2 42 0.180001 0.0715669 1
g2 2 43 g1 2 62 0.21155 0.112596 1
g2 2 39 g2 2 42 0.195755 0.0883543 1
g2 2 47 g1 2 50 0.228485 0.190312 1
g2 2 44 g2 2 51 0.217007 0.108911 1
g2 2 38 g2 2 54 0.191936 0.10608 1
g2 2 54 g2 2 51 0.256619 0.109573 1
g2 2 33 g2 2 37 0.17258 0.083846 1
g2 2 38 g1 2 55 0.192709 0.278588 0
g2 2 56 g2 2 46 0.264483 0.160661 1
g2 2 27 g2 2 24 0.145594 0.129458 1
g2 2 24 g2 2 24 0.133355 0.118578 1
g2 2 26 g2 2 24 0.141575 0.0644475 1
g3 1 69 g3 1 72 0.319978 0.316273 0
g3 1 66 g3 1 82 0.307641 0.190213 0
g3 1 93 g3 1 79 0.421384 0.296692 0
g3 1 100 g3 1 71 0.451963 0.236355 0
g3 1 105 g1 2 55 0.475784 0.423074 0
g3 1 94 g3 1 71 0.426902 0.254154 0
g3 1 89 g3 1 70 0.406681 0.276936 0
g3 1 91 g3 1 80 0.415611 0.273393 0
g3 1 84 g3 1 85 0.384736 0.278647 0
g3 1 85 g3 1 90 0.386865 0.283675 0
g3 1 86 g3 1 104 0.391633 0.250977 0
g3 1 90 g3 1 79 0.409495 0.20536 0
g3 1 90 g3 1 84 0.410131 0.23957 0
g3 1 90 g3 1 125 0.412778 0.213121 1
g3 1 88 g3 1 76 0.400489 0.475727 0
g3 1 84 g3 1 72 0.388812 0.242721 0
g3 1 78 g3 1 79 0.359263 0.195477 0
g3 1 111 g1 2 47 0.500941 0.354061 0
g3 1 93 g3 1 80 0.423508 0.243617 0
g3 1 93 g3 1 83 0.425579 0.208777 0
g3 1 97 g3 1 89 0.440051 0.214353 1
g3 1 91 g3 1 112 0.415214 0.215496 0
g3 1 90 g3 1 80 0.410248 0.237226 0
g3 1 83 g3 1 71 0.379613 0.250708 0
g3 1 89 g3 1 79 0.40654 0.300822 0
g3 1 86 g3 1 75 0.391218 0.281679 0
g3 1 97 g3 1 110 0.439208 0.295255 0
g3 1 130 g3 1 82 0.58182 0.284261 0
g3 1 112 g3 1 87 0.506903 0.287481 0
g3 1 95 g3 1 78 0.43135 0.19328 0
g3 1 109 g3 1 118 0.492186 0.217483 0
g3 1 102 g3 1 80 0.461274 0.268437 0
g3 1 95 g3 1 76 0.430559 0.211657 1
g3 1 98 g3 1 83 0.444914 0.232041 0
g3 1 99 g3 1 89 0.44968 0.239975 0
g3 1 96 g3 1 81 0.438407 0.262869 0
g3 1 100 g7 1 75 0.454061 0.43396 0
g3 1 113 g3 1 138 0.508455 0.259061 0
g3 1 118 g3 1 138 0.530991 0.252984 0
g3 1 90 g3 1 82 0.407874 0.368885 0
g3 1 74 g3 1 66 0.339201 0.834601 0
g3 1 95 g3 1 83 0.431159 0.274813 0
g3 1 83 g3 1 77 0.379709 0.211947 0
g3 1 75 g3 1 78 0.345393 0.188616 0
g3 1 79 g3 1 79 0.361295 0.209933 0
g3 1 84 g3 1 89 0.382728 0.288825 0
g3 1 75 g3 1 75 0.342924 0.323432 0
g3 1 83 g3 1 82 0.379293 0.167859 0
g3 1 77 g3 1 72 0.35238 0.214258 0
g3 1 76 g3 1 89 0.348667 0.294233 0
g3 1 82 g3 1 89 0.37454 0.248577 0
g4 2 69 g4 2 57 0.318588 0.191123 1
g4 2 69 g4 2 80 0.318822 0.0660167 1
g4 2 84 g4 2 85 0.383365 0.161414 1
g4 2 83 g4 2 80 0.37839 0.161243 1
g4 2 78 g4 2 88 0.357002 0.117795 1
g4 2 79 g4 2 97 0.361936 0.13937 1
g4 2 98 g3 1 87 0.442517 0.254056 0
g4 2 79 g4 2 80 0.362036 0.157149 1
g4 2 93 g4 2 92 0.422369 0.149584 1
g4 2 91 g4 2 93 0.413465 0.163987 1
g4 2 87 g4 2 88 0.394773 0.135221 1
g4 2 92 g4 2 97 0.417535 0.111199 1
g4 2 100 g4 2 99 0.451823 0.0772027 1
g4 2 87 g4 2 53 0.395549 0.0994266 1
g4 2 55 g4 2 65 0.259294 0.116808 1
g4 2 58 g4 2 55 0.272835 0.0715552 1
g4 2 55 g4 2 53 0.260429 0.0751592 1
g4 2 61 g4 2 64 0.284188 0.142849 1
g4 2 57 g4 2 62 0.267611 0.0996441 1
g4 2 63 g4 2 64 0.294613 0.105019 1
g4 2 65 g4 2 76 0.302273 0.0836168 1
g4 2 67 g4 2 76 0.31014 0.0981991 1
g4 2 75 g4 2 93 0.343284 0.148781 1
g4 2 55 g4 2 60 0.259798 0.103583 1
g4 2 70 g4 2 65 0.322704 0.0884289 1
g4 2 70 g4 2 70 0.322942 0.0475186 1
g4 2 78 g4 2 68 0.357282 0.0850483 1
g4 2 77 g4 2 81 0.351963 0.108874 1
g4 2 90 g4 2 60 0.406277 0.0948221 1
g4 2 88 g4 2 64 0.398257 0.103041 1
g4 2 57 g4 2 70 0.26784 0.0813742 1
g4 2 57 g4 2 61 0.269529 0.0911389 1
g4 2 61 g4 2 64 0.285601 0.0745925 1
g4 2 64 g4 2 64 0.297712 0.125211 1
g4 2 85 g4 2 64 0.386511 0.0978542 1
g4 2 80 g4 2 64 0.366453 0.184858 1
g4 2 87 g4 2 77 0.394831 0.144483 1
g4 2 62 g4 2 60 0.289467 0.0668608 1
g4 2 86 g4 2 77 0.390212 0.0981559 1
g4 2 98 g4 2 77 0.441956 0.10866 1
g4 2 78 g4 2 80 0.35703 0.0673156 1
g4 2 86 g4 2 60 0.389328 0.0945725 1
g5 2 82 g5 2 92 0.378622 0.0888844 1
g5 2 85 g5 2 83 0.388772 0.0766654 1
g5 2 83 g5 2 99 0.381307 0.104034 1
g5 2 80 g5 2 99 0.367695 0.115317 1
g5 2 67 g5 2 96 0.312472 0.158796 1
g5 2 79 g5 2 96 0.365018 0.0914223 1
g5 2 78 g4 2 63 0.358924 0.186761 1
g5 2 87 g5 2 96 0.397795 0.173141 1
g5 2 76 g5 2 98 0.350585 0.205094 1
g5 2 62 g5 2 60 0.291036 0.115852 1
g5 2 66 g5 2 66 0.307763 0.116191 1
g5 2 78 g5 2 66 0.35797 0.107979 1
g5 2 64 g5 2 80 0.299522 0.141213 1
g5 2 67 g4 2 58 0.311474 0.184074 1
g5 2 81 g5 2 98 0.371471 0.160284 1
g5 2 74 g5 2 66 0.340039 0.202666 1
g5 2 71 g5 2 98 0.328673 0.170467 1
g5 2 66 g5 2 66 0.30846 0.177696 1
g5 2 71 g5 2 98 0.32956 0.163221 1
g5 2 71 g4 2 57 0.329202 0.167461 1
g5 2 73 g5 2 97 0.337423 0.132334 1
g5 2 71 g5 2 63 0.327904 0.154023 1
g5 2 73 g4 2 68 0.336747 0.206301 1
g5 2 71 g5 2 96 0.328556 0.164192 1
g5 2 78 g5 2 96 0.359632 0.126072 1
g5 2 77 g5 2 104 0.354892 0.149785 1
g5 2 74 g4 2 57 0.341491 0.14223 1
g5 2 73 g5 2 104 0.337769 0.163228 1
g5 2 75 g5 2 98 0.345936 0.211005 1
g5 2 76 g5 2 86 0.35001 0.135157 1
g5 2 71 g4 2 63 0.328388 0.186927 1
g5 2 74 g5 2 96 0.341861 0.126245 1
g5 2 69 g5 2 94 0.321009 0.133138 1
g5 2 73 g5 2 96 0.340717 0.133423 1
g5 2 74 g5 2 96 0.341329 0.142666 1
g5 2 81 g5 2 94 0.371391 0.0961288 1
g5 2 108 g5 2 98 0.487526 0.116844 1
g5 2 75 g5 2 94 0.347673 0.08502 1
g5 2 90 g5 2 99 0.409407 0.0742962 1
g5 2 90 g5 2 94 0.413622 0.118403 1
g5 2 96 g5 2 113 0.43891 0.126379 1
g5 2 90 g5 2 113 0.412435 0.0856127 1
g5 2 89 g5 2 103 0.408157 0.0963033 1
g5 2 96 g5 2 98 0.438244 0.089658 1
g5 2 90 g5 2 96 0.41186 0.0717028 1
g6 2 76 g6 2 72 0.347413 0.0771459 1
g6 2 73 g6 2 72 0.335299 0.0880276 1
g6 2 79 g6 2 72 0.359592 0.0822419 1
g6 2 77 g6 2 63 0.351236 0.168577 1
g6 2 65 g6 2 72 0.302171 0.0669014 1
g6 2 64 g6 2 75 0.297524 0.114614 1
g6 2 69 g6 2 72 0.317764 0.0890006 1
g6 2 71 g6 2 72 0.326196 0.123143 1
g6 2 68 g6 2 72 0.314095 0.0985805 1
g6 2 59 g6 2 72 0.276532 0.0973569 1
g6 2 74 g6 2 70 0.338753 0.143305 1
g6 2 80 g6 2 177 0.365347 0.0852704 1
g6 2 78 g6 2 77 0.358139 0.0643359 1
g6 2 57 g6 2 72 0.27134 0.116345 1
g6 2 68 g6 2 77 0.316024 0.158649 1
g6 2 77 g6 2 73 0.351644 0.0807775 1
g6 2 65 g6 2 72 0.301603 0.0915207 1
g6 2 82 g6 2 73 0.37236 0.0823714 1
g6 2 68 g6 2 72 0.313841 0.0777317 1
g6 2 66 g6 2 72 0.306096 0.137876 1
g6 2 78 g6 2 72 0.35564 0.0898468 1
g6 2 113 g6 2 72 0.501855 0.147326 1
g6 2 72 g6 2 73 0.331478 0.0916119 1
g6 2 64 g6 2 69 0.297962 0.111254 1
g6 2 68 g6 2 72 0.314057 0.116217 1
g6 2 66 g6 2 84 0.305804 0.235259 0
g6 2 84 g6 2 72 0.381943 0.11065 1
g6 2 66 g6 2 72 0.306108 0.0817849 1
g6 2 66 g6 2 72 0.306508 0.0878122 1
g6 2 54 g6 2 62 0.256298 0.0951049 1
g6 2 59 g6 2 63 0.276751 0.0737205 1
g6 2 61 g6 2 63 0.284509 0.101849 1
g6 2 97 g6 2 92 0.438236 0.361166 0
g6 2 73 g1 2 54 0.335263 0.242303 0
g6 2 59 g6 2 60 0.277196 0.0325585 1
g6 2 61 g6 2 66 0.284603 0.0781043 1
g6 2 65 g6 2 61 0.302574 0.0581284 1
g6 2 62 g6 2 65 0.28862 0.0600247 1
g6 2 69 g6 2 68 0.317945 0.0699748 1
g6 2 74 g6 2 70 0.338827 0.0584366 1
g6 2 69 g6 2 84 0.318126 0.0875334 1
g7 1 71 g7 1 85 0.329989 0.27168 0
g7 1 63 g7 1 81 0.294331 0.212809 1
g7 1 69 g7 1 73 0.321891 0.308133 0
g7 1 71 g7 1 100 0.329746 0.149006 1
g7 1 76 g7 1 64 0.349191 0.278388 0
g7 1 80 g7 1 77 0.36821 0.250562 0
g7 1 64 g7 1 78 0.299747 0.263044 0
g7 1 70 g7 1 71 0.323609 0.12257 1
g7 1 50 g7 1 58 0.239695 0.217144 0
g7 1 61 g3 1 81 0.286329 0.38893 0
g7 1 65 g7 1 63 0.301789 0.214304 0
g7 1 70 g7 1 64 0.323181 0.160001 1
g7 1 67 g7 1 74 0.30942 0.212843 1
g7 1 63 g7 1 54 0.293486 0.169549 0
g7 1 54 g7 1 53 0.255909 0.213141 1
g7 1 62 g7 1 58 0.28969 0.169683 1
g7 1 61 g7 1 53 0.284682 0.152039 1
g7 1 56 g7 1 60 0.26404 0.210975 0
g7 1 58 g7 1 87 0.272724 0.284984 0
g7 1 59 g7 1 52 0.276486 0.157445 1
g7 1 59 g7 1 60 0.277226 0.193492 0
g7 1 52 g7 1 49 0.249399 0.0354893 1
g7 1 73 g1 2 29 0.336216 0.506446 0
g7 1 66 g7 1 67 0.305457 0.225156 0
g7 1 86 g7 1 52 0.390086 0.317661 0
g7 1 70 g7 1 92 0.324161 0.347275 0
g7 1 65 g2 2 42 0.301374 0.414207 0
g7 1 72 g7 1 71 0.330459 0.161306 1
g7 1 68 g1 2 29 0.314782 0.529818 0
g7 1 68 g3 1 128 0.31421 0.522324 0
g7 1 70 g7 1 67 0.322641 0.215648 0
g7 1 83 g7 1 91 0.378104 0.294133 0
g7 1 75 g7 1 86 0.343371 0.294575 0
g7 1 77 g7 1 65 0.351162 0.213428 1
g7 1 88 g7 1 64 0.400129 0.204561 1
g7 1 134 g7 1 86 0.599183 0.276689 0
g7 1 64 g7 1 73 0.298768 0.24136 0
g7 1 65 g7 1 95 0.302345 0.247475 0
g7 1 76 g7 1 81 0.349043 0.260509 0
g7 1 76 g7 1 73 0.349314 0.23138 1
g7 1 86 g7 1 77 0.392565 0.257496 0
g7 1 95 g7 1 89 0.430622 0.189599 1
g7 1 60 g7 1 63 0.282535 0.262553 0
g7 1 99 g7 1 75 0.448364 0.172561 1
g7 1 37 g7 1 71 0.187712 0.356486 0
g7 1 68 g7 1 98 0.315209 0.358518 0
g7 1 70 g7 1 64 0.323944 0.151632 1
g7 1 69 g7 1 58 0.319208 0.27366 0
g7 1 70 g7 1 71 0.323535 0.163192 1
g7 1 94 g7 1 77 0.427205 0.234385 1
g7 1 61 g7 1 55 0.285267 0.305223 0
g7 1 64 g7 1 63 0.298558 0.253362 0
g7 1 82 g7 1 87 0.374364 0.161789 1
g7 1 117 g7 1 88 0.528874 0.307909 0
g7 1 108 g7 1 101 0.487823 0.245434 0
g7 1 103 g7 1 70 0.464811 0.375397 0
g7 1 102 g7 1 101 0.461647 0.222327 0
g7 1 89 g7 1 69 0.403508 0.232672 1
g7 1 97 g7 1 92 0.439674 0.157676 1
g7 1 81 g7 1 91 0.372302 0.204566 0
g7 1 90 g7 1 92 0.408958 0.152347 1
g7 1 86 g7 1 89 0.391294 0.186012 1
g7 1 91 g7 1 92 0.414174 0.167741 1
