g1 2 24 g6 2 32 0.073924 0.177839 0
g1 2 23 g6 2 34 0.072527 0.194286 0
g1 2 27 g6 2 25 0.081353 0.156739 0
g1 2 42 g1 2 24 0.124769 0.124555 0
g1 2 33 g2 2 17 0.095901 0.186512 0
g1 2 29 g1 2 25 0.084879 0.155493 0
g1 2 31 g1 2 28 0.089866 0.130339 0
g1 2 20 g1 2 27 0.065182 0.114469 0
g1 2 24 g1 2 33 0.074133 0.163801 0
g1 2 28 g1 2 25 0.082538 0.160279 0
g1 2 21 g1 2 22 0.067619 0.138157 0
g1 2 26 g1 2 22 0.077735 0.114392 0
g1 2 25 g1 2 25 0.075988 0.0740715 0
g1 2 25 g1 2 25 0.076405 0.125773 0
g1 2 28 g1 2 25 0.08252 0.0863041 0
g1 2 54 g6 2 38 0.136853 0.204242 0
g1 2 26 g1 2 22 0.078496 0.0966976 0
g1 2 37 g6 2 36 0.107468 0.215399 0
g1 2 20 g6 2 31 0.065522 0.133138 0
g1 2 24 g6 2 34 0.074335 0.19971 0
g1 2 21 g6 2 32 0.067353 0.148979 0
g1 2 28 g6 2 30 0.082604 0.172967 0
g1 2 22 g2 2 17 0.069382 0.191713 0
g1 2 24 g1 2 19 0.073701 0.0886496 0
g1 2 23 g1 2 20 0.071463 0.0959363 0
g1 2 32 g1 2 29 0.093002 0.134286 0
g1 2 30 g1 2 26 0.08697 0.147948 0
g1 2 39 g1 2 26 0.108711 0.258994 0
g1 2 29 g1 2 24 0.084757 0.203157 0
g1 2 29 g1 2 37 0.084966 0.106014 0
g1 2 23 g1 2 25 0.071687 0.0902134 0
g1 2 23 g1 2 24 0.075501 0.174544 0
g1 2 19 g1 2 26 0.063577 0.0834176 0
g1 2 28 g1 2 28 0.082092 0.210743 0
g1 2 23 g1 2 29 0.073643 0.235269 0
g1 2 24 g1 2 24 0.074091 0.163654 0
g1 2 30 g1 2 24 0.087153 0.169157 0
g1 2 24 g1 2 26 0.073902 0.146512 0
g1 2 22 g1 2 23 0.069873 0.159734 0
g1 2 23 g1 2 24 0.072413 0.134771 0
g1 2 26 g1 2 26 0.078125 0.155951 0
g1 2 28 g1 2 28 0.082387 0.190776 0
g1 2 23 g1 2 25 0.07169 0.184149 0
g1 2 24 g1 2 24 0.073985 0.182284 0
g1 2 28 g1 2 24 0.083065 0.184123 0
g1 2 21 g1 2 28 0.067589 0.251477 0
g1 2 26 g6 2 36 0.078563 0.200737 0
g1 2 28 g6 2 34 0.082407 0.212294 0
g1 2 22 g6 2 37 0.069948 0.185805 0
g1 2 27 g6 2 34 0.080284 0.13539 0
g1 2 37 g2 2 17 0.105978 0.213727 0
g1 2 25 g6 2 25 0.076211 0.165599 0
g1 2 33 g2 2 17 0.095554 0.175089 0
g1 2 22 g1 2 18 0.069594 0.0769956 0
g1 2 20 g1 2 18 0.065014 0.0699969 0
g1 2 16 g1 2 17 0.057105 0.0972281 0
g1 2 16 g1 2 16 0.057354 0.0740709 0
g1 2 17 g1 2 17 0.059095 0.0754636 0
g1 2 17 g1 2 17 0.05884 0.060393 0
g1 2 19 g1 2 18 0.062882 0.0681503 0
g1 2 16 g1 2 17 0.057476 0.103612 0
g2 2 15 g2 2 14 0.055052 0.102294 0
g2 2 15 g2 2 14 0.054872 0.102069 0
g2 2 17 g2 2 17 0.059047 0.180842 0
g2 2 14 g2 2 14 0.053187 0.155019 0
g2 2 15 g2 2 14 0.055153 0.154699 0
g2 2 13 g2 2 17 0.050956 0.163711 0
g2 2 14 g2 2 14 0.052991 0.138865 0
g2 2 15 g2 2 14 0.054959 0.109654 0
g2 2 15 g2 2 14 0.055179 0.179041 0
g2 2 29 g2 2 26 0.08565 0.13883 0
g2 2 16 g2 2 14 0.057061 0.109136 0
g2 2 15 g2 2 14 0.055178 0.0998811 0
g2 2 15 g2 2 14 0.054853 0.119302 0
g2 2 16 g2 2 14 0.057214 0.119978 0
g2 2 16 g2 2 14 0.057056 0.173492 0
g2 2 15 g2 2 14 0.055285 0.139512 0
g2 2 12 g2 2 17 0.048415 0.266786 0
g2 2 15 g2 2 14 0.055435 0.0909069 0
g2 2 16 g2 2 14 0.057142 0.0997465 0
g2 2 15 g2 2 14 0.055365 0.15704 0
g2 2 16 g2 2 14 0.057302 0.136554 0
g2 2 16 g2 2 14 0.057081 0.213739 0
g2 2 14 g2 2 14 0.05301 0.149036 0
g2 2 17 g2 2 14 0.05937 0.104702 0
g2 2 18 g2 2 17 0.061012 0.171124 0
g2 2 15 g2 2 14 0.055803 0.174244 0
g2 2 15 g2 2 17 0.054754 0.234601 0
g2 2 16 g2 2 14 0.057318 0.175422 0
g2 2 18 g2 2 14 0.060907 0.137632 0
g2 2 31 g2 2 28 0.090713 0.125996 0
g2 2 28 g2 2 27 0.082988 0.154531 0
g2 2 29 g2 2 26 0.085731 0.13868 0
g2 2 25 g2 2 26 0.076538 0.145046 0
g2 2 20 g2 2 21 0.065106 0.14081 0
g2 2 22 g2 2 21 0.069477 0.116275 0
g2 2 32 g2 2 29 0.095 0.128344 0
g2 2 23 g2 2 24 0.071663 0.0911216 0
g2 2 20 g2 2 21 0.065771 0.0914759 0
g2 2 19 g2 2 21 0.063285 0.090553 0
g2 2 21 g2 2 23 0.065652 0.0802652 0
g2 2 20 g2 2 21 0.06707 0.0893105 0
g2 2 21 g2 2 21 0.067419 0.0697141 0
g2 2 19 g2 2 21 0.064425 0.111094 0
g2 2 22 g2 2 21 0.069699 0.0768108 0
g2 2 22 g2 2 21 0.069662 0.0935556 0
g2 2 25 g2 2 23 0.075536 0.151366 0
g2 2 17 g2 2 24 0.059373 0.136608 0
g2 2 22 g2 2 21 0.069971 0.0832263 0
g2 2 42 g2 2 28 0.117514 0.160527 0
g2 2 22 g2 2 22 0.069775 0.0972297 0
g2 2 27 g2 2 23 0.080911 0.0794278 0
g2 2 27 g1 2 31 0.080828 0.219084 0
g2 2 21 g2 2 21 0.068014 0.114951 0
g2 2 19 g2 2 21 0.064604 0.0968977 0
g2 2 24 g1 2 33 0.073375 0.126282 0
g2 2 22 g2 2 21 0.069873 0.112032 0
g2 2 26 g1 2 27 0.077468 0.201474 0
g2 2 24 g2 2 28 0.073742 0.127158 0
g2 2 21 g2 2 29 0.067521 0.124674 0
g2 2 29 g2 2 28 0.085082 0.115389 0
g2 2 19 g2 2 21 0.0632 0.102121 0
g2 2 21 g1 2 33 0.067563 0.311734 0
g2 2 30 g2 2 25 0.087496 0.163577 0
g2 2 16 g2 2 14 0.056839 0.148281 0
g2 2 14 g2 2 14 0.052838 0.130207 0
g2 2 15 g2 2 14 0.055432 0.0822884 0
g3 1 36 g3 1 46 0.104983 0.332445 0
g3 1 35 g3 1 43 0.101851 0.221407 0
g3 1 49 g3 1 42 0.134206 0.300641 0
g3 1 52 g3 1 37 0.14227 0.246244 0
g3 1 55 g1 2 30 0.14611 0.418895 0
g3 1 49 g3 1 37 0.136224 0.259543 0
g3 1 47 g3 1 42 0.129312 0.382585 0
g3 1 47 g3 1 41 0.1318 0.282248 0
g3 1 44 g3 1 45 0.124035 0.289176 0
g3 1 43 g3 1 46 0.122553 0.297155 0
g3 1 44 g3 1 57 0.122489 0.280456 0
g3 1 47 g3 1 46 0.129093 0.231488 0
g3 1 46 g3 1 43 0.126965 0.244426 0
g3 1 47 g3 1 64 0.130724 0.222005 0
g3 1 44 g3 1 47 0.123365 0.509912 0
g3 1 44 g3 1 40 0.12256 0.258925 0
g3 1 41 g3 1 42 0.116149 0.20938 0
g3 1 56 g1 2 26 0.156098 0.384839 0
g3 1 48 g3 1 41 0.133133 0.250921 0
g3 1 48 g3 1 42 0.133701 0.221797 0
g3 1 50 g3 1 47 0.139197 0.226461 0
g3 1 48 g3 1 57 0.134221 0.223474 0
g3 1 46 g3 1 41 0.128271 0.251364 0
g3 1 43 g3 1 37 0.122102 0.252658 0
g3 1 47 g3 1 42 0.131037 0.316269 0
g3 1 44 g3 1 38 0.12317 0.286164 0
g3 1 50 g3 1 53 0.138917 0.323461 0
g3 1 66 g3 1 42 0.176322 0.284546 0
g3 1 58 g1 2 35 0.158358 0.443586 0
g3 1 50 g3 1 39 0.136465 0.201097 0
g3 1 57 g3 1 60 0.154597 0.227756 0
g3 1 53 g3 1 41 0.144743 0.280176 0
g3 1 49 g3 1 40 0.135834 0.220275 0
g3 1 51 g3 1 42 0.140673 0.246952 0
g3 1 52 g3 1 47 0.140526 0.262663 0
g3 1 50 g3 1 59 0.136708 0.273023 0
g3 1 51 g3 1 32 0.140876 0.325366 0
g3 1 59 g3 1 69 0.15726 0.265281 0
g3 1 61 g3 1 69 0.161839 0.26054 0
g3 1 46 g3 1 43 0.128481 0.385156 0
g3 1 28 g3 1 47 0.097051 0.823018 0
g3 1 49 g3 1 44 0.136245 0.299366 0
g3 1 42 g3 1 40 0.119226 0.212053 0
g3 1 40 g3 1 41 0.112498 0.207229 0
g3 1 42 g3 1 42 0.116607 0.229532 0
g3 1 44 g3 1 47 0.121598 0.308689 0
g3 1 39 g3 1 38 0.110537 0.342506 0
g3 1 43 g3 1 42 0.121381 0.173607 0
g3 1 40 g3 1 37 0.114314 0.222603 0
g3 1 39 g3 1 47 0.112219 0.313106 0
g3 1 43 g3 1 47 0.120469 0.257062 0
g4 2 37 g4 2 31 0.104919 0.213731 0
g4 2 37 g4 2 42 0.105097 0.0770925 0
g4 2 44 g4 2 45 0.12243 0.166975 0
g4 2 44 g4 2 42 0.122729 0.168401 0
g4 2 41 g4 2 46 0.115106 0.126542 0
g4 2 42 g4 2 51 0.117596 0.146691 0
g4 2 50 g3 1 44 0.138275 0.268622 0
g4 2 42 g4 2 42 0.117607 0.170647 0
g4 2 49 g4 2 48 0.135009 0.16048 0
g4 2 47 g4 2 49 0.129742 0.169922 0
g4 2 46 g4 2 46 0.127458 0.137594 0
g4 2 48 g4 2 51 0.132937 0.117739 0
g4 2 52 g4 2 51 0.142172 0.0872674 0
g4 2 45 g4 2 31 0.125227 0.127746 0
g4 2 30 g4 2 43 0.086614 0.144586 0
g4 2 31 g4 2 30 0.089859 0.078087 0
g4 2 30 g4 2 29 0.08697 0.0841841 0
g4 2 33 g4 2 34 0.095464 0.155968 0
g4 2 31 g4 2 33 0.090683 0.106797 0
g4 2 34 g4 2 34 0.098335 0.120246 0
g4 2 35 g4 2 40 0.100984 0.0919232 0
g4 2 36 g4 2 32 0.103039 0.107242 0
g4 2 40 g4 2 48 0.112335 0.15742 0
g4 2 30 g4 2 32 0.086953 0.114933 0
g4 2 37 g4 2 35 0.105442 0.0999654 0
g4 2 37 g4 2 37 0.105297 0.0560005 0
g4 2 41 g4 2 36 0.114684 0.0923847 0
g4 2 41 g4 2 43 0.114688 0.113961 0
g4 2 46 g4 2 32 0.126616 0.101124 0
g4 2 46 g4 2 34 0.127539 0.113174 0
g4 2 31 g4 2 37 0.08992 0.0955719 0
g4 2 31 g4 2 33 0.090017 0.103906 0
g4 2 33 g4 2 34 0.095993 0.0887908 0
g4 2 34 g4 2 34 0.098639 0.140199 0
g4 2 45 g4 2 34 0.124542 0.105555 0
g4 2 42 g4 2 34 0.117078 0.195331 0
g4 2 46 g4 2 41 0.127227 0.154758 0
g4 2 33 g4 2 32 0.09606 0.0741617 0
g4 2 45 g4 2 41 0.124876 0.101517 0
g4 2 50 g4 2 41 0.137364 0.113763 0
g4 2 41 g4 2 42 0.114945 0.0753194 0
g4 2 45 g4 2 32 0.12437 0.102625 0
g5 2 43 g5 2 48 0.120724 0.096948 0
g5 2 45 g5 2 44 0.124918 0.0813948 0
g5 2 44 g5 2 52 0.123526 0.109526 0
g5 2 42 g5 2 52 0.118616 0.12298 0
g5 2 36 g5 2 50 0.104526 0.173685 0
g5 2 42 g5 2 50 0.119481 0.103629 0
g5 2 41 g4 2 34 0.116139 0.195062 0
g5 2 46 g5 2 50 0.128329 0.189381 0
g5 2 40 g5 2 51 0.113882 0.211785 0
g5 2 33 g5 2 32 0.09646 0.123193 0
g5 2 35 g5 2 35 0.101078 0.127778 0
g5 2 41 g5 2 35 0.115479 0.115549 0
g5 2 34 g5 2 33 0.099009 0.166843 0
g5 2 36 g4 2 31 0.103465 0.193424 0
g5 2 43 g5 2 51 0.120586 0.166174 0
g5 2 39 g5 2 51 0.110692 0.210268 0
g5 2 38 g5 2 51 0.108979 0.176763 0
g5 2 35 g5 2 35 0.101463 0.193344 0
g5 2 38 g5 2 51 0.108863 0.171544 0
g5 2 38 g4 2 31 0.108507 0.178412 0
g5 2 39 g5 2 51 0.111018 0.144814 0
g5 2 38 g4 2 31 0.108214 0.180962 0
g5 2 39 g4 2 36 0.110437 0.222326 0
g5 2 38 g5 2 50 0.108184 0.172357 0
g5 2 41 g5 2 50 0.116447 0.134481 0
g5 2 41 g5 2 54 0.115734 0.156583 0
g5 2 39 g4 2 31 0.11143 0.153731 0
g5 2 39 g5 2 54 0.110807 0.169357 0
g5 2 40 g5 2 51 0.113455 0.220687 0
g5 2 40 g5 2 51 0.11352 0.173148 0
g5 2 38 g4 2 31 0.108687 0.182182 0
g5 2 39 g5 2 50 0.111088 0.132382 0
g5 2 37 g5 2 45 0.106795 0.13262 0
g5 2 39 g5 2 50 0.112384 0.152406 0
g5 2 39 g5 2 49 0.111173 0.145824 0
g5 2 43 g5 2 49 0.120707 0.104819 0
g5 2 55 g5 2 51 0.150049 0.122428 0
g5 2 40 g5 2 49 0.113828 0.0949954 0
g5 2 47 g5 2 52 0.129777 0.0837979 0
g5 2 47 g5 2 49 0.13183 0.126398 0
g5 2 50 g5 2 59 0.138844 0.137652 0
g5 2 47 g5 2 55 0.131994 0.0960286 0
g5 2 47 g5 2 54 0.131722 0.106302 0
g5 2 50 g5 2 51 0.138481 0.100019 0
g5 2 47 g5 2 48 0.131091 0.0650633 0
g6 2 40 g6 2 38 0.11195 0.0831293 0
g6 2 39 g6 2 38 0.109696 0.0954732 0
g6 2 42 g6 2 38 0.115418 0.09279 0
g6 2 41 g6 2 34 0.114343 0.186611 0
g6 2 35 g6 2 38 0.100551 0.0741795 0
g6 2 34 g6 2 34 0.098431 0.13345 0
g6 2 37 g6 2 38 0.104888 0.0968774 0
g6 2 38 g6 2 38 0.107229 0.132625 0
g6 2 36 g6 2 38 0.102672 0.105043 0
g6 2 32 g6 2 38 0.092658 0.10631 0
g6 2 39 g6 2 37 0.109658 0.158528 0
g6 2 42 g6 2 59 0.117212 0.0806915 0
g6 2 41 g6 2 41 0.11499 0.07077 0
g6 2 31 g6 2 38 0.089942 0.12078 0
g6 2 36 g6 2 41 0.102778 0.164803 0
g6 2 41 g6 2 39 0.115042 0.0869633 0
g6 2 35 g6 2 38 0.100663 0.099564 0
g6 2 43 g6 2 39 0.118938 0.0888546 0
g6 2 36 g6 2 38 0.102579 0.0856295 0
g6 2 35 g6 2 38 0.10054 0.142454 0
g6 2 41 g6 2 38 0.114672 0.0950052 0
g6 2 56 g6 2 38 0.151245 0.112544 0
g6 2 38 g6 2 39 0.107337 0.102009 0
g6 2 34 g6 2 39 0.09784 0.12163 0
g6 2 36 g6 2 38 0.103011 0.119668 0
g6 2 35 g6 2 44 0.100661 0.249863 0
g6 2 44 g6 2 38 0.121744 0.115654 0
g6 2 35 g6 2 38 0.100375 0.0913838 0
g6 2 35 g6 2 38 0.100019 0.0932373 0
g6 2 29 g6 2 33 0.084975 0.101353 0
g6 2 32 g6 2 34 0.092372 0.0869118 0
g6 2 33 g6 2 34 0.095542 0.118859 0
g6 2 51 g6 2 49 0.13924 0.354284 0
g6 2 39 g1 2 25 0.110568 0.255429 0
g6 2 32 g6 2 33 0.092266 0.0479845 0
g6 2 33 g6 2 35 0.095974 0.0866037 0
g6 2 35 g6 2 35 0.100404 0.0756825 0
g6 2 33 g6 2 35 0.095668 0.0790453 0
g6 2 37 g6 2 36 0.104908 0.0800973 0
g6 2 39 g6 2 37 0.110192 0.0710931 0
g6 2 37 g6 2 44 0.105078 0.0960218 0
g7 1 37 g7 1 44 0.107546 0.283729 0
g7 1 34 g7 1 42 0.098439 0.224504 0
g7 1 37 g7 1 39 0.106435 0.322902 0
g7 1 38 g7 1 52 0.108305 0.161921 0
g7 1 40 g7 1 34 0.112808 0.289615 0
g7 1 41 g7 1 41 0.116802 0.267352 0
g7 1 34 g7 1 46 0.098882 0.306425 0
g7 1 35 g7 1 36 0.103238 0.132177 0
g7 1 27 g7 1 31 0.080611 0.224476 0
g7 1 32 g3 1 40 0.095255 0.431618 0
g7 1 34 g7 1 33 0.09936 0.226178 0
g7 1 36 g7 1 34 0.104398 0.171268 0
g7 1 36 g7 1 39 0.102887 0.221251 0
g7 1 34 g7 1 29 0.097527 0.190098 0
g7 1 29 g7 1 29 0.084449 0.229544 0
g7 1 33 g7 1 31 0.095881 0.183661 0
g7 1 33 g7 1 28 0.096021 0.178668 0
g7 1 30 g7 1 32 0.087161 0.223046 0
g7 1 31 g7 1 29 0.089734 0.248928 0
g7 1 31 g7 1 28 0.091119 0.164172 0
g7 1 31 g7 1 32 0.091059 0.208856 0
g7 1 27 g7 1 27 0.08243 0.0615644 0
g7 1 39 g1 2 17 0.110273 0.57738 0
g7 1 35 g7 1 35 0.099722 0.238792 0
g7 1 45 g7 1 28 0.125314 0.334334 0
g7 1 37 g7 1 48 0.106218 0.36491 0
g7 1 34 g2 2 23 0.098977 0.45804 0
g7 1 38 g7 1 37 0.107723 0.16894 0
g7 1 35 g1 2 17 0.101901 0.601892 0
g7 1 36 g7 1 38 0.101709 0.375958 0
g7 1 36 g7 1 36 0.102471 0.22344 0
g7 1 44 g7 1 47 0.122196 0.305023 0
g7 1 39 g7 1 43 0.111514 0.304891 0
g7 1 40 g7 1 35 0.114776 0.22377 0
g7 1 46 g7 1 33 0.126927 0.208856 0
g7 1 68 g7 1 43 0.175812 0.286301 0
g7 1 34 g7 1 51 0.098568 0.347542 0
g7 1 35 g7 1 46 0.099552 0.270526 0
g7 1 39 g7 1 50 0.11197 0.307484 0
g7 1 40 g7 1 39 0.11272 0.2346 0
g7 1 45 g7 1 41 0.12606 0.282181 0
g7 1 48 g7 1 45 0.135374 0.196393 0
g7 1 32 g7 1 34 0.092811 0.31424 0
g7 1 50 g7 1 40 0.138833 0.18407 0
g7 1 21 g7 1 36 0.06738 0.363603 0
g7 1 35 g7 1 51 0.102118 0.376813 0
g7 1 36 g7 1 34 0.104509 0.159465 0
g7 1 36 g7 1 31 0.104234 0.279683 0
g7 1 37 g7 1 31 0.105633 0.223388 0
g7 1 49 g7 1 41 0.134728 0.244423 0
g7 1 33 g7 1 29 0.096895 0.331907 0
g7 1 33 g7 1 33 0.097318 0.27306 0
g7 1 42 g7 1 45 0.118813 0.170613 0
g7 1 61 g7 1 45 0.166304 0.305014 0
g7 1 56 g7 1 52 0.152429 0.246199 0
g7 1 54 g7 1 37 0.148448 0.398423 0
g7 1 53 g7 1 52 0.145002 0.230603 0
g7 1 35 g7 1 35 0.114598 0.243094 0
g7 1 51 g7 1 48 0.14084 0.167706 0
g7 1 43 g7 1 47 0.119072 0.222166 0
g7 1 47 g7 1 48 0.129069 0.168155 0
g7 1 45 g7 1 45 0.124861 0.191072 0
g7 1 47 g7 1 48 0.130971 0.173402 0
