g1 2 46 g6 2 78 0.232119 0.151271 1
g1 2 44 g6 2 66 0.221216 0.17884 1
g1 2 52 g6 2 50 0.259076 0.133323 1
g1 2 102 g1 2 45 0.472912 0.128344 1
g1 2 63 g2 2 32 0.305674 0.180019 1
g1 2 56 g1 2 48 0.274107 0.143851 1
g1 2 60 g1 2 54 0.291309 0.120546 1
g1 2 37 g1 2 52 0.194541 0.0984748 1
g1 2 46 g1 2 42 0.230178 0.124197 1
g1 2 54 g1 2 48 0.266052 0.153851 1
g1 2 39 g1 2 42 0.200756 0.11936 1
g1 2 50 g1 2 42 0.248977 0.0973088 1
g1 2 48 g1 2 48 0.238311 0.0665379 1
g1 2 47 g1 2 46 0.237913 0.0739496 1
g1 2 53 g1 2 48 0.258659 0.0760421 1
g1 2 111 g6 2 73 0.512348 0.20023 1
g1 2 49 g1 2 42 0.245213 0.0889367 1
g1 2 71 g6 2 70 0.334092 0.199175 1
g1 2 37 g6 2 60 0.197753 0.12168 1
g1 2 46 g6 2 66 0.229568 0.186226 1
g1 2 39 g6 2 51 0.20367 0.130296 1
g1 2 54 g6 2 57 0.263891 0.160935 1
g1 2 42 g2 2 32 0.215067 0.181488 1
g1 2 45 g1 2 38 0.226254 0.0751975 1
g1 2 43 g1 2 38 0.216718 0.0769938 1
g1 2 61 g1 2 56 0.295863 0.126871 1
g1 2 58 g1 2 49 0.282647 0.139487 1
g1 2 75 g1 2 49 0.354943 0.246594 1
g1 2 55 g1 2 45 0.270455 0.194769 1
g1 2 56 g1 2 71 0.271018 0.100618 1
g1 2 43 g1 2 48 0.220372 0.0795973 1
g1 2 44 g1 2 45 0.221672 0.162819 1
g1 2 35 g1 2 50 0.186838 0.0640499 1
g1 2 53 g1 2 54 0.259768 0.197292 1
g1 2 43 g1 2 56 0.219151 0.225186 1
g1 2 46 g1 2 45 0.230424 0.149562 1
g1 2 57 g1 2 45 0.278302 0.158168 1
g1 2 46 g1 2 45 0.232066 0.153119 1
g1 2 41 g1 2 43 0.20919 0.154605 1
g1 2 43 g1 2 45 0.221383 0.119913 1
g1 2 49 g1 2 50 0.241523 0.147619 1
g1 2 53 g1 2 54 0.261635 0.204712 1
g1 2 44 g1 2 47 0.221421 0.168578 1
g1 2 46 g1 2 45 0.231725 0.172272 1
g1 2 53 g1 2 45 0.258889 0.161407 1
g1 2 40 g1 2 54 0.206725 0.23451 1
g1 2 50 g6 2 70 0.247667 0.185257 1
g1 2 53 g6 2 65 0.2597 0.19522 1
g1 2 41 g6 2 72 0.211033 0.170714 1
g1 2 52 g6 2 66 0.256827 0.125926 1
g1 2 72 g2 2 32 0.342118 0.207837 1
g1 2 48 g6 2 50 0.239767 0.147822 1
g1 2 64 g2 2 32 0.30756 0.161244 1
g1 2 42 g1 2 34 0.214857 0.0657652 1
g1 2 38 g1 2 34 0.197849 0.0576872 1
g1 2 29 g1 2 32 0.157048 0.0730236 1
g1 2 29 g1 2 29 0.160468 0.0591343 1
g1 2 31 g1 2 32 0.165605 0.0594803 1
g1 2 31 g1 2 31 0.165159 0.0511753 1
g1 2 36 g1 2 34 0.191905 0.0559827 1
g1 2 29 g1 2 29 0.157086 0.0583123 1
g2 2 28 g2 2 26 0.152957 0.081189 1
g2 2 28 g2 2 26 0.15442 0.0852107 1
g2 2 31 g2 2 32 0.168025 0.152605 1
g2 2 26 g2 2 26 0.14425 0.150999 1
g2 2 27 g2 2 26 0.150511 0.134901 1
g2 2 23 g2 2 32 0.133733 0.144775 1
g2 2 26 g2 2 26 0.144357 0.128892 1
g2 2 27 g2 2 26 0.148516 0.0937242 1
g2 2 28 g2 2 26 0.154242 0.156895 1
g2 2 55 g2 2 50 0.268972 0.125755 1
g2 2 29 g2 2 26 0.158342 0.0853226 1
g2 2 28 g2 2 26 0.155945 0.0831557 1
g2 2 28 g2 2 26 0.153178 0.10591 1
g2 2 29 g2 2 26 0.156974 0.106393 1
g2 2 30 g2 2 26 0.16357 0.165876 1
g2 2 27 g2 2 26 0.148822 0.128428 1
g2 2 21 g2 2 32 0.124544 0.237872 1
g2 2 27 g2 2 26 0.150436 0.0733698 1
g2 2 29 g2 2 26 0.158824 0.0850396 1
g2 2 27 g2 2 26 0.148843 0.132614 1
g2 2 30 g2 2 26 0.161903 0.125009 1
g2 2 30 g2 2 26 0.162173 0.202935 1
g2 2 26 g2 2 26 0.14443 0.144234 1
g2 2 31 g2 2 26 0.165568 0.0809107 1
g2 2 33 g2 2 32 0.181399 0.158391 1
g2 2 28 g2 2 26 0.153095 0.150766 1
g2 2 27 g2 2 32 0.148504 0.215902 1
g2 2 30 g2 2 26 0.163899 0.15229 1
g2 2 34 g2 2 26 0.180467 0.122504 1
g2 2 59 g2 2 53 0.286448 0.11708 1
g2 2 54 g2 2 45 0.264958 0.128094 1
g2 2 55 g2 2 50 0.269828 0.115822 1
g2 2 48 g1 2 43 0.241718 0.259655 1
g2 2 38 g2 2 42 0.1983 0.0980393 1
g2 2 42 g2 2 39 0.214884 0.102152 1
g2 2 64 g2 2 53 0.307135 0.107338 1
g2 2 43 g2 2 45 0.218913 0.0816044 1
g2 2 37 g2 2 44 0.192653 0.0787732 1
g2 2 36 g2 2 39 0.193141 0.0732656 1
g2 2 39 g2 2 44 0.201672 0.0675561 1
g2 2 39 g2 2 39 0.202931 0.0572417 1
g2 2 41 g2 2 39 0.210734 0.0581594 1
g2 2 39 g2 2 39 0.200785 0.0957513 1
g2 2 41 g2 2 39 0.212933 0.0682864 1
g2 2 42 g2 2 44 0.213088 0.0697143 1
g2 2 47 g2 2 44 0.235008 0.129158 1
g2 2 31 g2 2 41 0.166853 0.117849 1
g2 2 42 g2 2 39 0.213323 0.06024 1
g2 2 84 g2 2 53 0.400445 0.158477 1
g2 2 41 g2 2 42 0.210705 0.0790936 1
g2 2 52 g2 2 44 0.257972 0.0678578 1
g2 2 52 g1 2 59 0.257039 0.213745 1
g2 2 40 g2 2 39 0.207172 0.0999793 1
g2 2 37 g2 2 44 0.193068 0.0734563 1
g2 2 45 g1 2 64 0.229603 0.115191 1
g2 2 41 g2 2 44 0.209506 0.0894141 1
g2 2 49 g1 2 52 0.243376 0.192012 1
g2 2 46 g2 2 53 0.23098 0.113792 1
g2 2 40 g2 2 56 0.206818 0.10944 1
g2 2 56 g2 2 53 0.27251 0.108505 1
g2 2 35 g2 2 39 0.188192 0.0852977 1
g2 2 40 g1 2 57 0.207978 0.290824 0
g2 2 58 g2 2 48 0.281335 0.156959 1
g2 2 29 g2 2 26 0.158598 0.130546 1
g2 2 26 g2 2 26 0.14422 0.124454 1
g2 2 28 g2 2 26 0.15276 0.0648465 1
g3 1 71 g3 1 117 0.340393 0.324805 1
g3 1 68 g3 1 84 0.325355 0.194898 1
g3 1 95 g3 1 81 0.444296 0.296964 1
g3 1 102 g3 1 73 0.474283 0.238218 1
g3 1 107 g1 2 57 0.497931 0.434995 0
g3 1 96 g3 1 73 0.449792 0.256818 1
g3 1 91 g3 1 72 0.428083 0.283774 1
g3 1 93 g3 1 82 0.438082 0.278866 0
g3 1 86 g3 1 87 0.404219 0.278667 0
g3 1 87 g3 1 92 0.408159 0.286612 1
g3 1 88 g3 1 106 0.412975 0.254138 1
g3 1 92 g3 1 81 0.430192 0.212962 1
g3 1 92 g3 1 86 0.433554 0.243562 1
g3 1 92 g3 1 127 0.434231 0.2154 1
g3 1 90 g3 1 78 0.423661 0.482702 0
g3 1 86 g3 1 74 0.404731 0.25076 1
g3 1 80 g3 1 81 0.37813 0.197892 1
g3 1 113 g1 2 49 0.526811 0.365086 0
g3 1 95 g3 1 120 0.445158 0.277557 0
g3 1 95 g3 1 85 0.445726 0.214709 1
g3 1 99 g3 1 91 0.462027 0.219722 1
g3 1 93 g3 1 114 0.44008 0.216527 1
g3 1 92 g3 1 82 0.43026 0.243935 1
g3 1 85 g3 1 73 0.400039 0.253225 1
g3 1 91 g3 1 81 0.426888 0.303278 0
g3 1 88 g3 1 77 0.410859 0.278852 0
g3 1 99 g3 1 112 0.461483 0.301397 1
g3 1 132 g3 1 84 0.610225 0.28222 0
g3 1 114 g1 2 67 0.529699 0.43458 0
g3 1 97 g3 1 80 0.453691 0.1944 1
g3 1 111 g3 1 120 0.516437 0.219216 1
g3 1 104 g3 1 82 0.483429 0.27285 1
g3 1 97 g3 1 78 0.453131 0.214257 1
g3 1 100 g3 1 85 0.466223 0.238382 1
g3 1 101 g3 1 91 0.472398 0.246652 1
g3 1 98 g3 1 83 0.4572 0.267061 1
g3 1 102 g3 1 61 0.476352 0.319308 1
g3 1 115 g3 1 140 0.532896 0.258955 1
g3 1 120 g3 1 140 0.557608 0.257891 1
g3 1 92 g3 1 84 0.428572 0.376797 0
g3 1 76 g3 1 68 0.36085 0.838181 0
g3 1 97 g3 1 85 0.451709 0.281636 0
g3 1 85 g3 1 79 0.400244 0.211361 1
g3 1 77 g3 1 80 0.363775 0.193194 1
g3 1 81 g3 1 81 0.381082 0.214477 1
g3 1 86 g3 1 91 0.40098 0.293181 0
g3 1 77 g3 1 77 0.36355 0.329231 0
g3 1 85 g3 1 84 0.397309 0.171705 1
g3 1 79 g3 1 74 0.373493 0.219266 1
g3 1 78 g3 1 91 0.368183 0.301789 0
g3 1 84 g3 1 91 0.394909 0.249773 0
g4 2 71 g4 2 59 0.336586 0.198089 1
g4 2 71 g4 2 82 0.337935 0.0673423 1
g4 2 86 g4 2 87 0.402523 0.162398 1
g4 2 85 g4 2 82 0.398974 0.163126 1
g4 2 80 g4 2 90 0.376347 0.119477 1
g4 2 81 g4 2 99 0.382119 0.14039 1
g4 2 100 g3 1 89 0.46475 0.25683 1
g4 2 81 g4 2 82 0.380238 0.161355 1
g4 2 95 g4 2 94 0.443998 0.151698 1
g4 2 93 g4 2 95 0.433224 0.166844 1
g4 2 89 g4 2 90 0.416785 0.134392 1
g4 2 94 g4 2 99 0.43827 0.112256 1
g4 2 102 g4 2 101 0.474132 0.0792638 1
g4 2 89 g4 2 60 0.415458 0.120179 1
g4 2 57 g4 2 63 0.275676 0.127509 1
g4 2 60 g4 2 57 0.292082 0.0727742 1
g4 2 57 g4 2 55 0.276045 0.0766083 1
g4 2 63 g4 2 66 0.302176 0.145464 1
g4 2 59 g4 2 64 0.284883 0.103054 1
g4 2 65 g4 2 66 0.311528 0.109011 1
g4 2 67 g4 2 78 0.319597 0.0844505 1
g4 2 69 g4 2 78 0.329381 0.0992722 1
g4 2 77 g4 2 95 0.362618 0.150197 1
g4 2 57 g4 2 62 0.276051 0.105125 1
g4 2 72 g4 2 67 0.341067 0.0918328 1
g4 2 72 g4 2 72 0.342058 0.048741 1
g4 2 80 g4 2 70 0.375733 0.0862969 1
g4 2 79 g4 2 83 0.372559 0.110199 1
g4 2 92 g4 2 62 0.42817 0.0941647 1
g4 2 90 g4 2 66 0.419716 0.104492 1
g4 2 59 g4 2 72 0.286003 0.0842472 1
g4 2 59 g4 2 63 0.286035 0.0951659 1
g4 2 63 g4 2 66 0.30444 0.0775823 1
g4 2 66 g4 2 66 0.314734 0.130808 1
g4 2 87 g4 2 66 0.406357 0.0984353 1
g4 2 82 g4 2 66 0.385388 0.18796 1
g4 2 89 g4 2 79 0.416598 0.146736 1
g4 2 64 g4 2 62 0.307098 0.0681309 1
g4 2 88 g4 2 79 0.411227 0.0983634 1
g4 2 100 g4 2 79 0.465845 0.107761 1
g4 2 80 g4 2 82 0.377448 0.0681987 1
g4 2 88 g4 2 62 0.4098 0.0951218 1
g5 2 84 g5 2 94 0.397677 0.0893176 1
g5 2 87 g5 2 85 0.407449 0.0767305 1
g5 2 85 g5 2 101 0.403813 0.103886 1
g5 2 82 g5 2 101 0.387332 0.114987 1
g5 2 69 g5 2 98 0.330963 0.161727 1
g5 2 81 g5 2 98 0.384436 0.0936171 1
g5 2 80 g4 2 65 0.379528 0.188285 1
g5 2 89 g5 2 98 0.419382 0.177105 1
g5 2 78 g5 2 100 0.369463 0.207032 1
g5 2 64 g5 2 62 0.308071 0.117299 1
g5 2 68 g5 2 68 0.328598 0.118591 1
g5 2 80 g5 2 68 0.377349 0.108626 1
g5 2 66 g5 2 82 0.316689 0.144768 1
g5 2 69 g4 2 60 0.330872 0.184751 1
g5 2 83 g5 2 100 0.391111 0.161175 1
g5 2 76 g5 2 68 0.358725 0.213618 1
g5 2 73 g5 2 100 0.349743 0.169501 1
g5 2 68 g5 2 68 0.324937 0.181356 1
g5 2 73 g5 2 100 0.347089 0.164501 1
g5 2 73 g4 2 59 0.348251 0.169759 1
g5 2 75 g5 2 99 0.356173 0.132945 1
g5 2 73 g4 2 59 0.346123 0.171532 1
g5 2 75 g4 2 70 0.357471 0.207991 1
g5 2 73 g5 2 98 0.346827 0.164006 1
g5 2 80 g5 2 98 0.379841 0.126513 1
g5 2 79 g5 2 106 0.37451 0.15038 1
g5 2 76 g4 2 59 0.361989 0.143869 1
g5 2 75 g5 2 106 0.355867 0.162105 1
g5 2 77 g5 2 100 0.363645 0.211992 1
g5 2 78 g5 2 88 0.370718 0.138184 1
g5 2 73 g4 2 65 0.350036 0.188222 1
g5 2 76 g5 2 98 0.359686 0.126581 1
g5 2 71 g5 2 88 0.340373 0.124045 1
g5 2 75 g5 2 98 0.359509 0.138354 1
g5 2 76 g5 2 98 0.360122 0.141297 1
g5 2 83 g5 2 96 0.390656 0.0967482 1
g5 2 110 g5 2 100 0.511621 0.117647 1
g5 2 77 g5 2 96 0.367175 0.0859701 1
g5 2 92 g5 2 101 0.43166 0.0756917 1
g5 2 92 g5 2 96 0.435296 0.121381 1
g5 2 98 g5 2 115 0.45815 0.128892 1
g5 2 92 g5 2 115 0.434217 0.0887555 1
g5 2 91 g5 2 105 0.428586 0.0983107 1
g5 2 98 g5 2 100 0.461606 0.0919861 1
g5 2 92 g5 2 98 0.433884 0.0726379 1
g6 2 78 g6 2 74 0.368365 0.077136 1
g6 2 75 g6 2 74 0.352013 0.0886381 1
g6 2 81 g6 2 74 0.379694 0.0837195 1
g6 2 79 g6 2 65 0.371743 0.173163 1
g6 2 67 g6 2 74 0.319224 0.0672097 1
g6 2 66 g6 2 77 0.315043 0.118371 1
g6 2 71 g6 2 74 0.336864 0.0905135 1
g6 2 73 g6 2 74 0.344516 0.124847 1
g6 2 70 g6 2 74 0.331311 0.100268 1
g6 2 61 g6 2 74 0.295525 0.0983134 1
g6 2 76 g6 2 72 0.356294 0.148182 1
g6 2 82 g6 2 179 0.387281 0.0846512 1
g6 2 80 g6 2 79 0.381014 0.0637393 1
g6 2 59 g6 2 74 0.28331 0.114933 1
g6 2 70 g6 2 79 0.330869 0.159355 1
g6 2 79 g6 2 75 0.369611 0.0816378 1
g6 2 67 g6 2 74 0.317097 0.0919602 1
g6 2 84 g6 2 75 0.390565 0.0824738 1
g6 2 70 g6 2 74 0.330704 0.078759 1
g6 2 68 g6 2 74 0.321966 0.13811 1
g6 2 80 g6 2 74 0.373454 0.0903619 1
g6 2 115 g6 2 74 0.526252 0.146872 1
g6 2 74 g6 2 75 0.346964 0.0920368 1
g6 2 66 g6 2 75 0.312646 0.116205 1
g6 2 70 g6 2 74 0.330067 0.116409 1
g6 2 68 g6 2 86 0.321034 0.238989 0
g6 2 86 g6 2 74 0.400552 0.111651 1
g6 2 68 g6 2 74 0.322123 0.0831518 1
g6 2 68 g6 2 74 0.321144 0.0867334 1
g6 2 56 g6 2 64 0.270338 0.0932688 1
g6 2 61 g6 2 65 0.2924 0.0761259 1
g6 2 63 g6 2 65 0.299994 0.105697 1
g6 2 99 g6 2 94 0.457203 0.363459 1
g6 2 75 g1 2 48 0.353538 0.249492 1
g6 2 61 g6 2 62 0.291388 0.0327055 1
g6 2 63 g6 2 63 0.300906 0.0631527 1
g6 2 67 g6 2 63 0.317356 0.0575263 1
g6 2 64 g6 2 67 0.304003 0.0628013 1
g6 2 71 g6 2 70 0.333537 0.0709974 1
g6 2 76 g6 2 72 0.355988 0.0616879 1
g6 2 71 g6 2 86 0.335077 0.0880182 1
g7 1 73 g7 1 87 0.346141 0.276636 1
g7 1 65 g7 1 83 0.31124 0.214486 1
g7 1 71 g7 1 67 0.33595 0.282669 1
g7 1 73 g7 1 102 0.34603 0.151537 1
g7 1 78 g7 1 66 0.369253 0.281787 1
g7 1 82 g7 1 79 0.383868 0.25401 1
g7 1 66 g7 1 90 0.314837 0.298672 0
g7 1 72 g7 1 73 0.340058 0.124732 1
g7 1 52 g7 1 60 0.256995 0.216303 1
g7 1 63 g3 1 83 0.302424 0.402604 0
g7 1 67 g7 1 65 0.317348 0.217361 1
g7 1 72 g7 1 66 0.340563 0.16331 1
g7 1 69 g7 1 76 0.325948 0.217129 1
g7 1 65 g7 1 56 0.309622 0.176833 1
g7 1 56 g7 1 55 0.270426 0.21659 1
g7 1 64 g7 1 60 0.304965 0.174301 1
g7 1 63 g7 1 55 0.300114 0.15924 1
g7 1 58 g7 1 62 0.279369 0.214666 1
g7 1 60 g7 1 89 0.288393 0.286894 1
g7 1 61 g7 1 54 0.29154 0.15933 1
g7 1 61 g7 1 62 0.291567 0.197059 1
g7 1 54 g7 1 51 0.263869 0.0359619 1
g7 1 75 g1 2 31 0.352176 0.53179 0
g7 1 68 g7 1 69 0.321661 0.227333 1
g7 1 88 g7 1 54 0.408859 0.322597 1
g7 1 72 g7 1 94 0.338783 0.355519 0
g7 1 67 g2 2 44 0.317437 0.433152 0
g7 1 74 g7 1 73 0.347375 0.16219 1
g7 1 70 g1 2 31 0.331458 0.556157 0
g7 1 70 g3 1 130 0.329505 0.527425 0
g7 1 72 g7 1 69 0.338785 0.213426 1
g7 1 85 g7 1 93 0.39433 0.29699 1
g7 1 77 g7 1 88 0.360983 0.299224 1
g7 1 79 g7 1 67 0.368789 0.217459 1
g7 1 90 g7 1 66 0.417096 0.204742 1
g7 1 136 g7 1 88 0.623919 0.27874 1
g7 1 66 g7 1 75 0.313901 0.243244 1
g7 1 67 g7 1 97 0.317673 0.255224 1
g7 1 78 g7 1 97 0.367433 0.302307 1
g7 1 78 g7 1 75 0.365542 0.228199 1
g7 1 88 g7 1 79 0.410885 0.267728 1
g7 1 97 g7 1 91 0.449932 0.194254 1
g7 1 62 g7 1 67 0.296903 0.300008 1
g7 1 101 g7 1 77 0.467209 0.175766 1
g7 1 39 g7 1 67 0.200028 0.364027 1
g7 1 70 g7 1 100 0.332244 0.366034 0
g7 1 72 g7 1 66 0.340621 0.154061 1
g7 1 71 g7 1 60 0.335736 0.270987 1
g7 1 72 g7 1 73 0.340017 0.167195 1
g7 1 96 g7 1 79 0.447506 0.237295 1
g7 1 63 g7 1 57 0.301069 0.309275 1
g7 1 66 g7 1 65 0.313303 0.260375 1
g7 1 84 g7 1 89 0.392152 0.162851 1
g7 1 119 g7 1 91 0.550023 0.298056 1
g7 1 110 g7 1 103 0.508103 0.245831 1
g7 1 105 g7 1 72 0.485588 0.384197 0
g7 1 104 g7 1 103 0.482152 0.22302 1
g7 1 91 g7 1 71 0.421605 0.238911 1
g7 1 99 g7 1 94 0.458985 0.159631 1
g7 1 83 g7 1 93 0.389195 0.211386 1
g7 1 92 g7 1 94 0.428299 0.157546 1
g7 1 88 g7 1 91 0.410081 0.186825 1
g7 1 93 g7 1 94 0.43351 0.166665 1
