g1 2 24 g6 2 32 0.073869 0.177839 1
g1 2 23 g6 2 34 0.071641 0.194286 1
g1 2 27 g6 2 25 0.080777 0.156739 1
g1 2 42 g1 2 24 0.1266 0.124555 1
g1 2 33 g2 2 17 0.096144 0.186512 1
g1 2 29 g1 2 25 0.085061 0.155493 1
g1 2 31 g1 2 28 0.090203 0.130339 1
g1 2 20 g1 2 27 0.065631 0.114469 1
g1 2 24 g1 2 33 0.073964 0.163801 1
g1 2 28 g1 2 25 0.084464 0.160279 1
g1 2 21 g1 2 22 0.067646 0.138157 1
g1 2 26 g1 2 22 0.078635 0.114392 1
g1 2 25 g1 2 25 0.076034 0.0740715 1
g1 2 25 g1 2 25 0.075977 0.125773 1
g1 2 28 g1 2 25 0.082567 0.0863041 1
g1 2 54 g6 2 38 0.141605 0.204242 1
g1 2 26 g1 2 22 0.078747 0.0966976 1
g1 2 37 g6 2 36 0.104948 0.215399 1
g1 2 20 g6 2 31 0.065768 0.133138 1
g1 2 24 g6 2 34 0.073792 0.19971 1
g1 2 21 g6 2 32 0.06765 0.148979 1
g1 2 28 g6 2 30 0.08292 0.172967 1
g1 2 22 g2 2 17 0.071195 0.191713 1
g1 2 24 g1 2 19 0.073775 0.0886496 1
g1 2 23 g1 2 20 0.071771 0.0959363 1
g1 2 32 g1 2 29 0.093365 0.134286 1
g1 2 30 g1 2 26 0.087041 0.147948 1
g1 2 39 g1 2 26 0.109194 0.258994 1
g1 2 29 g1 2 24 0.086344 0.203157 1
g1 2 29 g1 2 37 0.085398 0.106014 1
g1 2 23 g1 2 25 0.071821 0.0902134 1
g1 2 23 g1 2 24 0.071742 0.174544 1
g1 2 19 g1 2 26 0.063573 0.0834176 1
g1 2 28 g1 2 28 0.082839 0.210743 1
g1 2 23 g1 2 29 0.071708 0.235269 1
g1 2 24 g1 2 24 0.075492 0.163654 1
g1 2 30 g1 2 24 0.088227 0.169157 1
g1 2 24 g1 2 26 0.076884 0.146512 1
g1 2 22 g1 2 23 0.071003 0.159734 1
g1 2 23 g1 2 24 0.072541 0.134771 1
g1 2 26 g1 2 26 0.078424 0.155951 1
g1 2 28 g1 2 28 0.083123 0.190776 1
g1 2 23 g1 2 25 0.073787 0.184149 1
g1 2 24 g1 2 24 0.074056 0.182284 1
g1 2 28 g1 2 24 0.082823 0.184123 1
g1 2 21 g1 2 28 0.067529 0.251477 1
g1 2 26 g6 2 36 0.078237 0.200737 1
g1 2 28 g6 2 34 0.082704 0.212294 1
g1 2 22 g6 2 37 0.071193 0.185805 1
g1 2 27 g6 2 34 0.081224 0.13539 1
g1 2 37 g2 2 17 0.105553 0.213727 1
g1 2 25 g6 2 25 0.076539 0.165599 1
g1 2 33 g2 2 17 0.095439 0.175089 1
g1 2 22 g1 2 18 0.069191 0.0769956 1
g1 2 20 g1 2 18 0.067393 0.0699969 1
g1 2 16 g1 2 17 0.058218 0.0972281 1
g1 2 16 g1 2 16 0.057404 0.0740709 1
g1 2 17 g1 2 17 0.059099 0.0754636 1
g1 2 17 g1 2 17 0.058942 0.060393 1
g1 2 19 g1 2 18 0.063196 0.0681503 1
g1 2 16 g1 2 17 0.056873 0.103612 1
g2 2 15 g2 2 14 0.05535 0.102294 1
g2 2 15 g2 2 14 0.055016 0.102069 1
g2 2 17 g2 2 17 0.060412 0.180842 1
g2 2 14 g2 2 14 0.053082 0.155019 1
g2 2 15 g2 2 14 0.05537 0.154699 1
g2 2 13 g2 2 17 0.051025 0.163711 1
g2 2 14 g2 2 14 0.052755 0.138865 1
g2 2 15 g2 2 14 0.055205 0.109654 1
g2 2 15 g2 2 14 0.055071 0.179041 1
g2 2 29 g2 2 26 0.085425 0.13883 1
g2 2 16 g2 2 14 0.057427 0.109136 1
g2 2 15 g2 2 14 0.05657 0.0998811 1
g2 2 15 g2 2 14 0.055032 0.119302 1
g2 2 16 g2 2 14 0.057368 0.119978 1
g2 2 16 g2 2 14 0.05743 0.173492 1
g2 2 15 g2 2 14 0.05519 0.139512 1
g2 2 12 g2 2 17 0.048577 0.266786 1
g2 2 15 g2 2 14 0.054924 0.0909069 1
g2 2 16 g2 2 14 0.058363 0.0997465 1
g2 2 15 g2 2 14 0.055749 0.15704 1
g2 2 16 g2 2 14 0.059337 0.136554 1
g2 2 16 g2 2 14 0.057262 0.213739 1
g2 2 14 g2 2 14 0.053036 0.149036 1
g2 2 17 g2 2 14 0.058811 0.104702 1
g2 2 18 g2 2 17 0.060961 0.171124 1
g2 2 15 g2 2 14 0.055628 0.174244 1
g2 2 15 g2 2 17 0.054708 0.234601 1
g2 2 16 g2 2 14 0.057022 0.175422 1
g2 2 18 g2 2 14 0.063967 0.137632 1
g2 2 31 g2 2 28 0.091666 0.125996 1
g2 2 28 g2 2 27 0.086846 0.154531 1
g2 2 29 g2 2 26 0.086722 0.13868 1
g2 2 25 g2 2 26 0.076477 0.145046 1
g2 2 20 g2 2 21 0.065314 0.14081 1
g2 2 22 g2 2 21 0.070327 0.116275 1
g2 2 32 g2 2 29 0.09598 0.128344 1
g2 2 23 g2 2 24 0.071748 0.0911216 1
g2 2 20 g2 2 21 0.065444 0.0914759 1
g2 2 19 g2 2 21 0.063178 0.090553 1
g2 2 21 g2 2 23 0.065877 0.0802652 1
g2 2 20 g2 2 21 0.06692 0.0893105 1
g2 2 21 g2 2 21 0.067733 0.0697141 1
g2 2 19 g2 2 21 0.065504 0.111094 1
g2 2 22 g2 2 21 0.070268 0.0768108 1
g2 2 22 g2 2 21 0.070122 0.0935556 1
g2 2 25 g2 2 23 0.07628 0.151366 1
g2 2 17 g2 2 24 0.059117 0.136608 1
g2 2 22 g2 2 21 0.06936 0.0832263 1
g2 2 42 g2 2 28 0.119296 0.160527 1
g2 2 22 g2 2 22 0.069474 0.0972297 1
g2 2 27 g2 2 23 0.080374 0.0794278 1
g2 2 27 g1 2 31 0.080581 0.219084 1
g2 2 21 g2 2 21 0.067359 0.114951 1
g2 2 19 g2 2 21 0.064707 0.0968977 1
g2 2 24 g1 2 33 0.073208 0.126282 1
g2 2 22 g2 2 21 0.07137 0.112032 1
g2 2 26 g1 2 27 0.077638 0.201474 1
g2 2 24 g2 2 28 0.074115 0.127158 1
g2 2 21 g2 2 29 0.06751 0.124674 1
g2 2 29 g2 2 28 0.085644 0.115389 1
g2 2 19 g2 2 21 0.06303 0.102121 1
g2 2 21 g1 2 33 0.067722 0.311734 1
g2 2 30 g2 2 25 0.089918 0.163577 1
g2 2 16 g2 2 14 0.057657 0.148281 1
g2 2 14 g2 2 14 0.052935 0.130207 1
g2 2 15 g2 2 14 0.054912 0.0822884 1
g3 1 36 g3 1 46 0.104784 0.332445 1
g3 1 35 g3 1 43 0.101818 0.221407 1
g3 1 49 g3 1 42 0.13572 0.300641 1
g3 1 52 g3 1 37 0.143124 0.246244 1
g3 1 55 g1 2 30 0.148079 0.418895 1
g3 1 49 g3 1 37 0.13855 0.259543 1
g3 1 47 g3 1 42 0.129846 0.382585 1
g3 1 47 g3 1 41 0.131116 0.282248 1
g3 1 44 g3 1 45 0.12358 0.289176 1
g3 1 43 g3 1 46 0.123981 0.297155 1
g3 1 44 g3 1 57 0.123359 0.280456 1
g3 1 47 g3 1 46 0.129499 0.231488 1
g3 1 46 g3 1 43 0.12748 0.244426 1
g3 1 47 g3 1 64 0.132374 0.222005 1
g3 1 44 g3 1 47 0.123454 0.509912 1
g3 1 44 g3 1 40 0.122547 0.258925 1
g3 1 41 g3 1 42 0.115929 0.20938 1
g3 1 56 g1 2 26 0.157301 0.384839 1
g3 1 48 g3 1 41 0.132064 0.250921 1
g3 1 48 g3 1 42 0.133385 0.221797 1
g3 1 50 g3 1 47 0.138491 0.226461 1
g3 1 48 g3 1 57 0.1352 0.223474 1
g3 1 46 g3 1 41 0.128549 0.251364 1
g3 1 43 g3 1 37 0.12249 0.252658 1
g3 1 47 g3 1 42 0.131345 0.316269 1
g3 1 44 g3 1 38 0.124653 0.286164 1
g3 1 50 g3 1 53 0.139616 0.323461 1
g3 1 66 g3 1 42 0.176098 0.284546 1
g3 1 58 g1 2 35 0.159688 0.443586 1
g3 1 50 g3 1 39 0.137897 0.201097 1
g3 1 57 g3 1 60 0.155305 0.227756 1
g3 1 53 g3 1 41 0.146795 0.280176 1
g3 1 49 g3 1 40 0.136842 0.220275 1
g3 1 51 g3 1 42 0.140847 0.246952 1
g3 1 52 g3 1 47 0.141613 0.262663 1
g3 1 50 g3 1 59 0.136719 0.273023 1
g3 1 51 g3 1 32 0.143532 0.325366 1
g3 1 59 g3 1 69 0.157043 0.265281 1
g3 1 61 g3 1 69 0.161815 0.26054 1
g3 1 46 g3 1 43 0.130133 0.385156 1
g3 1 28 g3 1 47 0.09773 0.823018 0
g3 1 49 g3 1 44 0.136226 0.299366 1
g3 1 42 g3 1 40 0.119633 0.212053 1
g3 1 40 g3 1 41 0.113643 0.207229 1
g3 1 42 g3 1 42 0.117202 0.229532 1
g3 1 44 g3 1 47 0.121425 0.308689 1
g3 1 39 g3 1 38 0.110317 0.342506 1
g3 1 43 g3 1 42 0.121406 0.173607 1
g3 1 40 g3 1 37 0.11617 0.222603 1
g3 1 39 g3 1 47 0.112031 0.313106 1
g3 1 43 g3 1 47 0.12004 0.257062 1
g4 2 37 g4 2 31 0.105743 0.213731 1
g4 2 37 g4 2 42 0.104931 0.0770925 1
g4 2 44 g4 2 45 0.124845 0.166975 1
g4 2 44 g4 2 42 0.122494 0.168401 1
g4 2 41 g4 2 46 0.115156 0.126542 1
g4 2 42 g4 2 51 0.117486 0.146691 1
g4 2 50 g3 1 44 0.140488 0.268622 1
g4 2 42 g4 2 42 0.119751 0.170647 1
g4 2 49 g4 2 48 0.13579 0.16048 1
g4 2 47 g4 2 49 0.131503 0.169922 1
g4 2 46 g4 2 46 0.129237 0.137594 1
g4 2 48 g4 2 51 0.132317 0.117739 1
g4 2 52 g4 2 51 0.142298 0.0872674 1
g4 2 45 g4 2 31 0.125032 0.127746 1
g4 2 30 g4 2 43 0.088009 0.144586 1
g4 2 31 g4 2 30 0.090421 0.078087 1
g4 2 30 g4 2 29 0.087156 0.0841841 1
g4 2 33 g4 2 34 0.09573 0.155968 1
g4 2 31 g4 2 33 0.090565 0.106797 1
g4 2 34 g4 2 34 0.098558 0.120246 1
g4 2 35 g4 2 40 0.102312 0.0919232 1
g4 2 36 g4 2 32 0.103209 0.107242 1
g4 2 40 g4 2 48 0.112369 0.15742 1
g4 2 30 g4 2 32 0.086863 0.114933 1
g4 2 37 g4 2 35 0.105984 0.0999654 1
g4 2 37 g4 2 37 0.106356 0.0560005 1
g4 2 41 g4 2 36 0.116507 0.0923847 1
g4 2 41 g4 2 43 0.115366 0.113961 1
g4 2 46 g4 2 32 0.132296 0.101124 1
g4 2 46 g4 2 34 0.126442 0.113174 1
g4 2 31 g4 2 37 0.092332 0.0955719 1
g4 2 31 g4 2 33 0.089592 0.103906 1
g4 2 33 g4 2 34 0.096019 0.0887908 1
g4 2 34 g4 2 34 0.097823 0.140199 1
g4 2 45 g4 2 34 0.125295 0.105555 1
g4 2 42 g4 2 34 0.118668 0.195331 1
g4 2 46 g4 2 41 0.128313 0.154758 1
g4 2 33 g4 2 32 0.09589 0.0741617 1
g4 2 45 g4 2 41 0.124573 0.101517 1
g4 2 50 g4 2 41 0.136767 0.113763 1
g4 2 41 g4 2 42 0.116547 0.0753194 1
g4 2 45 g4 2 32 0.1267 0.102625 1
g5 2 43 g5 2 48 0.12196 0.096948 1
g5 2 45 g5 2 44 0.12613 0.0813948 1
g5 2 44 g5 2 52 0.125623 0.109526 1
g5 2 42 g5 2 52 0.117508 0.12298 1
g5 2 36 g5 2 50 0.104713 0.173685 1
g5 2 42 g5 2 50 0.119069 0.103629 1
g5 2 41 g4 2 34 0.115644 0.195062 1
g5 2 46 g5 2 50 0.130154 0.189381 1
g5 2 40 g5 2 51 0.113333 0.211785 1
g5 2 33 g5 2 32 0.096819 0.123193 1
g5 2 35 g5 2 35 0.101347 0.127778 1
g5 2 41 g5 2 35 0.116784 0.115549 1
g5 2 34 g5 2 33 0.099904 0.166843 1
g5 2 36 g4 2 31 0.103544 0.193424 1
g5 2 43 g5 2 51 0.120589 0.166174 1
g5 2 39 g5 2 51 0.110326 0.210268 1
g5 2 38 g5 2 51 0.110329 0.176763 1
g5 2 35 g5 2 35 0.101041 0.193344 1
g5 2 38 g5 2 51 0.108438 0.171544 1
g5 2 38 g4 2 31 0.108725 0.178412 1
g5 2 39 g5 2 51 0.110999 0.144814 1
g5 2 38 g4 2 31 0.108525 0.180962 1
g5 2 39 g4 2 36 0.11247 0.222326 1
g5 2 38 g5 2 50 0.1084 0.172357 1
g5 2 41 g5 2 50 0.116312 0.134481 1
g5 2 41 g5 2 54 0.11637 0.156583 1
g5 2 39 g4 2 31 0.112948 0.153731 1
g5 2 39 g5 2 54 0.110518 0.169357 1
g5 2 40 g5 2 51 0.113639 0.220687 1
g5 2 40 g5 2 51 0.113684 0.173148 1
g5 2 38 g4 2 31 0.108719 0.182182 1
g5 2 39 g5 2 50 0.114156 0.132382 1
g5 2 37 g5 2 45 0.108933 0.13262 1
g5 2 39 g5 2 50 0.113486 0.152406 1
g5 2 39 g5 2 49 0.110977 0.145824 1
g5 2 43 g5 2 49 0.12104 0.104819 1
g5 2 55 g5 2 51 0.151818 0.122428 1
g5 2 40 g5 2 49 0.114201 0.0949954 1
g5 2 47 g5 2 52 0.130601 0.0837979 1
g5 2 47 g5 2 49 0.131726 0.126398 1
g5 2 50 g5 2 59 0.139933 0.137652 1
g5 2 47 g5 2 55 0.131688 0.0960286 1
g5 2 47 g5 2 54 0.131996 0.106302 1
g5 2 50 g5 2 51 0.138066 0.100019 1
g5 2 47 g5 2 48 0.133476 0.0650633 1
g6 2 40 g6 2 38 0.112033 0.0831293 1
g6 2 39 g6 2 38 0.110039 0.0954732 1
g6 2 42 g6 2 38 0.115535 0.09279 1
g6 2 41 g6 2 34 0.115999 0.186611 1
g6 2 35 g6 2 38 0.100596 0.0741795 1
g6 2 34 g6 2 34 0.09809 0.13345 1
g6 2 37 g6 2 38 0.104749 0.0968774 1
g6 2 38 g6 2 38 0.107762 0.132625 1
g6 2 36 g6 2 38 0.10257 0.105043 1
g6 2 32 g6 2 38 0.094799 0.10631 1
g6 2 39 g6 2 37 0.110009 0.158528 1
g6 2 42 g6 2 59 0.117007 0.0806915 1
g6 2 41 g6 2 41 0.114851 0.07077 1
g6 2 31 g6 2 38 0.089746 0.12078 1
g6 2 36 g6 2 41 0.104971 0.164803 1
g6 2 41 g6 2 39 0.11495 0.0869633 1
g6 2 35 g6 2 38 0.100206 0.099564 1
g6 2 43 g6 2 39 0.119722 0.0888546 1
g6 2 36 g6 2 38 0.10297 0.0856295 1
g6 2 35 g6 2 38 0.102418 0.142454 1
g6 2 41 g6 2 38 0.117788 0.0950052 1
g6 2 56 g6 2 38 0.152301 0.112544 1
g6 2 38 g6 2 39 0.107511 0.102009 1
g6 2 34 g6 2 39 0.097988 0.12163 1
g6 2 36 g6 2 38 0.10431 0.119668 1
g6 2 35 g6 2 44 0.100491 0.249863 1
g6 2 44 g6 2 38 0.121581 0.115654 1
g6 2 35 g6 2 38 0.100692 0.0913838 1
g6 2 35 g6 2 38 0.100126 0.0932373 1
g6 2 29 g6 2 33 0.086746 0.101353 1
g6 2 32 g6 2 34 0.092487 0.0869118 1
g6 2 33 g6 2 34 0.095588 0.118859 1
g6 2 51 g6 2 49 0.139257 0.354284 1
g6 2 39 g1 2 25 0.110441 0.255429 1
g6 2 32 g6 2 33 0.093959 0.0479845 1
g6 2 33 g6 2 35 0.095617 0.0866037 1
g6 2 35 g6 2 35 0.100352 0.0756825 1
g6 2 33 g6 2 35 0.096099 0.0790453 1
g6 2 37 g6 2 36 0.105077 0.0800973 1
g6 2 39 g6 2 37 0.11172 0.0710931 1
g6 2 37 g6 2 44 0.106471 0.0960218 1
g7 1 37 g7 1 44 0.107614 0.283729 1
g7 1 34 g7 1 42 0.098914 0.224504 1
g7 1 37 g7 1 39 0.105792 0.322902 1
g7 1 38 g7 1 52 0.110165 0.161921 1
g7 1 40 g7 1 34 0.11296 0.289615 1
g7 1 41 g7 1 41 0.116663 0.267352 1
g7 1 34 g7 1 46 0.099332 0.306425 1
g7 1 35 g7 1 36 0.103513 0.132177 1
g7 1 27 g7 1 31 0.082656 0.224476 1
g7 1 32 g3 1 40 0.094753 0.431618 1
g7 1 34 g7 1 33 0.099387 0.226178 1
g7 1 36 g7 1 34 0.104588 0.171268 1
g7 1 36 g7 1 39 0.102196 0.221251 1
g7 1 34 g7 1 29 0.097146 0.190098 1
g7 1 29 g7 1 29 0.086256 0.229544 1
g7 1 33 g7 1 31 0.097629 0.183661 1
g7 1 33 g7 1 28 0.096682 0.178668 1
g7 1 30 g7 1 32 0.088908 0.223046 1
g7 1 31 g7 1 29 0.089717 0.248928 1
g7 1 31 g7 1 28 0.094425 0.164172 1
g7 1 31 g7 1 32 0.091162 0.208856 1
g7 1 27 g7 1 27 0.082692 0.0615644 1
g7 1 39 g1 2 17 0.110597 0.57738 0
g7 1 35 g7 1 35 0.099432 0.238792 1
g7 1 45 g7 1 28 0.124473 0.334334 1
g7 1 37 g7 1 48 0.106187 0.36491 1
g7 1 34 g2 2 23 0.097953 0.45804 1
g7 1 38 g7 1 37 0.10854 0.16894 1
g7 1 35 g1 2 17 0.102017 0.601892 0
g7 1 36 g7 1 38 0.102874 0.375958 1
g7 1 36 g7 1 36 0.104048 0.22344 1
g7 1 44 g7 1 47 0.121731 0.305023 1
g7 1 39 g7 1 43 0.110857 0.304891 1
g7 1 40 g7 1 35 0.113171 0.22377 1
g7 1 46 g7 1 33 0.128892 0.208856 1
g7 1 68 g7 1 43 0.175102 0.286301 1
g7 1 34 g7 1 51 0.100743 0.347542 1
g7 1 35 g7 1 46 0.09982 0.270526 1
g7 1 39 g7 1 50 0.112236 0.307484 1
g7 1 40 g7 1 39 0.114798 0.2346 1
g7 1 45 g7 1 41 0.125281 0.282181 1
g7 1 48 g7 1 45 0.134879 0.196393 1
g7 1 32 g7 1 34 0.092981 0.31424 1
g7 1 50 g7 1 40 0.140375 0.18407 1
g7 1 21 g7 1 36 0.069035 0.363603 1
g7 1 35 g7 1 51 0.103113 0.376813 1
g7 1 36 g7 1 34 0.104366 0.159465 1
g7 1 36 g7 1 31 0.105335 0.279683 1
g7 1 37 g7 1 31 0.105532 0.223388 1
g7 1 49 g7 1 41 0.138591 0.244423 1
g7 1 33 g7 1 29 0.096533 0.331907 1
g7 1 33 g7 1 33 0.098998 0.27306 1
g7 1 42 g7 1 45 0.118671 0.170613 1
g7 1 61 g7 1 45 0.168207 0.305014 1
g7 1 56 g7 1 52 0.153292 0.246199 1
g7 1 54 g7 1 37 0.148992 0.398423 1
g7 1 53 g7 1 52 0.145964 0.230603 1
g7 1 35 g7 1 35 0.120825 0.243094 1
g7 1 51 g7 1 48 0.140152 0.167706 1
g7 1 43 g7 1 47 0.119309 0.222166 1
g7 1 47 g7 1 48 0.129938 0.168155 1
g7 1 45 g7 1 45 0.127119 0.191072 1
g7 1 47 g7 1 48 0.130609 0.173402 1
