g1 2 44 g6 2 60 0.215179 0.160914 1
g1 2 42 g6 2 64 0.209885 0.172727 1
g1 2 50 g6 2 48 0.239637 0.125289 1
g1 2 100 g1 2 43 0.44991 0.129417 1
g1 2 61 g2 2 30 0.288431 0.183151 1
g1 2 54 g1 2 46 0.255944 0.142534 1
g1 2 58 g1 2 46 0.273389 0.113158 1
g1 2 35 g1 2 50 0.180534 0.0970448 1
g1 2 44 g1 2 40 0.215667 0.122193 1
g1 2 52 g1 2 46 0.24775 0.153201 1
g1 2 37 g1 2 40 0.18784 0.117398 1
g1 2 48 g1 2 40 0.232227 0.0942005 1
g1 2 46 g1 2 46 0.223949 0.0653767 1
g1 2 45 g1 2 44 0.219721 0.0742529 1
g1 2 51 g1 2 46 0.244129 0.0742867 1
g1 2 109 g6 2 71 0.486657 0.199637 1
g1 2 47 g1 2 40 0.228147 0.0893916 1
g1 2 69 g6 2 68 0.317694 0.192761 1
g1 2 35 g6 2 69 0.17959 0.134836 1
g1 2 44 g6 2 64 0.216179 0.180735 1
g1 2 37 g6 2 49 0.188714 0.127242 1
g1 2 52 g6 2 55 0.248352 0.15502 1
g1 2 40 g2 2 45 0.20076 0.175992 1
g1 2 43 g1 2 36 0.21143 0.0701902 1
g1 2 41 g1 2 36 0.20448 0.0729246 1
g1 2 59 g1 2 54 0.27648 0.125942 1
g1 2 56 g1 2 47 0.263812 0.139616 1
g1 2 73 g1 2 47 0.334768 0.242762 1
g1 2 53 g1 2 43 0.252683 0.194021 1
g1 2 54 g1 2 69 0.256744 0.100994 1
g1 2 41 g1 2 46 0.203775 0.0782365 1
g1 2 42 g1 2 43 0.207419 0.156364 1
g1 2 33 g1 2 48 0.172751 0.0612619 1
g1 2 51 g1 2 52 0.243015 0.197634 1
g1 2 41 g1 2 54 0.203665 0.226619 1
g1 2 44 g1 2 43 0.215144 0.145674 1
g1 2 55 g1 2 43 0.260519 0.154799 1
g1 2 44 g1 2 43 0.216367 0.14882 1
g1 2 39 g1 2 41 0.195536 0.156408 1
g1 2 41 g1 2 43 0.203436 0.113863 1
g1 2 47 g1 2 48 0.228312 0.148519 1
g1 2 51 g1 2 52 0.243629 0.204624 1
g1 2 42 g1 2 43 0.207584 0.206752 1
g1 2 44 g1 2 43 0.215394 0.166897 1
g1 2 51 g1 2 43 0.243342 0.152267 1
g1 2 38 g1 2 52 0.191552 0.225632 1
g1 2 48 g6 2 67 0.232004 0.191866 1
g1 2 51 g6 2 63 0.244031 0.186925 1
g1 2 39 g6 2 70 0.195311 0.163582 1
g1 2 50 g6 2 64 0.245067 0.123351 1
g1 2 70 g2 2 30 0.322743 0.211961 1
g1 2 46 g6 2 48 0.2245 0.140177 1
g1 2 62 g2 2 30 0.289888 0.158839 1
g1 2 40 g1 2 30 0.199915 0.104996 1
g1 2 36 g1 2 32 0.18335 0.0552752 1
g1 2 27 g1 2 30 0.146377 0.0717766 1
g1 2 27 g1 2 27 0.144754 0.0584145 1
g1 2 29 g1 2 30 0.153269 0.0570191 1
g1 2 29 g1 2 29 0.152579 0.0497548 1
g1 2 34 g1 2 32 0.175617 0.0552609 1
g1 2 27 g1 2 27 0.144853 0.0585002 1
g2 2 26 g2 2 24 0.140673 0.080774 1
g2 2 26 g2 2 24 0.140921 0.0829627 1
g2 2 29 g2 2 30 0.153251 0.150494 1
g2 2 24 g2 2 24 0.132692 0.147788 1
g2 2 25 g2 2 24 0.137357 0.131777 1
g2 2 21 g2 2 30 0.119172 0.144918 1
g2 2 24 g2 2 24 0.133505 0.121557 1
g2 2 25 g2 2 24 0.136909 0.0897749 1
g2 2 26 g2 2 24 0.140614 0.147597 1
g2 2 53 g2 2 48 0.252446 0.12162 1
g2 2 27 g2 2 24 0.145102 0.0821964 1
g2 2 26 g2 2 24 0.141178 0.0848221 1
g2 2 26 g2 2 24 0.140669 0.105094 1
g2 2 27 g2 2 24 0.145032 0.108519 1
g2 2 28 g2 2 24 0.149106 0.168705 1
g2 2 25 g2 2 24 0.137035 0.128441 1
g2 2 19 g2 2 30 0.112978 0.230905 1
g2 2 25 g2 2 24 0.13709 0.0748435 1
g2 2 27 g2 2 24 0.14491 0.0862481 1
g2 2 25 g2 2 24 0.137099 0.132325 1
g2 2 28 g2 2 24 0.14862 0.127187 1
g2 2 28 g2 2 24 0.150207 0.202375 1
g2 2 24 g2 2 24 0.132724 0.140708 1
g2 2 29 g2 2 24 0.15314 0.0773327 1
g2 2 31 g2 2 30 0.1606 0.157309 1
g2 2 26 g2 2 24 0.14122 0.142029 1
g2 2 25 g2 2 30 0.136405 0.218193 1
g2 2 28 g2 2 24 0.148589 0.144577 1
g2 2 32 g2 2 24 0.166396 0.120105 1
g2 2 57 g2 2 51 0.269667 0.113447 1
g2 2 52 g1 2 29 0.248852 0.207128 1
g2 2 53 g2 2 48 0.253269 0.113228 1
g2 2 46 g1 2 41 0.223953 0.255285 1
g2 2 36 g2 2 40 0.183578 0.0945646 1
g2 2 40 g2 2 37 0.200452 0.0997305 1
g2 2 62 g2 2 51 0.290225 0.105391 1
g2 2 41 g2 2 37 0.203787 0.0860249 1
g2 2 35 g2 2 42 0.180273 0.0785681 1
g2 2 34 g2 2 37 0.176234 0.0735559 1
g2 2 37 g2 2 42 0.188252 0.0676064 1
g2 2 37 g2 2 37 0.187618 0.0543996 1
g2 2 39 g2 2 37 0.195713 0.0563116 1
g2 2 37 g2 2 37 0.188637 0.0944887 1
g2 2 39 g2 2 37 0.196274 0.0661056 1
g2 2 40 g2 2 42 0.200252 0.0699725 1
g2 2 45 g2 2 42 0.21962 0.125056 1
g2 2 29 g2 2 40 0.153112 0.117702 1
g2 2 40 g2 2 37 0.199887 0.0587943 1
g2 2 82 g2 2 51 0.375777 0.159875 1
g2 2 39 g2 2 40 0.19664 0.0776896 1
g2 2 50 g2 2 42 0.239503 0.0686868 1
g2 2 50 g1 2 48 0.239005 0.208267 1
g2 2 38 g2 2 37 0.191412 0.097143 1
g2 2 35 g2 2 42 0.18035 0.0715669 1
g2 2 43 g1 2 62 0.211948 0.112596 1
g2 2 39 g2 2 42 0.196469 0.0883543 1
g2 2 47 g1 2 50 0.227471 0.190312 1
g2 2 44 g2 2 51 0.215703 0.108911 1
g2 2 38 g2 2 54 0.191876 0.10608 1
g2 2 54 g2 2 51 0.256237 0.109573 1
g2 2 33 g2 2 37 0.1721 0.083846 1
g2 2 38 g1 2 55 0.192148 0.278588 1
g2 2 56 g2 2 46 0.263521 0.160661 1
g2 2 27 g2 2 24 0.145289 0.129458 1
g2 2 24 g2 2 24 0.132919 0.118578 1
g2 2 26 g2 2 24 0.140751 0.0644475 1
g3 1 69 g3 1 72 0.320585 0.316273 1
g3 1 66 g3 1 82 0.308346 0.190213 1
g3 1 93 g3 1 79 0.422384 0.296692 1
g3 1 100 g3 1 71 0.451618 0.236355 1
g3 1 105 g1 2 55 0.47609 0.423074 1
g3 1 94 g3 1 71 0.426285 0.254154 1
g3 1 89 g3 1 70 0.405713 0.276936 1
g3 1 91 g3 1 80 0.414108 0.273393 1
g3 1 84 g3 1 85 0.383448 0.278647 1
g3 1 85 g3 1 90 0.386095 0.283675 1
g3 1 86 g3 1 104 0.394057 0.250977 1
g3 1 90 g3 1 79 0.408834 0.20536 1
g3 1 90 g3 1 84 0.409256 0.23957 1
g3 1 90 g3 1 125 0.41064 0.213121 1
g3 1 88 g3 1 76 0.399195 0.475727 0
g3 1 84 g3 1 72 0.384559 0.242721 1
g3 1 78 g3 1 79 0.358526 0.195477 1
g3 1 111 g1 2 47 0.500809 0.354061 1
g3 1 93 g3 1 80 0.422822 0.243617 1
g3 1 93 g3 1 83 0.424784 0.208777 1
g3 1 97 g3 1 89 0.439095 0.214353 1
g3 1 91 g3 1 112 0.414358 0.215496 1
g3 1 90 g3 1 80 0.407989 0.237226 1
g3 1 83 g3 1 71 0.380783 0.250708 1
g3 1 89 g3 1 79 0.406404 0.300822 1
g3 1 86 g3 1 75 0.391117 0.281679 1
g3 1 97 g3 1 110 0.438455 0.295255 1
g3 1 130 g3 1 82 0.581893 0.284261 1
g3 1 112 g3 1 87 0.505339 0.287481 1
g3 1 95 g3 1 78 0.430022 0.19328 1
g3 1 109 g3 1 118 0.491325 0.217483 1
g3 1 102 g3 1 80 0.459263 0.268437 1
g3 1 95 g3 1 76 0.431313 0.211657 1
g3 1 98 g3 1 83 0.44403 0.232041 1
g3 1 99 g3 1 89 0.448254 0.239975 1
g3 1 96 g3 1 81 0.436417 0.262869 1
g3 1 100 g7 1 75 0.452555 0.43396 1
g3 1 113 g3 1 138 0.507913 0.259061 1
g3 1 118 g3 1 138 0.531392 0.252984 1
g3 1 90 g3 1 82 0.40729 0.368885 1
g3 1 74 g3 1 66 0.338599 0.834601 0
g3 1 95 g3 1 83 0.430377 0.274813 1
g3 1 83 g3 1 77 0.378892 0.211947 1
g3 1 75 g3 1 78 0.344849 0.188616 1
g3 1 79 g3 1 79 0.360157 0.209933 1
g3 1 84 g3 1 89 0.382908 0.288825 1
g3 1 75 g3 1 75 0.343939 0.323432 1
g3 1 83 g3 1 82 0.380345 0.167859 1
g3 1 77 g3 1 72 0.352561 0.214258 1
g3 1 76 g3 1 89 0.34813 0.294233 1
g3 1 82 g3 1 89 0.373645 0.248577 1
g4 2 69 g4 2 57 0.318191 0.191123 1
g4 2 69 g4 2 80 0.318918 0.0660167 1
g4 2 84 g4 2 85 0.382576 0.161414 1
g4 2 83 g4 2 80 0.37839 0.161243 1
g4 2 78 g4 2 88 0.35714 0.117795 1
g4 2 79 g4 2 97 0.361588 0.13937 1
g4 2 98 g3 1 87 0.442299 0.254056 1
g4 2 79 g4 2 80 0.361588 0.157149 1
g4 2 93 g4 2 92 0.422188 0.149584 1
g4 2 91 g4 2 93 0.411303 0.163987 1
g4 2 87 g4 2 88 0.395071 0.135221 1
g4 2 92 g4 2 97 0.418387 0.111199 1
g4 2 100 g4 2 99 0.452145 0.0772027 1
g4 2 87 g4 2 53 0.395281 0.0994266 1
g4 2 55 g4 2 65 0.258703 0.116808 1
g4 2 58 g4 2 55 0.272034 0.0715552 1
g4 2 55 g4 2 53 0.259975 0.0751592 1
g4 2 61 g4 2 64 0.285042 0.142849 1
g4 2 57 g4 2 62 0.267918 0.0996441 1
g4 2 63 g4 2 64 0.293706 0.105019 1
g4 2 65 g4 2 76 0.303347 0.0836168 1
g4 2 67 g4 2 76 0.309976 0.0981991 1
g4 2 75 g4 2 93 0.342599 0.148781 1
g4 2 55 g4 2 60 0.259495 0.103583 1
g4 2 70 g4 2 65 0.322697 0.0884289 1
g4 2 70 g4 2 70 0.322065 0.0475186 1
g4 2 78 g4 2 68 0.357157 0.0850483 1
g4 2 77 g4 2 81 0.35161 0.108874 1
g4 2 90 g4 2 60 0.405353 0.0948221 1
g4 2 88 g4 2 64 0.398993 0.103041 1
g4 2 57 g4 2 70 0.268256 0.0813742 1
g4 2 57 g4 2 61 0.268138 0.0911389 1
g4 2 61 g4 2 64 0.285252 0.0745925 1
g4 2 64 g4 2 64 0.297602 0.125211 1
g4 2 85 g4 2 64 0.384939 0.0978542 1
g4 2 80 g4 2 64 0.365449 0.184858 1
g4 2 87 g4 2 77 0.394786 0.144483 1
g4 2 62 g4 2 60 0.289479 0.0668608 1
g4 2 86 g4 2 77 0.392138 0.0981559 1
g4 2 98 g4 2 77 0.441971 0.10866 1
g4 2 78 g4 2 80 0.356277 0.0673156 1
g4 2 86 g4 2 60 0.389531 0.0945725 1
g5 2 82 g5 2 92 0.376246 0.0888844 1
g5 2 85 g5 2 83 0.387128 0.0766654 1
g5 2 83 g5 2 99 0.380467 0.104034 1
g5 2 80 g5 2 99 0.366984 0.115317 1
g5 2 67 g5 2 96 0.312472 0.158796 1
g5 2 79 g5 2 96 0.36462 0.0914223 1
g5 2 78 g4 2 63 0.3579 0.186761 1
g5 2 87 g5 2 96 0.398088 0.173141 1
g5 2 76 g5 2 98 0.349855 0.205094 1
g5 2 62 g5 2 60 0.289387 0.115852 1
g5 2 66 g5 2 66 0.307806 0.116191 1
g5 2 78 g5 2 66 0.357927 0.107979 1
g5 2 64 g5 2 80 0.299397 0.141213 1
g5 2 67 g4 2 58 0.312199 0.184074 1
g5 2 81 g5 2 98 0.370802 0.160284 1
g5 2 74 g5 2 66 0.339847 0.202666 1
g5 2 71 g5 2 98 0.328127 0.170467 1
g5 2 66 g5 2 66 0.307456 0.177696 1
g5 2 71 g5 2 98 0.328371 0.163221 1
g5 2 71 g4 2 57 0.32819 0.167461 1
g5 2 73 g5 2 97 0.337175 0.132334 1
g5 2 71 g5 2 63 0.327393 0.154023 1
g5 2 73 g4 2 68 0.336709 0.206301 1
g5 2 71 g5 2 96 0.32874 0.164192 1
g5 2 78 g5 2 96 0.358864 0.126072 1
g5 2 77 g5 2 104 0.354102 0.149785 1
g5 2 74 g4 2 57 0.341159 0.14223 1
g5 2 73 g5 2 104 0.336806 0.163228 1
g5 2 75 g5 2 98 0.344786 0.211005 1
g5 2 76 g5 2 86 0.349404 0.135157 1
g5 2 71 g4 2 63 0.32794 0.186927 1
g5 2 74 g5 2 96 0.342506 0.126245 1
g5 2 69 g5 2 94 0.321525 0.133138 1
g5 2 73 g5 2 96 0.338835 0.133423 1
g5 2 74 g5 2 96 0.341253 0.142666 1
g5 2 81 g5 2 94 0.370871 0.0961288 1
g5 2 108 g5 2 98 0.485769 0.116844 1
g5 2 75 g5 2 94 0.346916 0.08502 1
g5 2 90 g5 2 99 0.407424 0.0742962 1
g5 2 90 g5 2 94 0.411736 0.118403 1
g5 2 96 g5 2 113 0.439834 0.126379 1
g5 2 90 g5 2 113 0.411709 0.0856127 1
g5 2 89 g5 2 103 0.408356 0.0963033 1
g5 2 96 g5 2 98 0.437173 0.089658 1
g5 2 90 g5 2 96 0.412014 0.0717028 1
g6 2 76 g6 2 72 0.346484 0.0771459 1
g6 2 73 g6 2 72 0.334344 0.0880276 1
g6 2 79 g6 2 72 0.360588 0.0822419 1
g6 2 77 g6 2 63 0.35139 0.168577 1
g6 2 65 g6 2 72 0.300828 0.0669014 1
g6 2 64 g6 2 75 0.298074 0.114614 1
g6 2 69 g6 2 72 0.318011 0.0890006 1
g6 2 71 g6 2 72 0.325122 0.123143 1
g6 2 68 g6 2 72 0.312942 0.0985805 1
g6 2 59 g6 2 72 0.277164 0.0973569 1
g6 2 74 g6 2 70 0.338301 0.143305 1
g6 2 80 g6 2 177 0.363899 0.0852704 1
g6 2 78 g6 2 77 0.356236 0.0643359 1
g6 2 57 g6 2 72 0.267963 0.116345 1
g6 2 68 g6 2 77 0.313757 0.158649 1
g6 2 77 g6 2 73 0.351642 0.0807775 1
g6 2 65 g6 2 72 0.300914 0.0915207 1
g6 2 82 g6 2 73 0.371614 0.0823714 1
g6 2 68 g6 2 72 0.313397 0.0777317 1
g6 2 66 g6 2 72 0.306159 0.137876 1
g6 2 78 g6 2 72 0.355388 0.0898468 1
g6 2 113 g6 2 72 0.502622 0.147326 1
g6 2 72 g6 2 73 0.330668 0.0916119 1
g6 2 64 g6 2 69 0.297818 0.111254 1
g6 2 68 g6 2 72 0.314253 0.116217 1
g6 2 66 g6 2 84 0.30539 0.235259 1
g6 2 84 g6 2 72 0.38084 0.11065 1
g6 2 66 g6 2 72 0.306004 0.0817849 1
g6 2 66 g6 2 72 0.305647 0.0878122 1
g6 2 54 g6 2 62 0.255778 0.0951049 1
g6 2 59 g6 2 63 0.27731 0.0737205 1
g6 2 61 g6 2 63 0.284215 0.101849 1
g6 2 97 g6 2 92 0.437739 0.361166 1
g6 2 73 g1 2 54 0.335944 0.242303 1
g6 2 59 g6 2 60 0.276173 0.0325585 1
g6 2 61 g6 2 66 0.28447 0.0781043 1
g6 2 65 g6 2 61 0.301991 0.0581284 1
g6 2 62 g6 2 65 0.289022 0.0600247 1
g6 2 69 g6 2 68 0.32032 0.0699748 1
g6 2 74 g6 2 70 0.338331 0.0584366 1
g6 2 69 g6 2 84 0.319257 0.0875334 1
g7 1 71 g7 1 85 0.328515 0.27168 1
g7 1 63 g7 1 81 0.294111 0.212809 1
g7 1 69 g7 1 73 0.319345 0.308133 1
g7 1 71 g7 1 100 0.328328 0.149006 1
g7 1 76 g7 1 64 0.348338 0.278388 1
g7 1 80 g7 1 77 0.366143 0.250562 1
g7 1 64 g7 1 78 0.299217 0.263044 1
g7 1 70 g7 1 71 0.323502 0.12257 1
g7 1 50 g7 1 58 0.239761 0.217144 1
g7 1 61 g3 1 81 0.286576 0.38893 1
g7 1 65 g7 1 63 0.302006 0.214304 1
g7 1 70 g7 1 64 0.323062 0.160001 1
g7 1 67 g7 1 74 0.309857 0.212843 1
g7 1 63 g7 1 54 0.293229 0.169549 1
g7 1 54 g7 1 53 0.255883 0.213141 1
g7 1 62 g7 1 58 0.289089 0.169683 1
g7 1 61 g7 1 53 0.285183 0.152039 1
g7 1 56 g7 1 60 0.263704 0.210975 1
g7 1 58 g7 1 87 0.272352 0.284984 1
g7 1 59 g7 1 52 0.278097 0.157445 1
g7 1 59 g7 1 60 0.27678 0.193492 1
g7 1 52 g7 1 49 0.248929 0.0354893 1
g7 1 73 g1 2 29 0.335833 0.506446 1
g7 1 66 g7 1 67 0.30573 0.225156 1
g7 1 86 g7 1 52 0.389189 0.317661 1
g7 1 70 g7 1 92 0.322914 0.347275 1
g7 1 65 g2 2 42 0.302056 0.414207 1
g7 1 72 g7 1 71 0.330555 0.161306 1
g7 1 68 g1 2 29 0.314112 0.529818 0
g7 1 68 g3 1 128 0.314746 0.522324 1
g7 1 70 g7 1 67 0.321692 0.215648 1
g7 1 83 g7 1 91 0.376871 0.294133 1
g7 1 75 g7 1 86 0.343244 0.294575 1
g7 1 77 g7 1 65 0.351129 0.213428 1
g7 1 88 g7 1 64 0.398086 0.204561 1
g7 1 134 g7 1 86 0.598206 0.276689 1
g7 1 64 g7 1 73 0.297877 0.24136 1
g7 1 65 g7 1 95 0.302968 0.247475 1
g7 1 76 g7 1 81 0.349061 0.260509 1
g7 1 76 g7 1 73 0.348146 0.23138 1
g7 1 86 g7 1 77 0.39204 0.257496 1
g7 1 95 g7 1 89 0.429526 0.189599 1
g7 1 60 g7 1 63 0.281762 0.262553 1
g7 1 99 g7 1 75 0.447657 0.172561 1
g7 1 37 g7 1 71 0.186437 0.356486 1
g7 1 68 g7 1 98 0.314758 0.358518 1
g7 1 70 g7 1 64 0.324937 0.151632 1
g7 1 69 g7 1 58 0.320248 0.27366 1
g7 1 70 g7 1 71 0.323135 0.163192 1
g7 1 94 g7 1 77 0.425498 0.234385 1
g7 1 61 g7 1 55 0.285592 0.305223 1
g7 1 64 g7 1 63 0.298277 0.253362 1
g7 1 82 g7 1 87 0.373744 0.161789 1
g7 1 117 g7 1 88 0.527685 0.307909 1
g7 1 108 g7 1 101 0.486729 0.245434 1
g7 1 103 g7 1 70 0.465051 0.375397 1
g7 1 102 g7 1 101 0.460029 0.222327 1
g7 1 89 g7 1 69 0.403122 0.232672 1
g7 1 97 g7 1 92 0.438739 0.157676 1
g7 1 81 g7 1 91 0.37178 0.204566 1
g7 1 90 g7 1 92 0.408631 0.152347 1
g7 1 86 g7 1 89 0.39033 0.186012 1
g7 1 91 g7 1 92 0.414855 0.167741 1
