g1 2 24 g6 2 32 0.073651 0.177839 1
g1 2 23 g6 2 34 0.071833 0.194286 0
g1 2 27 g6 2 25 0.080301 0.156739 1
g1 2 42 g1 2 24 0.124958 0.124555 1
g1 2 33 g2 2 17 0.095658 0.186512 1
g1 2 29 g1 2 25 0.085638 0.155493 1
g1 2 31 g1 2 28 0.09073 0.130339 1
g1 2 20 g1 2 27 0.065325 0.114469 1
g1 2 24 g1 2 33 0.073963 0.163801 1
g1 2 28 g1 2 25 0.082626 0.160279 1
g1 2 21 g1 2 22 0.067449 0.138157 1
g1 2 26 g1 2 22 0.078009 0.114392 1
g1 2 25 g1 2 25 0.075963 0.0740715 1
g1 2 25 g1 2 25 0.07593 0.125773 1
g1 2 28 g1 2 25 0.082835 0.0863041 1
g1 2 54 g6 2 38 0.137346 0.204242 1
g1 2 26 g1 2 22 0.078587 0.0966976 1
g1 2 37 g6 2 36 0.107965 0.215399 0
g1 2 20 g6 2 31 0.065256 0.133138 1
g1 2 24 g6 2 34 0.074095 0.19971 0
g1 2 21 g6 2 32 0.067283 0.148979 1
g1 2 28 g6 2 30 0.083056 0.172967 1
g1 2 22 g2 2 17 0.070472 0.191713 1
g1 2 24 g1 2 19 0.074472 0.0886496 1
g1 2 23 g1 2 20 0.073991 0.0959363 1
g1 2 32 g1 2 29 0.093275 0.134286 1
g1 2 30 g1 2 26 0.087008 0.147948 1
g1 2 39 g1 2 26 0.108991 0.258994 0
g1 2 29 g1 2 24 0.084738 0.203157 1
g1 2 29 g1 2 37 0.084832 0.106014 1
g1 2 23 g1 2 25 0.071246 0.0902134 1
g1 2 23 g1 2 24 0.071537 0.174544 0
g1 2 19 g1 2 26 0.063309 0.0834176 1
g1 2 28 g1 2 28 0.082584 0.210743 0
g1 2 23 g1 2 29 0.071612 0.235269 0
g1 2 24 g1 2 24 0.073663 0.163654 1
g1 2 30 g1 2 24 0.087085 0.169157 1
g1 2 24 g1 2 26 0.073317 0.146512 1
g1 2 22 g1 2 23 0.069348 0.159734 1
g1 2 23 g1 2 24 0.071787 0.134771 1
g1 2 26 g1 2 26 0.07858 0.155951 1
g1 2 28 g1 2 28 0.082362 0.190776 1
g1 2 23 g1 2 25 0.0716 0.184149 0
g1 2 24 g1 2 24 0.073756 0.182284 0
g1 2 28 g1 2 24 0.083033 0.184123 1
g1 2 21 g1 2 28 0.067329 0.251477 0
g1 2 26 g6 2 36 0.078217 0.200737 0
g1 2 28 g6 2 34 0.08376 0.212294 0
g1 2 22 g6 2 37 0.069702 0.185805 1
g1 2 27 g6 2 34 0.080477 0.13539 1
g1 2 37 g2 2 17 0.105531 0.213727 1
g1 2 25 g6 2 25 0.076222 0.165599 1
g1 2 33 g2 2 17 0.0954 0.175089 1
g1 2 22 g1 2 18 0.06959 0.0769956 1
g1 2 20 g1 2 18 0.065137 0.0699969 1
g1 2 16 g1 2 17 0.056847 0.0972281 1
g1 2 16 g1 2 16 0.057277 0.0740709 1
g1 2 17 g1 2 17 0.058772 0.0754636 1
g1 2 17 g1 2 17 0.058624 0.060393 1
g1 2 19 g1 2 18 0.06301 0.0681503 1
g1 2 16 g1 2 17 0.056752 0.103612 1
g2 2 15 g2 2 14 0.055493 0.102294 1
g2 2 15 g2 2 14 0.054895 0.102069 1
g2 2 17 g2 2 17 0.058676 0.180842 1
g2 2 14 g2 2 14 0.052576 0.155019 1
g2 2 15 g2 2 14 0.054844 0.154699 1
g2 2 13 g2 2 17 0.050351 0.163711 1
g2 2 14 g2 2 14 0.052976 0.138865 1
g2 2 15 g2 2 14 0.054965 0.109654 1
g2 2 15 g2 2 14 0.055189 0.179041 1
g2 2 29 g2 2 26 0.0862 0.13883 1
g2 2 16 g2 2 14 0.057082 0.109136 1
g2 2 15 g2 2 14 0.055054 0.0998811 1
g2 2 15 g2 2 14 0.054946 0.119302 1
g2 2 16 g2 2 14 0.057179 0.119978 1
g2 2 16 g2 2 14 0.057185 0.173492 1
g2 2 15 g2 2 14 0.054844 0.139512 1
g2 2 12 g2 2 17 0.049212 0.266786 0
g2 2 15 g2 2 14 0.054764 0.0909069 1
g2 2 16 g2 2 14 0.057573 0.0997465 1
g2 2 15 g2 2 14 0.055168 0.15704 1
g2 2 16 g2 2 14 0.056962 0.136554 1
g2 2 16 g2 2 14 0.056882 0.213739 1
g2 2 14 g2 2 14 0.053035 0.149036 1
g2 2 17 g2 2 14 0.058683 0.104702 1
g2 2 18 g2 2 17 0.060753 0.171124 0
g2 2 15 g2 2 14 0.054938 0.174244 1
g2 2 15 g2 2 17 0.054748 0.234601 0
g2 2 16 g2 2 14 0.058057 0.175422 1
g2 2 18 g2 2 14 0.060799 0.137632 1
g2 2 31 g2 2 28 0.090247 0.125996 1
g2 2 28 g2 2 27 0.083768 0.154531 1
g2 2 29 g2 2 26 0.085719 0.13868 1
g2 2 25 g2 2 26 0.076835 0.145046 1
g2 2 20 g2 2 21 0.065003 0.14081 1
g2 2 22 g2 2 21 0.07015 0.116275 1
g2 2 32 g2 2 29 0.095427 0.128344 1
g2 2 23 g2 2 24 0.071896 0.0911216 1
g2 2 20 g2 2 21 0.065212 0.0914759 1
g2 2 19 g2 2 21 0.063169 0.090553 1
g2 2 21 g2 2 23 0.065867 0.0802652 1
g2 2 20 g2 2 21 0.06822 0.0893105 1
g2 2 21 g2 2 21 0.067386 0.0697141 1
g2 2 19 g2 2 21 0.064563 0.111094 1
g2 2 22 g2 2 21 0.069527 0.0768108 1
g2 2 22 g2 2 21 0.069642 0.0935556 1
g2 2 25 g2 2 23 0.075916 0.151366 1
g2 2 17 g2 2 24 0.058857 0.136608 1
g2 2 22 g2 2 21 0.069671 0.0832263 1
g2 2 42 g2 2 28 0.11831 0.160527 1
g2 2 22 g2 2 22 0.069565 0.0972297 1
g2 2 27 g2 2 23 0.080185 0.0794278 1
g2 2 27 g1 2 31 0.080689 0.219084 0
g2 2 21 g2 2 21 0.06725 0.114951 1
g2 2 19 g2 2 21 0.064578 0.0968977 1
g2 2 24 g1 2 33 0.073344 0.126282 1
g2 2 22 g2 2 21 0.069739 0.112032 1
g2 2 26 g1 2 27 0.077629 0.201474 0
g2 2 24 g2 2 28 0.073651 0.127158 1
g2 2 21 g2 2 29 0.067841 0.124674 1
g2 2 29 g2 2 28 0.085395 0.115389 1
g2 2 19 g2 2 21 0.063044 0.102121 1
g2 2 21 g1 2 33 0.067391 0.311734 0
g2 2 30 g2 2 25 0.087491 0.163577 1
g2 2 16 g2 2 14 0.057274 0.148281 1
g2 2 14 g2 2 14 0.053003 0.130207 1
g2 2 15 g2 2 14 0.055182 0.0822884 1
g3 1 36 g3 1 46 0.10489 0.332445 0
g3 1 35 g3 1 43 0.102002 0.221407 0
g3 1 49 g3 1 42 0.133753 0.300641 0
g3 1 52 g3 1 37 0.143066 0.246244 0
g3 1 55 g1 2 30 0.146116 0.418895 0
g3 1 49 g3 1 37 0.135681 0.259543 0
g3 1 47 g3 1 42 0.130011 0.382585 0
g3 1 47 g3 1 41 0.131503 0.282248 0
g3 1 44 g3 1 45 0.123244 0.289176 0
g3 1 43 g3 1 46 0.122588 0.297155 0
g3 1 44 g3 1 57 0.122923 0.280456 0
g3 1 47 g3 1 46 0.128947 0.231488 0
g3 1 46 g3 1 43 0.127387 0.244426 0
g3 1 47 g3 1 64 0.130295 0.222005 0
g3 1 44 g3 1 47 0.124045 0.509912 0
g3 1 44 g3 1 40 0.122366 0.258925 0
g3 1 41 g3 1 42 0.116335 0.20938 0
g3 1 56 g1 2 26 0.155853 0.384839 0
g3 1 48 g3 1 41 0.132026 0.250921 0
g3 1 48 g3 1 42 0.133702 0.221797 0
g3 1 50 g3 1 47 0.137605 0.226461 0
g3 1 48 g3 1 57 0.134043 0.223474 0
g3 1 46 g3 1 41 0.127957 0.251364 0
g3 1 43 g3 1 37 0.12186 0.252658 0
g3 1 47 g3 1 42 0.130578 0.316269 0
g3 1 44 g3 1 38 0.122353 0.286164 0
g3 1 50 g3 1 53 0.138691 0.323461 0
g3 1 66 g3 1 42 0.176669 0.284546 0
g3 1 58 g1 2 35 0.159036 0.443586 0
g3 1 50 g3 1 39 0.136405 0.201097 0
g3 1 57 g3 1 60 0.155226 0.227756 0
g3 1 53 g3 1 41 0.14485 0.280176 0
g3 1 49 g3 1 40 0.134766 0.220275 1
g3 1 51 g3 1 42 0.140643 0.246952 0
g3 1 52 g3 1 47 0.140695 0.262663 0
g3 1 50 g3 1 59 0.136903 0.273023 0
g3 1 51 g3 1 32 0.14113 0.325366 0
g3 1 59 g3 1 69 0.156858 0.265281 0
g3 1 61 g3 1 69 0.162048 0.26054 0
g3 1 46 g3 1 43 0.128486 0.385156 0
g3 1 28 g3 1 47 0.096815 0.823018 0
g3 1 49 g3 1 44 0.135977 0.299366 0
g3 1 42 g3 1 40 0.119295 0.212053 0
g3 1 40 g3 1 41 0.111812 0.207229 0
g3 1 42 g3 1 42 0.116505 0.229532 0
g3 1 44 g3 1 47 0.12081 0.308689 0
g3 1 39 g3 1 38 0.111009 0.342506 0
g3 1 43 g3 1 42 0.121284 0.173607 0
g3 1 40 g3 1 37 0.114122 0.222603 0
g3 1 39 g3 1 47 0.112309 0.313106 0
g3 1 43 g3 1 47 0.119967 0.257062 0
g4 2 37 g4 2 31 0.10511 0.213731 1
g4 2 37 g4 2 42 0.105299 0.0770925 1
g4 2 44 g4 2 45 0.122508 0.166975 1
g4 2 44 g4 2 42 0.122062 0.168401 1
g4 2 41 g4 2 46 0.115177 0.126542 1
g4 2 42 g4 2 51 0.117886 0.146691 1
g4 2 50 g3 1 44 0.138188 0.268622 0
g4 2 42 g4 2 42 0.117553 0.170647 1
g4 2 49 g4 2 48 0.134766 0.16048 1
g4 2 47 g4 2 49 0.129919 0.169922 1
g4 2 46 g4 2 46 0.127413 0.137594 1
g4 2 48 g4 2 51 0.132475 0.117739 1
g4 2 52 g4 2 51 0.142959 0.0872674 1
g4 2 45 g4 2 31 0.1245 0.127746 1
g4 2 30 g4 2 43 0.086729 0.144586 1
g4 2 31 g4 2 30 0.089631 0.078087 1
g4 2 30 g4 2 29 0.086859 0.0841841 1
g4 2 33 g4 2 34 0.096627 0.155968 1
g4 2 31 g4 2 33 0.089651 0.106797 1
g4 2 34 g4 2 34 0.098401 0.120246 1
g4 2 35 g4 2 40 0.100668 0.0919232 1
g4 2 36 g4 2 32 0.102721 0.107242 1
g4 2 40 g4 2 48 0.112104 0.15742 1
g4 2 30 g4 2 32 0.086994 0.114933 1
g4 2 37 g4 2 35 0.105681 0.0999654 1
g4 2 37 g4 2 37 0.106226 0.0560005 1
g4 2 41 g4 2 36 0.115094 0.0923847 1
g4 2 41 g4 2 43 0.114503 0.113961 1
g4 2 46 g4 2 32 0.126305 0.101124 1
g4 2 46 g4 2 34 0.126956 0.113174 1
g4 2 31 g4 2 37 0.089554 0.0955719 1
g4 2 31 g4 2 33 0.09039 0.103906 1
g4 2 33 g4 2 34 0.095519 0.0887908 1
g4 2 34 g4 2 34 0.097916 0.140199 1
g4 2 45 g4 2 34 0.124338 0.105555 1
g4 2 42 g4 2 34 0.117106 0.195331 1
g4 2 46 g4 2 41 0.127068 0.154758 1
g4 2 33 g4 2 32 0.095682 0.0741617 1
g4 2 45 g4 2 41 0.125053 0.101517 1
g4 2 50 g4 2 41 0.137402 0.113763 1
g4 2 41 g4 2 42 0.115199 0.0753194 1
g4 2 45 g4 2 32 0.124266 0.102625 1
g5 2 43 g5 2 48 0.12096 0.096948 1
g5 2 45 g5 2 44 0.125109 0.0813948 1
g5 2 44 g5 2 52 0.123949 0.109526 1
g5 2 42 g5 2 52 0.117839 0.12298 1
g5 2 36 g5 2 50 0.104507 0.173685 1
g5 2 42 g5 2 50 0.11893 0.103629 1
g5 2 41 g4 2 34 0.116119 0.195062 1
g5 2 46 g5 2 50 0.128631 0.189381 1
g5 2 40 g5 2 51 0.113274 0.211785 1
g5 2 33 g5 2 32 0.097119 0.123193 1
g5 2 35 g5 2 35 0.102371 0.127778 1
g5 2 41 g5 2 35 0.115918 0.115549 1
g5 2 34 g5 2 33 0.098835 0.166843 1
g5 2 36 g4 2 31 0.103781 0.193424 1
g5 2 43 g5 2 51 0.120905 0.166174 1
g5 2 39 g5 2 51 0.110343 0.210268 1
g5 2 38 g5 2 51 0.108468 0.176763 1
g5 2 35 g5 2 35 0.101083 0.193344 1
g5 2 38 g5 2 51 0.108587 0.171544 1
g5 2 38 g4 2 31 0.108278 0.178412 1
g5 2 39 g5 2 51 0.111109 0.144814 1
g5 2 38 g4 2 31 0.10788 0.180962 1
g5 2 39 g4 2 36 0.110388 0.222326 1
g5 2 38 g5 2 50 0.108505 0.172357 1
g5 2 41 g5 2 50 0.116832 0.134481 1
g5 2 41 g5 2 54 0.116016 0.156583 1
g5 2 39 g4 2 31 0.111156 0.153731 1
g5 2 39 g5 2 54 0.110854 0.169357 1
g5 2 40 g5 2 51 0.112403 0.220687 1
g5 2 40 g5 2 51 0.113574 0.173148 1
g5 2 38 g4 2 31 0.108358 0.182182 1
g5 2 39 g5 2 50 0.111072 0.132382 1
g5 2 37 g5 2 45 0.10704 0.13262 1
g5 2 39 g5 2 50 0.111888 0.152406 1
g5 2 39 g5 2 49 0.11048 0.145824 1
g5 2 43 g5 2 49 0.120727 0.104819 1
g5 2 55 g5 2 51 0.150208 0.122428 1
g5 2 40 g5 2 49 0.11414 0.0949954 1
g5 2 47 g5 2 52 0.129802 0.0837979 1
g5 2 47 g5 2 49 0.131939 0.126398 1
g5 2 50 g5 2 59 0.138644 0.137652 1
g5 2 47 g5 2 55 0.132717 0.0960286 1
g5 2 47 g5 2 54 0.131787 0.106302 1
g5 2 50 g5 2 51 0.138029 0.100019 1
g5 2 47 g5 2 48 0.131232 0.0650633 1
g6 2 40 g6 2 38 0.111768 0.0831293 1
g6 2 39 g6 2 38 0.10967 0.0954732 1
g6 2 42 g6 2 38 0.11566 0.09279 1
g6 2 41 g6 2 34 0.114974 0.186611 0
g6 2 35 g6 2 38 0.100751 0.0741795 1
g6 2 34 g6 2 34 0.098122 0.13345 1
g6 2 37 g6 2 38 0.104848 0.0968774 1
g6 2 38 g6 2 38 0.107118 0.132625 1
g6 2 36 g6 2 38 0.10285 0.105043 1
g6 2 32 g6 2 38 0.092442 0.10631 1
g6 2 39 g6 2 37 0.109911 0.158528 1
g6 2 42 g6 2 59 0.116845 0.0806915 1
g6 2 41 g6 2 41 0.114495 0.07077 1
g6 2 31 g6 2 38 0.089902 0.12078 1
g6 2 36 g6 2 41 0.103209 0.164803 1
g6 2 41 g6 2 39 0.114576 0.0869633 1
g6 2 35 g6 2 38 0.100102 0.099564 1
g6 2 43 g6 2 39 0.119044 0.0888546 1
g6 2 36 g6 2 38 0.102711 0.0856295 1
g6 2 35 g6 2 38 0.100979 0.142454 1
g6 2 41 g6 2 38 0.114247 0.0950052 1
g6 2 56 g6 2 38 0.15088 0.112544 1
g6 2 38 g6 2 39 0.107777 0.102009 1
g6 2 34 g6 2 39 0.097947 0.12163 1
g6 2 36 g6 2 38 0.102689 0.119668 1
g6 2 35 g6 2 44 0.100621 0.249863 0
g6 2 44 g6 2 38 0.121614 0.115654 1
g6 2 35 g6 2 38 0.100418 0.0913838 1
g6 2 35 g6 2 38 0.099891 0.0932373 1
g6 2 29 g6 2 33 0.084845 0.101353 1
g6 2 32 g6 2 34 0.092327 0.0869118 1
g6 2 33 g6 2 34 0.095875 0.118859 1
g6 2 51 g6 2 49 0.140409 0.354284 0
g6 2 39 g1 2 25 0.110072 0.255429 0
g6 2 32 g6 2 33 0.092399 0.0479845 1
g6 2 33 g6 2 35 0.0966 0.0866037 1
g6 2 35 g6 2 35 0.100108 0.0756825 1
g6 2 33 g6 2 35 0.095905 0.0790453 1
g6 2 37 g6 2 36 0.104791 0.0800973 1
g6 2 39 g6 2 37 0.109875 0.0710931 1
g6 2 37 g6 2 44 0.104933 0.0960218 1
g7 1 37 g7 1 44 0.10784 0.283729 0
g7 1 34 g7 1 42 0.099085 0.224504 1
g7 1 37 g7 1 39 0.105674 0.322902 0
g7 1 38 g7 1 52 0.108766 0.161921 1
g7 1 40 g7 1 34 0.112801 0.289615 0
g7 1 41 g7 1 41 0.116568 0.267352 0
g7 1 34 g7 1 46 0.098842 0.306425 0
g7 1 35 g7 1 36 0.103397 0.132177 1
g7 1 27 g7 1 31 0.080913 0.224476 0
g7 1 32 g3 1 40 0.095088 0.431618 0
g7 1 34 g7 1 33 0.09927 0.226178 0
g7 1 36 g7 1 34 0.105321 0.171268 1
g7 1 36 g7 1 39 0.102457 0.221251 1
g7 1 34 g7 1 29 0.096668 0.190098 0
g7 1 29 g7 1 29 0.084663 0.229544 0
g7 1 33 g7 1 31 0.095777 0.183661 0
g7 1 33 g7 1 28 0.09676 0.178668 0
g7 1 30 g7 1 32 0.087465 0.223046 0
g7 1 31 g7 1 29 0.092573 0.248928 0
g7 1 31 g7 1 28 0.091472 0.164172 1
g7 1 31 g7 1 32 0.091432 0.208856 0
g7 1 27 g7 1 27 0.082363 0.0615644 1
g7 1 39 g1 2 17 0.110405 0.57738 0
g7 1 35 g7 1 35 0.099315 0.238792 0
g7 1 45 g7 1 28 0.124387 0.334334 0
g7 1 37 g7 1 48 0.10434 0.36491 0
g7 1 34 g2 2 23 0.097979 0.45804 0
g7 1 38 g7 1 37 0.107627 0.16894 1
g7 1 35 g1 2 17 0.10188 0.601892 0
g7 1 36 g7 1 38 0.10141 0.375958 0
g7 1 36 g7 1 36 0.102449 0.22344 0
g7 1 44 g7 1 47 0.122595 0.305023 0
g7 1 39 g7 1 43 0.110996 0.304891 0
g7 1 40 g7 1 35 0.113479 0.22377 0
g7 1 46 g7 1 33 0.127056 0.208856 1
g7 1 68 g7 1 43 0.176037 0.286301 0
g7 1 34 g7 1 51 0.099135 0.347542 0
g7 1 35 g7 1 46 0.099562 0.270526 0
g7 1 39 g7 1 50 0.112552 0.307484 0
g7 1 40 g7 1 39 0.113398 0.2346 1
g7 1 45 g7 1 41 0.125966 0.282181 0
g7 1 48 g7 1 45 0.13499 0.196393 1
g7 1 32 g7 1 34 0.092842 0.31424 0
g7 1 50 g7 1 40 0.138538 0.18407 1
g7 1 21 g7 1 36 0.066877 0.363603 0
g7 1 35 g7 1 51 0.101988 0.376813 0
g7 1 36 g7 1 34 0.104507 0.159465 1
g7 1 36 g7 1 31 0.104303 0.279683 0
g7 1 37 g7 1 31 0.105968 0.223388 0
g7 1 49 g7 1 41 0.136135 0.244423 0
g7 1 33 g7 1 29 0.096764 0.331907 0
g7 1 33 g7 1 33 0.097259 0.27306 0
g7 1 42 g7 1 45 0.118849 0.170613 1
g7 1 61 g7 1 45 0.165873 0.305014 0
g7 1 56 g7 1 52 0.152678 0.246199 0
g7 1 54 g7 1 37 0.147432 0.398423 0
g7 1 53 g7 1 52 0.145355 0.230603 0
g7 1 35 g7 1 35 0.114861 0.243094 0
g7 1 51 g7 1 48 0.140039 0.167706 0
g7 1 43 g7 1 47 0.119357 0.222166 0
g7 1 47 g7 1 48 0.129076 0.168155 0
g7 1 45 g7 1 45 0.126002 0.191072 0
g7 1 47 g7 1 48 0.130865 0.173402 1
