g1 2 22 g6 2 30 0.066265 0.169768 1
g1 2 21 g6 2 32 0.064384 0.182766 1
g1 2 25 g6 2 23 0.072871 0.142628 1
g1 2 40 g1 2 22 0.114573 0.122917 1
g1 2 31 g2 2 15 0.085656 0.192795 1
g1 2 27 g1 2 23 0.078823 0.153719 1
g1 2 29 g1 2 26 0.081532 0.127131 1
g1 2 18 g1 2 25 0.057734 0.11378 1
g1 2 22 g1 2 25 0.066532 0.13298 1
g1 2 26 g1 2 23 0.075247 0.159024 1
g1 2 19 g1 2 20 0.059478 0.140108 1
g1 2 24 g1 2 20 0.071352 0.1084 1
g1 2 23 g1 2 23 0.070758 0.0709912 1
g1 2 23 g1 2 23 0.068536 0.124063 1
g1 2 26 g1 2 26 0.074755 0.0804248 1
g1 2 52 g6 2 36 0.130334 0.200435 1
g1 2 24 g1 2 20 0.070604 0.0998263 1
g1 2 35 g6 2 34 0.096495 0.203915 1
g1 2 18 g6 2 29 0.060129 0.130181 1
g1 2 22 g6 2 32 0.0663 0.189666 1
g1 2 19 g6 2 30 0.060604 0.141693 1
g1 2 26 g6 2 28 0.075903 0.162342 1
g1 2 20 g2 2 15 0.063055 0.191332 1
g1 2 22 g1 2 17 0.066133 0.0826369 1
g1 2 21 g1 2 18 0.06465 0.0905276 1
g1 2 30 g1 2 27 0.084419 0.133558 1
g1 2 28 g1 2 24 0.080806 0.151798 1
g1 2 37 g1 2 24 0.099428 0.252167 1
g1 2 27 g1 2 22 0.076842 0.202364 1
g1 2 27 g1 2 35 0.076686 0.106825 1
g1 2 21 g1 2 23 0.064232 0.0890126 1
g1 2 21 g1 2 22 0.064 0.16291 1
g1 2 17 g1 2 24 0.056049 0.0803424 1
g1 2 26 g1 2 23 0.07954 0.224511 1
g1 2 21 g1 2 27 0.065435 0.239584 1
g1 2 22 g1 2 22 0.066617 0.156561 1
g1 2 28 g1 2 22 0.079211 0.164012 1
g1 2 22 g1 2 22 0.067274 0.158704 1
g1 2 20 g1 2 21 0.062634 0.163986 1
g1 2 21 g1 2 22 0.068138 0.127 1
g1 2 24 g1 2 24 0.073727 0.157281 1
g1 2 26 g1 2 26 0.078232 0.208272 1
g1 2 21 g1 2 23 0.067522 0.184014 1
g1 2 22 g1 2 22 0.06792 0.171721 1
g1 2 26 g1 2 22 0.076937 0.166915 1
g1 2 19 g1 2 26 0.061724 0.235 1
g1 2 24 g6 2 34 0.071076 0.18875 1
g1 2 26 g6 2 32 0.074255 0.197104 1
g1 2 20 g6 2 35 0.064055 0.172626 1
g1 2 25 g6 2 37 0.072434 0.129048 1
g1 2 35 g2 2 15 0.096736 0.221742 1
g1 2 23 g6 2 23 0.068255 0.151302 1
g1 2 31 g2 2 15 0.088794 0.17079 1
g1 2 20 g1 2 16 0.062702 0.074766 1
g1 2 18 g1 2 16 0.058397 0.0666175 1
g1 2 14 g1 2 16 0.052657 0.097091 1
g1 2 14 g1 2 14 0.049615 0.0732514 1
g1 2 15 g1 2 15 0.052628 0.0769861 1
g1 2 15 g1 2 15 0.051753 0.0601426 1
g1 2 17 g1 2 16 0.055293 0.0660645 1
g1 2 14 g1 2 15 0.050678 0.111548 1
g2 2 13 g2 2 12 0.048507 0.104895 1
g2 2 13 g2 2 12 0.049053 0.100152 1
g2 2 15 g2 2 15 0.052962 0.181384 1
g2 2 12 g2 2 12 0.046222 0.149102 1
g2 2 13 g2 2 12 0.050439 0.151942 1
g2 2 11 g2 2 15 0.044589 0.165786 1
g2 2 12 g2 2 12 0.046182 0.125499 1
g2 2 13 g2 2 12 0.048881 0.10506 1
g2 2 13 g2 2 12 0.04909 0.16345 1
g2 2 27 g2 2 24 0.077318 0.131999 1
g2 2 14 g2 2 12 0.049891 0.107382 1
g2 2 13 g2 2 12 0.04905 0.106109 1
g2 2 13 g2 2 12 0.048937 0.120002 1
g2 2 14 g2 2 12 0.050112 0.127057 1
g2 2 14 g2 2 12 0.054921 0.180586 1
g2 2 13 g2 2 12 0.048469 0.142003 1
g2 2 10 g2 2 15 0.042272 0.257722 1
g2 2 13 g2 2 12 0.049392 0.0980197 1
g2 2 14 g2 2 12 0.050897 0.105194 1
g2 2 13 g2 2 12 0.048396 0.161468 1
g2 2 14 g2 2 12 0.050861 0.143054 1
g2 2 14 g2 2 12 0.050299 0.214652 1
g2 2 12 g2 2 12 0.046338 0.142436 1
g2 2 15 g2 2 12 0.054045 0.101405 1
g2 2 16 g2 2 15 0.055597 0.171857 1
g2 2 13 g2 2 12 0.052867 0.160181 1
g2 2 13 g2 2 15 0.048128 0.242999 1
g2 2 14 g2 2 12 0.050136 0.163168 1
g2 2 16 g2 2 12 0.054592 0.134649 1
g2 2 29 g2 2 26 0.082368 0.119545 1
g2 2 26 g2 2 25 0.074752 0.152066 1
g2 2 27 g2 2 24 0.077305 0.135915 1
g2 2 23 g1 2 21 0.069059 0.27101 1
g2 2 18 g2 2 20 0.061351 0.108109 1
g2 2 20 g2 2 19 0.062543 0.111781 1
g2 2 30 g2 2 27 0.086424 0.124809 1
g2 2 21 g2 2 22 0.063998 0.0915402 1
g2 2 18 g2 2 21 0.057723 0.09341 1
g2 2 17 g2 2 19 0.057265 0.0936848 1
g2 2 19 g2 2 19 0.058682 0.0877324 1
g2 2 18 g2 2 19 0.060536 0.0914348 1
g2 2 19 g2 2 19 0.062272 0.0712885 1
g2 2 17 g2 2 19 0.057547 0.114198 1
g2 2 20 g2 2 19 0.062632 0.073588 1
g2 2 20 g2 2 19 0.062353 0.0967156 1
g2 2 23 g2 2 21 0.069158 0.144163 1
g2 2 15 g2 2 20 0.052329 0.130696 1
g2 2 20 g2 2 19 0.062216 0.0832217 1
g2 2 40 g2 2 26 0.108733 0.163425 1
g2 2 20 g2 2 20 0.064995 0.0960384 1
g2 2 25 g2 2 21 0.072282 0.0813563 1
g2 2 25 g1 2 29 0.072012 0.220425 1
g2 2 19 g2 2 19 0.060688 0.112486 1
g2 2 17 g2 2 21 0.058003 0.097333 1
g2 2 22 g1 2 31 0.065382 0.122122 1
g2 2 20 g2 2 21 0.062474 0.107351 1
g2 2 24 g1 2 25 0.069632 0.197976 1
g2 2 22 g2 2 26 0.068057 0.120047 1
g2 2 19 g2 2 27 0.060106 0.119208 1
g2 2 27 g2 2 26 0.078168 0.118647 1
g2 2 17 g2 2 19 0.057119 0.100057 1
g2 2 19 g1 2 28 0.060562 0.292518 1
g2 2 28 g2 2 23 0.07946 0.166886 1
g2 2 14 g2 2 12 0.050264 0.14921 1
g2 2 12 g2 2 12 0.046258 0.119037 1
g2 2 13 g2 2 12 0.050875 0.0842657 1
g3 1 34 g3 1 44 0.095431 0.317284 1
g3 1 33 g3 1 46 0.092601 0.219336 1
g3 1 47 g3 1 40 0.123104 0.300735 1
g3 1 50 g3 1 38 0.132802 0.292126 1
g3 1 53 g1 2 28 0.138119 0.394027 1
g3 1 47 g3 1 35 0.124928 0.254261 1
g3 1 45 g3 1 35 0.119301 0.283474 1
g3 1 45 g3 1 39 0.120181 0.271269 1
g3 1 42 g3 1 62 0.114981 0.270819 1
g3 1 41 g3 1 44 0.113363 0.289394 1
g3 1 42 g3 1 55 0.112502 0.278039 1
g3 1 45 g3 1 46 0.119451 0.244614 1
g3 1 44 g3 1 41 0.117152 0.235877 1
g3 1 45 g3 1 58 0.127283 0.252537 1
g3 1 42 g3 1 38 0.115335 0.493665 1
g3 1 42 g3 1 40 0.113676 0.203043 1
g3 1 39 g3 1 40 0.107101 0.203044 1
g3 1 54 g1 2 24 0.14539 0.362888 1
g3 1 46 g3 1 39 0.124453 0.241867 1
g3 1 46 g3 1 40 0.122335 0.209648 1
g3 1 48 g3 1 45 0.126915 0.216754 1
g3 1 46 g3 1 55 0.123834 0.223339 1
g3 1 44 g3 1 39 0.119732 0.239907 1
g3 1 41 g3 1 35 0.113166 0.247535 1
g3 1 45 g3 1 40 0.120543 0.311268 1
g3 1 42 g3 1 36 0.112208 0.292783 1
g3 1 48 g3 1 55 0.128248 0.300204 1
g3 1 64 g3 1 40 0.165717 0.285783 1
g3 1 56 g3 1 36 0.146258 0.289882 1
g3 1 48 g3 1 37 0.126734 0.198829 1
g3 1 55 g3 1 58 0.143474 0.224211 1
g3 1 51 g3 1 39 0.135807 0.271578 1
g3 1 47 g3 1 38 0.124008 0.215558 1
g3 1 49 g3 1 40 0.130116 0.234342 1
g3 1 50 g3 1 45 0.13047 0.252466 1
g3 1 48 g3 1 57 0.13002 0.27381 1
g3 1 49 g3 1 30 0.129998 0.323088 1
g3 1 57 g3 1 67 0.146077 0.266969 1
g3 1 59 g3 1 67 0.150692 0.253434 1
g3 1 44 g3 1 41 0.12013 0.369473 1
g3 1 26 g3 1 45 0.088631 0.815193 0
g3 1 47 g3 1 42 0.125308 0.286109 1
g3 1 40 g3 1 37 0.110075 0.220951 1
g3 1 38 g3 1 39 0.102091 0.198995 1
g3 1 40 g3 1 40 0.108642 0.222099 1
g3 1 42 g3 1 45 0.111347 0.299045 1
g3 1 37 g3 1 36 0.100813 0.333865 1
g3 1 41 g3 1 40 0.111667 0.166086 1
g3 1 38 g3 1 35 0.106019 0.213044 1
g3 1 37 g3 1 45 0.104152 0.298428 1
g3 1 41 g3 1 45 0.110346 0.255173 1
g4 2 35 g4 2 29 0.095794 0.200981 1
g4 2 35 g4 2 40 0.095603 0.074868 1
g4 2 42 g4 2 43 0.112641 0.165537 1
g4 2 42 g4 2 40 0.114767 0.165293 1
g4 2 39 g4 2 44 0.105509 0.123519 1
g4 2 40 g4 2 49 0.107894 0.144795 1
g4 2 48 g3 1 42 0.128544 0.263518 1
g4 2 40 g4 2 40 0.107413 0.163291 1
g4 2 47 g4 2 46 0.126362 0.155578 1
g4 2 45 g4 2 47 0.118804 0.164294 1
g4 2 44 g4 2 44 0.117497 0.139688 1
g4 2 46 g4 2 49 0.121584 0.115756 1
g4 2 50 g4 2 49 0.1342 0.0830325 1
g4 2 43 g4 2 29 0.115187 0.121298 1
g4 2 28 g4 2 31 0.078538 0.135106 1
g4 2 29 g4 2 28 0.080497 0.0741795 1
g4 2 28 g4 2 27 0.078319 0.0812595 1
g4 2 31 g4 2 32 0.085118 0.148538 1
g4 2 29 g4 2 31 0.081275 0.10039 1
g4 2 32 g4 2 32 0.090945 0.113248 1
g4 2 33 g4 2 38 0.092127 0.0895119 1
g4 2 34 g4 2 30 0.093575 0.105078 1
g4 2 38 g4 2 46 0.102985 0.154445 1
g4 2 28 g4 2 30 0.077994 0.111214 1
g4 2 35 g4 2 33 0.096477 0.0928454 1
g4 2 35 g4 2 35 0.098027 0.054118 1
g4 2 39 g4 2 34 0.105386 0.0895005 1
g4 2 39 g4 2 41 0.104867 0.110703 1
g4 2 44 g4 2 30 0.115115 0.100345 1
g4 2 44 g4 2 32 0.115589 0.109677 1
g4 2 29 g4 2 35 0.082956 0.0896642 1
g4 2 29 g4 2 31 0.081768 0.0966102 1
g4 2 31 g4 2 32 0.085871 0.0844094 1
g4 2 32 g4 2 32 0.089178 0.129553 1
g4 2 43 g4 2 32 0.114428 0.104682 1
g4 2 40 g4 2 32 0.11031 0.189227 1
g4 2 44 g4 2 39 0.124184 0.150614 1
g4 2 31 g4 2 30 0.086533 0.0719758 1
g4 2 43 g4 2 39 0.113861 0.100572 1
g4 2 48 g4 2 39 0.127999 0.11545 1
g4 2 39 g4 2 40 0.125727 0.0739062 1
g4 2 43 g4 2 30 0.118207 0.099075 1
g5 2 41 g5 2 48 0.11095 0.0936454 1
g5 2 43 g5 2 42 0.117567 0.0802734 1
g5 2 42 g5 2 50 0.119152 0.110121 1
g5 2 40 g5 2 50 0.108839 0.126498 1
g5 2 34 g5 2 48 0.095459 0.167191 1
g5 2 40 g5 2 48 0.110326 0.10047 1
g5 2 39 g4 2 32 0.105831 0.19223 1
g5 2 44 g5 2 48 0.118682 0.179595 1
g5 2 38 g5 2 49 0.105741 0.208098 1
g5 2 31 g5 2 30 0.087186 0.119656 1
g5 2 33 g5 2 33 0.092241 0.123368 1
g5 2 39 g5 2 33 0.10584 0.114927 1
g5 2 32 g5 2 40 0.090354 0.147538 1
g5 2 34 g4 2 29 0.094647 0.192093 1
g5 2 41 g5 2 49 0.112204 0.168088 1
g5 2 37 g5 2 33 0.101172 0.206707 1
g5 2 36 g5 2 49 0.099671 0.176142 1
g5 2 33 g5 2 33 0.093387 0.183825 1
g5 2 36 g5 2 49 0.099527 0.169152 1
g5 2 36 g4 2 29 0.105557 0.176426 1
g5 2 37 g5 2 49 0.101719 0.142442 1
g5 2 36 g4 2 29 0.100584 0.174111 1
g5 2 37 g4 2 29 0.100859 0.209175 1
g5 2 36 g5 2 48 0.098316 0.172507 1
g5 2 39 g5 2 48 0.108736 0.13397 1
g5 2 39 g5 2 52 0.106285 0.154602 1
g5 2 37 g4 2 29 0.101956 0.149926 1
g5 2 37 g5 2 52 0.1008 0.168346 1
g5 2 38 g5 2 49 0.102759 0.216505 1
g5 2 38 g5 2 48 0.106827 0.163797 1
g5 2 36 g4 2 32 0.09927 0.192569 1
g5 2 37 g5 2 48 0.102448 0.131962 1
g5 2 35 g5 2 47 0.097749 0.142198 1
g5 2 37 g5 2 48 0.10176 0.14226 1
g5 2 37 g5 2 47 0.1047 0.144625 1
g5 2 41 g5 2 47 0.111248 0.101672 1
g5 2 53 g5 2 49 0.138758 0.12125 1
g5 2 38 g5 2 47 0.104009 0.0936596 1
g5 2 45 g5 2 50 0.119597 0.0808529 1
g5 2 45 g5 2 47 0.122724 0.120769 1
g5 2 48 g5 2 57 0.128241 0.133671 1
g5 2 45 g5 2 57 0.121662 0.0969753 1
g5 2 45 g5 2 52 0.121521 0.102699 1
g5 2 48 g5 2 49 0.12911 0.0952967 1
g5 2 45 g5 2 50 0.121331 0.0759647 1
g6 2 38 g6 2 36 0.101793 0.0832649 1
g6 2 37 g6 2 36 0.099779 0.0919877 1
g6 2 40 g6 2 32 0.105862 0.104036 1
g6 2 39 g6 2 32 0.106327 0.177701 1
g6 2 33 g6 2 36 0.091328 0.0739164 1
g6 2 32 g6 2 38 0.089017 0.121687 1
g6 2 35 g6 2 36 0.095692 0.0944504 1
g6 2 36 g6 2 36 0.097043 0.131658 1
g6 2 34 g6 2 36 0.093007 0.102656 1
g6 2 30 g6 2 36 0.0847 0.105279 1
g6 2 37 g6 2 35 0.100314 0.14888 1
g6 2 40 g6 2 57 0.107078 0.0781961 1
g6 2 39 g6 2 39 0.104727 0.0718683 1
g6 2 29 g6 2 36 0.081511 0.12352 1
g6 2 34 g6 2 39 0.093357 0.164024 1
g6 2 39 g6 2 37 0.108587 0.0867312 1
g6 2 33 g6 2 36 0.092053 0.0986273 1
g6 2 41 g6 2 37 0.109665 0.0893568 1
g6 2 34 g6 2 36 0.093231 0.0844872 1
g6 2 33 g6 2 36 0.092496 0.141988 1
g6 2 39 g6 2 36 0.10808 0.0943078 1
g6 2 54 g6 2 36 0.138815 0.153552 1
g6 2 36 g6 2 37 0.097806 0.100885 1
g6 2 32 g6 2 37 0.087801 0.123474 1
g6 2 34 g6 2 36 0.093264 0.119653 1
g6 2 33 g6 2 32 0.093278 0.235521 1
g6 2 42 g6 2 36 0.111869 0.113696 1
g6 2 33 g6 2 36 0.091775 0.0889257 1
g6 2 33 g6 2 36 0.090989 0.0953035 1
g6 2 27 g6 2 31 0.076566 0.105149 1
g6 2 30 g6 2 32 0.082826 0.0827278 1
g6 2 31 g6 2 32 0.087537 0.112569 1
g6 2 49 g6 2 45 0.12795 0.369142 1
g6 2 37 g1 2 27 0.101481 0.24954 1
g6 2 30 g6 2 31 0.083139 0.0481761 1
g6 2 31 g6 2 33 0.086037 0.0835578 1
g6 2 33 g6 2 33 0.092166 0.0749726 1
g6 2 31 g6 2 33 0.087287 0.0741513 1
g6 2 35 g6 2 34 0.095763 0.0786984 1
g6 2 37 g6 2 35 0.100125 0.0650936 1
g6 2 35 g6 2 42 0.095661 0.094644 1
g7 1 35 g7 1 42 0.097773 0.274072 1
g7 1 32 g7 1 40 0.088883 0.213871 1
g7 1 35 g7 1 37 0.097789 0.314541 1
g7 1 36 g7 1 50 0.099116 0.156651 1
g7 1 38 g7 1 32 0.102864 0.283299 1
g7 1 39 g7 1 50 0.107151 0.199292 1
g7 1 32 g7 1 39 0.089013 0.269915 1
g7 1 33 g7 1 34 0.09571 0.128595 1
g7 1 25 g7 1 29 0.071982 0.23025 1
g7 1 30 g3 1 38 0.085597 0.404612 1
g7 1 32 g7 1 31 0.089878 0.224395 1
g7 1 34 g7 1 32 0.094818 0.163102 1
g7 1 34 g7 1 37 0.093185 0.212897 1
g7 1 32 g7 1 27 0.089322 0.175722 1
g7 1 27 g7 1 27 0.076618 0.223942 1
g7 1 31 g7 1 29 0.085551 0.174304 1
g7 1 31 g7 1 26 0.085007 0.169538 1
g7 1 28 g7 1 30 0.078669 0.216126 1
g7 1 29 g7 1 27 0.081058 0.234621 1
g7 1 29 g7 1 26 0.085187 0.163887 1
g7 1 29 g7 1 30 0.08447 0.201632 1
g7 1 25 g7 1 25 0.073847 0.0634586 1
g7 1 37 g1 2 15 0.100776 0.530052 1
g7 1 33 g7 1 33 0.090467 0.236254 1
g7 1 43 g7 1 26 0.114731 0.325197 1
g7 1 35 g7 1 46 0.097059 0.348845 1
g7 1 32 g2 2 21 0.088302 0.420181 1
g7 1 36 g7 1 35 0.098397 0.16725 1
g7 1 33 g1 2 15 0.092998 0.551134 1
g7 1 34 g7 1 36 0.092491 0.358404 1
g7 1 34 g7 1 34 0.093699 0.230783 1
g7 1 42 g7 1 45 0.113222 0.299935 1
g7 1 37 g7 1 41 0.101113 0.295442 1
g7 1 38 g7 1 33 0.103418 0.215944 1
g7 1 44 g7 1 31 0.116593 0.208828 1
g7 1 66 g7 1 41 0.160609 0.282145 1
g7 1 32 g7 1 37 0.091487 0.24747 1
g7 1 33 g7 1 48 0.09101 0.259356 1
g7 1 37 g7 1 41 0.102314 0.258088 1
g7 1 38 g7 1 37 0.103163 0.234551 1
g7 1 43 g7 1 39 0.114891 0.261738 1
g7 1 46 g7 1 43 0.126213 0.186543 1
g7 1 30 g7 1 31 0.084101 0.263501 1
g7 1 48 g7 1 38 0.128144 0.179544 1
g7 1 19 g7 1 34 0.059987 0.362941 1
g7 1 33 g7 1 49 0.092777 0.362298 1
g7 1 34 g7 1 32 0.095293 0.154278 1
g7 1 34 g7 1 29 0.096693 0.281279 1
g7 1 35 g7 1 29 0.096047 0.218815 1
g7 1 47 g7 1 39 0.124092 0.239458 1
g7 1 31 g7 1 27 0.090416 0.320248 1
g7 1 31 g7 1 31 0.087697 0.258225 1
g7 1 40 g7 1 43 0.110661 0.168175 1
g7 1 59 g7 1 43 0.154717 0.298299 1
g7 1 54 g7 1 50 0.141196 0.245747 1
g7 1 52 g7 1 35 0.136541 0.381369 1
g7 1 51 g7 1 50 0.137747 0.22973 1
g7 1 33 g7 1 33 0.105449 0.226786 1
g7 1 49 g7 1 46 0.132542 0.164696 1
g7 1 41 g7 1 45 0.109519 0.208928 1
g7 1 45 g7 1 46 0.121604 0.158187 1
g7 1 43 g7 1 43 0.116829 0.191376 1
g7 1 45 g7 1 46 0.121401 0.173496 1
