g1 2 46 g6 2 78 0.229601 0.151271 1
g1 2 44 g6 2 66 0.222035 0.17884 1
g1 2 52 g6 2 50 0.255157 0.133323 1
g1 2 102 g1 2 45 0.471312 0.128344 1
g1 2 63 g2 2 32 0.304676 0.180019 1
g1 2 56 g1 2 48 0.271685 0.143851 1
g1 2 60 g1 2 54 0.288896 0.120546 1
g1 2 37 g1 2 52 0.193272 0.0984748 1
g1 2 46 g1 2 42 0.230301 0.124197 1
g1 2 54 g1 2 48 0.262756 0.153851 1
g1 2 39 g1 2 42 0.201359 0.11936 1
g1 2 50 g1 2 42 0.245958 0.0973088 1
g1 2 48 g1 2 48 0.23869 0.0665379 1
g1 2 47 g1 2 46 0.234599 0.0739496 1
g1 2 53 g1 2 48 0.258671 0.0760421 1
g1 2 111 g6 2 73 0.511426 0.20023 1
g1 2 49 g1 2 42 0.241992 0.0889367 1
g1 2 71 g6 2 70 0.334454 0.199175 1
g1 2 37 g6 2 60 0.193317 0.12168 1
g1 2 46 g6 2 66 0.230385 0.186226 1
g1 2 39 g6 2 51 0.201379 0.130296 1
g1 2 54 g6 2 57 0.263281 0.160935 1
g1 2 42 g2 2 32 0.214529 0.181488 1
g1 2 45 g1 2 38 0.225302 0.0751975 1
g1 2 43 g1 2 38 0.217246 0.0769938 1
g1 2 61 g1 2 56 0.291999 0.126871 1
g1 2 58 g1 2 49 0.279745 0.139487 1
g1 2 75 g1 2 49 0.352673 0.246594 1
g1 2 55 g1 2 45 0.266799 0.194769 1
g1 2 56 g1 2 71 0.271229 0.100618 1
g1 2 43 g1 2 48 0.217996 0.0795973 1
g1 2 44 g1 2 45 0.222419 0.162819 1
g1 2 35 g1 2 50 0.185026 0.0640499 1
g1 2 53 g1 2 54 0.258097 0.197292 1
g1 2 43 g1 2 56 0.217457 0.225186 1
g1 2 46 g1 2 45 0.229142 0.149562 1
g1 2 57 g1 2 45 0.275349 0.158168 1
g1 2 46 g1 2 45 0.229313 0.153119 1
g1 2 41 g1 2 43 0.209462 0.154605 1
g1 2 43 g1 2 45 0.216926 0.119913 1
g1 2 49 g1 2 50 0.242655 0.147619 1
g1 2 53 g1 2 54 0.25951 0.204712 1
g1 2 44 g1 2 47 0.224704 0.168578 1
g1 2 46 g1 2 45 0.22978 0.172272 1
g1 2 53 g1 2 45 0.259208 0.161407 1
g1 2 40 g1 2 54 0.204971 0.23451 1
g1 2 50 g6 2 70 0.245291 0.185257 1
g1 2 53 g6 2 65 0.258626 0.19522 1
g1 2 41 g6 2 72 0.210358 0.170714 1
g1 2 52 g6 2 66 0.256293 0.125926 1
g1 2 72 g2 2 32 0.340017 0.207837 1
g1 2 48 g6 2 50 0.239193 0.147822 1
g1 2 64 g2 2 32 0.307453 0.161244 1
g1 2 42 g1 2 34 0.212975 0.0657652 1
g1 2 38 g1 2 34 0.196769 0.0576872 1
g1 2 29 g1 2 32 0.157112 0.0730236 1
g1 2 29 g1 2 29 0.157525 0.0591343 1
g1 2 31 g1 2 32 0.165337 0.0594803 1
g1 2 31 g1 2 31 0.166126 0.0511753 1
g1 2 36 g1 2 34 0.188431 0.0559827 1
g1 2 29 g1 2 29 0.157461 0.0583123 1
g2 2 28 g2 2 26 0.152974 0.081189 1
g2 2 28 g2 2 26 0.152906 0.0852107 1
g2 2 31 g2 2 32 0.165792 0.152605 1
g2 2 26 g2 2 26 0.144818 0.150999 1
g2 2 27 g2 2 26 0.148857 0.134901 1
g2 2 23 g2 2 32 0.13174 0.144775 1
g2 2 26 g2 2 26 0.144245 0.128892 1
g2 2 27 g2 2 26 0.149023 0.0937242 1
g2 2 28 g2 2 26 0.153193 0.156895 1
g2 2 55 g2 2 50 0.268726 0.125755 1
g2 2 29 g2 2 26 0.157504 0.0853226 1
g2 2 28 g2 2 26 0.152735 0.0831557 1
g2 2 28 g2 2 26 0.152947 0.10591 1
g2 2 29 g2 2 26 0.156937 0.106393 1
g2 2 30 g2 2 26 0.160543 0.165876 1
g2 2 27 g2 2 26 0.148637 0.128428 1
g2 2 21 g2 2 32 0.124774 0.237872 1
g2 2 27 g2 2 26 0.148732 0.0733698 1
g2 2 29 g2 2 26 0.157484 0.0850396 1
g2 2 27 g2 2 26 0.148908 0.132614 1
g2 2 30 g2 2 26 0.160999 0.125009 1
g2 2 30 g2 2 26 0.160381 0.202935 1
g2 2 26 g2 2 26 0.14477 0.144234 1
g2 2 31 g2 2 26 0.165681 0.0809107 1
g2 2 33 g2 2 32 0.176828 0.158391 1
g2 2 28 g2 2 26 0.152722 0.150766 1
g2 2 27 g2 2 32 0.1488 0.215902 1
g2 2 30 g2 2 26 0.160726 0.15229 1
g2 2 34 g2 2 26 0.181797 0.122504 1
g2 2 59 g2 2 53 0.285998 0.11708 1
g2 2 54 g2 2 45 0.263714 0.128094 1
g2 2 55 g2 2 50 0.26906 0.115822 1
g2 2 48 g1 2 43 0.239389 0.259655 1
g2 2 38 g2 2 42 0.197989 0.0980393 1
g2 2 42 g2 2 39 0.213799 0.102152 1
g2 2 64 g2 2 53 0.305897 0.107338 1
g2 2 43 g2 2 45 0.21769 0.0816044 1
g2 2 37 g2 2 44 0.193801 0.0787732 1
g2 2 36 g2 2 39 0.189023 0.0732656 1
g2 2 39 g2 2 44 0.20112 0.0675561 1
g2 2 39 g2 2 39 0.201079 0.0572417 1
g2 2 41 g2 2 39 0.210372 0.0581594 1
g2 2 39 g2 2 39 0.201568 0.0957513 1
g2 2 41 g2 2 39 0.20997 0.0682864 1
g2 2 42 g2 2 44 0.213579 0.0697143 1
g2 2 47 g2 2 44 0.234575 0.129158 1
g2 2 31 g2 2 41 0.165735 0.117849 1
g2 2 42 g2 2 39 0.213744 0.06024 1
g2 2 84 g2 2 53 0.394501 0.158477 1
g2 2 41 g2 2 42 0.209436 0.0790936 1
g2 2 52 g2 2 44 0.254987 0.0678578 1
g2 2 52 g1 2 59 0.255493 0.213745 1
g2 2 40 g2 2 39 0.205394 0.0999793 1
g2 2 37 g2 2 44 0.193502 0.0734563 1
g2 2 45 g1 2 64 0.225106 0.115191 1
g2 2 41 g2 2 44 0.210647 0.0894141 1
g2 2 49 g1 2 52 0.241612 0.192012 1
g2 2 46 g2 2 53 0.23003 0.113792 1
g2 2 40 g2 2 56 0.204965 0.10944 1
g2 2 56 g2 2 53 0.270778 0.108505 1
g2 2 35 g2 2 39 0.186125 0.0852977 1
g2 2 40 g1 2 57 0.20551 0.290824 1
g2 2 58 g2 2 48 0.279527 0.156959 1
g2 2 29 g2 2 26 0.157528 0.130546 1
g2 2 26 g2 2 26 0.144463 0.124454 1
g2 2 28 g2 2 26 0.153287 0.0648465 1
g3 1 71 g3 1 117 0.337035 0.324805 1
g3 1 68 g3 1 84 0.324095 0.194898 1
g3 1 95 g3 1 81 0.443119 0.296964 1
g3 1 102 g3 1 73 0.471552 0.238218 1
g3 1 107 g1 2 57 0.496815 0.434995 0
g3 1 96 g3 1 73 0.448529 0.256818 1
g3 1 91 g3 1 72 0.42454 0.283774 1
g3 1 93 g3 1 82 0.435434 0.278866 1
g3 1 86 g3 1 87 0.401893 0.278667 1
g3 1 87 g3 1 92 0.406394 0.286612 1
g3 1 88 g3 1 106 0.410974 0.254138 1
g3 1 92 g3 1 81 0.429067 0.212962 1
g3 1 92 g3 1 86 0.43142 0.243562 1
g3 1 92 g3 1 127 0.43129 0.2154 1
g3 1 90 g3 1 78 0.418415 0.482702 0
g3 1 86 g3 1 74 0.405666 0.25076 1
g3 1 80 g3 1 81 0.377355 0.197892 1
g3 1 113 g1 2 49 0.52329 0.365086 1
g3 1 95 g3 1 120 0.44312 0.277557 1
g3 1 95 g3 1 85 0.443536 0.214709 1
g3 1 99 g3 1 91 0.459343 0.219722 1
g3 1 93 g3 1 114 0.435284 0.216527 1
g3 1 92 g3 1 82 0.429574 0.243935 1
g3 1 85 g3 1 73 0.3987 0.253225 1
g3 1 91 g3 1 81 0.424448 0.303278 0
g3 1 88 g3 1 77 0.409645 0.278852 1
g3 1 99 g3 1 112 0.459409 0.301397 1
g3 1 132 g3 1 84 0.6059 0.28222 1
g3 1 114 g1 2 67 0.526513 0.43458 0
g3 1 97 g3 1 80 0.452237 0.1944 1
g3 1 111 g3 1 120 0.515319 0.219216 1
g3 1 104 g3 1 82 0.481204 0.27285 1
g3 1 97 g3 1 78 0.451155 0.214257 1
g3 1 100 g3 1 85 0.464489 0.238382 1
g3 1 101 g3 1 91 0.470207 0.246652 1
g3 1 98 g3 1 83 0.455753 0.267061 1
g3 1 102 g3 1 61 0.474694 0.319308 1
g3 1 115 g3 1 140 0.529767 0.258955 1
g3 1 120 g3 1 140 0.553861 0.257891 1
g3 1 92 g3 1 84 0.427922 0.376797 0
g3 1 76 g3 1 68 0.357125 0.838181 0
g3 1 97 g3 1 85 0.450292 0.281636 1
g3 1 85 g3 1 79 0.396974 0.211361 1
g3 1 77 g3 1 80 0.363454 0.193194 1
g3 1 81 g3 1 81 0.378799 0.214477 1
g3 1 86 g3 1 91 0.400161 0.293181 1
g3 1 77 g3 1 77 0.361254 0.329231 0
g3 1 85 g3 1 84 0.395856 0.171705 1
g3 1 79 g3 1 74 0.370854 0.219266 1
g3 1 78 g3 1 91 0.366253 0.301789 0
g3 1 84 g3 1 91 0.392211 0.249773 1
g4 2 71 g4 2 59 0.33522 0.198089 1
g4 2 71 g4 2 82 0.334921 0.0673423 1
g4 2 86 g4 2 87 0.40123 0.162398 1
g4 2 85 g4 2 82 0.396066 0.163126 1
g4 2 80 g4 2 90 0.374153 0.119477 1
g4 2 81 g4 2 99 0.379433 0.14039 1
g4 2 100 g3 1 89 0.462516 0.25683 1
g4 2 81 g4 2 82 0.37968 0.161355 1
g4 2 95 g4 2 94 0.44248 0.151698 1
g4 2 93 g4 2 95 0.432579 0.166844 1
g4 2 89 g4 2 90 0.414543 0.134392 1
g4 2 94 g4 2 99 0.437199 0.112256 1
g4 2 102 g4 2 101 0.471426 0.0792638 1
g4 2 89 g4 2 60 0.414549 0.120179 1
g4 2 57 g4 2 63 0.274466 0.127509 1
g4 2 60 g4 2 57 0.289583 0.0727742 1
g4 2 57 g4 2 55 0.275702 0.0766083 1
g4 2 63 g4 2 66 0.300515 0.145464 1
g4 2 59 g4 2 64 0.284095 0.103054 1
g4 2 65 g4 2 66 0.31031 0.109011 1
g4 2 67 g4 2 78 0.318519 0.0844505 1
g4 2 69 g4 2 78 0.326508 0.0992722 1
g4 2 77 g4 2 95 0.360868 0.150197 1
g4 2 57 g4 2 62 0.274987 0.105125 1
g4 2 72 g4 2 67 0.340638 0.0918328 1
g4 2 72 g4 2 72 0.339852 0.048741 1
g4 2 80 g4 2 70 0.374796 0.0862969 1
g4 2 79 g4 2 83 0.369812 0.110199 1
g4 2 92 g4 2 62 0.4267 0.0941647 1
g4 2 90 g4 2 66 0.417867 0.104492 1
g4 2 59 g4 2 72 0.283611 0.0842472 1
g4 2 59 g4 2 63 0.284745 0.0951659 1
g4 2 63 g4 2 66 0.301497 0.0775823 1
g4 2 66 g4 2 66 0.314718 0.130808 1
g4 2 87 g4 2 66 0.40546 0.0984353 1
g4 2 82 g4 2 66 0.38314 0.18796 1
g4 2 89 g4 2 79 0.41509 0.146736 1
g4 2 64 g4 2 62 0.306144 0.0681309 1
g4 2 88 g4 2 79 0.409237 0.0983634 1
g4 2 100 g4 2 79 0.461952 0.107761 1
g4 2 80 g4 2 82 0.375532 0.0681987 1
g4 2 88 g4 2 62 0.40881 0.0951218 1
g5 2 84 g5 2 94 0.395366 0.0893176 1
g5 2 87 g5 2 85 0.407077 0.0767305 1
g5 2 85 g5 2 101 0.399592 0.103886 1
g5 2 82 g5 2 101 0.385111 0.114987 1
g5 2 69 g5 2 98 0.330264 0.161727 1
g5 2 81 g5 2 98 0.38307 0.0936171 1
g5 2 80 g4 2 65 0.376779 0.188285 1
g5 2 89 g5 2 98 0.423321 0.177105 1
g5 2 78 g5 2 100 0.368049 0.207032 1
g5 2 64 g5 2 62 0.307027 0.117299 1
g5 2 68 g5 2 68 0.323843 0.118591 1
g5 2 80 g5 2 68 0.37659 0.108626 1
g5 2 66 g5 2 82 0.315389 0.144768 1
g5 2 69 g4 2 60 0.328119 0.184751 1
g5 2 83 g5 2 100 0.391117 0.161175 1
g5 2 76 g5 2 68 0.359907 0.213618 1
g5 2 73 g5 2 100 0.346038 0.169501 1
g5 2 68 g5 2 68 0.324323 0.181356 1
g5 2 73 g5 2 100 0.345811 0.164501 1
g5 2 73 g4 2 59 0.345518 0.169759 1
g5 2 75 g5 2 99 0.355143 0.132945 1
g5 2 73 g4 2 59 0.345034 0.171532 1
g5 2 75 g4 2 70 0.354241 0.207991 1
g5 2 73 g5 2 98 0.345869 0.164006 1
g5 2 80 g5 2 98 0.378084 0.126513 1
g5 2 79 g5 2 106 0.372525 0.15038 1
g5 2 76 g4 2 59 0.359531 0.143869 1
g5 2 75 g5 2 106 0.35464 0.162105 1
g5 2 77 g5 2 100 0.362772 0.211992 1
g5 2 78 g5 2 88 0.36778 0.138184 1
g5 2 73 g4 2 65 0.345033 0.188222 1
g5 2 76 g5 2 98 0.360181 0.126581 1
g5 2 71 g5 2 88 0.338024 0.124045 1
g5 2 75 g5 2 98 0.357866 0.138354 1
g5 2 76 g5 2 98 0.359538 0.141297 1
g5 2 83 g5 2 96 0.390423 0.0967482 1
g5 2 110 g5 2 100 0.50774 0.117647 1
g5 2 77 g5 2 96 0.36429 0.0859701 1
g5 2 92 g5 2 101 0.428481 0.0756917 1
g5 2 92 g5 2 96 0.432986 0.121381 1
g5 2 98 g5 2 115 0.457924 0.128892 1
g5 2 92 g5 2 115 0.43289 0.0887555 1
g5 2 91 g5 2 105 0.42719 0.0983107 1
g5 2 98 g5 2 100 0.456824 0.0919861 1
g5 2 92 g5 2 98 0.432718 0.0726379 1
g6 2 78 g6 2 74 0.364999 0.077136 1
g6 2 75 g6 2 74 0.351974 0.0886381 1
g6 2 81 g6 2 74 0.377639 0.0837195 1
g6 2 79 g6 2 65 0.369415 0.173163 1
g6 2 67 g6 2 74 0.318562 0.0672097 1
g6 2 66 g6 2 77 0.314295 0.118371 1
g6 2 71 g6 2 74 0.33427 0.0905135 1
g6 2 73 g6 2 74 0.343461 0.124847 1
g6 2 70 g6 2 74 0.330103 0.100268 1
g6 2 61 g6 2 74 0.292484 0.0983134 1
g6 2 76 g6 2 72 0.356641 0.148182 1
g6 2 82 g6 2 179 0.38263 0.0846512 1
g6 2 80 g6 2 79 0.374027 0.0637393 1
g6 2 59 g6 2 74 0.284348 0.114933 1
g6 2 70 g6 2 79 0.331354 0.159355 1
g6 2 79 g6 2 75 0.369987 0.0816378 1
g6 2 67 g6 2 74 0.317675 0.0919602 1
g6 2 84 g6 2 75 0.39068 0.0824738 1
g6 2 70 g6 2 74 0.330093 0.078759 1
g6 2 68 g6 2 74 0.321701 0.13811 1
g6 2 80 g6 2 74 0.374016 0.0903619 1
g6 2 115 g6 2 74 0.525221 0.146872 1
g6 2 74 g6 2 75 0.348638 0.0920368 1
g6 2 66 g6 2 75 0.313943 0.116205 1
g6 2 70 g6 2 74 0.330845 0.116409 1
g6 2 68 g6 2 86 0.322778 0.238989 1
g6 2 86 g6 2 74 0.39971 0.111651 1
g6 2 68 g6 2 74 0.322284 0.0831518 1
g6 2 68 g6 2 74 0.322577 0.0867334 1
g6 2 56 g6 2 64 0.271134 0.0932688 1
g6 2 61 g6 2 65 0.292537 0.0761259 1
g6 2 63 g6 2 65 0.300806 0.105697 1
g6 2 99 g6 2 94 0.457786 0.363459 1
g6 2 75 g1 2 48 0.352962 0.249492 1
g6 2 61 g6 2 62 0.292792 0.0327055 1
g6 2 63 g6 2 63 0.300795 0.0631527 1
g6 2 67 g6 2 63 0.317071 0.0575263 1
g6 2 64 g6 2 67 0.305136 0.0628013 1
g6 2 71 g6 2 70 0.335176 0.0709974 1
g6 2 76 g6 2 72 0.356474 0.0616879 1
g6 2 71 g6 2 86 0.335816 0.0880182 1
g7 1 73 g7 1 87 0.346573 0.276636 1
g7 1 65 g7 1 83 0.311278 0.214486 1
g7 1 71 g7 1 67 0.336346 0.282669 1
g7 1 73 g7 1 102 0.346033 0.151537 1
g7 1 78 g7 1 66 0.365874 0.281787 1
g7 1 82 g7 1 79 0.384332 0.25401 1
g7 1 66 g7 1 90 0.31583 0.298672 1
g7 1 72 g7 1 73 0.340501 0.124732 1
g7 1 52 g7 1 60 0.255925 0.216303 1
g7 1 63 g3 1 83 0.30228 0.402604 0
g7 1 67 g7 1 65 0.317526 0.217361 1
g7 1 72 g7 1 66 0.340792 0.16331 1
g7 1 69 g7 1 76 0.32641 0.217129 1
g7 1 65 g7 1 56 0.309033 0.176833 1
g7 1 56 g7 1 55 0.273281 0.21659 1
g7 1 64 g7 1 60 0.305499 0.174301 1
g7 1 63 g7 1 55 0.301304 0.15924 1
g7 1 58 g7 1 62 0.279813 0.214666 1
g7 1 60 g7 1 89 0.288853 0.286894 1
g7 1 61 g7 1 54 0.292351 0.15933 1
g7 1 61 g7 1 62 0.291975 0.197059 1
g7 1 54 g7 1 51 0.263889 0.0359619 1
g7 1 75 g1 2 31 0.353038 0.53179 0
g7 1 68 g7 1 69 0.321595 0.227333 1
g7 1 88 g7 1 54 0.408978 0.322597 1
g7 1 72 g7 1 94 0.340052 0.355519 1
g7 1 67 g2 2 44 0.31877 0.433152 0
g7 1 74 g7 1 73 0.34713 0.16219 1
g7 1 70 g1 2 31 0.332167 0.556157 0
g7 1 70 g3 1 130 0.330124 0.527425 0
g7 1 72 g7 1 69 0.338857 0.213426 1
g7 1 85 g7 1 93 0.39551 0.29699 1
g7 1 77 g7 1 88 0.361002 0.299224 1
g7 1 79 g7 1 67 0.370227 0.217459 1
g7 1 90 g7 1 66 0.417836 0.204742 1
g7 1 136 g7 1 88 0.6263 0.27874 1
g7 1 66 g7 1 75 0.314411 0.243244 1
g7 1 67 g7 1 97 0.319091 0.255224 1
g7 1 78 g7 1 97 0.367515 0.302307 1
g7 1 78 g7 1 75 0.366329 0.228199 1
g7 1 88 g7 1 79 0.41045 0.267728 1
g7 1 97 g7 1 91 0.450592 0.194254 1
g7 1 62 g7 1 67 0.298165 0.300008 1
g7 1 101 g7 1 77 0.467703 0.175766 1
g7 1 39 g7 1 67 0.200554 0.364027 1
g7 1 70 g7 1 100 0.331428 0.366034 1
g7 1 72 g7 1 66 0.340722 0.154061 1
g7 1 71 g7 1 60 0.336033 0.270987 1
g7 1 72 g7 1 73 0.340756 0.167195 1
g7 1 96 g7 1 79 0.447579 0.237295 1
g7 1 63 g7 1 57 0.302559 0.309275 1
g7 1 66 g7 1 65 0.314807 0.260375 1
g7 1 84 g7 1 89 0.392528 0.162851 1
g7 1 119 g7 1 91 0.55035 0.298056 1
g7 1 110 g7 1 103 0.508427 0.245831 1
g7 1 105 g7 1 72 0.486485 0.384197 1
g7 1 104 g7 1 103 0.482955 0.22302 1
g7 1 91 g7 1 71 0.423311 0.238911 1
g7 1 99 g7 1 94 0.460714 0.159631 1
g7 1 83 g7 1 93 0.389143 0.211386 1
g7 1 92 g7 1 94 0.429783 0.157546 1
g7 1 88 g7 1 91 0.409992 0.186825 1
g7 1 93 g7 1 94 0.434465 0.166665 1
