g1 2 46 g6 2 78 0.230169 0.151271 1
g1 2 44 g6 2 66 0.221773 0.17884 1
g1 2 52 g6 2 50 0.255799 0.133323 1
g1 2 102 g1 2 45 0.471021 0.128344 1
g1 2 63 g2 2 32 0.304732 0.180019 1
g1 2 56 g1 2 48 0.276654 0.143851 1
g1 2 60 g1 2 54 0.288802 0.120546 1
g1 2 37 g1 2 52 0.193391 0.0984748 1
g1 2 46 g1 2 42 0.230274 0.124197 1
g1 2 54 g1 2 48 0.262902 0.153851 1
g1 2 39 g1 2 42 0.200685 0.11936 1
g1 2 50 g1 2 42 0.246362 0.0973088 1
g1 2 48 g1 2 48 0.238097 0.0665379 1
g1 2 47 g1 2 46 0.234827 0.0739496 1
g1 2 53 g1 2 48 0.258935 0.0760421 1
g1 2 111 g6 2 73 0.510144 0.20023 1
g1 2 49 g1 2 42 0.24246 0.0889367 1
g1 2 71 g6 2 70 0.334238 0.199175 1
g1 2 37 g6 2 60 0.19333 0.12168 1
g1 2 46 g6 2 66 0.229615 0.186226 1
g1 2 39 g6 2 51 0.202497 0.130296 1
g1 2 54 g6 2 57 0.262868 0.160935 1
g1 2 42 g2 2 32 0.213336 0.181488 1
g1 2 45 g1 2 38 0.224941 0.0751975 1
g1 2 43 g1 2 38 0.217141 0.0769938 1
g1 2 61 g1 2 56 0.292849 0.126871 1
g1 2 58 g1 2 49 0.280111 0.139487 1
g1 2 75 g1 2 49 0.352913 0.246594 1
g1 2 55 g1 2 45 0.267267 0.194769 1
g1 2 56 g1 2 71 0.271688 0.100618 1
g1 2 43 g1 2 48 0.217252 0.0795973 1
g1 2 44 g1 2 45 0.221342 0.162819 1
g1 2 35 g1 2 50 0.185823 0.0640499 1
g1 2 53 g1 2 54 0.258998 0.197292 1
g1 2 43 g1 2 56 0.21733 0.225186 1
g1 2 46 g1 2 45 0.229408 0.149562 1
g1 2 57 g1 2 45 0.276227 0.158168 1
g1 2 46 g1 2 45 0.229568 0.153119 1
g1 2 41 g1 2 43 0.20963 0.154605 1
g1 2 43 g1 2 45 0.217202 0.119913 1
g1 2 49 g1 2 50 0.241988 0.147619 1
g1 2 53 g1 2 54 0.259345 0.204712 1
g1 2 44 g1 2 47 0.221798 0.168578 1
g1 2 46 g1 2 45 0.229993 0.172272 1
g1 2 53 g1 2 45 0.25923 0.161407 1
g1 2 40 g1 2 54 0.206405 0.23451 1
g1 2 50 g6 2 70 0.246214 0.185257 1
g1 2 53 g6 2 65 0.259216 0.19522 1
g1 2 41 g6 2 72 0.209722 0.170714 1
g1 2 52 g6 2 66 0.255383 0.125926 1
g1 2 72 g2 2 32 0.342054 0.207837 1
g1 2 48 g6 2 50 0.239603 0.147822 1
g1 2 64 g2 2 32 0.30672 0.161244 1
g1 2 42 g1 2 34 0.217774 0.0657652 1
g1 2 38 g1 2 34 0.198276 0.0576872 1
g1 2 29 g1 2 32 0.159069 0.0730236 1
g1 2 29 g1 2 29 0.158513 0.0591343 1
g1 2 31 g1 2 32 0.167223 0.0594803 1
g1 2 31 g1 2 31 0.16705 0.0511753 1
g1 2 36 g1 2 34 0.19406 0.0559827 1
g1 2 29 g1 2 29 0.158427 0.0583123 1
g2 2 28 g2 2 26 0.152819 0.081189 1
g2 2 28 g2 2 26 0.152917 0.0852107 1
g2 2 31 g2 2 32 0.165206 0.152605 1
g2 2 26 g2 2 26 0.145463 0.150999 1
g2 2 27 g2 2 26 0.149497 0.134901 1
g2 2 23 g2 2 32 0.132135 0.144775 1
g2 2 26 g2 2 26 0.145128 0.128892 1
g2 2 27 g2 2 26 0.148937 0.0937242 1
g2 2 28 g2 2 26 0.154235 0.156895 1
g2 2 55 g2 2 50 0.268365 0.125755 1
g2 2 29 g2 2 26 0.157548 0.0853226 1
g2 2 28 g2 2 26 0.153163 0.0831557 1
g2 2 28 g2 2 26 0.154063 0.10591 1
g2 2 29 g2 2 26 0.157878 0.106393 1
g2 2 30 g2 2 26 0.160874 0.165876 1
g2 2 27 g2 2 26 0.149505 0.128428 1
g2 2 21 g2 2 32 0.125258 0.237872 1
g2 2 27 g2 2 26 0.149498 0.0733698 1
g2 2 29 g2 2 26 0.157612 0.0850396 1
g2 2 27 g2 2 26 0.149418 0.132614 1
g2 2 30 g2 2 26 0.161827 0.125009 1
g2 2 30 g2 2 26 0.161189 0.202935 1
g2 2 26 g2 2 26 0.145521 0.144234 1
g2 2 31 g2 2 26 0.166415 0.0809107 1
g2 2 33 g2 2 32 0.179769 0.158391 1
g2 2 28 g2 2 26 0.154396 0.150766 1
g2 2 27 g2 2 32 0.148669 0.215902 1
g2 2 30 g2 2 26 0.161858 0.15229 1
g2 2 34 g2 2 26 0.181262 0.122504 1
g2 2 59 g2 2 53 0.295874 0.11708 1
g2 2 54 g2 2 45 0.264415 0.128094 1
g2 2 55 g2 2 50 0.269735 0.115822 1
g2 2 48 g1 2 43 0.251567 0.259655 1
g2 2 38 g2 2 42 0.218692 0.0980393 1
g2 2 42 g2 2 39 0.213252 0.102152 1
g2 2 64 g2 2 53 0.306529 0.107338 1
g2 2 43 g2 2 45 0.218752 0.0816044 1
g2 2 37 g2 2 44 0.195389 0.0787732 1
g2 2 36 g2 2 39 0.189407 0.0732656 1
g2 2 39 g2 2 44 0.202281 0.0675561 1
g2 2 39 g2 2 39 0.201789 0.0572417 1
g2 2 41 g2 2 39 0.210097 0.0581594 1
g2 2 39 g2 2 39 0.202438 0.0957513 1
g2 2 41 g2 2 39 0.210068 0.0682864 1
g2 2 42 g2 2 44 0.213026 0.0697143 1
g2 2 47 g2 2 44 0.234154 0.129158 1
g2 2 31 g2 2 41 0.166423 0.117849 1
g2 2 42 g2 2 39 0.213694 0.06024 1
g2 2 84 g2 2 53 0.395267 0.158477 1
g2 2 41 g2 2 42 0.209904 0.0790936 1
g2 2 52 g2 2 44 0.254939 0.0678578 1
g2 2 52 g1 2 59 0.255457 0.213745 1
g2 2 40 g2 2 39 0.205015 0.0999793 1
g2 2 37 g2 2 44 0.193024 0.0734563 1
g2 2 45 g1 2 64 0.226861 0.115191 1
g2 2 41 g2 2 44 0.21085 0.0894141 1
g2 2 49 g1 2 52 0.242802 0.192012 1
g2 2 46 g2 2 53 0.231031 0.113792 1
g2 2 40 g2 2 56 0.209146 0.10944 1
g2 2 56 g2 2 53 0.271907 0.108505 1
g2 2 35 g2 2 39 0.2066 0.0852977 1
g2 2 40 g1 2 57 0.22757 0.290824 1
g2 2 58 g2 2 48 0.284902 0.156959 1
g2 2 29 g2 2 26 0.158078 0.130546 1
g2 2 26 g2 2 26 0.144704 0.124454 1
g2 2 28 g2 2 26 0.15385 0.0648465 1
g3 1 71 g3 1 117 0.337407 0.324805 1
g3 1 68 g3 1 84 0.324777 0.194898 1
g3 1 95 g3 1 81 0.442727 0.296964 1
g3 1 102 g3 1 73 0.471656 0.238218 1
g3 1 107 g1 2 57 0.497997 0.434995 1
g3 1 96 g3 1 73 0.448353 0.256818 1
g3 1 91 g3 1 72 0.424436 0.283774 1
g3 1 93 g3 1 82 0.449585 0.278866 1
g3 1 86 g3 1 87 0.405716 0.278667 1
g3 1 87 g3 1 92 0.406944 0.286612 1
g3 1 88 g3 1 106 0.411808 0.254138 1
g3 1 92 g3 1 81 0.429646 0.212962 1
g3 1 92 g3 1 86 0.430386 0.243562 1
g3 1 92 g3 1 127 0.43248 0.2154 1
g3 1 90 g3 1 78 0.418911 0.482702 0
g3 1 86 g3 1 74 0.403447 0.25076 1
g3 1 80 g3 1 81 0.37857 0.197892 1
g3 1 113 g1 2 49 0.523627 0.365086 1
g3 1 95 g3 1 120 0.442985 0.277557 1
g3 1 95 g3 1 85 0.443545 0.214709 1
g3 1 99 g3 1 91 0.460004 0.219722 1
g3 1 93 g3 1 114 0.434874 0.216527 1
g3 1 92 g3 1 82 0.42969 0.243935 1
g3 1 85 g3 1 73 0.398203 0.253225 1
g3 1 91 g3 1 81 0.423811 0.303278 1
g3 1 88 g3 1 77 0.409584 0.278852 1
g3 1 99 g3 1 112 0.458985 0.301397 1
g3 1 132 g3 1 84 0.606354 0.28222 1
g3 1 114 g1 2 67 0.527272 0.43458 1
g3 1 97 g3 1 80 0.451221 0.1944 1
g3 1 111 g3 1 120 0.514499 0.219216 1
g3 1 104 g3 1 82 0.480649 0.27285 1
g3 1 97 g3 1 78 0.450384 0.214257 1
g3 1 100 g3 1 85 0.464619 0.238382 1
g3 1 101 g3 1 91 0.46894 0.246652 1
g3 1 98 g3 1 83 0.459354 0.267061 1
g3 1 102 g3 1 61 0.474775 0.319308 1
g3 1 115 g3 1 140 0.531549 0.258955 1
g3 1 120 g3 1 140 0.554712 0.257891 1
g3 1 92 g3 1 84 0.428745 0.376797 0
g3 1 76 g3 1 68 0.3608 0.838181 0
g3 1 97 g3 1 85 0.450179 0.281636 1
g3 1 85 g3 1 79 0.397032 0.211361 1
g3 1 77 g3 1 80 0.36363 0.193194 1
g3 1 81 g3 1 81 0.378833 0.214477 1
g3 1 86 g3 1 91 0.400323 0.293181 1
g3 1 77 g3 1 77 0.360853 0.329231 1
g3 1 85 g3 1 84 0.39638 0.171705 1
g3 1 79 g3 1 74 0.378766 0.219266 1
g3 1 78 g3 1 91 0.369223 0.301789 1
g3 1 84 g3 1 91 0.393016 0.249773 1
g4 2 71 g4 2 59 0.335097 0.198089 1
g4 2 71 g4 2 82 0.335396 0.0673423 1
g4 2 86 g4 2 87 0.400877 0.162398 1
g4 2 85 g4 2 82 0.398229 0.163126 1
g4 2 80 g4 2 90 0.40049 0.119477 1
g4 2 81 g4 2 99 0.43505 0.14039 1
g4 2 100 g3 1 89 0.519185 0.25683 1
g4 2 81 g4 2 82 0.398106 0.161355 1
g4 2 95 g4 2 94 0.457421 0.151698 1
g4 2 93 g4 2 95 0.451765 0.166844 1
g4 2 89 g4 2 90 0.430476 0.134392 1
g4 2 94 g4 2 99 0.46024 0.112256 1
g4 2 102 g4 2 101 0.51422 0.0792638 1
g4 2 89 g4 2 60 0.45452 0.120179 1
g4 2 57 g4 2 63 0.282726 0.127509 1
g4 2 60 g4 2 57 0.302379 0.0727742 1
g4 2 57 g4 2 55 0.310179 0.0766083 1
g4 2 63 g4 2 66 0.312059 0.145464 1
g4 2 59 g4 2 64 0.311749 0.103054 1
g4 2 65 g4 2 66 0.341271 0.109011 1
g4 2 67 g4 2 78 0.372726 0.0844505 1
g4 2 69 g4 2 78 0.354033 0.0992722 1
g4 2 77 g4 2 95 0.45718 0.150197 1
g4 2 57 g4 2 62 0.30198 0.105125 1
g4 2 72 g4 2 67 0.421277 0.0918328 1
g4 2 72 g4 2 72 0.366013 0.048741 1
g4 2 80 g4 2 70 0.463078 0.0862969 1
g4 2 79 g4 2 83 0.414115 0.110199 1
g4 2 92 g4 2 62 0.458467 0.0941647 1
g4 2 90 g4 2 66 0.439306 0.104492 1
g4 2 59 g4 2 72 0.293753 0.0842472 1
g4 2 59 g4 2 63 0.31099 0.0951659 1
g4 2 63 g4 2 66 0.312477 0.0775823 1
g4 2 66 g4 2 66 0.331057 0.130808 1
g4 2 87 g4 2 66 0.425248 0.0984353 1
g4 2 82 g4 2 66 0.401557 0.18796 1
g4 2 89 g4 2 79 0.441891 0.146736 1
g4 2 64 g4 2 62 0.317415 0.0681309 1
g4 2 88 g4 2 79 0.423299 0.0983634 1
g4 2 100 g4 2 79 0.486001 0.107761 1
g4 2 80 g4 2 82 0.395639 0.0681987 1
g4 2 88 g4 2 62 0.438057 0.0951218 1
g5 2 84 g5 2 94 0.445813 0.0893176 1
g5 2 87 g5 2 85 0.43773 0.0767305 1
g5 2 85 g5 2 101 0.420698 0.103886 1
g5 2 82 g5 2 101 0.400475 0.114987 1
g5 2 69 g5 2 98 0.356963 0.161727 1
g5 2 81 g5 2 98 0.41157 0.0936171 1
g5 2 80 g4 2 65 0.41834 0.188285 1
g5 2 89 g5 2 98 0.462079 0.177105 1
g5 2 78 g5 2 100 0.407202 0.207032 1
g5 2 64 g5 2 62 0.323192 0.117299 1
g5 2 68 g5 2 68 0.334813 0.118591 1
g5 2 80 g5 2 68 0.399512 0.108626 1
g5 2 66 g5 2 82 0.336584 0.144768 1
g5 2 69 g4 2 60 0.361368 0.184751 1
g5 2 83 g5 2 100 0.412724 0.161175 1
g5 2 76 g5 2 68 0.383853 0.213618 1
g5 2 73 g5 2 100 0.353196 0.169501 1
g5 2 68 g5 2 68 0.342579 0.181356 1
g5 2 73 g5 2 100 0.363284 0.164501 1
g5 2 73 g4 2 59 0.366603 0.169759 1
g5 2 75 g5 2 99 0.363096 0.132945 1
g5 2 73 g4 2 59 0.366039 0.171532 1
g5 2 75 g4 2 70 0.365488 0.207991 1
g5 2 73 g5 2 98 0.356011 0.164006 1
g5 2 80 g5 2 98 0.40767 0.126513 1
g5 2 79 g5 2 106 0.390261 0.15038 1
g5 2 76 g4 2 59 0.381349 0.143869 1
g5 2 75 g5 2 106 0.37312 0.162105 1
g5 2 77 g5 2 100 0.378582 0.211992 1
g5 2 78 g5 2 88 0.380003 0.138184 1
g5 2 73 g4 2 65 0.366627 0.188222 1
g5 2 76 g5 2 98 0.369657 0.126581 1
g5 2 71 g5 2 88 0.347558 0.124045 1
g5 2 75 g5 2 98 0.3646 0.138354 1
g5 2 76 g5 2 98 0.367783 0.141297 1
g5 2 83 g5 2 96 0.405607 0.0967482 1
g5 2 110 g5 2 100 0.562325 0.117647 1
g5 2 77 g5 2 96 0.446244 0.0859701 1
g5 2 92 g5 2 101 0.492733 0.0756917 1
g5 2 92 g5 2 96 0.445003 0.121381 1
g5 2 98 g5 2 115 0.490707 0.128892 1
g5 2 92 g5 2 115 0.454025 0.0887555 1
g5 2 91 g5 2 105 0.441377 0.0983107 1
g5 2 98 g5 2 100 0.488899 0.0919861 1
g5 2 92 g5 2 98 0.454683 0.0726379 1
g6 2 78 g6 2 74 0.432817 0.077136 1
g6 2 75 g6 2 74 0.397126 0.0886381 1
g6 2 81 g6 2 74 0.412835 0.0837195 1
g6 2 79 g6 2 65 0.424593 0.173163 1
g6 2 67 g6 2 74 0.351375 0.0672097 1
g6 2 66 g6 2 77 0.358991 0.118371 1
g6 2 71 g6 2 74 0.357245 0.0905135 1
g6 2 73 g6 2 74 0.362572 0.124847 1
g6 2 70 g6 2 74 0.347923 0.100268 1
g6 2 61 g6 2 74 0.31066 0.0983134 1
g6 2 76 g6 2 72 0.39002 0.148182 1
g6 2 82 g6 2 179 0.398887 0.0846512 1
g6 2 80 g6 2 79 0.383352 0.0637393 1
g6 2 59 g6 2 74 0.288625 0.114933 1
g6 2 70 g6 2 79 0.33784 0.159355 1
g6 2 79 g6 2 75 0.376574 0.0816378 1
g6 2 67 g6 2 74 0.323357 0.0919602 1
g6 2 84 g6 2 75 0.400018 0.0824738 1
g6 2 70 g6 2 74 0.34307 0.078759 1
g6 2 68 g6 2 74 0.331776 0.13811 1
g6 2 80 g6 2 74 0.379822 0.0903619 1
g6 2 115 g6 2 74 0.53904 0.146872 1
g6 2 74 g6 2 75 0.386988 0.0920368 1
g6 2 66 g6 2 75 0.345446 0.116205 1
g6 2 70 g6 2 74 0.335198 0.116409 1
g6 2 68 g6 2 86 0.353229 0.238989 1
g6 2 86 g6 2 74 0.416828 0.111651 1
g6 2 68 g6 2 74 0.329791 0.0831518 1
g6 2 68 g6 2 74 0.329636 0.0867334 1
g6 2 56 g6 2 64 0.297627 0.0932688 1
g6 2 61 g6 2 65 0.304072 0.0761259 1
g6 2 63 g6 2 65 0.301931 0.105697 1
g6 2 99 g6 2 94 0.484261 0.363459 1
g6 2 75 g1 2 48 0.356903 0.249492 1
g6 2 61 g6 2 62 0.29582 0.0327055 1
g6 2 63 g6 2 63 0.305666 0.0631527 1
g6 2 67 g6 2 63 0.323647 0.0575263 1
g6 2 64 g6 2 67 0.307199 0.0628013 1
g6 2 71 g6 2 70 0.337737 0.0709974 1
g6 2 76 g6 2 72 0.35981 0.0616879 1
g6 2 71 g6 2 86 0.339008 0.0880182 1
g7 1 73 g7 1 87 0.364943 0.276636 1
g7 1 65 g7 1 83 0.314957 0.214486 1
g7 1 71 g7 1 67 0.343252 0.282669 1
g7 1 73 g7 1 102 0.35224 0.151537 1
g7 1 78 g7 1 66 0.36915 0.281787 1
g7 1 82 g7 1 79 0.387274 0.25401 1
g7 1 66 g7 1 90 0.318124 0.298672 1
g7 1 72 g7 1 73 0.342615 0.124732 1
g7 1 52 g7 1 60 0.257274 0.216303 1
g7 1 63 g3 1 83 0.30494 0.402604 0
g7 1 67 g7 1 65 0.320773 0.217361 1
g7 1 72 g7 1 66 0.344037 0.16331 1
g7 1 69 g7 1 76 0.33115 0.217129 1
g7 1 65 g7 1 56 0.312721 0.176833 1
g7 1 56 g7 1 55 0.272128 0.21659 1
g7 1 64 g7 1 60 0.307631 0.174301 1
g7 1 63 g7 1 55 0.304177 0.15924 1
g7 1 58 g7 1 62 0.282703 0.214666 1
g7 1 60 g7 1 89 0.306103 0.286894 1
g7 1 61 g7 1 54 0.300146 0.15933 1
g7 1 61 g7 1 62 0.298765 0.197059 1
g7 1 54 g7 1 51 0.265185 0.0359619 1
g7 1 75 g1 2 31 0.359794 0.53179 0
g7 1 68 g7 1 69 0.359066 0.227333 1
g7 1 88 g7 1 54 0.432428 0.322597 1
g7 1 72 g7 1 94 0.37576 0.355519 1
g7 1 67 g2 2 44 0.336985 0.433152 0
g7 1 74 g7 1 73 0.381081 0.16219 1
g7 1 70 g1 2 31 0.404131 0.556157 0
g7 1 70 g3 1 130 0.38822 0.527425 0
g7 1 72 g7 1 69 0.415699 0.213426 1
g7 1 85 g7 1 93 0.50947 0.29699 1
g7 1 77 g7 1 88 0.470429 0.299224 1
g7 1 79 g7 1 67 0.497927 0.217459 1
g7 1 90 g7 1 66 0.5336 0.204742 1
g7 1 136 g7 1 88 0.773522 0.27874 1
g7 1 66 g7 1 75 0.413122 0.243244 1
g7 1 67 g7 1 97 0.400417 0.255224 1
g7 1 78 g7 1 97 0.446987 0.302307 1
g7 1 78 g7 1 75 0.442552 0.228199 1
g7 1 88 g7 1 79 0.443239 0.267728 1
g7 1 97 g7 1 91 0.529952 0.194254 1
g7 1 62 g7 1 67 0.3075 0.300008 1
g7 1 101 g7 1 77 0.557788 0.175766 1
g7 1 39 g7 1 67 0.226907 0.364027 1
g7 1 70 g7 1 100 0.374533 0.366034 1
g7 1 72 g7 1 66 0.376248 0.154061 1
g7 1 71 g7 1 60 0.348978 0.270987 1
g7 1 72 g7 1 73 0.351439 0.167195 1
g7 1 96 g7 1 79 0.452477 0.237295 1
g7 1 63 g7 1 57 0.304694 0.309275 1
g7 1 66 g7 1 65 0.314662 0.260375 1
g7 1 84 g7 1 89 0.394785 0.162851 1
g7 1 119 g7 1 91 0.555995 0.298056 1
g7 1 110 g7 1 103 0.524718 0.245831 1
g7 1 105 g7 1 72 0.517956 0.384197 1
g7 1 104 g7 1 103 0.48749 0.22302 1
g7 1 91 g7 1 71 0.433509 0.238911 1
g7 1 99 g7 1 94 0.467312 0.159631 1
g7 1 83 g7 1 93 0.407241 0.211386 1
g7 1 92 g7 1 94 0.451701 0.157546 1
g7 1 88 g7 1 91 0.440427 0.186825 1
g7 1 93 g7 1 94 0.459053 0.166665 1
