g1 2 22 g6 2 30 0.066212 0.169768 1
g1 2 21 g6 2 32 0.064091 0.182766 1
g1 2 25 g6 2 23 0.073018 0.142628 1
g1 2 40 g1 2 22 0.114589 0.122917 1
g1 2 31 g2 2 15 0.08607 0.192795 1
g1 2 27 g1 2 23 0.076508 0.153719 1
g1 2 29 g1 2 26 0.080946 0.127131 1
g1 2 18 g1 2 25 0.058074 0.11378 1
g1 2 22 g1 2 25 0.065876 0.13298 1
g1 2 26 g1 2 23 0.074215 0.159024 1
g1 2 19 g1 2 20 0.059961 0.140108 1
g1 2 24 g1 2 20 0.070243 0.1084 1
g1 2 23 g1 2 23 0.068826 0.0709912 1
g1 2 23 g1 2 23 0.067873 0.124063 1
g1 2 26 g1 2 26 0.074259 0.0804248 1
g1 2 52 g6 2 36 0.128892 0.200435 1
g1 2 24 g1 2 20 0.070116 0.0998263 1
g1 2 35 g6 2 34 0.095807 0.203915 1
g1 2 18 g6 2 29 0.058104 0.130181 1
g1 2 22 g6 2 32 0.065855 0.189666 1
g1 2 19 g6 2 30 0.059827 0.141693 1
g1 2 26 g6 2 28 0.07448 0.162342 1
g1 2 20 g2 2 15 0.062208 0.191332 1
g1 2 22 g1 2 17 0.065902 0.0826369 1
g1 2 21 g1 2 18 0.063741 0.0905276 1
g1 2 30 g1 2 27 0.083145 0.133558 1
g1 2 28 g1 2 24 0.078298 0.151798 1
g1 2 37 g1 2 24 0.099515 0.252167 1
g1 2 27 g1 2 22 0.076242 0.202364 1
g1 2 27 g1 2 35 0.077448 0.106825 1
g1 2 21 g1 2 23 0.063543 0.0890126 1
g1 2 21 g1 2 22 0.063937 0.16291 1
g1 2 17 g1 2 24 0.055909 0.0803424 1
g1 2 26 g1 2 23 0.074342 0.224511 1
g1 2 21 g1 2 27 0.064128 0.239584 1
g1 2 22 g1 2 22 0.066181 0.156561 1
g1 2 28 g1 2 22 0.078657 0.164012 1
g1 2 22 g1 2 22 0.06572 0.158704 1
g1 2 20 g1 2 21 0.061576 0.163986 1
g1 2 21 g1 2 22 0.064131 0.127 1
g1 2 24 g1 2 24 0.07069 0.157281 1
g1 2 26 g1 2 26 0.074557 0.208272 1
g1 2 21 g1 2 23 0.064196 0.184014 1
g1 2 22 g1 2 22 0.065832 0.171721 1
g1 2 26 g1 2 22 0.074739 0.166915 1
g1 2 19 g1 2 26 0.060068 0.235 1
g1 2 24 g6 2 34 0.06986 0.18875 1
g1 2 26 g6 2 32 0.074014 0.197104 1
g1 2 20 g6 2 35 0.06205 0.172626 1
g1 2 25 g6 2 37 0.072592 0.129048 1
g1 2 35 g2 2 15 0.095895 0.221742 1
g1 2 23 g6 2 23 0.068033 0.151302 1
g1 2 31 g2 2 15 0.085355 0.17079 1
g1 2 20 g1 2 16 0.061988 0.074766 1
g1 2 18 g1 2 16 0.057612 0.0666175 1
g1 2 14 g1 2 16 0.049872 0.097091 1
g1 2 14 g1 2 14 0.04986 0.0732514 1
g1 2 15 g1 2 15 0.052136 0.0769861 1
g1 2 15 g1 2 15 0.052123 0.0601426 1
g1 2 17 g1 2 16 0.056179 0.0660645 1
g1 2 14 g1 2 15 0.050355 0.111548 1
g2 2 13 g2 2 12 0.048369 0.104895 1
g2 2 13 g2 2 12 0.048248 0.100152 1
g2 2 15 g2 2 15 0.052339 0.181384 1
g2 2 12 g2 2 12 0.046139 0.149102 1
g2 2 13 g2 2 12 0.048648 0.151942 1
g2 2 11 g2 2 15 0.043242 0.165786 1
g2 2 12 g2 2 12 0.045684 0.125499 1
g2 2 13 g2 2 12 0.048713 0.10506 1
g2 2 13 g2 2 12 0.049176 0.16345 1
g2 2 27 g2 2 24 0.076881 0.131999 1
g2 2 14 g2 2 12 0.050544 0.107382 1
g2 2 13 g2 2 12 0.048502 0.106109 1
g2 2 13 g2 2 12 0.048521 0.120002 1
g2 2 14 g2 2 12 0.050128 0.127057 1
g2 2 14 g2 2 12 0.05036 0.180586 1
g2 2 13 g2 2 12 0.048336 0.142003 1
g2 2 10 g2 2 15 0.041637 0.257722 1
g2 2 13 g2 2 12 0.048288 0.0980197 1
g2 2 14 g2 2 12 0.050037 0.105194 1
g2 2 13 g2 2 12 0.048453 0.161468 1
g2 2 14 g2 2 12 0.050706 0.143054 1
g2 2 14 g2 2 12 0.050419 0.214652 1
g2 2 12 g2 2 12 0.045928 0.142436 1
g2 2 15 g2 2 12 0.052149 0.101405 1
g2 2 16 g2 2 15 0.053821 0.171857 1
g2 2 13 g2 2 12 0.048646 0.160181 1
g2 2 13 g2 2 15 0.048254 0.242999 1
g2 2 14 g2 2 12 0.050411 0.163168 1
g2 2 16 g2 2 12 0.053986 0.134649 1
g2 2 29 g2 2 26 0.081228 0.119545 1
g2 2 26 g2 2 25 0.074726 0.152066 1
g2 2 27 g2 2 24 0.077561 0.135915 1
g2 2 23 g1 2 21 0.068373 0.27101 1
g2 2 18 g2 2 20 0.057787 0.108109 1
g2 2 20 g2 2 19 0.061868 0.111781 1
g2 2 30 g2 2 27 0.085783 0.124809 1
g2 2 21 g2 2 22 0.06443 0.0915402 1
g2 2 18 g2 2 21 0.0587 0.09341 1
g2 2 17 g2 2 19 0.056074 0.0936848 1
g2 2 19 g2 2 19 0.058505 0.0877324 1
g2 2 18 g2 2 19 0.059779 0.0914348 1
g2 2 19 g2 2 19 0.05989 0.0712885 1
g2 2 17 g2 2 19 0.057684 0.114198 1
g2 2 20 g2 2 19 0.06193 0.073588 1
g2 2 20 g2 2 19 0.062004 0.0967156 1
g2 2 23 g2 2 21 0.068086 0.144163 1
g2 2 15 g2 2 20 0.052442 0.130696 1
g2 2 20 g2 2 19 0.061821 0.0832217 1
g2 2 40 g2 2 26 0.107679 0.163425 1
g2 2 20 g2 2 20 0.06164 0.0960384 1
g2 2 25 g2 2 21 0.072223 0.0813563 1
g2 2 25 g1 2 29 0.072586 0.220425 1
g2 2 19 g2 2 19 0.060187 0.112486 1
g2 2 17 g2 2 21 0.057448 0.097333 1
g2 2 22 g1 2 31 0.065707 0.122122 1
g2 2 20 g2 2 21 0.062052 0.107351 1
g2 2 24 g1 2 25 0.069722 0.197976 1
g2 2 22 g2 2 26 0.066409 0.120047 1
g2 2 19 g2 2 27 0.060343 0.119208 1
g2 2 27 g2 2 26 0.076647 0.118647 1
g2 2 17 g2 2 19 0.056004 0.100057 1
g2 2 19 g1 2 28 0.060047 0.292518 1
g2 2 28 g2 2 23 0.079197 0.166886 1
g2 2 14 g2 2 12 0.050217 0.14921 1
g2 2 12 g2 2 12 0.046194 0.119037 1
g2 2 13 g2 2 12 0.048774 0.0842657 1
g3 1 34 g3 1 44 0.096378 0.317284 1
g3 1 33 g3 1 46 0.092512 0.219336 1
g3 1 47 g3 1 40 0.123062 0.300735 1
g3 1 50 g3 1 38 0.130762 0.292126 1
g3 1 53 g1 2 28 0.134284 0.394027 1
g3 1 47 g3 1 35 0.124596 0.254261 1
g3 1 45 g3 1 35 0.118442 0.283474 1
g3 1 45 g3 1 39 0.120082 0.271269 1
g3 1 42 g3 1 62 0.112665 0.270819 1
g3 1 41 g3 1 44 0.11252 0.289394 1
g3 1 42 g3 1 55 0.112706 0.278039 1
g3 1 45 g3 1 46 0.118708 0.244614 1
g3 1 44 g3 1 41 0.116315 0.235877 1
g3 1 45 g3 1 58 0.119946 0.252537 1
g3 1 42 g3 1 38 0.112838 0.493665 0
g3 1 42 g3 1 40 0.111846 0.203043 1
g3 1 39 g3 1 40 0.106026 0.203044 1
g3 1 54 g1 2 24 0.144552 0.362888 1
g3 1 46 g3 1 39 0.121022 0.241867 1
g3 1 46 g3 1 40 0.122537 0.209648 1
g3 1 48 g3 1 45 0.126854 0.216754 1
g3 1 46 g3 1 55 0.122688 0.223339 1
g3 1 44 g3 1 39 0.117728 0.239907 1
g3 1 41 g3 1 35 0.111641 0.247535 1
g3 1 45 g3 1 40 0.119981 0.311268 1
g3 1 42 g3 1 36 0.111659 0.292783 1
g3 1 48 g3 1 55 0.12819 0.300204 1
g3 1 64 g3 1 40 0.163334 0.285783 1
g3 1 56 g3 1 36 0.145665 0.289882 1
g3 1 48 g3 1 37 0.125305 0.198829 1
g3 1 55 g3 1 58 0.143409 0.224211 1
g3 1 51 g3 1 39 0.133487 0.271578 1
g3 1 47 g3 1 38 0.123957 0.215558 1
g3 1 49 g3 1 40 0.130464 0.234342 1
g3 1 50 g3 1 45 0.129879 0.252466 1
g3 1 48 g3 1 57 0.126154 0.27381 1
g3 1 49 g3 1 30 0.129264 0.323088 1
g3 1 57 g3 1 67 0.144991 0.266969 1
g3 1 59 g3 1 67 0.149585 0.253434 1
g3 1 44 g3 1 41 0.118272 0.369473 0
g3 1 26 g3 1 45 0.08779 0.815193 0
g3 1 47 g3 1 42 0.125417 0.286109 1
g3 1 40 g3 1 37 0.10923 0.220951 1
g3 1 38 g3 1 39 0.102401 0.198995 1
g3 1 40 g3 1 40 0.106072 0.222099 1
g3 1 42 g3 1 45 0.11101 0.299045 1
g3 1 37 g3 1 36 0.100434 0.333865 0
g3 1 41 g3 1 40 0.111413 0.166086 1
g3 1 38 g3 1 35 0.10413 0.213044 1
g3 1 37 g3 1 45 0.101887 0.298428 0
g3 1 41 g3 1 45 0.110539 0.255173 1
g4 2 35 g4 2 29 0.095697 0.200981 1
g4 2 35 g4 2 40 0.096016 0.074868 1
g4 2 42 g4 2 43 0.112305 0.165537 1
g4 2 42 g4 2 40 0.111811 0.165293 1
g4 2 39 g4 2 44 0.104872 0.123519 1
g4 2 40 g4 2 49 0.10751 0.144795 1
g4 2 48 g3 1 42 0.127527 0.263518 1
g4 2 40 g4 2 40 0.108004 0.163291 1
g4 2 47 g4 2 46 0.124344 0.155578 1
g4 2 45 g4 2 47 0.119248 0.164294 1
g4 2 44 g4 2 44 0.116934 0.139688 1
g4 2 46 g4 2 49 0.121292 0.115756 1
g4 2 50 g4 2 49 0.131171 0.0830325 1
g4 2 43 g4 2 29 0.114654 0.121298 1
g4 2 28 g4 2 31 0.078342 0.135106 1
g4 2 29 g4 2 28 0.080741 0.0741795 1
g4 2 28 g4 2 27 0.078449 0.0812595 1
g4 2 31 g4 2 32 0.085967 0.148538 1
g4 2 29 g4 2 31 0.081315 0.10039 1
g4 2 32 g4 2 32 0.088635 0.113248 1
g4 2 33 g4 2 38 0.091362 0.0895119 1
g4 2 34 g4 2 30 0.093695 0.105078 1
g4 2 38 g4 2 46 0.102592 0.154445 1
g4 2 28 g4 2 30 0.078042 0.111214 1
g4 2 35 g4 2 33 0.096103 0.0928454 1
g4 2 35 g4 2 35 0.096075 0.054118 1
g4 2 39 g4 2 34 0.104894 0.0895005 1
g4 2 39 g4 2 41 0.104843 0.110703 1
g4 2 44 g4 2 30 0.115599 0.100345 1
g4 2 44 g4 2 32 0.116336 0.109677 1
g4 2 29 g4 2 35 0.080995 0.0896642 1
g4 2 29 g4 2 31 0.081387 0.0966102 1
g4 2 31 g4 2 32 0.086031 0.0844094 1
g4 2 32 g4 2 32 0.08836 0.129553 1
g4 2 43 g4 2 32 0.113824 0.104682 1
g4 2 40 g4 2 32 0.107519 0.189227 1
g4 2 44 g4 2 39 0.11664 0.150614 1
g4 2 31 g4 2 30 0.085752 0.0719758 1
g4 2 43 g4 2 39 0.114351 0.100572 1
g4 2 48 g4 2 39 0.125769 0.11545 1
g4 2 39 g4 2 40 0.10511 0.0739062 1
g4 2 43 g4 2 30 0.113768 0.099075 1
g5 2 41 g5 2 48 0.111368 0.0936454 1
g5 2 43 g5 2 42 0.115324 0.0802734 1
g5 2 42 g5 2 50 0.113036 0.110121 1
g5 2 40 g5 2 50 0.108135 0.126498 1
g5 2 34 g5 2 48 0.094865 0.167191 1
g5 2 40 g5 2 48 0.108758 0.10047 1
g5 2 39 g4 2 32 0.105622 0.19223 1
g5 2 44 g5 2 48 0.11763 0.179595 1
g5 2 38 g5 2 49 0.103995 0.208098 1
g5 2 31 g5 2 30 0.086842 0.119656 1
g5 2 33 g5 2 33 0.092143 0.123368 1
g5 2 39 g5 2 33 0.105631 0.114927 1
g5 2 32 g5 2 40 0.08915 0.147538 1
g5 2 34 g4 2 29 0.094486 0.192093 1
g5 2 41 g5 2 49 0.110492 0.168088 1
g5 2 37 g5 2 33 0.100883 0.206707 1
g5 2 36 g5 2 49 0.098753 0.176142 1
g5 2 33 g5 2 33 0.092152 0.183825 1
g5 2 36 g5 2 49 0.099371 0.169152 1
g5 2 36 g4 2 29 0.099369 0.176426 1
g5 2 37 g5 2 49 0.101361 0.142442 1
g5 2 36 g4 2 29 0.098593 0.174111 1
g5 2 37 g4 2 29 0.100853 0.209175 1
g5 2 36 g5 2 48 0.098729 0.172507 1
g5 2 39 g5 2 48 0.106214 0.13397 1
g5 2 39 g5 2 52 0.105978 0.154602 1
g5 2 37 g4 2 29 0.101494 0.149926 1
g5 2 37 g5 2 52 0.101227 0.168346 1
g5 2 38 g5 2 49 0.102918 0.216505 1
g5 2 38 g5 2 48 0.104299 0.163797 1
g5 2 36 g4 2 32 0.098849 0.192569 1
g5 2 37 g5 2 48 0.101541 0.131962 1
g5 2 35 g5 2 47 0.096742 0.142198 1
g5 2 37 g5 2 48 0.102247 0.14226 1
g5 2 37 g5 2 47 0.101226 0.144625 1
g5 2 41 g5 2 47 0.111058 0.101672 1
g5 2 53 g5 2 49 0.137741 0.12125 1
g5 2 38 g5 2 47 0.104296 0.0936596 1
g5 2 45 g5 2 50 0.119555 0.0808529 1
g5 2 45 g5 2 47 0.121277 0.120769 1
g5 2 48 g5 2 57 0.127847 0.133671 1
g5 2 45 g5 2 57 0.121078 0.0969753 1
g5 2 45 g5 2 52 0.120839 0.102699 1
g5 2 48 g5 2 49 0.128789 0.0952967 1
g5 2 45 g5 2 50 0.120352 0.0759647 1
g6 2 38 g6 2 36 0.102251 0.0832649 1
g6 2 37 g6 2 36 0.099929 0.0919877 1
g6 2 40 g6 2 32 0.106453 0.104036 1
g6 2 39 g6 2 32 0.10436 0.177701 1
g6 2 33 g6 2 36 0.091731 0.0739164 1
g6 2 32 g6 2 38 0.088383 0.121687 1
g6 2 35 g6 2 36 0.095304 0.0944504 1
g6 2 36 g6 2 36 0.097658 0.131658 1
g6 2 34 g6 2 36 0.093229 0.102656 1
g6 2 30 g6 2 36 0.083243 0.105279 1
g6 2 37 g6 2 35 0.100069 0.14888 1
g6 2 40 g6 2 57 0.106911 0.0781961 1
g6 2 39 g6 2 39 0.104732 0.0718683 1
g6 2 29 g6 2 36 0.081308 0.12352 1
g6 2 34 g6 2 39 0.09374 0.164024 1
g6 2 39 g6 2 37 0.104897 0.0867312 1
g6 2 33 g6 2 36 0.091845 0.0986273 1
g6 2 41 g6 2 37 0.108961 0.0893568 1
g6 2 34 g6 2 36 0.093182 0.0844872 1
g6 2 33 g6 2 36 0.092329 0.141988 1
g6 2 39 g6 2 36 0.104407 0.0943078 1
g6 2 54 g6 2 36 0.139004 0.153552 1
g6 2 36 g6 2 37 0.097789 0.100885 1
g6 2 32 g6 2 37 0.088654 0.123474 1
g6 2 34 g6 2 36 0.093571 0.119653 1
g6 2 33 g6 2 32 0.091456 0.235521 1
g6 2 42 g6 2 36 0.111533 0.113696 1
g6 2 33 g6 2 36 0.091388 0.0889257 1
g6 2 33 g6 2 36 0.091001 0.0953035 1
g6 2 27 g6 2 31 0.076304 0.105149 1
g6 2 30 g6 2 32 0.083167 0.0827278 1
g6 2 31 g6 2 32 0.085197 0.112569 1
g6 2 49 g6 2 45 0.127965 0.369142 1
g6 2 37 g1 2 27 0.100478 0.24954 1
g6 2 30 g6 2 31 0.083596 0.0481761 1
g6 2 31 g6 2 33 0.08565 0.0835578 1
g6 2 33 g6 2 33 0.090715 0.0749726 1
g6 2 31 g6 2 33 0.085583 0.0741513 1
g6 2 35 g6 2 34 0.095474 0.0786984 1
g6 2 37 g6 2 35 0.09985 0.0650936 1
g6 2 35 g6 2 42 0.095855 0.094644 1
g7 1 35 g7 1 42 0.098333 0.274072 1
g7 1 32 g7 1 40 0.08901 0.213871 1
g7 1 35 g7 1 37 0.096232 0.314541 1
g7 1 36 g7 1 50 0.099191 0.156651 1
g7 1 38 g7 1 32 0.103638 0.283299 1
g7 1 39 g7 1 50 0.106621 0.199292 1
g7 1 32 g7 1 39 0.089163 0.269915 1
g7 1 33 g7 1 34 0.094475 0.128595 1
g7 1 25 g7 1 29 0.072267 0.23025 1
g7 1 30 g3 1 38 0.08575 0.404612 0
g7 1 32 g7 1 31 0.089797 0.224395 1
g7 1 34 g7 1 32 0.094714 0.163102 1
g7 1 34 g7 1 37 0.093431 0.212897 1
g7 1 32 g7 1 27 0.086731 0.175722 1
g7 1 27 g7 1 27 0.076045 0.223942 1
g7 1 31 g7 1 29 0.085942 0.174304 1
g7 1 31 g7 1 26 0.085726 0.169538 1
g7 1 28 g7 1 30 0.078694 0.216126 1
g7 1 29 g7 1 27 0.080978 0.234621 1
g7 1 29 g7 1 26 0.082968 0.163887 1
g7 1 29 g7 1 30 0.084516 0.201632 1
g7 1 25 g7 1 25 0.074373 0.0634586 1
g7 1 37 g1 2 15 0.100529 0.530052 0
g7 1 33 g7 1 33 0.089861 0.236254 1
g7 1 43 g7 1 26 0.113916 0.325197 1
g7 1 35 g7 1 46 0.09517 0.348845 1
g7 1 32 g2 2 21 0.088921 0.420181 0
g7 1 36 g7 1 35 0.097976 0.16725 1
g7 1 33 g1 2 15 0.092473 0.551134 0
g7 1 34 g7 1 36 0.092096 0.358404 1
g7 1 34 g7 1 34 0.093209 0.230783 1
g7 1 42 g7 1 45 0.112591 0.299935 1
g7 1 37 g7 1 41 0.101502 0.295442 1
g7 1 38 g7 1 33 0.10395 0.215944 1
g7 1 44 g7 1 31 0.116496 0.208828 1
g7 1 66 g7 1 41 0.160775 0.282145 1
g7 1 32 g7 1 37 0.089042 0.24747 1
g7 1 33 g7 1 48 0.09051 0.259356 1
g7 1 37 g7 1 41 0.102139 0.258088 1
g7 1 38 g7 1 37 0.102815 0.234551 1
g7 1 43 g7 1 39 0.115375 0.261738 1
g7 1 46 g7 1 43 0.123966 0.186543 1
g7 1 30 g7 1 31 0.083792 0.263501 1
g7 1 48 g7 1 38 0.127596 0.179544 1
g7 1 19 g7 1 34 0.059892 0.362941 1
g7 1 33 g7 1 49 0.092808 0.362298 1
g7 1 34 g7 1 32 0.09586 0.154278 1
g7 1 34 g7 1 29 0.095362 0.281279 1
g7 1 35 g7 1 29 0.09689 0.218815 1
g7 1 47 g7 1 39 0.124699 0.239458 1
g7 1 31 g7 1 27 0.085856 0.320248 1
g7 1 31 g7 1 31 0.087404 0.258225 1
g7 1 40 g7 1 43 0.108906 0.168175 1
g7 1 59 g7 1 43 0.15353 0.298299 1
g7 1 54 g7 1 50 0.141134 0.245747 1
g7 1 52 g7 1 35 0.136713 0.381369 1
g7 1 51 g7 1 50 0.134151 0.22973 1
g7 1 33 g7 1 33 0.104497 0.226786 1
g7 1 49 g7 1 46 0.12921 0.164696 1
g7 1 41 g7 1 45 0.109151 0.208928 1
g7 1 45 g7 1 46 0.11863 0.158187 1
g7 1 43 g7 1 43 0.114638 0.191376 1
g7 1 45 g7 1 46 0.120346 0.173496 1
