g1 2 24 g6 2 32 0.07392 0.17794 1
g1 2 23 g6 2 34 0.071618 0.194198 0
g1 2 27 g6 2 25 0.080911 0.15724 1
g1 2 42 g1 2 24 0.125203 0.123816 1
g1 2 33 g2 2 17 0.095594 0.187198 1
g1 2 29 g1 2 25 0.086289 0.155603 1
g1 2 31 g1 2 28 0.090055 0.130341 1
g1 2 20 g1 2 27 0.065401 0.114622 1
g1 2 24 g1 2 33 0.073657 0.163865 1
g1 2 28 g1 2 25 0.083166 0.160339 1
g1 2 21 g1 2 31 0.06755 0.14073 1
g1 2 26 g1 2 22 0.07804 0.114373 1
g1 2 25 g1 2 25 0.076108 0.0740661 1
g1 2 25 g1 2 25 0.076409 0.125881 1
g1 2 28 g1 2 25 0.082851 0.0868187 1
g1 2 54 g6 2 38 0.140376 0.204369 1
g1 2 26 g1 2 22 0.07914 0.0972668 1
g1 2 37 g6 2 36 0.105337 0.215971 0
g1 2 20 g6 2 31 0.065421 0.134031 1
g1 2 24 g6 2 34 0.074047 0.199984 0
g1 2 21 g6 2 32 0.067643 0.150999 1
g1 2 28 g6 2 30 0.082732 0.173621 1
g1 2 22 g2 2 17 0.069537 0.193526 1
g1 2 24 g1 2 19 0.073483 0.0891945 1
g1 2 23 g1 2 20 0.071579 0.0969903 1
g1 2 32 g1 2 29 0.092877 0.134032 1
g1 2 30 g1 2 26 0.087053 0.148789 1
g1 2 39 g1 2 26 0.109605 0.259161 0
g1 2 29 g1 2 24 0.084802 0.203512 1
g1 2 29 g1 2 37 0.085569 0.106583 1
g1 2 23 g1 2 25 0.071554 0.0915781 1
g1 2 23 g1 2 24 0.071775 0.174426 0
g1 2 19 g1 2 26 0.063157 0.085179 1
g1 2 28 g1 2 28 0.082674 0.210505 0
g1 2 23 g1 2 29 0.071728 0.236403 0
g1 2 24 g1 2 24 0.073772 0.164906 1
g1 2 30 g1 2 24 0.086768 0.170312 1
g1 2 24 g1 2 26 0.073807 0.146705 1
g1 2 22 g1 2 23 0.069353 0.160308 1
g1 2 23 g1 2 24 0.071701 0.136293 1
g1 2 26 g1 2 26 0.078791 0.157024 1
g1 2 28 g1 2 28 0.082495 0.208836 1
g1 2 23 g1 2 25 0.07152 0.184867 0
g1 2 24 g1 2 24 0.073863 0.181988 0
g1 2 28 g1 2 24 0.082842 0.185135 1
g1 2 21 g1 2 28 0.067357 0.252151 0
g1 2 26 g6 2 36 0.07807 0.200933 0
g1 2 28 g6 2 34 0.082685 0.212761 0
g1 2 22 g6 2 37 0.070017 0.187049 1
g1 2 27 g6 2 34 0.080183 0.136433 1
g1 2 37 g2 2 17 0.105432 0.214004 1
g1 2 25 g6 2 25 0.076423 0.166234 1
g1 2 33 g2 2 17 0.095473 0.175786 1
g1 2 22 g1 2 18 0.069348 0.0772465 1
g1 2 20 g1 2 18 0.06482 0.0702443 1
g1 2 16 g1 2 17 0.057722 0.0958116 1
g1 2 16 g1 2 16 0.057331 0.0742667 1
g1 2 17 g1 2 17 0.05916 0.0748685 1
g1 2 17 g1 2 17 0.058983 0.0620692 1
g1 2 19 g1 2 18 0.06279 0.0683333 1
g1 2 16 g1 2 17 0.05716 0.105744 1
g2 2 15 g2 2 14 0.054704 0.102187 1
g2 2 15 g2 2 14 0.055096 0.10185 1
g2 2 17 g2 2 17 0.058585 0.181372 1
g2 2 14 g2 2 14 0.052716 0.155059 1
g2 2 15 g2 2 14 0.05545 0.154887 1
g2 2 13 g2 2 17 0.050891 0.164817 1
g2 2 14 g2 2 14 0.052998 0.13909 1
g2 2 15 g2 2 14 0.055077 0.110691 1
g2 2 15 g2 2 14 0.05492 0.179236 1
g2 2 29 g2 2 26 0.085633 0.139318 1
g2 2 16 g2 2 14 0.057287 0.110161 1
g2 2 15 g2 2 14 0.055138 0.100015 1
g2 2 15 g2 2 14 0.054846 0.119707 1
g2 2 16 g2 2 14 0.057054 0.121027 1
g2 2 16 g2 2 14 0.057136 0.173813 1
g2 2 15 g2 2 14 0.054954 0.140784 1
g2 2 12 g2 2 17 0.048351 0.269356 0
g2 2 15 g2 2 14 0.054915 0.092682 1
g2 2 16 g2 2 14 0.056874 0.101305 1
g2 2 15 g2 2 14 0.055244 0.158697 1
g2 2 16 g2 2 14 0.057322 0.13721 1
g2 2 16 g2 2 14 0.057438 0.214676 1
g2 2 14 g2 2 14 0.052649 0.148629 1
g2 2 17 g2 2 14 0.059 0.10577 1
g2 2 18 g2 2 17 0.060691 0.169768 0
g2 2 15 g2 2 14 0.055049 0.174605 1
g2 2 15 g2 2 17 0.055093 0.236373 0
g2 2 16 g2 2 14 0.057359 0.175869 1
g2 2 18 g2 2 14 0.061241 0.137793 1
g2 2 31 g2 2 28 0.090828 0.126317 1
g2 2 28 g2 2 27 0.083044 0.154631 1
g2 2 29 g2 2 26 0.085633 0.139835 1
g2 2 25 g2 2 26 0.076419 0.145608 1
g2 2 20 g2 2 21 0.065284 0.141188 1
g2 2 22 g2 2 21 0.069636 0.116212 1
g2 2 32 g2 2 29 0.095178 0.128335 1
g2 2 23 g2 2 21 0.072026 0.096611 1
g2 2 20 g2 2 21 0.065243 0.0919244 1
g2 2 19 g2 2 21 0.063027 0.0917693 1
g2 2 21 g2 2 21 0.066047 0.0850921 1
g2 2 20 g2 2 21 0.067397 0.0905802 1
g2 2 21 g2 2 21 0.067889 0.0696447 1
g2 2 19 g2 2 21 0.064825 0.111867 1
g2 2 22 g2 2 21 0.069989 0.0774176 1
g2 2 22 g2 2 21 0.069742 0.0948557 1
g2 2 25 g2 2 23 0.076232 0.152061 1
g2 2 17 g2 2 24 0.059111 0.137865 1
g2 2 22 g2 2 21 0.069425 0.0837894 1
g2 2 42 g2 2 28 0.11756 0.160804 1
g2 2 22 g2 2 22 0.069121 0.0964792 1
g2 2 27 g2 2 23 0.080554 0.0798759 1
g2 2 27 g1 2 31 0.080437 0.219936 0
g2 2 21 g2 2 21 0.067047 0.115142 1
g2 2 19 g2 2 21 0.064806 0.0974426 1
g2 2 24 g1 2 33 0.073271 0.127458 1
g2 2 22 g2 2 21 0.069511 0.112631 1
g2 2 26 g1 2 27 0.078144 0.202682 0
g2 2 24 g2 2 28 0.073874 0.128112 1
g2 2 21 g2 2 29 0.067353 0.125182 1
g2 2 29 g2 2 28 0.085098 0.116633 1
g2 2 19 g2 2 21 0.063108 0.102651 1
g2 2 21 g1 2 33 0.06786 0.312074 0
g2 2 30 g2 2 25 0.087369 0.164235 1
g2 2 16 g2 2 14 0.056926 0.14913 1
g2 2 14 g2 2 14 0.052651 0.130177 1
g2 2 15 g2 2 14 0.055022 0.0820335 1
g3 1 36 g3 1 46 0.107994 0.333223 0
g3 1 35 g3 1 43 0.101872 0.221946 0
g3 1 49 g3 1 42 0.134664 0.30178 0
g3 1 52 g3 1 37 0.142474 0.246502 0
g3 1 55 g1 2 30 0.146017 0.418822 0
g3 1 49 g3 1 37 0.135846 0.259881 0
g3 1 47 g3 1 42 0.129694 0.382952 0
g3 1 47 g3 1 41 0.131059 0.282962 0
g3 1 44 g3 1 45 0.122949 0.289696 0
g3 1 43 g3 1 46 0.122207 0.297558 0
g3 1 44 g3 1 57 0.123905 0.28128 0
g3 1 47 g3 1 46 0.129188 0.232351 0
g3 1 46 g3 1 43 0.127465 0.247889 0
g3 1 47 g3 1 64 0.130578 0.222787 0
g3 1 44 g3 1 47 0.123347 0.51036 0
g3 1 44 g3 1 40 0.122387 0.258832 0
g3 1 41 g3 1 42 0.116201 0.209816 0
g3 1 56 g1 2 26 0.155622 0.386249 0
g3 1 48 g3 1 41 0.132809 0.251072 0
g3 1 48 g3 1 42 0.133823 0.221803 0
g3 1 50 g3 1 47 0.137534 0.226277 0
g3 1 48 g3 1 57 0.133768 0.221905 0
g3 1 46 g3 1 41 0.127715 0.25135 0
g3 1 43 g3 1 37 0.12155 0.253234 0
g3 1 47 g3 1 42 0.130846 0.316508 0
g3 1 44 g3 1 38 0.122824 0.28715 0
g3 1 50 g3 1 53 0.140105 0.32382 0
g3 1 66 g3 1 42 0.175797 0.284562 0
g3 1 58 g1 2 35 0.158183 0.4447 0
g3 1 50 g3 1 39 0.136264 0.201403 0
g3 1 57 g3 1 60 0.154009 0.228523 0
g3 1 53 g3 1 41 0.144272 0.280706 0
g3 1 49 g3 1 40 0.135062 0.220627 1
g3 1 51 g3 1 42 0.140969 0.247319 0
g3 1 52 g3 1 47 0.140624 0.263802 0
g3 1 50 g3 1 59 0.136455 0.273868 0
g3 1 51 g3 1 32 0.140852 0.32566 0
g3 1 59 g3 1 69 0.156704 0.265699 0
g3 1 61 g3 1 69 0.16214 0.260838 0
g3 1 46 g3 1 43 0.129452 0.385294 0
g3 1 28 g3 1 47 0.097133 0.823248 0
g3 1 49 g3 1 44 0.136161 0.300426 0
g3 1 42 g3 1 40 0.118944 0.212795 0
g3 1 40 g3 1 41 0.111795 0.20749 0
g3 1 42 g3 1 42 0.11596 0.230677 0
g3 1 44 g3 1 47 0.120594 0.308949 0
g3 1 39 g3 1 38 0.109686 0.342217 0
g3 1 43 g3 1 42 0.121162 0.173902 0
g3 1 40 g3 1 37 0.114257 0.222896 0
g3 1 39 g3 1 47 0.111401 0.313576 0
g3 1 43 g3 1 47 0.119359 0.257709 0
g4 2 37 g4 2 31 0.105118 0.214003 1
g4 2 37 g4 2 42 0.106327 0.0776266 1
g4 2 44 g4 2 45 0.122373 0.166957 1
g4 2 44 g4 2 42 0.122677 0.168567 1
g4 2 41 g4 2 46 0.114874 0.126684 1
g4 2 42 g4 2 51 0.118141 0.146778 1
g4 2 50 g3 1 44 0.138901 0.269455 0
g4 2 42 g4 2 42 0.117384 0.171182 1
g4 2 49 g4 2 48 0.136136 0.160702 1
g4 2 47 g4 2 49 0.13013 0.169863 1
g4 2 46 g4 2 46 0.126746 0.137917 1
g4 2 48 g4 2 51 0.132249 0.118121 1
g4 2 52 g4 2 51 0.14193 0.0872918 1
g4 2 45 g4 2 31 0.124968 0.128089 1
g4 2 30 g4 2 43 0.08708 0.145188 1
g4 2 31 g4 2 30 0.089719 0.0783236 1
g4 2 30 g4 2 29 0.087274 0.0842569 1
g4 2 33 g4 2 34 0.095818 0.155891 1
g4 2 31 g4 2 33 0.08992 0.107021 1
g4 2 34 g4 2 34 0.098355 0.120714 1
g4 2 35 g4 2 40 0.10027 0.0921291 1
g4 2 36 g4 2 32 0.102724 0.107127 1
g4 2 40 g4 2 48 0.112022 0.157677 1
g4 2 30 g4 2 32 0.088804 0.11523 1
g4 2 37 g4 2 35 0.105904 0.0999789 1
g4 2 37 g4 2 37 0.105097 0.0565179 1
g4 2 41 g4 2 36 0.114661 0.0927801 1
g4 2 41 g4 2 43 0.11453 0.114147 1
g4 2 46 g4 2 32 0.126246 0.101447 1
g4 2 46 g4 2 34 0.126291 0.113267 1
g4 2 31 g4 2 37 0.089274 0.0959691 1
g4 2 31 g4 2 33 0.090072 0.104216 1
g4 2 33 g4 2 34 0.096253 0.089046 1
g4 2 34 g4 2 34 0.09852 0.140114 1
g4 2 45 g4 2 34 0.125641 0.10591 1
g4 2 42 g4 2 34 0.117883 0.195535 1
g4 2 46 g4 2 41 0.129295 0.155241 1
g4 2 33 g4 2 32 0.095588 0.0741323 1
g4 2 45 g4 2 41 0.124785 0.101616 1
g4 2 50 g4 2 41 0.137328 0.114166 1
g4 2 41 g4 2 42 0.11519 0.0754929 1
g4 2 45 g4 2 32 0.125601 0.102621 1
g5 2 43 g5 2 48 0.122153 0.0971744 1
g5 2 45 g5 2 44 0.125055 0.0816019 1
g5 2 44 g5 2 52 0.123867 0.109662 1
g5 2 42 g5 2 52 0.118073 0.124991 1
g5 2 36 g5 2 50 0.104146 0.17394 1
g5 2 42 g5 2 50 0.118995 0.10384 1
g5 2 41 g4 2 34 0.11634 0.196252 1
g5 2 46 g5 2 50 0.128743 0.189313 1
g5 2 40 g5 2 51 0.113369 0.211937 1
g5 2 33 g5 2 32 0.097524 0.123541 1
g5 2 35 g5 2 35 0.101634 0.127559 1
g5 2 41 g5 2 35 0.11558 0.116069 1
g5 2 34 g5 2 33 0.098817 0.167177 1
g5 2 36 g4 2 31 0.103672 0.194451 1
g5 2 43 g5 2 51 0.120751 0.16659 1
g5 2 39 g5 2 52 0.110052 0.223702 1
g5 2 38 g5 2 51 0.10827 0.17723 1
g5 2 35 g5 2 35 0.101761 0.193171 1
g5 2 38 g5 2 51 0.109952 0.171682 1
g5 2 38 g4 2 31 0.10862 0.179745 1
g5 2 39 g5 2 51 0.110875 0.145158 1
g5 2 38 g4 2 31 0.10805 0.182144 1
g5 2 39 g4 2 36 0.111062 0.223905 0
g5 2 38 g5 2 50 0.108433 0.172716 1
g5 2 41 g5 2 50 0.116365 0.134535 1
g5 2 41 g5 2 54 0.116092 0.156904 1
g5 2 39 g4 2 31 0.110934 0.154788 1
g5 2 39 g5 2 54 0.111639 0.169673 1
g5 2 40 g5 2 51 0.112897 0.220685 1
g5 2 40 g5 2 51 0.113814 0.173265 1
g5 2 38 g4 2 31 0.108638 0.184001 1
g5 2 39 g5 2 50 0.111306 0.134244 1
g5 2 37 g5 2 45 0.107029 0.133308 1
g5 2 39 g5 2 50 0.112445 0.152698 1
g5 2 39 g5 2 49 0.110542 0.14648 1
g5 2 43 g5 2 49 0.120965 0.105347 1
g5 2 55 g5 2 51 0.150673 0.123206 1
g5 2 40 g5 2 49 0.114137 0.0955829 1
g5 2 47 g5 2 52 0.13016 0.083783 1
g5 2 47 g5 2 49 0.131928 0.126546 1
g5 2 50 g5 2 59 0.138567 0.137976 1
g5 2 47 g5 2 55 0.131748 0.0960784 1
g5 2 47 g5 2 54 0.131876 0.106638 1
g5 2 50 g5 2 51 0.139204 0.100387 1
g5 2 47 g5 2 48 0.131452 0.0650965 1
g6 2 40 g6 2 38 0.112544 0.083175 1
g6 2 39 g6 2 38 0.109574 0.0953195 1
g6 2 42 g6 2 38 0.115816 0.0928561 1
g6 2 41 g6 2 34 0.114562 0.186681 0
g6 2 35 g6 2 38 0.100456 0.0746636 1
g6 2 34 g6 2 34 0.098076 0.133747 1
g6 2 37 g6 2 38 0.105397 0.0972487 1
g6 2 38 g6 2 38 0.107222 0.13291 1
g6 2 36 g6 2 38 0.102457 0.106651 1
g6 2 32 g6 2 38 0.092461 0.106965 1
g6 2 39 g6 2 37 0.109553 0.158648 1
g6 2 42 g6 2 59 0.117212 0.0806673 1
g6 2 41 g6 2 41 0.114672 0.0722909 1
g6 2 31 g6 2 38 0.089845 0.121881 1
g6 2 36 g6 2 41 0.103179 0.165956 1
g6 2 41 g6 2 39 0.114267 0.0874991 1
g6 2 35 g6 2 38 0.100718 0.0999042 1
g6 2 43 g6 2 39 0.118838 0.0893298 1
g6 2 36 g6 2 38 0.102507 0.0858735 1
g6 2 35 g6 2 38 0.100625 0.143103 1
g6 2 41 g6 2 38 0.114493 0.0953615 1
g6 2 56 g6 2 38 0.150954 0.112614 1
g6 2 38 g6 2 39 0.107479 0.102929 1
g6 2 34 g6 2 39 0.098113 0.12231 1
g6 2 36 g6 2 38 0.102356 0.120256 1
g6 2 35 g6 2 44 0.101094 0.250265 0
g6 2 44 g6 2 38 0.122118 0.115719 1
g6 2 35 g6 2 38 0.100888 0.0915789 1
g6 2 35 g6 2 38 0.100097 0.0938618 1
g6 2 29 g6 2 33 0.085068 0.102225 1
g6 2 32 g6 2 34 0.092638 0.0872025 1
g6 2 33 g6 2 34 0.098238 0.119237 1
g6 2 51 g6 2 49 0.139674 0.354557 0
g6 2 39 g1 2 25 0.110024 0.256252 0
g6 2 32 g6 2 33 0.092434 0.0489091 1
g6 2 33 g6 2 35 0.095593 0.0869931 1
g6 2 35 g6 2 35 0.100057 0.0761341 1
g6 2 33 g6 2 35 0.095673 0.0791336 1
g6 2 37 g6 2 36 0.104529 0.0803105 1
g6 2 39 g6 2 37 0.109947 0.0712027 1
g6 2 37 g6 2 44 0.104862 0.0961247 1
g7 1 37 g7 1 44 0.10824 0.284241 0
g7 1 34 g7 1 42 0.098411 0.224965 1
g7 1 37 g7 1 39 0.105529 0.323346 0
g7 1 38 g7 1 52 0.109117 0.162606 1
g7 1 40 g7 1 34 0.112268 0.290341 0
g7 1 41 g7 1 41 0.116714 0.267993 0
g7 1 34 g7 1 46 0.099647 0.307843 0
g7 1 35 g7 1 36 0.103293 0.13242 1
g7 1 27 g7 1 31 0.080467 0.229789 0
g7 1 32 g3 1 40 0.095137 0.432231 0
g7 1 34 g7 1 33 0.098998 0.228633 0
g7 1 36 g7 1 34 0.10438 0.171633 1
g7 1 36 g7 1 39 0.102524 0.221973 1
g7 1 34 g7 1 29 0.096937 0.191086 0
g7 1 29 g7 1 29 0.084751 0.22992 0
g7 1 33 g7 1 31 0.096169 0.183853 0
g7 1 33 g7 1 28 0.096153 0.179065 0
g7 1 30 g7 1 32 0.087297 0.223571 0
g7 1 31 g7 1 29 0.089705 0.24925 0
g7 1 31 g7 1 28 0.091237 0.164834 1
g7 1 31 g7 1 32 0.090899 0.209471 0
g7 1 27 g7 1 27 0.082119 0.0629575 1
g7 1 39 g1 2 17 0.110082 0.578516 0
g7 1 35 g7 1 35 0.100385 0.240379 0
g7 1 45 g7 1 28 0.124444 0.33521 0
g7 1 37 g7 1 48 0.104382 0.365188 0
g7 1 34 g2 2 23 0.098297 0.458612 0
g7 1 38 g7 1 37 0.107769 0.169295 1
g7 1 35 g1 2 17 0.101776 0.602471 0
g7 1 36 g7 1 38 0.101541 0.375783 0
g7 1 36 g7 1 36 0.10236 0.21929 0
g7 1 44 g7 1 47 0.121998 0.305902 0
g7 1 39 g7 1 43 0.111218 0.305301 0
g7 1 40 g7 1 35 0.113197 0.224363 0
g7 1 46 g7 1 33 0.126827 0.209283 1
g7 1 68 g7 1 43 0.174139 0.286404 0
g7 1 34 g7 1 51 0.098549 0.34738 0
g7 1 35 g7 1 46 0.099874 0.270879 0
g7 1 39 g7 1 50 0.115025 0.307819 0
g7 1 40 g7 1 39 0.112795 0.23487 1
g7 1 45 g7 1 41 0.125149 0.28276 0
g7 1 48 g7 1 45 0.135526 0.196207 1
g7 1 32 g7 1 34 0.092756 0.314379 0
g7 1 50 g7 1 40 0.139408 0.185094 1
g7 1 21 g7 1 36 0.067483 0.36312 0
g7 1 35 g7 1 51 0.102518 0.377438 0
g7 1 36 g7 1 34 0.105096 0.159756 1
g7 1 36 g7 1 31 0.104682 0.279676 0
g7 1 37 g7 1 31 0.105749 0.22345 0
g7 1 49 g7 1 41 0.134709 0.244665 0
g7 1 33 g7 1 29 0.095902 0.332379 0
g7 1 33 g7 1 33 0.097228 0.272874 0
g7 1 42 g7 1 45 0.118795 0.170913 1
g7 1 61 g7 1 45 0.166255 0.305385 0
g7 1 56 g7 1 52 0.15241 0.246406 0
g7 1 54 g7 1 37 0.147478 0.398754 0
g7 1 53 g7 1 52 0.145072 0.231176 0
g7 1 35 g7 1 35 0.114487 0.242307 0
g7 1 51 g7 1 48 0.140525 0.167855 0
g7 1 43 g7 1 47 0.11946 0.222068 0
g7 1 47 g7 1 48 0.129348 0.168317 0
g7 1 45 g7 1 45 0.125286 0.191058 0
g7 1 47 g7 1 48 0.131227 0.173907 1
