g1 2 22 g6 2 30 0.065913 0.169768 1
g1 2 21 g6 2 32 0.063982 0.182766 1
g1 2 25 g6 2 23 0.072522 0.142628 1
g1 2 40 g1 2 22 0.113926 0.122917 1
g1 2 31 g2 2 15 0.086354 0.192795 1
g1 2 27 g1 2 23 0.076554 0.153719 1
g1 2 29 g1 2 26 0.080789 0.127131 1
g1 2 18 g1 2 25 0.058094 0.11378 1
g1 2 22 g1 2 25 0.065906 0.13298 1
g1 2 26 g1 2 23 0.074212 0.159024 1
g1 2 19 g1 2 20 0.060137 0.140108 1
g1 2 24 g1 2 20 0.070426 0.1084 1
g1 2 23 g1 2 23 0.068756 0.0709912 1
g1 2 23 g1 2 23 0.067993 0.124063 1
g1 2 26 g1 2 26 0.074201 0.0804248 1
g1 2 52 g6 2 36 0.125553 0.200435 1
g1 2 24 g1 2 20 0.073862 0.0998263 1
g1 2 35 g6 2 34 0.095968 0.203915 1
g1 2 18 g6 2 29 0.057783 0.130181 1
g1 2 22 g6 2 32 0.066242 0.189666 1
g1 2 19 g6 2 30 0.0596 0.141693 1
g1 2 26 g6 2 28 0.07413 0.162342 1
g1 2 20 g2 2 15 0.061741 0.191332 1
g1 2 22 g1 2 17 0.065499 0.0826369 1
g1 2 21 g1 2 18 0.063986 0.0905276 1
g1 2 30 g1 2 27 0.08288 0.133558 1
g1 2 28 g1 2 24 0.07834 0.151798 1
g1 2 37 g1 2 24 0.099562 0.252167 1
g1 2 27 g1 2 22 0.076188 0.202364 1
g1 2 27 g1 2 35 0.076504 0.106825 1
g1 2 21 g1 2 23 0.063377 0.0890126 1
g1 2 21 g1 2 22 0.064234 0.16291 1
g1 2 17 g1 2 24 0.05595 0.0803424 1
g1 2 26 g1 2 23 0.0744 0.224511 1
g1 2 21 g1 2 27 0.064256 0.239584 1
g1 2 22 g1 2 22 0.065779 0.156561 1
g1 2 28 g1 2 22 0.078327 0.164012 1
g1 2 22 g1 2 22 0.065922 0.158704 1
g1 2 20 g1 2 21 0.06176 0.163986 1
g1 2 21 g1 2 22 0.063664 0.127 1
g1 2 24 g1 2 24 0.070089 0.157281 1
g1 2 26 g1 2 26 0.074192 0.208272 1
g1 2 21 g1 2 23 0.064098 0.184014 1
g1 2 22 g1 2 22 0.066294 0.171721 1
g1 2 26 g1 2 22 0.074207 0.166915 1
g1 2 19 g1 2 26 0.059918 0.235 1
g1 2 24 g6 2 34 0.070727 0.18875 1
g1 2 26 g6 2 32 0.0746 0.197104 1
g1 2 20 g6 2 35 0.061754 0.172626 1
g1 2 25 g6 2 37 0.072512 0.129048 1
g1 2 35 g2 2 15 0.095796 0.221742 1
g1 2 23 g6 2 23 0.068287 0.151302 1
g1 2 31 g2 2 15 0.085152 0.17079 1
g1 2 20 g1 2 16 0.061464 0.074766 1
g1 2 18 g1 2 16 0.057776 0.0666175 1
g1 2 14 g1 2 16 0.050357 0.097091 1
g1 2 14 g1 2 14 0.049811 0.0732514 1
g1 2 15 g1 2 15 0.052364 0.0769861 1
g1 2 15 g1 2 15 0.054108 0.0601426 1
g1 2 17 g1 2 16 0.056079 0.0660645 1
g1 2 14 g1 2 15 0.050252 0.111548 1
g2 2 13 g2 2 12 0.048801 0.104895 1
g2 2 13 g2 2 12 0.048669 0.100152 1
g2 2 15 g2 2 15 0.052724 0.181384 1
g2 2 12 g2 2 12 0.046121 0.149102 1
g2 2 13 g2 2 12 0.048698 0.151942 1
g2 2 11 g2 2 15 0.044974 0.165786 1
g2 2 12 g2 2 12 0.045859 0.125499 1
g2 2 13 g2 2 12 0.048407 0.10506 1
g2 2 13 g2 2 12 0.048423 0.16345 1
g2 2 27 g2 2 24 0.076881 0.131999 1
g2 2 14 g2 2 12 0.050271 0.107382 1
g2 2 13 g2 2 12 0.048932 0.106109 1
g2 2 13 g2 2 12 0.048658 0.120002 1
g2 2 14 g2 2 12 0.050415 0.127057 1
g2 2 14 g2 2 12 0.0502 0.180586 1
g2 2 13 g2 2 12 0.0487 0.142003 1
g2 2 10 g2 2 15 0.042024 0.257722 1
g2 2 13 g2 2 12 0.048936 0.0980197 1
g2 2 14 g2 2 12 0.050013 0.105194 1
g2 2 13 g2 2 12 0.04869 0.161468 1
g2 2 14 g2 2 12 0.050218 0.143054 1
g2 2 14 g2 2 12 0.050898 0.214652 1
g2 2 12 g2 2 12 0.045756 0.142436 1
g2 2 15 g2 2 12 0.052156 0.101405 1
g2 2 16 g2 2 15 0.053833 0.171857 1
g2 2 13 g2 2 12 0.048512 0.160181 1
g2 2 13 g2 2 15 0.048368 0.242999 1
g2 2 14 g2 2 12 0.050064 0.163168 1
g2 2 16 g2 2 12 0.05411 0.134649 1
g2 2 29 g2 2 26 0.081361 0.119545 1
g2 2 26 g2 2 25 0.074724 0.152066 1
g2 2 27 g2 2 24 0.077232 0.135915 1
g2 2 23 g1 2 21 0.070132 0.27101 1
g2 2 18 g2 2 20 0.060048 0.108109 1
g2 2 20 g2 2 19 0.063042 0.111781 1
g2 2 30 g2 2 27 0.087038 0.124809 1
g2 2 21 g2 2 22 0.065351 0.0915402 1
g2 2 18 g2 2 21 0.058137 0.09341 1
g2 2 17 g2 2 19 0.05631 0.0936848 1
g2 2 19 g2 2 19 0.061959 0.0877324 1
g2 2 18 g2 2 19 0.062073 0.0914348 1
g2 2 19 g2 2 19 0.062419 0.0712885 1
g2 2 17 g2 2 19 0.062091 0.114198 1
g2 2 20 g2 2 19 0.064989 0.073588 1
g2 2 20 g2 2 19 0.065211 0.0967156 1
g2 2 23 g2 2 21 0.070633 0.144163 1
g2 2 15 g2 2 20 0.054305 0.130696 1
g2 2 20 g2 2 19 0.064197 0.0832217 1
g2 2 40 g2 2 26 0.11018 0.163425 1
g2 2 20 g2 2 20 0.064254 0.0960384 1
g2 2 25 g2 2 21 0.074309 0.0813563 1
g2 2 25 g1 2 29 0.073689 0.220425 1
g2 2 19 g2 2 19 0.060281 0.112486 1
g2 2 17 g2 2 21 0.058428 0.097333 1
g2 2 22 g1 2 31 0.070963 0.122122 1
g2 2 20 g2 2 21 0.064181 0.107351 1
g2 2 24 g1 2 25 0.071737 0.197976 1
g2 2 22 g2 2 26 0.067096 0.120047 1
g2 2 19 g2 2 27 0.067818 0.119208 1
g2 2 27 g2 2 26 0.08943 0.118647 1
g2 2 17 g2 2 19 0.071314 0.100057 1
g2 2 19 g1 2 28 0.086733 0.292518 1
g2 2 28 g2 2 23 0.095862 0.166886 1
g2 2 14 g2 2 12 0.065552 0.14921 1
g2 2 12 g2 2 12 0.050596 0.119037 1
g2 2 13 g2 2 12 0.052773 0.0842657 1
g3 1 34 g3 1 44 0.105293 0.317284 1
g3 1 33 g3 1 46 0.106669 0.219336 1
g3 1 47 g3 1 40 0.14543 0.300735 1
g3 1 50 g3 1 38 0.144178 0.292126 1
g3 1 53 g1 2 28 0.14599 0.394027 1
g3 1 47 g3 1 35 0.135254 0.254261 1
g3 1 45 g3 1 35 0.132527 0.283474 1
g3 1 45 g3 1 39 0.13858 0.271269 1
g3 1 42 g3 1 62 0.132256 0.270819 1
g3 1 41 g3 1 44 0.13409 0.289394 1
g3 1 42 g3 1 55 0.122532 0.278039 1
g3 1 45 g3 1 46 0.128177 0.244614 1
g3 1 44 g3 1 41 0.126753 0.235877 1
g3 1 45 g3 1 58 0.1343 0.252537 1
g3 1 42 g3 1 38 0.132186 0.493665 0
g3 1 42 g3 1 40 0.126868 0.203043 1
g3 1 39 g3 1 40 0.118571 0.203044 1
g3 1 54 g1 2 24 0.159894 0.362888 1
g3 1 46 g3 1 39 0.133005 0.241867 1
g3 1 46 g3 1 40 0.13672 0.209648 1
g3 1 48 g3 1 45 0.139247 0.216754 1
g3 1 46 g3 1 55 0.134869 0.223339 1
g3 1 44 g3 1 39 0.129275 0.239907 1
g3 1 41 g3 1 35 0.122174 0.247535 1
g3 1 45 g3 1 40 0.133904 0.311268 1
g3 1 42 g3 1 36 0.122558 0.292783 1
g3 1 48 g3 1 55 0.144609 0.300204 1
g3 1 64 g3 1 40 0.199849 0.285783 1
g3 1 56 g3 1 36 0.150547 0.289882 1
g3 1 48 g3 1 37 0.12637 0.198829 1
g3 1 55 g3 1 58 0.143111 0.224211 1
g3 1 51 g3 1 39 0.134968 0.271578 1
g3 1 47 g3 1 38 0.12917 0.215558 1
g3 1 49 g3 1 40 0.134137 0.234342 1
g3 1 50 g3 1 45 0.130711 0.252466 1
g3 1 48 g3 1 57 0.130806 0.27381 1
g3 1 49 g3 1 30 0.144884 0.323088 1
g3 1 57 g3 1 67 0.187388 0.266969 1
g3 1 59 g3 1 67 0.16842 0.253434 1
g3 1 44 g3 1 41 0.121642 0.369473 1
g3 1 26 g3 1 45 0.092433 0.815193 0
g3 1 47 g3 1 42 0.136638 0.286109 1
g3 1 40 g3 1 37 0.113649 0.220951 1
g3 1 38 g3 1 39 0.104609 0.198995 1
g3 1 40 g3 1 40 0.108078 0.222099 1
g3 1 42 g3 1 45 0.113477 0.299045 1
g3 1 37 g3 1 36 0.105469 0.333865 1
g3 1 41 g3 1 40 0.117985 0.166086 1
g3 1 38 g3 1 35 0.110325 0.213044 1
g3 1 37 g3 1 45 0.102784 0.298428 1
g3 1 41 g3 1 45 0.112286 0.255173 1
g4 2 35 g4 2 29 0.099617 0.200981 1
g4 2 35 g4 2 40 0.097495 0.074868 1
g4 2 42 g4 2 43 0.114699 0.165537 1
g4 2 42 g4 2 40 0.11373 0.165293 1
g4 2 39 g4 2 44 0.107965 0.123519 1
g4 2 40 g4 2 49 0.108208 0.144795 1
g4 2 48 g3 1 42 0.142063 0.263518 1
g4 2 40 g4 2 40 0.115921 0.163291 1
g4 2 47 g4 2 46 0.132326 0.155578 1
g4 2 45 g4 2 47 0.121624 0.164294 1
g4 2 44 g4 2 44 0.119459 0.139688 1
g4 2 46 g4 2 49 0.124813 0.115756 1
g4 2 50 g4 2 49 0.135388 0.0830325 1
g4 2 43 g4 2 29 0.117421 0.121298 1
g4 2 28 g4 2 31 0.079261 0.135106 1
g4 2 29 g4 2 28 0.081188 0.0741795 1
g4 2 28 g4 2 27 0.080886 0.0812595 1
g4 2 31 g4 2 32 0.086263 0.148538 1
g4 2 29 g4 2 31 0.088753 0.10039 1
g4 2 32 g4 2 32 0.098273 0.113248 1
g4 2 33 g4 2 38 0.100232 0.0895119 1
g4 2 34 g4 2 30 0.100816 0.105078 1
g4 2 38 g4 2 46 0.103015 0.154445 1
g4 2 28 g4 2 30 0.07918 0.111214 1
g4 2 35 g4 2 33 0.099467 0.0928454 1
g4 2 35 g4 2 35 0.099152 0.054118 1
g4 2 39 g4 2 34 0.113145 0.0895005 1
g4 2 39 g4 2 41 0.106096 0.110703 1
g4 2 44 g4 2 30 0.119072 0.100345 1
g4 2 44 g4 2 32 0.118735 0.109677 1
g4 2 29 g4 2 35 0.083513 0.0896642 1
g4 2 29 g4 2 31 0.082149 0.0966102 1
g4 2 31 g4 2 32 0.085935 0.0844094 1
g4 2 32 g4 2 32 0.089533 0.129553 1
g4 2 43 g4 2 32 0.116232 0.104682 1
g4 2 40 g4 2 32 0.110769 0.189227 1
g4 2 44 g4 2 39 0.117194 0.150614 1
g4 2 31 g4 2 30 0.088865 0.0719758 1
g4 2 43 g4 2 39 0.116264 0.100572 1
g4 2 48 g4 2 39 0.144706 0.11545 1
g4 2 39 g4 2 40 0.11767 0.0739062 1
g4 2 43 g4 2 30 0.129106 0.099075 1
g5 2 41 g5 2 48 0.114469 0.0936454 1
g5 2 43 g5 2 42 0.123406 0.0802734 1
g5 2 42 g5 2 50 0.120225 0.110121 1
g5 2 40 g5 2 50 0.113733 0.126498 1
g5 2 34 g5 2 48 0.100981 0.167191 1
g5 2 40 g5 2 48 0.117559 0.10047 1
g5 2 39 g4 2 32 0.108656 0.19223 1
g5 2 44 g5 2 48 0.123487 0.179595 1
g5 2 38 g5 2 49 0.105863 0.208098 1
g5 2 31 g5 2 30 0.088168 0.119656 1
g5 2 33 g5 2 33 0.103855 0.123368 1
g5 2 39 g5 2 33 0.109848 0.114927 1
g5 2 32 g5 2 40 0.091271 0.147538 1
g5 2 34 g4 2 29 0.0986 0.192093 1
g5 2 41 g5 2 49 0.114165 0.168088 1
g5 2 37 g5 2 33 0.109335 0.206707 1
g5 2 36 g5 2 49 0.114725 0.176142 1
g5 2 33 g5 2 33 0.096367 0.183825 1
g5 2 36 g5 2 49 0.104158 0.169152 1
g5 2 36 g4 2 29 0.102498 0.176426 1
g5 2 37 g5 2 49 0.109109 0.142442 1
g5 2 36 g4 2 29 0.108602 0.174111 1
g5 2 37 g4 2 29 0.120278 0.209175 1
g5 2 36 g5 2 48 0.100776 0.172507 1
g5 2 39 g5 2 48 0.122597 0.13397 1
g5 2 39 g5 2 52 0.118818 0.154602 1
g5 2 37 g4 2 29 0.104331 0.149926 1
g5 2 37 g5 2 52 0.103135 0.168346 1
g5 2 38 g5 2 49 0.10713 0.216505 1
g5 2 38 g5 2 48 0.107496 0.163797 1
g5 2 36 g4 2 32 0.099937 0.192569 1
g5 2 37 g5 2 48 0.106083 0.131962 1
g5 2 35 g5 2 47 0.104434 0.142198 1
g5 2 37 g5 2 48 0.10764 0.14226 1
g5 2 37 g5 2 47 0.121301 0.144625 1
g5 2 41 g5 2 47 0.119016 0.101672 1
g5 2 53 g5 2 49 0.141599 0.12125 1
g5 2 38 g5 2 47 0.106517 0.0936596 1
g5 2 45 g5 2 50 0.124028 0.0808529 1
g5 2 45 g5 2 47 0.123907 0.120769 1
g5 2 48 g5 2 57 0.13115 0.133671 1
g5 2 45 g5 2 57 0.123989 0.0969753 1
g5 2 45 g5 2 52 0.132396 0.102699 1
g5 2 48 g5 2 49 0.129234 0.0952967 1
g5 2 45 g5 2 50 0.144886 0.0759647 1
g6 2 38 g6 2 36 0.105238 0.0832649 1
g6 2 37 g6 2 36 0.104966 0.0919877 1
g6 2 40 g6 2 32 0.109525 0.104036 1
g6 2 39 g6 2 32 0.105489 0.177701 1
g6 2 33 g6 2 36 0.091834 0.0739164 1
g6 2 32 g6 2 38 0.090788 0.121687 1
g6 2 35 g6 2 36 0.096471 0.0944504 1
g6 2 36 g6 2 36 0.102596 0.131658 1
g6 2 34 g6 2 36 0.102442 0.102656 1
g6 2 30 g6 2 36 0.083749 0.105279 1
g6 2 37 g6 2 35 0.101721 0.14888 1
g6 2 40 g6 2 57 0.126659 0.0781961 1
g6 2 39 g6 2 39 0.110252 0.0718683 1
g6 2 29 g6 2 36 0.085678 0.12352 1
g6 2 34 g6 2 39 0.093874 0.164024 1
g6 2 39 g6 2 37 0.10922 0.0867312 1
g6 2 33 g6 2 36 0.092871 0.0986273 1
g6 2 41 g6 2 37 0.115871 0.0893568 1
g6 2 34 g6 2 36 0.096936 0.0844872 1
g6 2 33 g6 2 36 0.094415 0.141988 1
g6 2 39 g6 2 36 0.10663 0.0943078 1
g6 2 54 g6 2 36 0.14258 0.153552 1
g6 2 36 g6 2 37 0.102016 0.100885 1
g6 2 32 g6 2 37 0.092213 0.123474 1
g6 2 34 g6 2 36 0.095857 0.119653 1
g6 2 33 g6 2 32 0.098702 0.235521 1
g6 2 42 g6 2 36 0.11754 0.113696 1
g6 2 33 g6 2 36 0.111288 0.0889257 1
g6 2 33 g6 2 36 0.092767 0.0953035 1
g6 2 27 g6 2 31 0.078578 0.105149 1
g6 2 30 g6 2 32 0.087533 0.0827278 1
g6 2 31 g6 2 32 0.089366 0.112569 1
g6 2 49 g6 2 45 0.136568 0.369142 1
g6 2 37 g1 2 27 0.101486 0.24954 1
g6 2 30 g6 2 31 0.083838 0.0481761 1
g6 2 31 g6 2 33 0.088112 0.0835578 1
g6 2 33 g6 2 33 0.092564 0.0749726 1
g6 2 31 g6 2 33 0.088566 0.0741513 1
g6 2 35 g6 2 34 0.099368 0.0786984 1
g6 2 37 g6 2 35 0.109619 0.0650936 1
g6 2 35 g6 2 42 0.098009 0.094644 1
g7 1 35 g7 1 42 0.101808 0.274072 1
g7 1 32 g7 1 40 0.096277 0.213871 1
g7 1 35 g7 1 37 0.100574 0.314541 1
g7 1 36 g7 1 50 0.104401 0.156651 1
g7 1 38 g7 1 32 0.114376 0.283299 1
g7 1 39 g7 1 50 0.10891 0.199292 1
g7 1 32 g7 1 39 0.08917 0.269915 1
g7 1 33 g7 1 34 0.095824 0.128595 1
g7 1 25 g7 1 29 0.072988 0.23025 1
g7 1 30 g3 1 38 0.085567 0.404612 1
g7 1 32 g7 1 31 0.090618 0.224395 1
g7 1 34 g7 1 32 0.095412 0.163102 1
g7 1 34 g7 1 37 0.09318 0.212897 1
g7 1 32 g7 1 27 0.088716 0.175722 1
g7 1 27 g7 1 27 0.076176 0.223942 1
g7 1 31 g7 1 29 0.086096 0.174304 1
g7 1 31 g7 1 26 0.08871 0.169538 1
g7 1 28 g7 1 30 0.079307 0.216126 1
g7 1 29 g7 1 27 0.080781 0.234621 1
g7 1 29 g7 1 26 0.083998 0.163887 1
g7 1 29 g7 1 30 0.085891 0.201632 1
g7 1 25 g7 1 25 0.075417 0.0634586 1
g7 1 37 g1 2 15 0.10193 0.530052 1
g7 1 33 g7 1 33 0.091884 0.236254 1
g7 1 43 g7 1 26 0.124126 0.325197 1
g7 1 35 g7 1 46 0.094974 0.348845 1
g7 1 32 g2 2 21 0.088768 0.420181 1
g7 1 36 g7 1 35 0.09819 0.16725 1
g7 1 33 g1 2 15 0.093215 0.551134 0
g7 1 34 g7 1 36 0.092571 0.358404 1
g7 1 34 g7 1 34 0.095274 0.230783 1
g7 1 42 g7 1 45 0.112109 0.299935 1
g7 1 37 g7 1 41 0.101821 0.295442 1
g7 1 38 g7 1 33 0.104018 0.215944 1
g7 1 44 g7 1 31 0.117163 0.208828 1
g7 1 66 g7 1 41 0.165407 0.282145 1
g7 1 32 g7 1 37 0.089412 0.24747 1
g7 1 33 g7 1 48 0.091524 0.259356 1
g7 1 37 g7 1 41 0.102025 0.258088 1
g7 1 38 g7 1 37 0.103637 0.234551 1
g7 1 43 g7 1 39 0.11663 0.261738 1
g7 1 46 g7 1 43 0.124319 0.186543 1
g7 1 30 g7 1 31 0.08572 0.263501 1
g7 1 48 g7 1 38 0.128947 0.179544 1
g7 1 19 g7 1 34 0.059684 0.362941 1
g7 1 33 g7 1 49 0.105846 0.362298 1
g7 1 34 g7 1 32 0.096247 0.154278 1
g7 1 34 g7 1 29 0.095636 0.281279 1
g7 1 35 g7 1 29 0.096719 0.218815 1
g7 1 47 g7 1 39 0.124566 0.239458 1
g7 1 31 g7 1 27 0.087913 0.320248 1
g7 1 31 g7 1 31 0.087291 0.258225 1
g7 1 40 g7 1 43 0.109004 0.168175 1
g7 1 59 g7 1 43 0.15494 0.298299 1
g7 1 54 g7 1 50 0.143166 0.245747 1
g7 1 52 g7 1 35 0.137364 0.381369 1
g7 1 51 g7 1 50 0.139317 0.22973 1
g7 1 33 g7 1 33 0.105555 0.226786 1
g7 1 49 g7 1 46 0.131187 0.164696 1
g7 1 41 g7 1 45 0.109056 0.208928 1
g7 1 45 g7 1 46 0.118974 0.158187 1
g7 1 43 g7 1 43 0.114719 0.191376 1
g7 1 45 g7 1 46 0.121859 0.173496 1
