g1 2 24 g6 2 32 0.073436 0.177839 1
g1 2 23 g6 2 34 0.07317 0.194286 1
g1 2 27 g6 2 25 0.083458 0.156739 1
g1 2 42 g1 2 24 0.125124 0.124555 1
g1 2 33 g2 2 17 0.096628 0.186512 1
g1 2 29 g1 2 25 0.084826 0.155493 1
g1 2 31 g1 2 28 0.090036 0.130339 1
g1 2 20 g1 2 27 0.065138 0.114469 1
g1 2 24 g1 2 33 0.074117 0.163801 1
g1 2 28 g1 2 25 0.082399 0.160279 1
g1 2 21 g1 2 22 0.067453 0.138157 1
g1 2 26 g1 2 22 0.077827 0.114392 1
g1 2 25 g1 2 25 0.075881 0.0740715 1
g1 2 25 g1 2 25 0.076065 0.125773 1
g1 2 28 g1 2 25 0.083071 0.0863041 1
g1 2 54 g6 2 38 0.139497 0.204242 1
g1 2 26 g1 2 22 0.078083 0.0966976 1
g1 2 37 g6 2 36 0.105109 0.215399 1
g1 2 20 g6 2 31 0.065135 0.133138 1
g1 2 24 g6 2 34 0.073778 0.19971 1
g1 2 21 g6 2 32 0.067728 0.148979 1
g1 2 28 g6 2 30 0.082493 0.172967 1
g1 2 22 g2 2 17 0.06945 0.191713 1
g1 2 24 g1 2 19 0.073426 0.0886496 1
g1 2 23 g1 2 20 0.071362 0.0959363 1
g1 2 32 g1 2 29 0.09301 0.134286 1
g1 2 30 g1 2 26 0.086861 0.147948 1
g1 2 39 g1 2 26 0.109918 0.258994 1
g1 2 29 g1 2 24 0.084535 0.203157 1
g1 2 29 g1 2 37 0.084657 0.106014 1
g1 2 23 g1 2 25 0.07136 0.0902134 1
g1 2 23 g1 2 24 0.071511 0.174544 1
g1 2 19 g1 2 26 0.062956 0.0834176 1
g1 2 28 g1 2 28 0.08257 0.210743 1
g1 2 23 g1 2 29 0.071581 0.235269 0
g1 2 24 g1 2 24 0.073629 0.163654 1
g1 2 30 g1 2 24 0.087044 0.169157 1
g1 2 24 g1 2 26 0.073632 0.146512 1
g1 2 22 g1 2 23 0.069318 0.159734 1
g1 2 23 g1 2 24 0.071324 0.134771 1
g1 2 26 g1 2 26 0.07799 0.155951 1
g1 2 28 g1 2 28 0.082348 0.190776 1
g1 2 23 g1 2 25 0.07173 0.184149 1
g1 2 24 g1 2 24 0.073482 0.182284 1
g1 2 28 g1 2 24 0.08259 0.184123 1
g1 2 21 g1 2 28 0.067368 0.251477 0
g1 2 26 g6 2 36 0.077977 0.200737 1
g1 2 28 g6 2 34 0.082745 0.212294 1
g1 2 22 g6 2 37 0.069582 0.185805 1
g1 2 27 g6 2 34 0.080611 0.13539 1
g1 2 37 g2 2 17 0.106379 0.213727 1
g1 2 25 g6 2 25 0.076045 0.165599 1
g1 2 33 g2 2 17 0.095457 0.175089 1
g1 2 22 g1 2 18 0.069377 0.0769956 1
g1 2 20 g1 2 18 0.065076 0.0699969 1
g1 2 16 g1 2 17 0.056763 0.0972281 1
g1 2 16 g1 2 16 0.05711 0.0740709 1
g1 2 17 g1 2 17 0.059112 0.0754636 1
g1 2 17 g1 2 17 0.058862 0.060393 1
g1 2 19 g1 2 18 0.062918 0.0681503 1
g1 2 16 g1 2 17 0.057048 0.103612 1
g2 2 15 g2 2 14 0.055746 0.102294 1
g2 2 15 g2 2 14 0.054889 0.102069 1
g2 2 17 g2 2 17 0.058744 0.180842 1
g2 2 14 g2 2 14 0.052715 0.155019 1
g2 2 15 g2 2 14 0.055036 0.154699 1
g2 2 13 g2 2 17 0.050587 0.163711 1
g2 2 14 g2 2 14 0.052706 0.138865 1
g2 2 15 g2 2 14 0.055058 0.109654 1
g2 2 15 g2 2 14 0.055103 0.179041 1
g2 2 29 g2 2 26 0.085232 0.13883 1
g2 2 16 g2 2 14 0.057052 0.109136 1
g2 2 15 g2 2 14 0.054983 0.0998811 1
g2 2 15 g2 2 14 0.055773 0.119302 1
g2 2 16 g2 2 14 0.057166 0.119978 1
g2 2 16 g2 2 14 0.057084 0.173492 1
g2 2 15 g2 2 14 0.054981 0.139512 1
g2 2 12 g2 2 17 0.048701 0.266786 0
g2 2 15 g2 2 14 0.054693 0.0909069 1
g2 2 16 g2 2 14 0.057665 0.0997465 1
g2 2 15 g2 2 14 0.054899 0.15704 1
g2 2 16 g2 2 14 0.057204 0.136554 1
g2 2 16 g2 2 14 0.057221 0.213739 1
g2 2 14 g2 2 14 0.052828 0.149036 1
g2 2 17 g2 2 14 0.059479 0.104702 1
g2 2 18 g2 2 17 0.060553 0.171124 1
g2 2 15 g2 2 14 0.054671 0.174244 1
g2 2 15 g2 2 17 0.054516 0.234601 1
g2 2 16 g2 2 14 0.05696 0.175422 1
g2 2 18 g2 2 14 0.060744 0.137632 1
g2 2 31 g2 2 28 0.090167 0.125996 1
g2 2 28 g2 2 27 0.082962 0.154531 1
g2 2 29 g2 2 26 0.08581 0.13868 1
g2 2 25 g2 2 26 0.076336 0.145046 1
g2 2 20 g2 2 21 0.064835 0.14081 1
g2 2 22 g2 2 21 0.069692 0.116275 1
g2 2 32 g2 2 29 0.094996 0.128344 1
g2 2 23 g2 2 24 0.071814 0.0911216 1
g2 2 20 g2 2 21 0.065186 0.0914759 1
g2 2 19 g2 2 21 0.063337 0.090553 1
g2 2 21 g2 2 23 0.066331 0.0802652 1
g2 2 20 g2 2 21 0.067109 0.0893105 1
g2 2 21 g2 2 21 0.067251 0.0697141 1
g2 2 19 g2 2 21 0.064477 0.111094 1
g2 2 22 g2 2 21 0.069493 0.0768108 1
g2 2 22 g2 2 21 0.069538 0.0935556 1
g2 2 25 g2 2 23 0.075683 0.151366 1
g2 2 17 g2 2 24 0.058824 0.136608 1
g2 2 22 g2 2 21 0.069653 0.0832263 1
g2 2 42 g2 2 28 0.118921 0.160527 1
g2 2 22 g2 2 22 0.069859 0.0972297 1
g2 2 27 g2 2 23 0.080325 0.0794278 1
g2 2 27 g1 2 31 0.080754 0.219084 1
g2 2 21 g2 2 21 0.067453 0.114951 1
g2 2 19 g2 2 21 0.064439 0.0968977 1
g2 2 24 g1 2 33 0.073085 0.126282 1
g2 2 22 g2 2 21 0.069639 0.112032 1
g2 2 26 g1 2 27 0.07773 0.201474 1
g2 2 24 g2 2 28 0.073743 0.127158 1
g2 2 21 g2 2 29 0.06734 0.124674 1
g2 2 29 g2 2 28 0.085069 0.115389 1
g2 2 19 g2 2 21 0.063057 0.102121 1
g2 2 21 g1 2 33 0.067473 0.311734 0
g2 2 30 g2 2 25 0.08766 0.163577 1
g2 2 16 g2 2 14 0.056986 0.148281 1
g2 2 14 g2 2 14 0.052755 0.130207 1
g2 2 15 g2 2 14 0.055042 0.0822884 1
g3 1 36 g3 1 46 0.105167 0.332445 0
g3 1 35 g3 1 43 0.101577 0.221407 1
g3 1 49 g3 1 42 0.133909 0.300641 1
g3 1 52 g3 1 37 0.142234 0.246244 1
g3 1 55 g1 2 30 0.145669 0.418895 0
g3 1 49 g3 1 37 0.135475 0.259543 1
g3 1 47 g3 1 42 0.129595 0.382585 0
g3 1 47 g3 1 41 0.131466 0.282248 0
g3 1 44 g3 1 45 0.122969 0.289176 0
g3 1 43 g3 1 46 0.122635 0.297155 0
g3 1 44 g3 1 57 0.123265 0.280456 0
g3 1 47 g3 1 46 0.129038 0.231488 1
g3 1 46 g3 1 43 0.127153 0.244426 0
g3 1 47 g3 1 64 0.130152 0.222005 1
g3 1 44 g3 1 47 0.123942 0.509912 0
g3 1 44 g3 1 40 0.122351 0.258925 0
g3 1 41 g3 1 42 0.115986 0.20938 1
g3 1 56 g1 2 26 0.155456 0.384839 0
g3 1 48 g3 1 41 0.13202 0.250921 0
g3 1 48 g3 1 42 0.13364 0.221797 1
g3 1 50 g3 1 47 0.137702 0.226461 1
g3 1 48 g3 1 57 0.134328 0.223474 1
g3 1 46 g3 1 41 0.127661 0.251364 0
g3 1 43 g3 1 37 0.122714 0.252658 0
g3 1 47 g3 1 42 0.130595 0.316269 0
g3 1 44 g3 1 38 0.121934 0.286164 0
g3 1 50 g3 1 53 0.138141 0.323461 0
g3 1 66 g3 1 42 0.175937 0.284546 0
g3 1 58 g1 2 35 0.157689 0.443586 0
g3 1 50 g3 1 39 0.136397 0.201097 1
g3 1 57 g3 1 60 0.154271 0.227756 1
g3 1 53 g3 1 41 0.144755 0.280176 0
g3 1 49 g3 1 40 0.134982 0.220275 1
g3 1 51 g3 1 42 0.140187 0.246952 0
g3 1 52 g3 1 47 0.140574 0.262663 1
g3 1 50 g3 1 59 0.136695 0.273023 0
g3 1 51 g3 1 32 0.141208 0.325366 0
g3 1 59 g3 1 69 0.157223 0.265281 1
g3 1 61 g3 1 69 0.161295 0.26054 0
g3 1 46 g3 1 43 0.128134 0.385156 0
g3 1 28 g3 1 47 0.096813 0.823018 0
g3 1 49 g3 1 44 0.1358 0.299366 0
g3 1 42 g3 1 40 0.118925 0.212053 1
g3 1 40 g3 1 41 0.111564 0.207229 1
g3 1 42 g3 1 42 0.116321 0.229532 1
g3 1 44 g3 1 47 0.120849 0.308689 0
g3 1 39 g3 1 38 0.109448 0.342506 0
g3 1 43 g3 1 42 0.121081 0.173607 1
g3 1 40 g3 1 37 0.11407 0.222603 1
g3 1 39 g3 1 47 0.111406 0.313106 0
g3 1 43 g3 1 47 0.119464 0.257062 0
g4 2 37 g4 2 31 0.10477 0.213731 1
g4 2 37 g4 2 42 0.105196 0.0770925 1
g4 2 44 g4 2 45 0.123057 0.166975 1
g4 2 44 g4 2 42 0.122086 0.168401 1
g4 2 41 g4 2 46 0.118335 0.126542 1
g4 2 42 g4 2 51 0.117783 0.146691 1
g4 2 50 g3 1 44 0.13796 0.268622 0
g4 2 42 g4 2 42 0.117934 0.170647 1
g4 2 49 g4 2 48 0.134959 0.16048 1
g4 2 47 g4 2 49 0.129645 0.169922 1
g4 2 46 g4 2 46 0.127358 0.137594 1
g4 2 48 g4 2 51 0.132995 0.117739 1
g4 2 52 g4 2 51 0.142207 0.0872674 1
g4 2 45 g4 2 31 0.124607 0.127746 1
g4 2 30 g4 2 43 0.086605 0.144586 1
g4 2 31 g4 2 30 0.089672 0.078087 1
g4 2 30 g4 2 29 0.086817 0.0841841 1
g4 2 33 g4 2 34 0.095119 0.155968 1
g4 2 31 g4 2 33 0.089583 0.106797 1
g4 2 34 g4 2 34 0.098403 0.120246 1
g4 2 35 g4 2 40 0.101053 0.0919232 1
g4 2 36 g4 2 32 0.10287 0.107242 1
g4 2 40 g4 2 48 0.112066 0.15742 1
g4 2 30 g4 2 32 0.086777 0.114933 1
g4 2 37 g4 2 35 0.105262 0.0999654 1
g4 2 37 g4 2 37 0.104897 0.0560005 1
g4 2 41 g4 2 36 0.115072 0.0923847 1
g4 2 41 g4 2 43 0.114547 0.113961 1
g4 2 46 g4 2 32 0.126332 0.101124 1
g4 2 46 g4 2 34 0.127105 0.113174 1
g4 2 31 g4 2 37 0.089431 0.0955719 1
g4 2 31 g4 2 33 0.089656 0.103906 1
g4 2 33 g4 2 34 0.0963 0.0887908 1
g4 2 34 g4 2 34 0.097875 0.140199 1
g4 2 45 g4 2 34 0.124216 0.105555 1
g4 2 42 g4 2 34 0.116822 0.195331 1
g4 2 46 g4 2 41 0.12705 0.154758 1
g4 2 33 g4 2 32 0.095823 0.0741617 1
g4 2 45 g4 2 41 0.125114 0.101517 1
g4 2 50 g4 2 41 0.136745 0.113763 1
g4 2 41 g4 2 42 0.114912 0.0753194 1
g4 2 45 g4 2 32 0.12434 0.102625 1
g5 2 43 g5 2 48 0.120846 0.096948 1
g5 2 45 g5 2 44 0.125015 0.0813948 1
g5 2 44 g5 2 52 0.123825 0.109526 1
g5 2 42 g5 2 52 0.117872 0.12298 1
g5 2 36 g5 2 50 0.104006 0.173685 1
g5 2 42 g5 2 50 0.119512 0.103629 1
g5 2 41 g4 2 34 0.115876 0.195062 1
g5 2 46 g5 2 50 0.127998 0.189381 1
g5 2 40 g5 2 51 0.113963 0.211785 1
g5 2 33 g5 2 32 0.096656 0.123193 1
g5 2 35 g5 2 35 0.101011 0.127778 1
g5 2 41 g5 2 35 0.115703 0.115549 1
g5 2 34 g5 2 33 0.09888 0.166843 1
g5 2 36 g4 2 31 0.103205 0.193424 1
g5 2 43 g5 2 51 0.121231 0.166174 1
g5 2 39 g5 2 51 0.110146 0.210268 1
g5 2 38 g5 2 51 0.108072 0.176763 1
g5 2 35 g5 2 35 0.101193 0.193344 1
g5 2 38 g5 2 51 0.108655 0.171544 1
g5 2 38 g4 2 31 0.108324 0.178412 1
g5 2 39 g5 2 51 0.110508 0.144814 1
g5 2 38 g4 2 31 0.107885 0.180962 1
g5 2 39 g4 2 36 0.11036 0.222326 1
g5 2 38 g5 2 50 0.108563 0.172357 1
g5 2 41 g5 2 50 0.116097 0.134481 1
g5 2 41 g5 2 54 0.115748 0.156583 1
g5 2 39 g4 2 31 0.110699 0.153731 1
g5 2 39 g5 2 54 0.110663 0.169357 1
g5 2 40 g5 2 51 0.112505 0.220687 1
g5 2 40 g5 2 51 0.113821 0.173148 1
g5 2 38 g4 2 31 0.108359 0.182182 1
g5 2 39 g5 2 50 0.110826 0.132382 1
g5 2 37 g5 2 45 0.107383 0.13262 1
g5 2 39 g5 2 50 0.111764 0.152406 1
g5 2 39 g5 2 49 0.110495 0.145824 1
g5 2 43 g5 2 49 0.120482 0.104819 1
g5 2 55 g5 2 51 0.149921 0.122428 1
g5 2 40 g5 2 49 0.113698 0.0949954 1
g5 2 47 g5 2 52 0.129618 0.0837979 1
g5 2 47 g5 2 49 0.13131 0.126398 1
g5 2 50 g5 2 59 0.13906 0.137652 1
g5 2 47 g5 2 55 0.131248 0.0960286 1
g5 2 47 g5 2 54 0.131737 0.106302 1
g5 2 50 g5 2 51 0.138789 0.100019 1
g5 2 47 g5 2 48 0.13137 0.0650633 1
g6 2 40 g6 2 38 0.111572 0.0831293 1
g6 2 39 g6 2 38 0.109732 0.0954732 1
g6 2 42 g6 2 38 0.115836 0.09279 1
g6 2 41 g6 2 34 0.114537 0.186611 1
g6 2 35 g6 2 38 0.101046 0.0741795 1
g6 2 34 g6 2 34 0.097868 0.13345 1
g6 2 37 g6 2 38 0.104637 0.0968774 1
g6 2 38 g6 2 38 0.106971 0.132625 1
g6 2 36 g6 2 38 0.102198 0.105043 1
g6 2 32 g6 2 38 0.09232 0.10631 1
g6 2 39 g6 2 37 0.109438 0.158528 1
g6 2 42 g6 2 59 0.116488 0.0806915 1
g6 2 41 g6 2 41 0.114807 0.07077 1
g6 2 31 g6 2 38 0.089993 0.12078 1
g6 2 36 g6 2 41 0.102884 0.164803 1
g6 2 41 g6 2 39 0.114501 0.0869633 1
g6 2 35 g6 2 38 0.100032 0.099564 1
g6 2 43 g6 2 39 0.118901 0.0888546 1
g6 2 36 g6 2 38 0.102372 0.0856295 1
g6 2 35 g6 2 38 0.100503 0.142454 1
g6 2 41 g6 2 38 0.114148 0.0950052 1
g6 2 56 g6 2 38 0.15124 0.112544 1
g6 2 38 g6 2 39 0.107539 0.102009 1
g6 2 34 g6 2 39 0.098855 0.12163 1
g6 2 36 g6 2 38 0.102369 0.119668 1
g6 2 35 g6 2 44 0.100446 0.249863 0
g6 2 44 g6 2 38 0.122214 0.115654 1
g6 2 35 g6 2 38 0.100291 0.0913838 1
g6 2 35 g6 2 38 0.100249 0.0932373 1
g6 2 29 g6 2 33 0.085196 0.101353 1
g6 2 32 g6 2 34 0.092955 0.0869118 1
g6 2 33 g6 2 34 0.095436 0.118859 1
g6 2 51 g6 2 49 0.140182 0.354284 0
g6 2 39 g1 2 25 0.110123 0.255429 1
g6 2 32 g6 2 33 0.092154 0.0479845 1
g6 2 33 g6 2 35 0.09631 0.0866037 1
g6 2 35 g6 2 35 0.099929 0.0756825 1
g6 2 33 g6 2 35 0.095658 0.0790453 1
g6 2 37 g6 2 36 0.104858 0.0800973 1
g6 2 39 g6 2 37 0.109583 0.0710931 1
g6 2 37 g6 2 44 0.104822 0.0960218 1
g7 1 37 g7 1 44 0.107958 0.283729 1
g7 1 34 g7 1 42 0.098782 0.224504 1
g7 1 37 g7 1 39 0.105737 0.322902 0
g7 1 38 g7 1 52 0.108918 0.161921 1
g7 1 40 g7 1 34 0.112599 0.289615 1
g7 1 41 g7 1 41 0.116654 0.267352 1
g7 1 34 g7 1 46 0.098575 0.306425 0
g7 1 35 g7 1 36 0.103229 0.132177 1
g7 1 27 g7 1 31 0.0803 0.224476 1
g7 1 32 g3 1 40 0.095805 0.431618 0
g7 1 34 g7 1 33 0.099094 0.226178 1
g7 1 36 g7 1 34 0.104701 0.171268 1
g7 1 36 g7 1 39 0.102699 0.221251 1
g7 1 34 g7 1 29 0.096592 0.190098 1
g7 1 29 g7 1 29 0.084846 0.229544 1
g7 1 33 g7 1 31 0.096818 0.183661 1
g7 1 33 g7 1 28 0.096064 0.178668 1
g7 1 30 g7 1 32 0.086727 0.223046 0
g7 1 31 g7 1 29 0.089426 0.248928 0
g7 1 31 g7 1 28 0.091156 0.164172 1
g7 1 31 g7 1 32 0.092629 0.208856 1
g7 1 27 g7 1 27 0.08231 0.0615644 1
g7 1 39 g1 2 17 0.110106 0.57738 0
g7 1 35 g7 1 35 0.098909 0.238792 1
g7 1 45 g7 1 28 0.124292 0.334334 0
g7 1 37 g7 1 48 0.104035 0.36491 0
g7 1 34 g2 2 23 0.098267 0.45804 0
g7 1 38 g7 1 37 0.107763 0.16894 1
g7 1 35 g1 2 17 0.102071 0.601892 0
g7 1 36 g7 1 38 0.101445 0.375958 0
g7 1 36 g7 1 36 0.102311 0.22344 0
g7 1 44 g7 1 47 0.121741 0.305023 0
g7 1 39 g7 1 43 0.11137 0.304891 0
g7 1 40 g7 1 35 0.113313 0.22377 1
g7 1 46 g7 1 33 0.126913 0.208856 1
g7 1 68 g7 1 43 0.174123 0.286301 1
g7 1 34 g7 1 51 0.098199 0.347542 0
g7 1 35 g7 1 46 0.099517 0.270526 0
g7 1 39 g7 1 50 0.11305 0.307484 0
g7 1 40 g7 1 39 0.114607 0.2346 1
g7 1 45 g7 1 41 0.125954 0.282181 1
g7 1 48 g7 1 45 0.134993 0.196393 1
g7 1 32 g7 1 34 0.093131 0.31424 0
g7 1 50 g7 1 40 0.13885 0.18407 1
g7 1 21 g7 1 36 0.067228 0.363603 0
g7 1 35 g7 1 51 0.102808 0.376813 0
g7 1 36 g7 1 34 0.104583 0.159465 1
g7 1 36 g7 1 31 0.104216 0.279683 1
g7 1 37 g7 1 31 0.105475 0.223388 1
g7 1 49 g7 1 41 0.135781 0.244423 1
g7 1 33 g7 1 29 0.096754 0.331907 1
g7 1 33 g7 1 33 0.098029 0.27306 1
g7 1 42 g7 1 45 0.118896 0.170613 1
g7 1 61 g7 1 45 0.16546 0.305014 1
g7 1 56 g7 1 52 0.153081 0.246199 1
g7 1 54 g7 1 37 0.1482 0.398423 0
g7 1 53 g7 1 52 0.14533 0.230603 0
g7 1 35 g7 1 35 0.114802 0.243094 1
g7 1 51 g7 1 48 0.139897 0.167706 1
g7 1 43 g7 1 47 0.11921 0.222166 1
g7 1 47 g7 1 48 0.128736 0.168155 1
g7 1 45 g7 1 45 0.12477 0.191072 1
g7 1 47 g7 1 48 0.130847 0.173402 1
