g1 2 24 g6 2 32 0.074453 0.177839 1
g1 2 23 g6 2 34 0.071664 0.194286 1
g1 2 27 g6 2 25 0.080619 0.156739 1
g1 2 42 g1 2 24 0.124724 0.124555 1
g1 2 33 g2 2 17 0.09643 0.186512 1
g1 2 29 g1 2 25 0.08454 0.155493 1
g1 2 31 g1 2 28 0.090254 0.130339 1
g1 2 20 g1 2 27 0.065464 0.114469 1
g1 2 24 g1 2 33 0.073772 0.163801 1
g1 2 28 g1 2 25 0.082646 0.160279 1
g1 2 21 g1 2 22 0.06724 0.138157 1
g1 2 26 g1 2 22 0.077708 0.114392 1
g1 2 25 g1 2 25 0.076132 0.0740715 1
g1 2 25 g1 2 25 0.076302 0.125773 1
g1 2 28 g1 2 25 0.082618 0.0863041 1
g1 2 54 g6 2 38 0.13756 0.204242 1
g1 2 26 g1 2 22 0.078917 0.0966976 1
g1 2 37 g6 2 36 0.107157 0.215399 1
g1 2 20 g6 2 31 0.06492 0.133138 1
g1 2 24 g6 2 34 0.074066 0.19971 1
g1 2 21 g6 2 32 0.067387 0.148979 1
g1 2 28 g6 2 30 0.082355 0.172967 1
g1 2 22 g2 2 17 0.069584 0.191713 1
g1 2 24 g1 2 19 0.073501 0.0886496 1
g1 2 23 g1 2 20 0.07127 0.0959363 1
g1 2 32 g1 2 29 0.092497 0.134286 1
g1 2 30 g1 2 26 0.086781 0.147948 1
g1 2 39 g1 2 26 0.108531 0.258994 1
g1 2 29 g1 2 24 0.085329 0.203157 1
g1 2 29 g1 2 37 0.084818 0.106014 1
g1 2 23 g1 2 25 0.071691 0.0902134 1
g1 2 23 g1 2 24 0.072178 0.174544 1
g1 2 19 g1 2 26 0.063446 0.0834176 1
g1 2 28 g1 2 28 0.082457 0.210743 1
g1 2 23 g1 2 29 0.071774 0.235269 1
g1 2 24 g1 2 24 0.073939 0.163654 1
g1 2 30 g1 2 24 0.0867 0.169157 1
g1 2 24 g1 2 26 0.073325 0.146512 1
g1 2 22 g1 2 23 0.069709 0.159734 1
g1 2 23 g1 2 24 0.071981 0.134771 1
g1 2 26 g1 2 26 0.077876 0.155951 1
g1 2 28 g1 2 28 0.082575 0.190776 1
g1 2 23 g1 2 25 0.072124 0.184149 1
g1 2 24 g1 2 24 0.073815 0.182284 1
g1 2 28 g1 2 24 0.082912 0.184123 1
g1 2 21 g1 2 28 0.067407 0.251477 1
g1 2 26 g6 2 36 0.077929 0.200737 1
g1 2 28 g6 2 34 0.082629 0.212294 1
g1 2 22 g6 2 37 0.06928 0.185805 1
g1 2 27 g6 2 34 0.080037 0.13539 1
g1 2 37 g2 2 17 0.105078 0.213727 1
g1 2 25 g6 2 25 0.076431 0.165599 1
g1 2 33 g2 2 17 0.094781 0.175089 1
g1 2 22 g1 2 18 0.069985 0.0769956 1
g1 2 20 g1 2 18 0.065044 0.0699969 1
g1 2 16 g1 2 17 0.057511 0.0972281 1
g1 2 16 g1 2 16 0.056778 0.0740709 1
g1 2 17 g1 2 17 0.059485 0.0754636 1
g1 2 17 g1 2 17 0.058954 0.060393 1
g1 2 19 g1 2 18 0.063093 0.0681503 1
g1 2 16 g1 2 17 0.05737 0.103612 1
g2 2 15 g2 2 14 0.054999 0.102294 1
g2 2 15 g2 2 14 0.054611 0.102069 1
g2 2 17 g2 2 17 0.058644 0.180842 1
g2 2 14 g2 2 14 0.052561 0.155019 1
g2 2 15 g2 2 14 0.054809 0.154699 1
g2 2 13 g2 2 17 0.050579 0.163711 1
g2 2 14 g2 2 14 0.052993 0.138865 1
g2 2 15 g2 2 14 0.05479 0.109654 1
g2 2 15 g2 2 14 0.05523 0.179041 1
g2 2 29 g2 2 26 0.085327 0.13883 1
g2 2 16 g2 2 14 0.057007 0.109136 1
g2 2 15 g2 2 14 0.055295 0.0998811 1
g2 2 15 g2 2 14 0.055131 0.119302 1
g2 2 16 g2 2 14 0.056951 0.119978 1
g2 2 16 g2 2 14 0.057218 0.173492 1
g2 2 15 g2 2 14 0.054835 0.139512 1
g2 2 12 g2 2 17 0.049186 0.266786 1
g2 2 15 g2 2 14 0.054993 0.0909069 1
g2 2 16 g2 2 14 0.056808 0.0997465 1
g2 2 15 g2 2 14 0.054992 0.15704 1
g2 2 16 g2 2 14 0.056957 0.136554 1
g2 2 16 g2 2 14 0.057183 0.213739 1
g2 2 14 g2 2 14 0.052995 0.149036 1
g2 2 17 g2 2 14 0.058538 0.104702 1
g2 2 18 g2 2 17 0.060648 0.171124 1
g2 2 15 g2 2 14 0.054859 0.174244 1
g2 2 15 g2 2 17 0.054888 0.234601 1
g2 2 16 g2 2 14 0.057206 0.175422 1
g2 2 18 g2 2 14 0.060717 0.137632 1
g2 2 31 g2 2 28 0.090887 0.125996 1
g2 2 28 g2 2 27 0.083297 0.154531 1
g2 2 29 g2 2 26 0.085829 0.13868 1
g2 2 25 g2 2 26 0.076541 0.145046 1
g2 2 20 g2 2 21 0.064875 0.14081 1
g2 2 22 g2 2 21 0.06931 0.116275 1
g2 2 32 g2 2 29 0.094733 0.128344 1
g2 2 23 g2 2 24 0.071744 0.0911216 1
g2 2 20 g2 2 21 0.065427 0.0914759 1
g2 2 19 g2 2 21 0.06297 0.090553 1
g2 2 21 g2 2 23 0.065826 0.0802652 1
g2 2 20 g2 2 21 0.067289 0.0893105 1
g2 2 21 g2 2 21 0.067188 0.0697141 1
g2 2 19 g2 2 21 0.065214 0.111094 1
g2 2 22 g2 2 21 0.069859 0.0768108 1
g2 2 22 g2 2 21 0.069272 0.0935556 1
g2 2 25 g2 2 23 0.075508 0.151366 1
g2 2 17 g2 2 24 0.059009 0.136608 1
g2 2 22 g2 2 21 0.069835 0.0832263 1
g2 2 42 g2 2 28 0.117178 0.160527 1
g2 2 22 g2 2 22 0.069417 0.0972297 1
g2 2 27 g2 2 23 0.080103 0.0794278 1
g2 2 27 g1 2 31 0.080572 0.219084 1
g2 2 21 g2 2 21 0.067226 0.114951 1
g2 2 19 g2 2 21 0.064253 0.0968977 1
g2 2 24 g1 2 33 0.073264 0.126282 1
g2 2 22 g2 2 21 0.06972 0.112032 1
g2 2 26 g1 2 27 0.077638 0.201474 1
g2 2 24 g2 2 28 0.074046 0.127158 1
g2 2 21 g2 2 29 0.067673 0.124674 1
g2 2 29 g2 2 28 0.085206 0.115389 1
g2 2 19 g2 2 21 0.062967 0.102121 1
g2 2 21 g1 2 33 0.067569 0.311734 1
g2 2 30 g2 2 25 0.08715 0.163577 1
g2 2 16 g2 2 14 0.057161 0.148281 1
g2 2 14 g2 2 14 0.052723 0.130207 1
g2 2 15 g2 2 14 0.054978 0.0822884 1
g3 1 36 g3 1 46 0.104685 0.332445 1
g3 1 35 g3 1 43 0.101303 0.221407 1
g3 1 49 g3 1 42 0.13587 0.300641 1
g3 1 52 g3 1 37 0.143157 0.246244 1
g3 1 55 g1 2 30 0.145941 0.418895 1
g3 1 49 g3 1 37 0.136155 0.259543 1
g3 1 47 g3 1 42 0.129297 0.382585 1
g3 1 47 g3 1 41 0.131129 0.282248 1
g3 1 44 g3 1 45 0.123065 0.289176 1
g3 1 43 g3 1 46 0.121911 0.297155 1
g3 1 44 g3 1 57 0.123236 0.280456 1
g3 1 47 g3 1 46 0.129749 0.231488 1
g3 1 46 g3 1 43 0.126785 0.244426 1
g3 1 47 g3 1 64 0.130068 0.222005 1
g3 1 44 g3 1 47 0.123432 0.509912 0
g3 1 44 g3 1 40 0.122423 0.258925 1
g3 1 41 g3 1 42 0.116298 0.20938 1
g3 1 56 g1 2 26 0.155517 0.384839 1
g3 1 48 g3 1 41 0.132243 0.250921 1
g3 1 48 g3 1 42 0.133711 0.221797 1
g3 1 50 g3 1 47 0.137855 0.226461 1
g3 1 48 g3 1 57 0.133825 0.223474 1
g3 1 46 g3 1 41 0.127629 0.251364 1
g3 1 43 g3 1 37 0.121606 0.252658 1
g3 1 47 g3 1 42 0.130382 0.316269 1
g3 1 44 g3 1 38 0.12218 0.286164 1
g3 1 50 g3 1 53 0.13871 0.323461 1
g3 1 66 g3 1 42 0.176166 0.284546 1
g3 1 58 g1 2 35 0.1581 0.443586 1
g3 1 50 g3 1 39 0.136206 0.201097 1
g3 1 57 g3 1 60 0.154096 0.227756 1
g3 1 53 g3 1 41 0.144384 0.280176 1
g3 1 49 g3 1 40 0.135573 0.220275 1
g3 1 51 g3 1 42 0.140719 0.246952 1
g3 1 52 g3 1 47 0.14079 0.262663 1
g3 1 50 g3 1 59 0.136579 0.273023 1
g3 1 51 g3 1 32 0.140629 0.325366 1
g3 1 59 g3 1 69 0.15682 0.265281 1
g3 1 61 g3 1 69 0.161142 0.26054 1
g3 1 46 g3 1 43 0.128056 0.385156 1
g3 1 28 g3 1 47 0.097245 0.823018 0
g3 1 49 g3 1 44 0.136493 0.299366 1
g3 1 42 g3 1 40 0.119408 0.212053 1
g3 1 40 g3 1 41 0.112047 0.207229 1
g3 1 42 g3 1 42 0.116067 0.229532 1
g3 1 44 g3 1 47 0.120748 0.308689 1
g3 1 39 g3 1 38 0.110312 0.342506 1
g3 1 43 g3 1 42 0.121096 0.173607 1
g3 1 40 g3 1 37 0.113611 0.222603 1
g3 1 39 g3 1 47 0.112114 0.313106 1
g3 1 43 g3 1 47 0.120096 0.257062 1
g4 2 37 g4 2 31 0.104928 0.213731 1
g4 2 37 g4 2 42 0.10517 0.0770925 1
g4 2 44 g4 2 45 0.121826 0.166975 1
g4 2 44 g4 2 42 0.122356 0.168401 1
g4 2 41 g4 2 46 0.115288 0.126542 1
g4 2 42 g4 2 51 0.118184 0.146691 1
g4 2 50 g3 1 44 0.139397 0.268622 1
g4 2 42 g4 2 42 0.118926 0.170647 1
g4 2 49 g4 2 48 0.135172 0.16048 1
g4 2 47 g4 2 49 0.12966 0.169922 1
g4 2 46 g4 2 46 0.127206 0.137594 1
g4 2 48 g4 2 51 0.132422 0.117739 1
g4 2 52 g4 2 51 0.142079 0.0872674 1
g4 2 45 g4 2 31 0.124532 0.127746 1
g4 2 30 g4 2 43 0.087007 0.144586 1
g4 2 31 g4 2 30 0.09007 0.078087 1
g4 2 30 g4 2 29 0.087289 0.0841841 1
g4 2 33 g4 2 34 0.096265 0.155968 1
g4 2 31 g4 2 33 0.089911 0.106797 1
g4 2 34 g4 2 34 0.09803 0.120246 1
g4 2 35 g4 2 40 0.100665 0.0919232 1
g4 2 36 g4 2 32 0.102574 0.107242 1
g4 2 40 g4 2 48 0.111902 0.15742 1
g4 2 30 g4 2 32 0.086617 0.114933 1
g4 2 37 g4 2 35 0.105567 0.0999654 1
g4 2 37 g4 2 37 0.105836 0.0560005 1
g4 2 41 g4 2 36 0.115032 0.0923847 1
g4 2 41 g4 2 43 0.114708 0.113961 1
g4 2 46 g4 2 32 0.12669 0.101124 1
g4 2 46 g4 2 34 0.12632 0.113174 1
g4 2 31 g4 2 37 0.089608 0.0955719 1
g4 2 31 g4 2 33 0.089696 0.103906 1
g4 2 33 g4 2 34 0.096875 0.0887908 1
g4 2 34 g4 2 34 0.098293 0.140199 1
g4 2 45 g4 2 34 0.125367 0.105555 1
g4 2 42 g4 2 34 0.11749 0.195331 1
g4 2 46 g4 2 41 0.126761 0.154758 1
g4 2 33 g4 2 32 0.096649 0.0741617 1
g4 2 45 g4 2 41 0.124482 0.101517 1
g4 2 50 g4 2 41 0.13672 0.113763 1
g4 2 41 g4 2 42 0.115091 0.0753194 1
g4 2 45 g4 2 32 0.123963 0.102625 1
g5 2 43 g5 2 48 0.121496 0.096948 1
g5 2 45 g5 2 44 0.12516 0.0813948 1
g5 2 44 g5 2 52 0.123527 0.109526 1
g5 2 42 g5 2 52 0.118301 0.12298 1
g5 2 36 g5 2 50 0.104233 0.173685 1
g5 2 42 g5 2 50 0.118731 0.103629 1
g5 2 41 g4 2 34 0.115534 0.195062 1
g5 2 46 g5 2 50 0.127877 0.189381 1
g5 2 40 g5 2 51 0.113372 0.211785 1
g5 2 33 g5 2 32 0.096208 0.123193 1
g5 2 35 g5 2 35 0.10129 0.127778 1
g5 2 41 g5 2 35 0.115632 0.115549 1
g5 2 34 g5 2 33 0.098603 0.166843 1
g5 2 36 g4 2 31 0.10321 0.193424 1
g5 2 43 g5 2 51 0.120214 0.166174 1
g5 2 39 g5 2 51 0.11021 0.210268 1
g5 2 38 g5 2 51 0.108981 0.176763 1
g5 2 35 g5 2 35 0.101436 0.193344 1
g5 2 38 g5 2 51 0.110152 0.171544 1
g5 2 38 g4 2 31 0.108427 0.178412 1
g5 2 39 g5 2 51 0.111416 0.144814 1
g5 2 38 g4 2 31 0.107893 0.180962 1
g5 2 39 g4 2 36 0.110457 0.222326 1
g5 2 38 g5 2 50 0.108624 0.172357 1
g5 2 41 g5 2 50 0.116039 0.134481 1
g5 2 41 g5 2 54 0.115721 0.156583 1
g5 2 39 g4 2 31 0.11076 0.153731 1
g5 2 39 g5 2 54 0.110375 0.169357 1
g5 2 40 g5 2 51 0.112702 0.220687 1
g5 2 40 g5 2 51 0.113796 0.173148 1
g5 2 38 g4 2 31 0.108382 0.182182 1
g5 2 39 g5 2 50 0.110963 0.132382 1
g5 2 37 g5 2 45 0.106278 0.13262 1
g5 2 39 g5 2 50 0.111536 0.152406 1
g5 2 39 g5 2 49 0.110782 0.145824 1
g5 2 43 g5 2 49 0.120325 0.104819 1
g5 2 55 g5 2 51 0.150074 0.122428 1
g5 2 40 g5 2 49 0.114111 0.0949954 1
g5 2 47 g5 2 52 0.130415 0.0837979 1
g5 2 47 g5 2 49 0.131532 0.126398 1
g5 2 50 g5 2 59 0.138374 0.137652 1
g5 2 47 g5 2 55 0.131746 0.0960286 1
g5 2 47 g5 2 54 0.131267 0.106302 1
g5 2 50 g5 2 51 0.138353 0.100019 1
g5 2 47 g5 2 48 0.13134 0.0650633 1
g6 2 40 g6 2 38 0.111902 0.0831293 1
g6 2 39 g6 2 38 0.1095 0.0954732 1
g6 2 42 g6 2 38 0.115422 0.09279 1
g6 2 41 g6 2 34 0.11406 0.186611 1
g6 2 35 g6 2 38 0.100306 0.0741795 1
g6 2 34 g6 2 34 0.097959 0.13345 1
g6 2 37 g6 2 38 0.104806 0.0968774 1
g6 2 38 g6 2 38 0.107359 0.132625 1
g6 2 36 g6 2 38 0.102169 0.105043 1
g6 2 32 g6 2 38 0.092365 0.10631 1
g6 2 39 g6 2 37 0.109797 0.158528 1
g6 2 42 g6 2 59 0.116649 0.0806915 1
g6 2 41 g6 2 41 0.114591 0.07077 1
g6 2 31 g6 2 38 0.089654 0.12078 1
g6 2 36 g6 2 41 0.102944 0.164803 1
g6 2 41 g6 2 39 0.11463 0.0869633 1
g6 2 35 g6 2 38 0.100361 0.099564 1
g6 2 43 g6 2 39 0.119143 0.0888546 1
g6 2 36 g6 2 38 0.102524 0.0856295 1
g6 2 35 g6 2 38 0.1005 0.142454 1
g6 2 41 g6 2 38 0.114396 0.0950052 1
g6 2 56 g6 2 38 0.150882 0.112544 1
g6 2 38 g6 2 39 0.107365 0.102009 1
g6 2 34 g6 2 39 0.097883 0.12163 1
g6 2 36 g6 2 38 0.102695 0.119668 1
g6 2 35 g6 2 44 0.100118 0.249863 1
g6 2 44 g6 2 38 0.121511 0.115654 1
g6 2 35 g6 2 38 0.100865 0.0913838 1
g6 2 35 g6 2 38 0.100173 0.0932373 1
g6 2 29 g6 2 33 0.085231 0.101353 1
g6 2 32 g6 2 34 0.092181 0.0869118 1
g6 2 33 g6 2 34 0.09648 0.118859 1
g6 2 51 g6 2 49 0.139154 0.354284 1
g6 2 39 g1 2 25 0.109889 0.255429 1
g6 2 32 g6 2 33 0.09205 0.0479845 1
g6 2 33 g6 2 35 0.095393 0.0866037 1
g6 2 35 g6 2 35 0.099834 0.0756825 1
g6 2 33 g6 2 35 0.095537 0.0790453 1
g6 2 37 g6 2 36 0.104423 0.0800973 1
g6 2 39 g6 2 37 0.110059 0.0710931 1
g6 2 37 g6 2 44 0.104828 0.0960218 1
g7 1 37 g7 1 44 0.107586 0.283729 1
g7 1 34 g7 1 42 0.098668 0.224504 1
g7 1 37 g7 1 39 0.105266 0.322902 1
g7 1 38 g7 1 52 0.108395 0.161921 1
g7 1 40 g7 1 34 0.1128 0.289615 1
g7 1 41 g7 1 41 0.116203 0.267352 1
g7 1 34 g7 1 46 0.098842 0.306425 1
g7 1 35 g7 1 36 0.103592 0.132177 1
g7 1 27 g7 1 31 0.080875 0.224476 1
g7 1 32 g3 1 40 0.094923 0.431618 1
g7 1 34 g7 1 33 0.099031 0.226178 1
g7 1 36 g7 1 34 0.104067 0.171268 1
g7 1 36 g7 1 39 0.102484 0.221251 1
g7 1 34 g7 1 29 0.097025 0.190098 1
g7 1 29 g7 1 29 0.084596 0.229544 1
g7 1 33 g7 1 31 0.095921 0.183661 1
g7 1 33 g7 1 28 0.095928 0.178668 1
g7 1 30 g7 1 32 0.086664 0.223046 1
g7 1 31 g7 1 29 0.090276 0.248928 1
g7 1 31 g7 1 28 0.090869 0.164172 1
g7 1 31 g7 1 32 0.09086 0.208856 1
g7 1 27 g7 1 27 0.081984 0.0615644 1
g7 1 39 g1 2 17 0.110024 0.57738 0
g7 1 35 g7 1 35 0.099118 0.238792 1
g7 1 45 g7 1 28 0.124325 0.334334 1
g7 1 37 g7 1 48 0.104052 0.36491 1
g7 1 34 g2 2 23 0.098033 0.45804 0
g7 1 38 g7 1 37 0.10714 0.16894 1
g7 1 35 g1 2 17 0.10232 0.601892 0
g7 1 36 g7 1 38 0.101707 0.375958 1
g7 1 36 g7 1 36 0.102578 0.22344 1
g7 1 44 g7 1 47 0.121525 0.305023 1
g7 1 39 g7 1 43 0.110807 0.304891 1
g7 1 40 g7 1 35 0.112976 0.22377 1
g7 1 46 g7 1 33 0.126677 0.208856 1
g7 1 68 g7 1 43 0.173373 0.286301 1
g7 1 34 g7 1 51 0.098368 0.347542 1
g7 1 35 g7 1 46 0.102598 0.270526 1
g7 1 39 g7 1 50 0.111531 0.307484 1
g7 1 40 g7 1 39 0.112607 0.2346 1
g7 1 45 g7 1 41 0.124975 0.282181 1
g7 1 48 g7 1 45 0.135083 0.196393 1
g7 1 32 g7 1 34 0.092874 0.31424 1
g7 1 50 g7 1 40 0.138663 0.18407 1
g7 1 21 g7 1 36 0.068212 0.363603 1
g7 1 35 g7 1 51 0.102845 0.376813 1
g7 1 36 g7 1 34 0.104928 0.159465 1
g7 1 36 g7 1 31 0.104398 0.279683 1
g7 1 37 g7 1 31 0.105744 0.223388 1
g7 1 49 g7 1 41 0.134474 0.244423 1
g7 1 33 g7 1 29 0.095992 0.331907 1
g7 1 33 g7 1 33 0.096709 0.27306 1
g7 1 42 g7 1 45 0.118477 0.170613 1
g7 1 61 g7 1 45 0.165502 0.305014 1
g7 1 56 g7 1 52 0.152824 0.246199 1
g7 1 54 g7 1 37 0.147448 0.398423 1
g7 1 53 g7 1 52 0.145133 0.230603 1
g7 1 35 g7 1 35 0.113998 0.243094 1
g7 1 51 g7 1 48 0.139938 0.167706 1
g7 1 43 g7 1 47 0.119157 0.222166 1
g7 1 47 g7 1 48 0.128676 0.168155 1
g7 1 45 g7 1 45 0.124468 0.191072 1
g7 1 47 g7 1 48 0.131063 0.173402 1
