g1 2 24 g6 2 32 0.073737 0.177839 1
g1 2 23 g6 2 34 0.071807 0.194286 1
g1 2 27 g6 2 25 0.081169 0.156739 1
g1 2 42 g1 2 24 0.125532 0.124555 1
g1 2 33 g2 2 17 0.096449 0.186512 1
g1 2 29 g1 2 25 0.084557 0.155493 1
g1 2 31 g1 2 28 0.090407 0.130339 1
g1 2 20 g1 2 27 0.065348 0.114469 1
g1 2 24 g1 2 33 0.074731 0.163801 1
g1 2 28 g1 2 25 0.083502 0.160279 1
g1 2 21 g1 2 22 0.068305 0.138157 1
g1 2 26 g1 2 22 0.077628 0.114392 1
g1 2 25 g1 2 25 0.07609 0.0740715 1
g1 2 25 g1 2 25 0.076995 0.125773 1
g1 2 28 g1 2 25 0.085988 0.0863041 1
g1 2 54 g6 2 38 0.136626 0.204242 1
g1 2 26 g1 2 22 0.078541 0.0966976 1
g1 2 37 g6 2 36 0.104458 0.215399 1
g1 2 20 g6 2 31 0.065147 0.133138 1
g1 2 24 g6 2 34 0.074079 0.19971 1
g1 2 21 g6 2 32 0.067674 0.148979 1
g1 2 28 g6 2 30 0.082802 0.172967 1
g1 2 22 g2 2 17 0.06941 0.191713 1
g1 2 24 g1 2 19 0.073436 0.0886496 1
g1 2 23 g1 2 20 0.07138 0.0959363 1
g1 2 32 g1 2 29 0.09245 0.134286 1
g1 2 30 g1 2 26 0.086793 0.147948 1
g1 2 39 g1 2 26 0.108532 0.258994 1
g1 2 29 g1 2 24 0.084952 0.203157 1
g1 2 29 g1 2 37 0.08524 0.106014 1
g1 2 23 g1 2 25 0.07142 0.0902134 1
g1 2 23 g1 2 24 0.071497 0.174544 1
g1 2 19 g1 2 26 0.063001 0.0834176 1
g1 2 28 g1 2 28 0.08244 0.210743 1
g1 2 23 g1 2 29 0.071741 0.235269 1
g1 2 24 g1 2 24 0.073712 0.163654 1
g1 2 30 g1 2 24 0.087451 0.169157 1
g1 2 24 g1 2 26 0.073547 0.146512 1
g1 2 22 g1 2 23 0.069785 0.159734 1
g1 2 23 g1 2 24 0.071337 0.134771 1
g1 2 26 g1 2 26 0.078187 0.155951 1
g1 2 28 g1 2 28 0.08259 0.190776 1
g1 2 23 g1 2 25 0.071694 0.184149 1
g1 2 24 g1 2 24 0.074094 0.182284 1
g1 2 28 g1 2 24 0.082587 0.184123 1
g1 2 21 g1 2 28 0.067512 0.251477 1
g1 2 26 g6 2 36 0.078068 0.200737 1
g1 2 28 g6 2 34 0.082986 0.212294 1
g1 2 22 g6 2 37 0.069832 0.185805 1
g1 2 27 g6 2 34 0.080289 0.13539 1
g1 2 37 g2 2 17 0.105985 0.213727 1
g1 2 25 g6 2 25 0.077534 0.165599 1
g1 2 33 g2 2 17 0.094729 0.175089 1
g1 2 22 g1 2 18 0.069461 0.0769956 1
g1 2 20 g1 2 18 0.06482 0.0699969 1
g1 2 16 g1 2 17 0.057271 0.0972281 1
g1 2 16 g1 2 16 0.057177 0.0740709 1
g1 2 17 g1 2 17 0.05898 0.0754636 1
g1 2 17 g1 2 17 0.058981 0.060393 1
g1 2 19 g1 2 18 0.063056 0.0681503 1
g1 2 16 g1 2 17 0.057425 0.103612 1
g2 2 15 g2 2 14 0.05495 0.102294 1
g2 2 15 g2 2 14 0.054526 0.102069 1
g2 2 17 g2 2 17 0.058516 0.180842 1
g2 2 14 g2 2 14 0.053227 0.155019 1
g2 2 15 g2 2 14 0.054918 0.154699 1
g2 2 13 g2 2 17 0.051334 0.163711 1
g2 2 14 g2 2 14 0.05299 0.138865 1
g2 2 15 g2 2 14 0.058784 0.109654 1
g2 2 15 g2 2 14 0.056605 0.179041 1
g2 2 29 g2 2 26 0.08533 0.13883 1
g2 2 16 g2 2 14 0.05686 0.109136 1
g2 2 15 g2 2 14 0.054975 0.0998811 1
g2 2 15 g2 2 14 0.054959 0.119302 1
g2 2 16 g2 2 14 0.057012 0.119978 1
g2 2 16 g2 2 14 0.056876 0.173492 1
g2 2 15 g2 2 14 0.055563 0.139512 1
g2 2 12 g2 2 17 0.048448 0.266786 1
g2 2 15 g2 2 14 0.054976 0.0909069 1
g2 2 16 g2 2 14 0.056886 0.0997465 1
g2 2 15 g2 2 14 0.05513 0.15704 1
g2 2 16 g2 2 14 0.056909 0.136554 1
g2 2 16 g2 2 14 0.057452 0.213739 1
g2 2 14 g2 2 14 0.052869 0.149036 1
g2 2 17 g2 2 14 0.059264 0.104702 1
g2 2 18 g2 2 17 0.061196 0.171124 1
g2 2 15 g2 2 14 0.054762 0.174244 1
g2 2 15 g2 2 17 0.055226 0.234601 1
g2 2 16 g2 2 14 0.057139 0.175422 1
g2 2 18 g2 2 14 0.060695 0.137632 1
g2 2 31 g2 2 28 0.090136 0.125996 1
g2 2 28 g2 2 27 0.083037 0.154531 1
g2 2 29 g2 2 26 0.086049 0.13868 1
g2 2 25 g2 2 26 0.077389 0.145046 1
g2 2 20 g2 2 21 0.06556 0.14081 1
g2 2 22 g2 2 21 0.069586 0.116275 1
g2 2 32 g2 2 29 0.095138 0.128344 1
g2 2 23 g2 2 24 0.071734 0.0911216 1
g2 2 20 g2 2 21 0.065352 0.0914759 1
g2 2 19 g2 2 21 0.063243 0.090553 1
g2 2 21 g2 2 23 0.066238 0.0802652 1
g2 2 20 g2 2 21 0.066963 0.0893105 1
g2 2 21 g2 2 21 0.067147 0.0697141 1
g2 2 19 g2 2 21 0.064769 0.111094 1
g2 2 22 g2 2 21 0.069104 0.0768108 1
g2 2 22 g2 2 21 0.069462 0.0935556 1
g2 2 25 g2 2 23 0.07574 0.151366 1
g2 2 17 g2 2 24 0.059064 0.136608 1
g2 2 22 g2 2 21 0.069218 0.0832263 1
g2 2 42 g2 2 28 0.118468 0.160527 1
g2 2 22 g2 2 22 0.069102 0.0972297 1
g2 2 27 g2 2 23 0.080625 0.0794278 1
g2 2 27 g1 2 31 0.080654 0.219084 1
g2 2 21 g2 2 21 0.06715 0.114951 1
g2 2 19 g2 2 21 0.065137 0.0968977 1
g2 2 24 g1 2 33 0.073579 0.126282 1
g2 2 22 g2 2 21 0.069586 0.112032 1
g2 2 26 g1 2 27 0.077668 0.201474 1
g2 2 24 g2 2 28 0.073923 0.127158 1
g2 2 21 g2 2 29 0.067299 0.124674 1
g2 2 29 g2 2 28 0.084964 0.115389 1
g2 2 19 g2 2 21 0.063483 0.102121 1
g2 2 21 g1 2 33 0.067633 0.311734 1
g2 2 30 g2 2 25 0.087141 0.163577 1
g2 2 16 g2 2 14 0.058266 0.148281 1
g2 2 14 g2 2 14 0.052822 0.130207 1
g2 2 15 g2 2 14 0.055185 0.0822884 1
g3 1 36 g3 1 46 0.104901 0.332445 1
g3 1 35 g3 1 43 0.102117 0.221407 1
g3 1 49 g3 1 42 0.133797 0.300641 1
g3 1 52 g3 1 37 0.142366 0.246244 1
g3 1 55 g1 2 30 0.146096 0.418895 1
g3 1 49 g3 1 37 0.136117 0.259543 1
g3 1 47 g3 1 42 0.129703 0.382585 1
g3 1 47 g3 1 41 0.131386 0.282248 1
g3 1 44 g3 1 45 0.122855 0.289176 1
g3 1 43 g3 1 46 0.122327 0.297155 1
g3 1 44 g3 1 57 0.123179 0.280456 1
g3 1 47 g3 1 46 0.128928 0.231488 1
g3 1 46 g3 1 43 0.126908 0.244426 1
g3 1 47 g3 1 64 0.130192 0.222005 1
g3 1 44 g3 1 47 0.123298 0.509912 0
g3 1 44 g3 1 40 0.122874 0.258925 1
g3 1 41 g3 1 42 0.116381 0.20938 1
g3 1 56 g1 2 26 0.155741 0.384839 1
g3 1 48 g3 1 41 0.132307 0.250921 1
g3 1 48 g3 1 42 0.133032 0.221797 1
g3 1 50 g3 1 47 0.137769 0.226461 1
g3 1 48 g3 1 57 0.133796 0.223474 1
g3 1 46 g3 1 41 0.127379 0.251364 1
g3 1 43 g3 1 37 0.121571 0.252658 1
g3 1 47 g3 1 42 0.130989 0.316269 1
g3 1 44 g3 1 38 0.122637 0.286164 1
g3 1 50 g3 1 53 0.138461 0.323461 1
g3 1 66 g3 1 42 0.175842 0.284546 1
g3 1 58 g1 2 35 0.15888 0.443586 1
g3 1 50 g3 1 39 0.136002 0.201097 1
g3 1 57 g3 1 60 0.153934 0.227756 1
g3 1 53 g3 1 41 0.144932 0.280176 1
g3 1 49 g3 1 40 0.135415 0.220275 1
g3 1 51 g3 1 42 0.140174 0.246952 1
g3 1 52 g3 1 47 0.140215 0.262663 1
g3 1 50 g3 1 59 0.136775 0.273023 1
g3 1 51 g3 1 32 0.140768 0.325366 1
g3 1 59 g3 1 69 0.157363 0.265281 1
g3 1 61 g3 1 69 0.161409 0.26054 1
g3 1 46 g3 1 43 0.128407 0.385156 0
g3 1 28 g3 1 47 0.097242 0.823018 0
g3 1 49 g3 1 44 0.135907 0.299366 1
g3 1 42 g3 1 40 0.118935 0.212053 1
g3 1 40 g3 1 41 0.111611 0.207229 1
g3 1 42 g3 1 42 0.116166 0.229532 1
g3 1 44 g3 1 47 0.121293 0.308689 1
g3 1 39 g3 1 38 0.109908 0.342506 1
g3 1 43 g3 1 42 0.121825 0.173607 1
g3 1 40 g3 1 37 0.114168 0.222603 1
g3 1 39 g3 1 47 0.111862 0.313106 1
g3 1 43 g3 1 47 0.119583 0.257062 1
g4 2 37 g4 2 31 0.105172 0.213731 1
g4 2 37 g4 2 42 0.104908 0.0770925 1
g4 2 44 g4 2 45 0.122707 0.166975 1
g4 2 44 g4 2 42 0.122806 0.168401 1
g4 2 41 g4 2 46 0.114887 0.126542 1
g4 2 42 g4 2 51 0.117521 0.146691 1
g4 2 50 g3 1 44 0.1381 0.268622 1
g4 2 42 g4 2 42 0.117361 0.170647 1
g4 2 49 g4 2 48 0.135272 0.16048 1
g4 2 47 g4 2 49 0.129934 0.169922 1
g4 2 46 g4 2 46 0.126972 0.137594 1
g4 2 48 g4 2 51 0.132621 0.117739 1
g4 2 52 g4 2 51 0.142372 0.0872674 1
g4 2 45 g4 2 31 0.124924 0.127746 1
g4 2 30 g4 2 43 0.086645 0.144586 1
g4 2 31 g4 2 30 0.089739 0.078087 1
g4 2 30 g4 2 29 0.087439 0.0841841 1
g4 2 33 g4 2 34 0.095766 0.155968 1
g4 2 31 g4 2 33 0.089769 0.106797 1
g4 2 34 g4 2 34 0.097592 0.120246 1
g4 2 35 g4 2 40 0.100538 0.0919232 1
g4 2 36 g4 2 32 0.102442 0.107242 1
g4 2 40 g4 2 48 0.112357 0.15742 1
g4 2 30 g4 2 32 0.086798 0.114933 1
g4 2 37 g4 2 35 0.104972 0.0999654 1
g4 2 37 g4 2 37 0.105379 0.0560005 1
g4 2 41 g4 2 36 0.115175 0.0923847 1
g4 2 41 g4 2 43 0.115312 0.113961 1
g4 2 46 g4 2 32 0.12706 0.101124 1
g4 2 46 g4 2 34 0.126896 0.113174 1
g4 2 31 g4 2 37 0.089564 0.0955719 1
g4 2 31 g4 2 33 0.089825 0.103906 1
g4 2 33 g4 2 34 0.095823 0.0887908 1
g4 2 34 g4 2 34 0.098426 0.140199 1
g4 2 45 g4 2 34 0.124707 0.105555 1
g4 2 42 g4 2 34 0.116992 0.195331 1
g4 2 46 g4 2 41 0.126951 0.154758 1
g4 2 33 g4 2 32 0.095567 0.0741617 1
g4 2 45 g4 2 41 0.124818 0.101517 1
g4 2 50 g4 2 41 0.136455 0.113763 1
g4 2 41 g4 2 42 0.115048 0.0753194 1
g4 2 45 g4 2 32 0.124497 0.102625 1
g5 2 43 g5 2 48 0.121007 0.096948 1
g5 2 45 g5 2 44 0.124799 0.0813948 1
g5 2 44 g5 2 52 0.123313 0.109526 1
g5 2 42 g5 2 52 0.118082 0.12298 1
g5 2 36 g5 2 50 0.104256 0.173685 1
g5 2 42 g5 2 50 0.119017 0.103629 1
g5 2 41 g4 2 34 0.1162 0.195062 1
g5 2 46 g5 2 50 0.12841 0.189381 1
g5 2 40 g5 2 51 0.114068 0.211785 1
g5 2 33 g5 2 32 0.096439 0.123193 1
g5 2 35 g5 2 35 0.101161 0.127778 1
g5 2 41 g5 2 35 0.116042 0.115549 1
g5 2 34 g5 2 33 0.098828 0.166843 1
g5 2 36 g4 2 31 0.104055 0.193424 1
g5 2 43 g5 2 51 0.120644 0.166174 1
g5 2 39 g5 2 51 0.109903 0.210268 1
g5 2 38 g5 2 51 0.108216 0.176763 1
g5 2 35 g5 2 35 0.101275 0.193344 1
g5 2 38 g5 2 51 0.109021 0.171544 1
g5 2 38 g4 2 31 0.108214 0.178412 1
g5 2 39 g5 2 51 0.11095 0.144814 1
g5 2 38 g4 2 31 0.108102 0.180962 1
g5 2 39 g4 2 36 0.11101 0.222326 1
g5 2 38 g5 2 50 0.108731 0.172357 1
g5 2 41 g5 2 50 0.116071 0.134481 1
g5 2 41 g5 2 54 0.115797 0.156583 1
g5 2 39 g4 2 31 0.111392 0.153731 1
g5 2 39 g5 2 54 0.110793 0.169357 1
g5 2 40 g5 2 51 0.112657 0.220687 1
g5 2 40 g5 2 51 0.113409 0.173148 1
g5 2 38 g4 2 31 0.108161 0.182182 1
g5 2 39 g5 2 50 0.111489 0.132382 1
g5 2 37 g5 2 45 0.106246 0.13262 1
g5 2 39 g5 2 50 0.111984 0.152406 1
g5 2 39 g5 2 49 0.111029 0.145824 1
g5 2 43 g5 2 49 0.121192 0.104819 1
g5 2 55 g5 2 51 0.149669 0.122428 1
g5 2 40 g5 2 49 0.113783 0.0949954 1
g5 2 47 g5 2 52 0.130734 0.0837979 1
g5 2 47 g5 2 49 0.131855 0.126398 1
g5 2 50 g5 2 59 0.138556 0.137652 1
g5 2 47 g5 2 55 0.131619 0.0960286 1
g5 2 47 g5 2 54 0.131664 0.106302 1
g5 2 50 g5 2 51 0.139127 0.100019 1
g5 2 47 g5 2 48 0.131005 0.0650633 1
g6 2 40 g6 2 38 0.112271 0.0831293 1
g6 2 39 g6 2 38 0.109258 0.0954732 1
g6 2 42 g6 2 38 0.115531 0.09279 1
g6 2 41 g6 2 34 0.114807 0.186611 1
g6 2 35 g6 2 38 0.100575 0.0741795 1
g6 2 34 g6 2 34 0.097773 0.13345 1
g6 2 37 g6 2 38 0.105007 0.0968774 1
g6 2 38 g6 2 38 0.107993 0.132625 1
g6 2 36 g6 2 38 0.102256 0.105043 1
g6 2 32 g6 2 38 0.092331 0.10631 1
g6 2 39 g6 2 37 0.109583 0.158528 1
g6 2 42 g6 2 59 0.116965 0.0806915 1
g6 2 41 g6 2 41 0.114934 0.07077 1
g6 2 31 g6 2 38 0.089953 0.12078 1
g6 2 36 g6 2 41 0.102687 0.164803 1
g6 2 41 g6 2 39 0.114609 0.0869633 1
g6 2 35 g6 2 38 0.100061 0.099564 1
g6 2 43 g6 2 39 0.119415 0.0888546 1
g6 2 36 g6 2 38 0.102894 0.0856295 1
g6 2 35 g6 2 38 0.100266 0.142454 1
g6 2 41 g6 2 38 0.114821 0.0950052 1
g6 2 56 g6 2 38 0.151515 0.112544 1
g6 2 38 g6 2 39 0.107779 0.102009 1
g6 2 34 g6 2 39 0.097719 0.12163 1
g6 2 36 g6 2 38 0.102706 0.119668 1
g6 2 35 g6 2 44 0.100516 0.249863 1
g6 2 44 g6 2 38 0.121452 0.115654 1
g6 2 35 g6 2 38 0.100409 0.0913838 1
g6 2 35 g6 2 38 0.100767 0.0932373 1
g6 2 29 g6 2 33 0.08482 0.101353 1
g6 2 32 g6 2 34 0.092371 0.0869118 1
g6 2 33 g6 2 34 0.096071 0.118859 1
g6 2 51 g6 2 49 0.13958 0.354284 1
g6 2 39 g1 2 25 0.109977 0.255429 1
g6 2 32 g6 2 33 0.092265 0.0479845 1
g6 2 33 g6 2 35 0.095413 0.0866037 1
g6 2 35 g6 2 35 0.100614 0.0756825 1
g6 2 33 g6 2 35 0.095074 0.0790453 1
g6 2 37 g6 2 36 0.104468 0.0800973 1
g6 2 39 g6 2 37 0.109622 0.0710931 1
g6 2 37 g6 2 44 0.105423 0.0960218 1
g7 1 37 g7 1 44 0.107316 0.283729 1
g7 1 34 g7 1 42 0.098298 0.224504 1
g7 1 37 g7 1 39 0.105739 0.322902 1
g7 1 38 g7 1 52 0.108455 0.161921 1
g7 1 40 g7 1 34 0.112969 0.289615 1
g7 1 41 g7 1 41 0.117832 0.267352 1
g7 1 34 g7 1 46 0.099696 0.306425 1
g7 1 35 g7 1 36 0.103294 0.132177 1
g7 1 27 g7 1 31 0.080775 0.224476 1
g7 1 32 g3 1 40 0.095237 0.431618 0
g7 1 34 g7 1 33 0.10086 0.226178 1
g7 1 36 g7 1 34 0.104398 0.171268 1
g7 1 36 g7 1 39 0.102579 0.221251 1
g7 1 34 g7 1 29 0.096773 0.190098 1
g7 1 29 g7 1 29 0.084946 0.229544 1
g7 1 33 g7 1 31 0.096077 0.183661 1
g7 1 33 g7 1 28 0.095686 0.178668 1
g7 1 30 g7 1 32 0.087068 0.223046 1
g7 1 31 g7 1 29 0.089472 0.248928 1
g7 1 31 g7 1 28 0.091003 0.164172 1
g7 1 31 g7 1 32 0.091059 0.208856 1
g7 1 27 g7 1 27 0.082482 0.0615644 1
g7 1 39 g1 2 17 0.110419 0.57738 0
g7 1 35 g7 1 35 0.099186 0.238792 1
g7 1 45 g7 1 28 0.124215 0.334334 1
g7 1 37 g7 1 48 0.104548 0.36491 1
g7 1 34 g2 2 23 0.098602 0.45804 0
g7 1 38 g7 1 37 0.107249 0.16894 1
g7 1 35 g1 2 17 0.102001 0.601892 0
g7 1 36 g7 1 38 0.101432 0.375958 1
g7 1 36 g7 1 36 0.102933 0.22344 1
g7 1 44 g7 1 47 0.122216 0.305023 1
g7 1 39 g7 1 43 0.110779 0.304891 1
g7 1 40 g7 1 35 0.11326 0.22377 1
g7 1 46 g7 1 33 0.127059 0.208856 1
g7 1 68 g7 1 43 0.174065 0.286301 1
g7 1 34 g7 1 51 0.098431 0.347542 1
g7 1 35 g7 1 46 0.10004 0.270526 1
g7 1 39 g7 1 50 0.114021 0.307484 1
g7 1 40 g7 1 39 0.112859 0.2346 1
g7 1 45 g7 1 41 0.125215 0.282181 1
g7 1 48 g7 1 45 0.135088 0.196393 1
g7 1 32 g7 1 34 0.093085 0.31424 1
g7 1 50 g7 1 40 0.138893 0.18407 1
g7 1 21 g7 1 36 0.066753 0.363603 1
g7 1 35 g7 1 51 0.101864 0.376813 1
g7 1 36 g7 1 34 0.10456 0.159465 1
g7 1 36 g7 1 31 0.104738 0.279683 1
g7 1 37 g7 1 31 0.105445 0.223388 1
g7 1 49 g7 1 41 0.135485 0.244423 1
g7 1 33 g7 1 29 0.095846 0.331907 1
g7 1 33 g7 1 33 0.097074 0.27306 1
g7 1 42 g7 1 45 0.118722 0.170613 1
g7 1 61 g7 1 45 0.166142 0.305014 1
g7 1 56 g7 1 52 0.152506 0.246199 1
g7 1 54 g7 1 37 0.147851 0.398423 1
g7 1 53 g7 1 52 0.145014 0.230603 1
g7 1 35 g7 1 35 0.114305 0.243094 1
g7 1 51 g7 1 48 0.14046 0.167706 1
g7 1 43 g7 1 47 0.118964 0.222166 1
g7 1 47 g7 1 48 0.131674 0.168155 1
g7 1 45 g7 1 45 0.125126 0.191072 1
g7 1 47 g7 1 48 0.131632 0.173402 1
