g1 2 24 g6 2 32 0.07383 0.17794 1
g1 2 23 g6 2 34 0.071216 0.194198 1
g1 2 27 g6 2 25 0.080678 0.15724 1
g1 2 42 g1 2 24 0.126373 0.123816 1
g1 2 33 g2 2 17 0.102994 0.187198 1
g1 2 29 g1 2 25 0.085116 0.155603 1
g1 2 31 g1 2 28 0.091468 0.130341 1
g1 2 20 g1 2 27 0.065496 0.114622 1
g1 2 24 g1 2 33 0.074259 0.163865 1
g1 2 28 g1 2 25 0.082433 0.160339 1
g1 2 21 g1 2 31 0.070973 0.14073 1
g1 2 26 g1 2 22 0.078153 0.114373 1
g1 2 25 g1 2 25 0.076261 0.0740661 1
g1 2 25 g1 2 25 0.076011 0.125881 1
g1 2 28 g1 2 25 0.082714 0.0868187 1
g1 2 54 g6 2 38 0.142627 0.204369 1
g1 2 26 g1 2 22 0.078641 0.0972668 1
g1 2 37 g6 2 36 0.104575 0.215971 1
g1 2 20 g6 2 31 0.06551 0.134031 1
g1 2 24 g6 2 34 0.073986 0.199984 1
g1 2 21 g6 2 32 0.067202 0.150999 1
g1 2 28 g6 2 30 0.082742 0.173621 1
g1 2 22 g2 2 17 0.07105 0.193526 1
g1 2 24 g1 2 19 0.073927 0.0891945 1
g1 2 23 g1 2 20 0.071048 0.0969903 1
g1 2 32 g1 2 29 0.092935 0.134032 1
g1 2 30 g1 2 26 0.087576 0.148789 1
g1 2 39 g1 2 26 0.108827 0.259161 1
g1 2 29 g1 2 24 0.086999 0.203512 1
g1 2 29 g1 2 37 0.085156 0.106583 1
g1 2 23 g1 2 25 0.071491 0.0915781 1
g1 2 23 g1 2 24 0.071485 0.174426 1
g1 2 19 g1 2 26 0.063125 0.085179 1
g1 2 28 g1 2 28 0.08327 0.210505 1
g1 2 23 g1 2 29 0.073086 0.236403 1
g1 2 24 g1 2 24 0.073748 0.164906 1
g1 2 30 g1 2 24 0.087275 0.170312 1
g1 2 24 g1 2 26 0.073737 0.146705 1
g1 2 22 g1 2 23 0.069197 0.160308 1
g1 2 23 g1 2 24 0.071747 0.136293 1
g1 2 26 g1 2 26 0.078233 0.157024 1
g1 2 28 g1 2 28 0.084215 0.208836 1
g1 2 23 g1 2 25 0.071403 0.184867 1
g1 2 24 g1 2 24 0.074094 0.181988 1
g1 2 28 g1 2 24 0.082476 0.185135 1
g1 2 21 g1 2 28 0.067823 0.252151 1
g1 2 26 g6 2 36 0.078982 0.200933 1
g1 2 28 g6 2 34 0.084564 0.212761 1
g1 2 22 g6 2 37 0.071725 0.187049 1
g1 2 27 g6 2 34 0.080691 0.136433 1
g1 2 37 g2 2 17 0.106163 0.214004 1
g1 2 25 g6 2 25 0.075941 0.166234 1
g1 2 33 g2 2 17 0.094804 0.175786 1
g1 2 22 g1 2 18 0.071595 0.0772465 1
g1 2 20 g1 2 18 0.065096 0.0702443 1
g1 2 16 g1 2 17 0.057076 0.0958116 1
g1 2 16 g1 2 16 0.057225 0.0742667 1
g1 2 17 g1 2 17 0.059007 0.0748685 1
g1 2 17 g1 2 17 0.059189 0.0620692 1
g1 2 19 g1 2 18 0.062786 0.0683333 1
g1 2 16 g1 2 17 0.056907 0.105744 1
g2 2 15 g2 2 14 0.055421 0.102187 1
g2 2 15 g2 2 14 0.056424 0.10185 1
g2 2 17 g2 2 17 0.059251 0.181372 1
g2 2 14 g2 2 14 0.052762 0.155059 1
g2 2 15 g2 2 14 0.055095 0.154887 1
g2 2 13 g2 2 17 0.050581 0.164817 1
g2 2 14 g2 2 14 0.053446 0.13909 1
g2 2 15 g2 2 14 0.054591 0.110691 1
g2 2 15 g2 2 14 0.054994 0.179236 1
g2 2 29 g2 2 26 0.086796 0.139318 1
g2 2 16 g2 2 14 0.056923 0.110161 1
g2 2 15 g2 2 14 0.055338 0.100015 1
g2 2 15 g2 2 14 0.054857 0.119707 1
g2 2 16 g2 2 14 0.05739 0.121027 1
g2 2 16 g2 2 14 0.057274 0.173813 1
g2 2 15 g2 2 14 0.05521 0.140784 1
g2 2 12 g2 2 17 0.048668 0.269356 1
g2 2 15 g2 2 14 0.054868 0.092682 1
g2 2 16 g2 2 14 0.059721 0.101305 1
g2 2 15 g2 2 14 0.054854 0.158697 1
g2 2 16 g2 2 14 0.057276 0.13721 1
g2 2 16 g2 2 14 0.05697 0.214676 1
g2 2 14 g2 2 14 0.053172 0.148629 1
g2 2 17 g2 2 14 0.059422 0.10577 1
g2 2 18 g2 2 17 0.061227 0.169768 1
g2 2 15 g2 2 14 0.054803 0.174605 1
g2 2 15 g2 2 17 0.054814 0.236373 1
g2 2 16 g2 2 14 0.05916 0.175869 1
g2 2 18 g2 2 14 0.060793 0.137793 1
g2 2 31 g2 2 28 0.090364 0.126317 1
g2 2 28 g2 2 27 0.083398 0.154631 1
g2 2 29 g2 2 26 0.085953 0.139835 1
g2 2 25 g2 2 26 0.07662 0.145608 1
g2 2 20 g2 2 21 0.06532 0.141188 1
g2 2 22 g2 2 21 0.071187 0.116212 1
g2 2 32 g2 2 29 0.095626 0.128335 1
g2 2 23 g2 2 21 0.071626 0.096611 1
g2 2 20 g2 2 21 0.065165 0.0919244 1
g2 2 19 g2 2 21 0.065994 0.0917693 1
g2 2 21 g2 2 21 0.066392 0.0850921 1
g2 2 20 g2 2 21 0.069036 0.0905802 1
g2 2 21 g2 2 21 0.068481 0.0696447 1
g2 2 19 g2 2 21 0.064821 0.111867 1
g2 2 22 g2 2 21 0.06972 0.0774176 1
g2 2 22 g2 2 21 0.069965 0.0948557 1
g2 2 25 g2 2 23 0.0758 0.152061 1
g2 2 17 g2 2 24 0.059341 0.137865 1
g2 2 22 g2 2 21 0.069785 0.0837894 1
g2 2 42 g2 2 28 0.118918 0.160804 1
g2 2 22 g2 2 22 0.069374 0.0964792 1
g2 2 27 g2 2 23 0.080118 0.0798759 1
g2 2 27 g1 2 31 0.080217 0.219936 1
g2 2 21 g2 2 21 0.067621 0.115142 1
g2 2 19 g2 2 21 0.065064 0.0974426 1
g2 2 24 g1 2 33 0.075252 0.127458 1
g2 2 22 g2 2 21 0.069843 0.112631 1
g2 2 26 g1 2 27 0.077243 0.202682 1
g2 2 24 g2 2 28 0.073971 0.128112 1
g2 2 21 g2 2 29 0.067358 0.125182 1
g2 2 29 g2 2 28 0.084812 0.116633 1
g2 2 19 g2 2 21 0.063187 0.102651 1
g2 2 21 g1 2 33 0.069088 0.312074 1
g2 2 30 g2 2 25 0.086986 0.164235 1
g2 2 16 g2 2 14 0.057328 0.14913 1
g2 2 14 g2 2 14 0.052975 0.130177 1
g2 2 15 g2 2 14 0.054602 0.0820335 1
g3 1 36 g3 1 46 0.104956 0.333223 1
g3 1 35 g3 1 43 0.102576 0.221946 1
g3 1 49 g3 1 42 0.134488 0.30178 1
g3 1 52 g3 1 37 0.141995 0.246502 1
g3 1 55 g1 2 30 0.145867 0.418822 1
g3 1 49 g3 1 37 0.137935 0.259881 1
g3 1 47 g3 1 42 0.129638 0.382952 1
g3 1 47 g3 1 41 0.131346 0.282962 1
g3 1 44 g3 1 45 0.123403 0.289696 1
g3 1 43 g3 1 46 0.122637 0.297558 1
g3 1 44 g3 1 57 0.124406 0.28128 1
g3 1 47 g3 1 46 0.129188 0.232351 1
g3 1 46 g3 1 43 0.128294 0.247889 1
g3 1 47 g3 1 64 0.131303 0.222787 1
g3 1 44 g3 1 47 0.124916 0.51036 1
g3 1 44 g3 1 40 0.122732 0.258832 1
g3 1 41 g3 1 42 0.116866 0.209816 1
g3 1 56 g1 2 26 0.154991 0.386249 1
g3 1 48 g3 1 41 0.13476 0.251072 1
g3 1 48 g3 1 42 0.133662 0.221803 1
g3 1 50 g3 1 47 0.137839 0.226277 1
g3 1 48 g3 1 57 0.13408 0.221905 1
g3 1 46 g3 1 41 0.129627 0.25135 1
g3 1 43 g3 1 37 0.121874 0.253234 1
g3 1 47 g3 1 42 0.131831 0.316508 1
g3 1 44 g3 1 38 0.122259 0.28715 1
g3 1 50 g3 1 53 0.140189 0.32382 1
g3 1 66 g3 1 42 0.176194 0.284562 1
g3 1 58 g1 2 35 0.158195 0.4447 1
g3 1 50 g3 1 39 0.138561 0.201403 1
g3 1 57 g3 1 60 0.153945 0.228523 1
g3 1 53 g3 1 41 0.144684 0.280706 1
g3 1 49 g3 1 40 0.136431 0.220627 1
g3 1 51 g3 1 42 0.142586 0.247319 1
g3 1 52 g3 1 47 0.140584 0.263802 1
g3 1 50 g3 1 59 0.138845 0.273868 1
g3 1 51 g3 1 32 0.14151 0.32566 1
g3 1 59 g3 1 69 0.159048 0.265699 1
g3 1 61 g3 1 69 0.164205 0.260838 1
g3 1 46 g3 1 43 0.130395 0.385294 1
g3 1 28 g3 1 47 0.099123 0.823248 0
g3 1 49 g3 1 44 0.136077 0.300426 1
g3 1 42 g3 1 40 0.119146 0.212795 1
g3 1 40 g3 1 41 0.111601 0.20749 1
g3 1 42 g3 1 42 0.116164 0.230677 1
g3 1 44 g3 1 47 0.122696 0.308949 1
g3 1 39 g3 1 38 0.110073 0.342217 1
g3 1 43 g3 1 42 0.121452 0.173902 1
g3 1 40 g3 1 37 0.114171 0.222896 1
g3 1 39 g3 1 47 0.11187 0.313576 1
g3 1 43 g3 1 47 0.121374 0.257709 1
g4 2 37 g4 2 31 0.10502 0.214003 1
g4 2 37 g4 2 42 0.105693 0.0776266 1
g4 2 44 g4 2 45 0.122339 0.166957 1
g4 2 44 g4 2 42 0.124603 0.168567 1
g4 2 41 g4 2 46 0.11528 0.126684 1
g4 2 42 g4 2 51 0.117718 0.146778 1
g4 2 50 g3 1 44 0.138243 0.269455 1
g4 2 42 g4 2 42 0.11838 0.171182 1
g4 2 49 g4 2 48 0.136947 0.160702 1
g4 2 47 g4 2 49 0.129622 0.169863 1
g4 2 46 g4 2 46 0.127335 0.137917 1
g4 2 48 g4 2 51 0.132537 0.118121 1
g4 2 52 g4 2 51 0.144435 0.0872918 1
g4 2 45 g4 2 31 0.124888 0.128089 1
g4 2 30 g4 2 43 0.086732 0.145188 1
g4 2 31 g4 2 30 0.089591 0.0783236 1
g4 2 30 g4 2 29 0.087185 0.0842569 1
g4 2 33 g4 2 34 0.09797 0.155891 1
g4 2 31 g4 2 33 0.090876 0.107021 1
g4 2 34 g4 2 34 0.098738 0.120714 1
g4 2 35 g4 2 40 0.101953 0.0921291 1
g4 2 36 g4 2 32 0.103465 0.107127 1
g4 2 40 g4 2 48 0.114764 0.157677 1
g4 2 30 g4 2 32 0.087248 0.11523 1
g4 2 37 g4 2 35 0.104964 0.0999789 1
g4 2 37 g4 2 37 0.105513 0.0565179 1
g4 2 41 g4 2 36 0.114862 0.0927801 1
g4 2 41 g4 2 43 0.116299 0.114147 1
g4 2 46 g4 2 32 0.127155 0.101447 1
g4 2 46 g4 2 34 0.126891 0.113267 1
g4 2 31 g4 2 37 0.089991 0.0959691 1
g4 2 31 g4 2 33 0.090247 0.104216 1
g4 2 33 g4 2 34 0.097647 0.089046 1
g4 2 34 g4 2 34 0.098115 0.140114 1
g4 2 45 g4 2 34 0.124268 0.10591 1
g4 2 42 g4 2 34 0.117217 0.195535 1
g4 2 46 g4 2 41 0.127862 0.155241 1
g4 2 33 g4 2 32 0.09831 0.0741323 1
g4 2 45 g4 2 41 0.124748 0.101616 1
g4 2 50 g4 2 41 0.136492 0.114166 1
g4 2 41 g4 2 42 0.115684 0.0754929 1
g4 2 45 g4 2 32 0.127002 0.102621 1
g5 2 43 g5 2 48 0.121273 0.0971744 1
g5 2 45 g5 2 44 0.12501 0.0816019 1
g5 2 44 g5 2 52 0.123834 0.109662 1
g5 2 42 g5 2 52 0.117934 0.124991 1
g5 2 36 g5 2 50 0.107419 0.17394 1
g5 2 42 g5 2 50 0.119081 0.10384 1
g5 2 41 g4 2 34 0.115931 0.196252 1
g5 2 46 g5 2 50 0.128143 0.189313 1
g5 2 40 g5 2 51 0.115019 0.211937 1
g5 2 33 g5 2 32 0.098585 0.123541 1
g5 2 35 g5 2 35 0.101798 0.127559 1
g5 2 41 g5 2 35 0.116937 0.116069 1
g5 2 34 g5 2 33 0.099015 0.167177 1
g5 2 36 g4 2 31 0.103345 0.194451 1
g5 2 43 g5 2 51 0.122549 0.16659 1
g5 2 39 g5 2 52 0.11066 0.223702 1
g5 2 38 g5 2 51 0.109002 0.17723 1
g5 2 35 g5 2 35 0.101088 0.193171 1
g5 2 38 g5 2 51 0.109118 0.171682 1
g5 2 38 g4 2 31 0.110097 0.179745 1
g5 2 39 g5 2 51 0.111841 0.145158 1
g5 2 38 g4 2 31 0.107851 0.182144 1
g5 2 39 g4 2 36 0.110471 0.223905 1
g5 2 38 g5 2 50 0.109162 0.172716 1
g5 2 41 g5 2 50 0.117046 0.134535 1
g5 2 41 g5 2 54 0.116306 0.156904 1
g5 2 39 g4 2 31 0.111032 0.154788 1
g5 2 39 g5 2 54 0.110978 0.169673 1
g5 2 40 g5 2 51 0.114249 0.220685 1
g5 2 40 g5 2 51 0.114662 0.173265 1
g5 2 38 g4 2 31 0.108507 0.184001 1
g5 2 39 g5 2 50 0.111105 0.134244 1
g5 2 37 g5 2 45 0.106706 0.133308 1
g5 2 39 g5 2 50 0.113322 0.152698 1
g5 2 39 g5 2 49 0.111212 0.14648 1
g5 2 43 g5 2 49 0.120703 0.105347 1
g5 2 55 g5 2 51 0.150197 0.123206 1
g5 2 40 g5 2 49 0.116032 0.0955829 1
g5 2 47 g5 2 52 0.129769 0.083783 1
g5 2 47 g5 2 49 0.132562 0.126546 1
g5 2 50 g5 2 59 0.139186 0.137976 1
g5 2 47 g5 2 55 0.131644 0.0960784 1
g5 2 47 g5 2 54 0.135718 0.106638 1
g5 2 50 g5 2 51 0.140759 0.100387 1
g5 2 47 g5 2 48 0.1313 0.0650965 1
g6 2 40 g6 2 38 0.112685 0.083175 1
g6 2 39 g6 2 38 0.111384 0.0953195 1
g6 2 42 g6 2 38 0.115584 0.0928561 1
g6 2 41 g6 2 34 0.114279 0.186681 1
g6 2 35 g6 2 38 0.100775 0.0746636 1
g6 2 34 g6 2 34 0.098029 0.133747 1
g6 2 37 g6 2 38 0.106862 0.0972487 1
g6 2 38 g6 2 38 0.106905 0.13291 1
g6 2 36 g6 2 38 0.102356 0.106651 1
g6 2 32 g6 2 38 0.092317 0.106965 1
g6 2 39 g6 2 37 0.109497 0.158648 1
g6 2 42 g6 2 59 0.118608 0.0806673 1
g6 2 41 g6 2 41 0.114343 0.0722909 1
g6 2 31 g6 2 38 0.089616 0.121881 1
g6 2 36 g6 2 41 0.102913 0.165956 1
g6 2 41 g6 2 39 0.115409 0.0874991 1
g6 2 35 g6 2 38 0.101725 0.0999042 1
g6 2 43 g6 2 39 0.119054 0.0893298 1
g6 2 36 g6 2 38 0.102446 0.0858735 1
g6 2 35 g6 2 38 0.100605 0.143103 1
g6 2 41 g6 2 38 0.114135 0.0953615 1
g6 2 56 g6 2 38 0.154681 0.112614 1
g6 2 38 g6 2 39 0.10823 0.102929 1
g6 2 34 g6 2 39 0.097657 0.12231 1
g6 2 36 g6 2 38 0.103208 0.120256 1
g6 2 35 g6 2 44 0.100442 0.250265 1
g6 2 44 g6 2 38 0.123542 0.115719 1
g6 2 35 g6 2 38 0.100021 0.0915789 1
g6 2 35 g6 2 38 0.100077 0.0938618 1
g6 2 29 g6 2 33 0.084835 0.102225 1
g6 2 32 g6 2 34 0.09254 0.0872025 1
g6 2 33 g6 2 34 0.097145 0.119237 1
g6 2 51 g6 2 49 0.141549 0.354557 1
g6 2 39 g1 2 25 0.111142 0.256252 1
g6 2 32 g6 2 33 0.093179 0.0489091 1
g6 2 33 g6 2 35 0.095611 0.0869931 1
g6 2 35 g6 2 35 0.101929 0.0761341 1
g6 2 33 g6 2 35 0.096273 0.0791336 1
g6 2 37 g6 2 36 0.104926 0.0803105 1
g6 2 39 g6 2 37 0.109809 0.0712027 1
g6 2 37 g6 2 44 0.104835 0.0961247 1
g7 1 37 g7 1 44 0.109256 0.284241 1
g7 1 34 g7 1 42 0.098622 0.224965 1
g7 1 37 g7 1 39 0.10535 0.323346 1
g7 1 38 g7 1 52 0.109246 0.162606 1
g7 1 40 g7 1 34 0.11238 0.290341 1
g7 1 41 g7 1 41 0.118027 0.267993 1
g7 1 34 g7 1 46 0.098509 0.307843 1
g7 1 35 g7 1 36 0.104072 0.13242 1
g7 1 27 g7 1 31 0.080595 0.229789 1
g7 1 32 g3 1 40 0.094903 0.432231 1
g7 1 34 g7 1 33 0.101689 0.228633 1
g7 1 36 g7 1 34 0.104205 0.171633 1
g7 1 36 g7 1 39 0.102438 0.221973 1
g7 1 34 g7 1 29 0.097566 0.191086 1
g7 1 29 g7 1 29 0.084714 0.22992 1
g7 1 33 g7 1 31 0.097277 0.183853 1
g7 1 33 g7 1 28 0.096521 0.179065 1
g7 1 30 g7 1 32 0.086761 0.223571 1
g7 1 31 g7 1 29 0.089651 0.24925 1
g7 1 31 g7 1 28 0.09122 0.164834 1
g7 1 31 g7 1 32 0.091443 0.209471 1
g7 1 27 g7 1 27 0.085551 0.0629575 1
g7 1 39 g1 2 17 0.110025 0.578516 0
g7 1 35 g7 1 35 0.099626 0.240379 1
g7 1 45 g7 1 28 0.124344 0.33521 1
g7 1 37 g7 1 48 0.104186 0.365188 1
g7 1 34 g2 2 23 0.099335 0.458612 1
g7 1 38 g7 1 37 0.107639 0.169295 1
g7 1 35 g1 2 17 0.104566 0.602471 0
g7 1 36 g7 1 38 0.102219 0.375783 1
g7 1 36 g7 1 36 0.102833 0.21929 1
g7 1 44 g7 1 47 0.123498 0.305902 1
g7 1 39 g7 1 43 0.111555 0.305301 1
g7 1 40 g7 1 35 0.113923 0.224363 1
g7 1 46 g7 1 33 0.126619 0.209283 1
g7 1 68 g7 1 43 0.174939 0.286404 1
g7 1 34 g7 1 51 0.098107 0.34738 1
g7 1 35 g7 1 46 0.102572 0.270879 1
g7 1 39 g7 1 50 0.111422 0.307819 1
g7 1 40 g7 1 39 0.112891 0.23487 1
g7 1 45 g7 1 41 0.126625 0.28276 1
g7 1 48 g7 1 45 0.135402 0.196207 1
g7 1 32 g7 1 34 0.092485 0.314379 1
g7 1 50 g7 1 40 0.138539 0.185094 1
g7 1 21 g7 1 36 0.06892 0.36312 1
g7 1 35 g7 1 51 0.102056 0.377438 1
g7 1 36 g7 1 34 0.104578 0.159756 1
g7 1 36 g7 1 31 0.104456 0.279676 1
g7 1 37 g7 1 31 0.105698 0.22345 1
g7 1 49 g7 1 41 0.136244 0.244665 1
g7 1 33 g7 1 29 0.096983 0.332379 1
g7 1 33 g7 1 33 0.097496 0.272874 1
g7 1 42 g7 1 45 0.118637 0.170913 1
g7 1 61 g7 1 45 0.167484 0.305385 1
g7 1 56 g7 1 52 0.15261 0.246406 1
g7 1 54 g7 1 37 0.14772 0.398754 1
g7 1 53 g7 1 52 0.145451 0.231176 1
g7 1 35 g7 1 35 0.116051 0.242307 1
g7 1 51 g7 1 48 0.142137 0.167855 1
g7 1 43 g7 1 47 0.121401 0.222068 1
g7 1 47 g7 1 48 0.129466 0.168317 1
g7 1 45 g7 1 45 0.126677 0.191058 1
g7 1 47 g7 1 48 0.131655 0.173907 1
