g1 2 46 g6 2 78 0.230239 0.151271 1
g1 2 44 g6 2 66 0.221803 0.17884 1
g1 2 52 g6 2 50 0.255661 0.133323 1
g1 2 102 g1 2 45 0.47037 0.128344 1
g1 2 63 g2 2 32 0.304468 0.180019 1
g1 2 56 g1 2 48 0.271001 0.143851 1
g1 2 60 g1 2 54 0.288808 0.120546 1
g1 2 37 g1 2 52 0.193375 0.0984748 1
g1 2 46 g1 2 42 0.22991 0.124197 1
g1 2 54 g1 2 48 0.262745 0.153851 1
g1 2 39 g1 2 42 0.201766 0.11936 1
g1 2 50 g1 2 42 0.246657 0.0973088 1
g1 2 48 g1 2 48 0.237982 0.0665379 1
g1 2 47 g1 2 46 0.233948 0.0739496 1
g1 2 53 g1 2 48 0.259095 0.0760421 1
g1 2 111 g6 2 73 0.510048 0.20023 1
g1 2 49 g1 2 42 0.24215 0.0889367 1
g1 2 71 g6 2 70 0.334797 0.199175 1
g1 2 37 g6 2 60 0.193311 0.12168 1
g1 2 46 g6 2 66 0.229644 0.186226 1
g1 2 39 g6 2 51 0.201327 0.130296 1
g1 2 54 g6 2 57 0.263017 0.160935 1
g1 2 42 g2 2 32 0.213782 0.181488 1
g1 2 45 g1 2 38 0.225791 0.0751975 1
g1 2 43 g1 2 38 0.216926 0.0769938 1
g1 2 61 g1 2 56 0.29225 0.126871 1
g1 2 58 g1 2 49 0.281199 0.139487 1
g1 2 75 g1 2 49 0.352435 0.246594 1
g1 2 55 g1 2 45 0.266696 0.194769 1
g1 2 56 g1 2 71 0.271835 0.100618 1
g1 2 43 g1 2 48 0.217787 0.0795973 1
g1 2 44 g1 2 45 0.221322 0.162819 1
g1 2 35 g1 2 50 0.184977 0.0640499 1
g1 2 53 g1 2 54 0.257813 0.197292 1
g1 2 43 g1 2 56 0.217802 0.225186 1
g1 2 46 g1 2 45 0.229536 0.149562 1
g1 2 57 g1 2 45 0.275266 0.158168 1
g1 2 46 g1 2 45 0.228657 0.153119 1
g1 2 41 g1 2 43 0.209852 0.154605 1
g1 2 43 g1 2 45 0.217247 0.119913 1
g1 2 49 g1 2 50 0.242005 0.147619 1
g1 2 53 g1 2 54 0.258486 0.204712 1
g1 2 44 g1 2 47 0.222443 0.168578 1
g1 2 46 g1 2 45 0.229924 0.172272 1
g1 2 53 g1 2 45 0.258709 0.161407 1
g1 2 40 g1 2 54 0.205114 0.23451 1
g1 2 50 g6 2 70 0.245543 0.185257 1
g1 2 53 g6 2 65 0.259112 0.19522 1
g1 2 41 g6 2 72 0.210304 0.170714 1
g1 2 52 g6 2 66 0.254866 0.125926 1
g1 2 72 g2 2 32 0.339767 0.207837 1
g1 2 48 g6 2 50 0.238812 0.147822 1
g1 2 64 g2 2 32 0.306554 0.161244 1
g1 2 42 g1 2 34 0.21312 0.0657652 1
g1 2 38 g1 2 34 0.197016 0.0576872 1
g1 2 29 g1 2 32 0.15795 0.0730236 1
g1 2 29 g1 2 29 0.157426 0.0591343 1
g1 2 31 g1 2 32 0.165498 0.0594803 1
g1 2 31 g1 2 31 0.165305 0.0511753 1
g1 2 36 g1 2 34 0.188756 0.0559827 1
g1 2 29 g1 2 29 0.157478 0.0583123 1
g2 2 28 g2 2 26 0.152921 0.081189 1
g2 2 28 g2 2 26 0.153844 0.0852107 1
g2 2 31 g2 2 32 0.165218 0.152605 1
g2 2 26 g2 2 26 0.145055 0.150999 1
g2 2 27 g2 2 26 0.148328 0.134901 1
g2 2 23 g2 2 32 0.131525 0.144775 1
g2 2 26 g2 2 26 0.144645 0.128892 1
g2 2 27 g2 2 26 0.150542 0.0937242 1
g2 2 28 g2 2 26 0.153325 0.156895 1
g2 2 55 g2 2 50 0.267529 0.125755 1
g2 2 29 g2 2 26 0.157175 0.0853226 1
g2 2 28 g2 2 26 0.153537 0.0831557 1
g2 2 28 g2 2 26 0.153395 0.10591 1
g2 2 29 g2 2 26 0.157417 0.106393 1
g2 2 30 g2 2 26 0.160392 0.165876 1
g2 2 27 g2 2 26 0.148572 0.128428 1
g2 2 21 g2 2 32 0.124906 0.237872 1
g2 2 27 g2 2 26 0.148613 0.0733698 1
g2 2 29 g2 2 26 0.157337 0.0850396 1
g2 2 27 g2 2 26 0.149097 0.132614 1
g2 2 30 g2 2 26 0.161703 0.125009 1
g2 2 30 g2 2 26 0.160615 0.202935 1
g2 2 26 g2 2 26 0.145241 0.144234 1
g2 2 31 g2 2 26 0.165122 0.0809107 1
g2 2 33 g2 2 32 0.176515 0.158391 1
g2 2 28 g2 2 26 0.152943 0.150766 1
g2 2 27 g2 2 32 0.148299 0.215902 1
g2 2 30 g2 2 26 0.161134 0.15229 1
g2 2 34 g2 2 26 0.180238 0.122504 1
g2 2 59 g2 2 53 0.2852 0.11708 1
g2 2 54 g2 2 45 0.263814 0.128094 1
g2 2 55 g2 2 50 0.274202 0.115822 1
g2 2 48 g1 2 43 0.238687 0.259655 1
g2 2 38 g2 2 42 0.197432 0.0980393 1
g2 2 42 g2 2 39 0.212939 0.102152 1
g2 2 64 g2 2 53 0.307001 0.107338 1
g2 2 43 g2 2 45 0.217695 0.0816044 1
g2 2 37 g2 2 44 0.194265 0.0787732 1
g2 2 36 g2 2 39 0.189192 0.0732656 1
g2 2 39 g2 2 44 0.200897 0.0675561 1
g2 2 39 g2 2 39 0.201322 0.0572417 1
g2 2 41 g2 2 39 0.209665 0.0581594 1
g2 2 39 g2 2 39 0.200834 0.0957513 1
g2 2 41 g2 2 39 0.209488 0.0682864 1
g2 2 42 g2 2 44 0.213486 0.0697143 1
g2 2 47 g2 2 44 0.234457 0.129158 1
g2 2 31 g2 2 41 0.165418 0.117849 1
g2 2 42 g2 2 39 0.213468 0.06024 1
g2 2 84 g2 2 53 0.395266 0.158477 1
g2 2 41 g2 2 42 0.209928 0.0790936 1
g2 2 52 g2 2 44 0.255356 0.0678578 1
g2 2 52 g1 2 59 0.255594 0.213745 1
g2 2 40 g2 2 39 0.205287 0.0999793 1
g2 2 37 g2 2 44 0.193354 0.0734563 1
g2 2 45 g1 2 64 0.225869 0.115191 1
g2 2 41 g2 2 44 0.210007 0.0894141 1
g2 2 49 g1 2 52 0.241715 0.192012 1
g2 2 46 g2 2 53 0.230569 0.113792 1
g2 2 40 g2 2 56 0.2057 0.10944 1
g2 2 56 g2 2 53 0.27187 0.108505 1
g2 2 35 g2 2 39 0.185824 0.0852977 1
g2 2 40 g1 2 57 0.205646 0.290824 1
g2 2 58 g2 2 48 0.280617 0.156959 1
g2 2 29 g2 2 26 0.157786 0.130546 1
g2 2 26 g2 2 26 0.144935 0.124454 1
g2 2 28 g2 2 26 0.153901 0.0648465 1
g3 1 71 g3 1 117 0.33762 0.324805 1
g3 1 68 g3 1 84 0.324578 0.194898 1
g3 1 95 g3 1 81 0.441804 0.296964 1
g3 1 102 g3 1 73 0.47114 0.238218 1
g3 1 107 g1 2 57 0.49703 0.434995 1
g3 1 96 g3 1 73 0.449113 0.256818 1
g3 1 91 g3 1 72 0.425191 0.283774 1
g3 1 93 g3 1 82 0.434882 0.278866 1
g3 1 86 g3 1 87 0.401936 0.278667 1
g3 1 87 g3 1 92 0.405214 0.286612 1
g3 1 88 g3 1 106 0.415626 0.254138 1
g3 1 92 g3 1 81 0.429336 0.212962 1
g3 1 92 g3 1 86 0.429851 0.243562 1
g3 1 92 g3 1 127 0.432091 0.2154 1
g3 1 90 g3 1 78 0.421435 0.482702 1
g3 1 86 g3 1 74 0.40393 0.25076 1
g3 1 80 g3 1 81 0.377311 0.197892 1
g3 1 113 g1 2 49 0.523456 0.365086 1
g3 1 95 g3 1 120 0.442818 0.277557 1
g3 1 95 g3 1 85 0.44476 0.214709 1
g3 1 99 g3 1 91 0.46025 0.219722 1
g3 1 93 g3 1 114 0.434905 0.216527 1
g3 1 92 g3 1 82 0.429509 0.243935 1
g3 1 85 g3 1 73 0.39794 0.253225 1
g3 1 91 g3 1 81 0.426138 0.303278 1
g3 1 88 g3 1 77 0.411703 0.278852 1
g3 1 99 g3 1 112 0.459194 0.301397 1
g3 1 132 g3 1 84 0.607071 0.28222 1
g3 1 114 g1 2 67 0.526712 0.43458 1
g3 1 97 g3 1 80 0.451096 0.1944 1
g3 1 111 g3 1 120 0.51491 0.219216 1
g3 1 104 g3 1 82 0.481505 0.27285 1
g3 1 97 g3 1 78 0.450556 0.214257 1
g3 1 100 g3 1 85 0.465131 0.238382 1
g3 1 101 g3 1 91 0.471357 0.246652 1
g3 1 98 g3 1 83 0.458388 0.267061 1
g3 1 102 g3 1 61 0.482247 0.319308 1
g3 1 115 g3 1 140 0.535564 0.258955 1
g3 1 120 g3 1 140 0.586479 0.257891 1
g3 1 92 g3 1 84 0.4298 0.376797 1
g3 1 76 g3 1 68 0.358373 0.838181 0
g3 1 97 g3 1 85 0.450767 0.281636 1
g3 1 85 g3 1 79 0.397393 0.211361 1
g3 1 77 g3 1 80 0.362518 0.193194 1
g3 1 81 g3 1 81 0.378587 0.214477 1
g3 1 86 g3 1 91 0.400612 0.293181 1
g3 1 77 g3 1 77 0.360671 0.329231 1
g3 1 85 g3 1 84 0.396705 0.171705 1
g3 1 79 g3 1 74 0.370982 0.219266 1
g3 1 78 g3 1 91 0.366066 0.301789 1
g3 1 84 g3 1 91 0.392562 0.249773 1
g4 2 71 g4 2 59 0.337763 0.198089 1
g4 2 71 g4 2 82 0.335597 0.0673423 1
g4 2 86 g4 2 87 0.401016 0.162398 1
g4 2 85 g4 2 82 0.395715 0.163126 1
g4 2 80 g4 2 90 0.374569 0.119477 1
g4 2 81 g4 2 99 0.390058 0.14039 1
g4 2 100 g3 1 89 0.462153 0.25683 1
g4 2 81 g4 2 82 0.379901 0.161355 1
g4 2 95 g4 2 94 0.442507 0.151698 1
g4 2 93 g4 2 95 0.432315 0.166844 1
g4 2 89 g4 2 90 0.414108 0.134392 1
g4 2 94 g4 2 99 0.435847 0.112256 1
g4 2 102 g4 2 101 0.47202 0.0792638 1
g4 2 89 g4 2 60 0.414277 0.120179 1
g4 2 57 g4 2 63 0.274904 0.127509 1
g4 2 60 g4 2 57 0.288655 0.0727742 1
g4 2 57 g4 2 55 0.274956 0.0766083 1
g4 2 63 g4 2 66 0.300637 0.145464 1
g4 2 59 g4 2 64 0.284774 0.103054 1
g4 2 65 g4 2 66 0.311243 0.109011 1
g4 2 67 g4 2 78 0.318147 0.0844505 1
g4 2 69 g4 2 78 0.327852 0.0992722 1
g4 2 77 g4 2 95 0.36077 0.150197 1
g4 2 57 g4 2 62 0.274483 0.105125 1
g4 2 72 g4 2 67 0.340703 0.0918328 1
g4 2 72 g4 2 72 0.339145 0.048741 1
g4 2 80 g4 2 70 0.374064 0.0862969 1
g4 2 79 g4 2 83 0.369908 0.110199 1
g4 2 92 g4 2 62 0.426492 0.0941647 1
g4 2 90 g4 2 66 0.417155 0.104492 1
g4 2 59 g4 2 72 0.284283 0.0842472 1
g4 2 59 g4 2 63 0.284721 0.0951659 1
g4 2 63 g4 2 66 0.301618 0.0775823 1
g4 2 66 g4 2 66 0.315047 0.130808 1
g4 2 87 g4 2 66 0.404565 0.0984353 1
g4 2 82 g4 2 66 0.382963 0.18796 1
g4 2 89 g4 2 79 0.415337 0.146736 1
g4 2 64 g4 2 62 0.305926 0.0681309 1
g4 2 88 g4 2 79 0.409593 0.0983634 1
g4 2 100 g4 2 79 0.46277 0.107761 1
g4 2 80 g4 2 82 0.374186 0.0681987 1
g4 2 88 g4 2 62 0.409501 0.0951218 1
g5 2 84 g5 2 94 0.395073 0.0893176 1
g5 2 87 g5 2 85 0.407156 0.0767305 1
g5 2 85 g5 2 101 0.399412 0.103886 1
g5 2 82 g5 2 101 0.384829 0.114987 1
g5 2 69 g5 2 98 0.331815 0.161727 1
g5 2 81 g5 2 98 0.382932 0.0936171 1
g5 2 80 g4 2 65 0.376581 0.188285 1
g5 2 89 g5 2 98 0.41742 0.177105 1
g5 2 78 g5 2 100 0.367428 0.207032 1
g5 2 64 g5 2 62 0.306646 0.117299 1
g5 2 68 g5 2 68 0.324324 0.118591 1
g5 2 80 g5 2 68 0.375892 0.108626 1
g5 2 66 g5 2 82 0.316129 0.144768 1
g5 2 69 g4 2 60 0.329013 0.184751 1
g5 2 83 g5 2 100 0.389095 0.161175 1
g5 2 76 g5 2 68 0.357844 0.213618 1
g5 2 73 g5 2 100 0.345559 0.169501 1
g5 2 68 g5 2 68 0.32339 0.181356 1
g5 2 73 g5 2 100 0.345977 0.164501 1
g5 2 73 g4 2 59 0.345665 0.169759 1
g5 2 75 g5 2 99 0.35477 0.132945 1
g5 2 73 g4 2 59 0.34595 0.171532 1
g5 2 75 g4 2 70 0.354181 0.207991 1
g5 2 73 g5 2 98 0.345415 0.164006 1
g5 2 80 g5 2 98 0.377906 0.126513 1
g5 2 79 g5 2 106 0.372423 0.15038 1
g5 2 76 g4 2 59 0.359019 0.143869 1
g5 2 75 g5 2 106 0.355234 0.162105 1
g5 2 77 g5 2 100 0.362422 0.211992 1
g5 2 78 g5 2 88 0.368523 0.138184 1
g5 2 73 g4 2 65 0.346175 0.188222 1
g5 2 76 g5 2 98 0.360178 0.126581 1
g5 2 71 g5 2 88 0.337624 0.124045 1
g5 2 75 g5 2 98 0.356648 0.138354 1
g5 2 76 g5 2 98 0.358629 0.141297 1
g5 2 83 g5 2 96 0.390251 0.0967482 1
g5 2 110 g5 2 100 0.508554 0.117647 1
g5 2 77 g5 2 96 0.364199 0.0859701 1
g5 2 92 g5 2 101 0.430175 0.0756917 1
g5 2 92 g5 2 96 0.433359 0.121381 1
g5 2 98 g5 2 115 0.460444 0.128892 1
g5 2 92 g5 2 115 0.432193 0.0887555 1
g5 2 91 g5 2 105 0.426783 0.0983107 1
g5 2 98 g5 2 100 0.456784 0.0919861 1
g5 2 92 g5 2 98 0.431346 0.0726379 1
g6 2 78 g6 2 74 0.364882 0.077136 1
g6 2 75 g6 2 74 0.352172 0.0886381 1
g6 2 81 g6 2 74 0.377694 0.0837195 1
g6 2 79 g6 2 65 0.368922 0.173163 1
g6 2 67 g6 2 74 0.317395 0.0672097 1
g6 2 66 g6 2 77 0.313656 0.118371 1
g6 2 71 g6 2 74 0.334564 0.0905135 1
g6 2 73 g6 2 74 0.342511 0.124847 1
g6 2 70 g6 2 74 0.330058 0.100268 1
g6 2 61 g6 2 74 0.293081 0.0983134 1
g6 2 76 g6 2 72 0.356996 0.148182 1
g6 2 82 g6 2 179 0.382291 0.0846512 1
g6 2 80 g6 2 79 0.374461 0.0637393 1
g6 2 59 g6 2 74 0.283258 0.114933 1
g6 2 70 g6 2 79 0.331442 0.159355 1
g6 2 79 g6 2 75 0.369995 0.0816378 1
g6 2 67 g6 2 74 0.317131 0.0919602 1
g6 2 84 g6 2 75 0.390933 0.0824738 1
g6 2 70 g6 2 74 0.331217 0.078759 1
g6 2 68 g6 2 74 0.321949 0.13811 1
g6 2 80 g6 2 74 0.373876 0.0903619 1
g6 2 115 g6 2 74 0.525354 0.146872 1
g6 2 74 g6 2 75 0.347378 0.0920368 1
g6 2 66 g6 2 75 0.31346 0.116205 1
g6 2 70 g6 2 74 0.330976 0.116409 1
g6 2 68 g6 2 86 0.32153 0.238989 1
g6 2 86 g6 2 74 0.400299 0.111651 1
g6 2 68 g6 2 74 0.322473 0.0831518 1
g6 2 68 g6 2 74 0.321128 0.0867334 1
g6 2 56 g6 2 64 0.27164 0.0932688 1
g6 2 61 g6 2 65 0.29194 0.0761259 1
g6 2 63 g6 2 65 0.301054 0.105697 1
g6 2 99 g6 2 94 0.458927 0.363459 1
g6 2 75 g1 2 48 0.352388 0.249492 1
g6 2 61 g6 2 62 0.292467 0.0327055 1
g6 2 63 g6 2 63 0.30099 0.0631527 1
g6 2 67 g6 2 63 0.317936 0.0575263 1
g6 2 64 g6 2 67 0.305116 0.0628013 1
g6 2 71 g6 2 70 0.334229 0.0709974 1
g6 2 76 g6 2 72 0.356864 0.0616879 1
g6 2 71 g6 2 86 0.335547 0.0880182 1
g7 1 73 g7 1 87 0.345694 0.276636 1
g7 1 65 g7 1 83 0.311562 0.214486 1
g7 1 71 g7 1 67 0.335407 0.282669 1
g7 1 73 g7 1 102 0.345714 0.151537 1
g7 1 78 g7 1 66 0.368076 0.281787 1
g7 1 82 g7 1 79 0.384281 0.25401 1
g7 1 66 g7 1 90 0.315049 0.298672 1
g7 1 72 g7 1 73 0.340462 0.124732 1
g7 1 52 g7 1 60 0.255452 0.216303 1
g7 1 63 g3 1 83 0.302203 0.402604 1
g7 1 67 g7 1 65 0.318373 0.217361 1
g7 1 72 g7 1 66 0.340333 0.16331 1
g7 1 69 g7 1 76 0.326191 0.217129 1
g7 1 65 g7 1 56 0.310755 0.176833 1
g7 1 56 g7 1 55 0.270423 0.21659 1
g7 1 64 g7 1 60 0.305064 0.174301 1
g7 1 63 g7 1 55 0.300245 0.15924 1
g7 1 58 g7 1 62 0.279957 0.214666 1
g7 1 60 g7 1 89 0.288179 0.286894 1
g7 1 61 g7 1 54 0.292021 0.15933 1
g7 1 61 g7 1 62 0.29229 0.197059 1
g7 1 54 g7 1 51 0.263947 0.0359619 1
g7 1 75 g1 2 31 0.352536 0.53179 1
g7 1 68 g7 1 69 0.322463 0.227333 1
g7 1 88 g7 1 54 0.409643 0.322597 1
g7 1 72 g7 1 94 0.339959 0.355519 1
g7 1 67 g2 2 44 0.318388 0.433152 1
g7 1 74 g7 1 73 0.34732 0.16219 1
g7 1 70 g1 2 31 0.3309 0.556157 0
g7 1 70 g3 1 130 0.330157 0.527425 1
g7 1 72 g7 1 69 0.340159 0.213426 1
g7 1 85 g7 1 93 0.3954 0.29699 1
g7 1 77 g7 1 88 0.361604 0.299224 1
g7 1 79 g7 1 67 0.369206 0.217459 1
g7 1 90 g7 1 66 0.418108 0.204742 1
g7 1 136 g7 1 88 0.624483 0.27874 1
g7 1 66 g7 1 75 0.314065 0.243244 1
g7 1 67 g7 1 97 0.318733 0.255224 1
g7 1 78 g7 1 97 0.366987 0.302307 1
g7 1 78 g7 1 75 0.366423 0.228199 1
g7 1 88 g7 1 79 0.412239 0.267728 1
g7 1 97 g7 1 91 0.45277 0.194254 1
g7 1 62 g7 1 67 0.29832 0.300008 1
g7 1 101 g7 1 77 0.467782 0.175766 1
g7 1 39 g7 1 67 0.200115 0.364027 1
g7 1 70 g7 1 100 0.331816 0.366034 1
g7 1 72 g7 1 66 0.341559 0.154061 1
g7 1 71 g7 1 60 0.335905 0.270987 1
g7 1 72 g7 1 73 0.340906 0.167195 1
g7 1 96 g7 1 79 0.4484 0.237295 1
g7 1 63 g7 1 57 0.30163 0.309275 1
g7 1 66 g7 1 65 0.314522 0.260375 1
g7 1 84 g7 1 89 0.392583 0.162851 1
g7 1 119 g7 1 91 0.54998 0.298056 1
g7 1 110 g7 1 103 0.509072 0.245831 1
g7 1 105 g7 1 72 0.485727 0.384197 1
g7 1 104 g7 1 103 0.483215 0.22302 1
g7 1 91 g7 1 71 0.422328 0.238911 1
g7 1 99 g7 1 94 0.460883 0.159631 1
g7 1 83 g7 1 93 0.388723 0.211386 1
g7 1 92 g7 1 94 0.429734 0.157546 1
g7 1 88 g7 1 91 0.410251 0.186825 1
g7 1 93 g7 1 94 0.433469 0.166665 1
