g1 2 44 g6 2 60 0.215436 0.160914 1
g1 2 42 g6 2 64 0.207488 0.172727 1
g1 2 50 g6 2 48 0.239506 0.125289 1
g1 2 100 g1 2 43 0.447699 0.129417 1
g1 2 61 g2 2 30 0.287912 0.183151 1
g1 2 54 g1 2 46 0.255965 0.142534 1
g1 2 58 g1 2 46 0.272556 0.113158 1
g1 2 35 g1 2 50 0.180222 0.0970448 1
g1 2 44 g1 2 40 0.215504 0.122193 1
g1 2 52 g1 2 46 0.247579 0.153201 1
g1 2 37 g1 2 40 0.187358 0.117398 1
g1 2 48 g1 2 40 0.231974 0.0942005 1
g1 2 46 g1 2 46 0.223043 0.0653767 1
g1 2 45 g1 2 44 0.219615 0.0742529 1
g1 2 51 g1 2 46 0.242986 0.0742867 1
g1 2 109 g6 2 71 0.485153 0.199637 1
g1 2 47 g1 2 40 0.228373 0.0893916 1
g1 2 69 g6 2 68 0.316856 0.192761 1
g1 2 35 g6 2 69 0.179968 0.134836 1
g1 2 44 g6 2 64 0.21545 0.180735 1
g1 2 37 g6 2 49 0.187841 0.127242 1
g1 2 52 g6 2 55 0.248061 0.15502 1
g1 2 40 g2 2 45 0.199502 0.175992 1
g1 2 43 g1 2 36 0.210791 0.0701902 1
g1 2 41 g1 2 36 0.203584 0.0729246 1
g1 2 59 g1 2 54 0.276379 0.125942 1
g1 2 56 g1 2 47 0.263189 0.139616 1
g1 2 73 g1 2 47 0.334604 0.242762 1
g1 2 53 g1 2 43 0.251112 0.194021 1
g1 2 54 g1 2 69 0.256302 0.100994 1
g1 2 41 g1 2 46 0.202991 0.0782365 1
g1 2 42 g1 2 43 0.207432 0.156364 1
g1 2 33 g1 2 48 0.171802 0.0612619 1
g1 2 51 g1 2 52 0.242302 0.197634 1
g1 2 41 g1 2 54 0.204748 0.226619 1
g1 2 44 g1 2 43 0.214581 0.145674 1
g1 2 55 g1 2 43 0.259794 0.154799 1
g1 2 44 g1 2 43 0.214294 0.14882 1
g1 2 39 g1 2 41 0.194901 0.156408 1
g1 2 41 g1 2 43 0.203336 0.113863 1
g1 2 47 g1 2 48 0.227239 0.148519 1
g1 2 51 g1 2 52 0.244458 0.204624 1
g1 2 42 g1 2 43 0.207821 0.206752 1
g1 2 44 g1 2 43 0.215221 0.166897 1
g1 2 51 g1 2 43 0.243216 0.152267 1
g1 2 38 g1 2 52 0.191438 0.225632 1
g1 2 48 g6 2 67 0.231655 0.191866 1
g1 2 51 g6 2 63 0.242699 0.186925 1
g1 2 39 g6 2 70 0.195809 0.163582 1
g1 2 50 g6 2 64 0.239354 0.123351 1
g1 2 70 g2 2 30 0.322942 0.211961 1
g1 2 46 g6 2 48 0.225166 0.140177 1
g1 2 62 g2 2 30 0.289962 0.158839 1
g1 2 40 g1 2 30 0.198821 0.104996 1
g1 2 36 g1 2 32 0.183106 0.0552752 1
g1 2 27 g1 2 30 0.144027 0.0717766 1
g1 2 27 g1 2 27 0.144201 0.0584145 1
g1 2 29 g1 2 30 0.152838 0.0570191 1
g1 2 29 g1 2 29 0.15234 0.0497548 1
g1 2 34 g1 2 32 0.175038 0.0552609 1
g1 2 27 g1 2 27 0.14438 0.0585002 1
g2 2 26 g2 2 24 0.140353 0.080774 1
g2 2 26 g2 2 24 0.140406 0.0829627 1
g2 2 29 g2 2 30 0.152437 0.150494 1
g2 2 24 g2 2 24 0.132942 0.147788 1
g2 2 25 g2 2 24 0.136541 0.131777 1
g2 2 21 g2 2 30 0.119537 0.144918 1
g2 2 24 g2 2 24 0.132657 0.121557 1
g2 2 25 g2 2 24 0.137357 0.0897749 1
g2 2 26 g2 2 24 0.140314 0.147597 1
g2 2 53 g2 2 48 0.251825 0.12162 1
g2 2 27 g2 2 24 0.144988 0.0821964 1
g2 2 26 g2 2 24 0.140343 0.0848221 1
g2 2 26 g2 2 24 0.140377 0.105094 1
g2 2 27 g2 2 24 0.144883 0.108519 1
g2 2 28 g2 2 24 0.148668 0.168705 1
g2 2 25 g2 2 24 0.136556 0.128441 1
g2 2 19 g2 2 30 0.11258 0.230905 1
g2 2 25 g2 2 24 0.137155 0.0748435 1
g2 2 27 g2 2 24 0.144503 0.0862481 1
g2 2 25 g2 2 24 0.136793 0.132325 1
g2 2 28 g2 2 24 0.148394 0.127187 1
g2 2 28 g2 2 24 0.148471 0.202375 1
g2 2 24 g2 2 24 0.132824 0.140708 1
g2 2 29 g2 2 24 0.152478 0.0773327 1
g2 2 31 g2 2 30 0.160833 0.157309 1
g2 2 26 g2 2 24 0.140315 0.142029 1
g2 2 25 g2 2 30 0.136141 0.218193 1
g2 2 28 g2 2 24 0.148572 0.144577 1
g2 2 32 g2 2 24 0.165643 0.120105 1
g2 2 57 g2 2 51 0.269054 0.113447 1
g2 2 52 g1 2 29 0.248923 0.207128 1
g2 2 53 g2 2 48 0.252841 0.113228 1
g2 2 46 g1 2 41 0.224223 0.255285 1
g2 2 36 g2 2 40 0.183975 0.0945646 1
g2 2 40 g2 2 37 0.199305 0.0997305 1
g2 2 62 g2 2 51 0.289559 0.105391 1
g2 2 41 g2 2 37 0.203591 0.0860249 1
g2 2 35 g2 2 42 0.179771 0.0785681 1
g2 2 34 g2 2 37 0.175882 0.0735559 1
g2 2 37 g2 2 42 0.187377 0.0676064 1
g2 2 37 g2 2 37 0.188295 0.0543996 1
g2 2 39 g2 2 37 0.1957 0.0563116 1
g2 2 37 g2 2 37 0.187408 0.0944887 1
g2 2 39 g2 2 37 0.19584 0.0661056 1
g2 2 40 g2 2 42 0.199624 0.0699725 1
g2 2 45 g2 2 42 0.219628 0.125056 1
g2 2 29 g2 2 40 0.152695 0.117702 1
g2 2 40 g2 2 37 0.199675 0.0587943 1
g2 2 82 g2 2 51 0.376016 0.159875 1
g2 2 39 g2 2 40 0.195714 0.0776896 1
g2 2 50 g2 2 42 0.238937 0.0686868 1
g2 2 50 g1 2 48 0.239109 0.208267 1
g2 2 38 g2 2 37 0.191182 0.097143 1
g2 2 35 g2 2 42 0.180049 0.0715669 1
g2 2 43 g1 2 62 0.211758 0.112596 1
g2 2 39 g2 2 42 0.195377 0.0883543 1
g2 2 47 g1 2 50 0.227381 0.190312 1
g2 2 44 g2 2 51 0.216274 0.108911 1
g2 2 38 g2 2 54 0.191454 0.10608 1
g2 2 54 g2 2 51 0.256419 0.109573 1
g2 2 33 g2 2 37 0.172262 0.083846 1
g2 2 38 g1 2 55 0.192318 0.278588 1
g2 2 56 g2 2 46 0.263523 0.160661 1
g2 2 27 g2 2 24 0.144272 0.129458 1
g2 2 24 g2 2 24 0.133199 0.118578 1
g2 2 26 g2 2 24 0.140398 0.0644475 1
g3 1 69 g3 1 72 0.319497 0.316273 1
g3 1 66 g3 1 82 0.30716 0.190213 1
g3 1 93 g3 1 79 0.421199 0.296692 1
g3 1 100 g3 1 71 0.450838 0.236355 1
g3 1 105 g1 2 55 0.474011 0.423074 0
g3 1 94 g3 1 71 0.426316 0.254154 1
g3 1 89 g3 1 70 0.404685 0.276936 1
g3 1 91 g3 1 80 0.414297 0.273393 1
g3 1 84 g3 1 85 0.382643 0.278647 0
g3 1 85 g3 1 90 0.38595 0.283675 1
g3 1 86 g3 1 104 0.390601 0.250977 1
g3 1 90 g3 1 79 0.409059 0.20536 1
g3 1 90 g3 1 84 0.409763 0.23957 1
g3 1 90 g3 1 125 0.410978 0.213121 1
g3 1 88 g3 1 76 0.398967 0.475727 0
g3 1 84 g3 1 72 0.384126 0.242721 1
g3 1 78 g3 1 79 0.358152 0.195477 1
g3 1 111 g1 2 47 0.500469 0.354061 0
g3 1 93 g3 1 80 0.422519 0.243617 1
g3 1 93 g3 1 83 0.424124 0.208777 1
g3 1 97 g3 1 89 0.439535 0.214353 1
g3 1 91 g3 1 112 0.413826 0.215496 1
g3 1 90 g3 1 80 0.408771 0.237226 1
g3 1 83 g3 1 71 0.378712 0.250708 1
g3 1 89 g3 1 79 0.406086 0.300822 0
g3 1 86 g3 1 75 0.389774 0.281679 0
g3 1 97 g3 1 110 0.438436 0.295255 1
g3 1 130 g3 1 82 0.580807 0.284261 1
g3 1 112 g3 1 87 0.504695 0.287481 1
g3 1 95 g3 1 78 0.429812 0.19328 1
g3 1 109 g3 1 118 0.491427 0.217483 1
g3 1 102 g3 1 80 0.459516 0.268437 1
g3 1 95 g3 1 76 0.430036 0.211657 1
g3 1 98 g3 1 83 0.446481 0.232041 1
g3 1 99 g3 1 89 0.448368 0.239975 1
g3 1 96 g3 1 81 0.437846 0.262869 1
g3 1 100 g7 1 75 0.451692 0.43396 0
g3 1 113 g3 1 138 0.507335 0.259061 1
g3 1 118 g3 1 138 0.530888 0.252984 1
g3 1 90 g3 1 82 0.407223 0.368885 0
g3 1 74 g3 1 66 0.33909 0.834601 0
g3 1 95 g3 1 83 0.429123 0.274813 0
g3 1 83 g3 1 77 0.378029 0.211947 1
g3 1 75 g3 1 78 0.343881 0.188616 1
g3 1 79 g3 1 79 0.360089 0.209933 1
g3 1 84 g3 1 89 0.381855 0.288825 0
g3 1 75 g3 1 75 0.34365 0.323432 0
g3 1 83 g3 1 82 0.378068 0.167859 1
g3 1 77 g3 1 72 0.352693 0.214258 1
g3 1 76 g3 1 89 0.348331 0.294233 0
g3 1 82 g3 1 89 0.372572 0.248577 0
g4 2 69 g4 2 57 0.318306 0.191123 1
g4 2 69 g4 2 80 0.318009 0.0660167 1
g4 2 84 g4 2 85 0.382042 0.161414 1
g4 2 83 g4 2 80 0.377597 0.161243 1
g4 2 78 g4 2 88 0.356645 0.117795 1
g4 2 79 g4 2 97 0.360375 0.13937 1
g4 2 98 g3 1 87 0.442007 0.254056 1
g4 2 79 g4 2 80 0.360679 0.157149 1
g4 2 93 g4 2 92 0.421279 0.149584 1
g4 2 91 g4 2 93 0.411241 0.163987 1
g4 2 87 g4 2 88 0.394377 0.135221 1
g4 2 92 g4 2 97 0.417053 0.111199 1
g4 2 100 g4 2 99 0.451274 0.0772027 1
g4 2 87 g4 2 53 0.395158 0.0994266 1
g4 2 55 g4 2 65 0.258559 0.116808 1
g4 2 58 g4 2 55 0.271912 0.0715552 1
g4 2 55 g4 2 53 0.259336 0.0751592 1
g4 2 61 g4 2 64 0.284204 0.142849 1
g4 2 57 g4 2 62 0.267 0.0996441 1
g4 2 63 g4 2 64 0.29319 0.105019 1
g4 2 65 g4 2 76 0.30162 0.0836168 1
g4 2 67 g4 2 76 0.309401 0.0981991 1
g4 2 75 g4 2 93 0.342698 0.148781 1
g4 2 55 g4 2 60 0.258719 0.103583 1
g4 2 70 g4 2 65 0.322931 0.0884289 1
g4 2 70 g4 2 70 0.322239 0.0475186 1
g4 2 78 g4 2 68 0.355312 0.0850483 1
g4 2 77 g4 2 81 0.352312 0.108874 1
g4 2 90 g4 2 60 0.405347 0.0948221 1
g4 2 88 g4 2 64 0.397922 0.103041 1
g4 2 57 g4 2 70 0.26715 0.0813742 1
g4 2 57 g4 2 61 0.26807 0.0911389 1
g4 2 61 g4 2 64 0.284709 0.0745925 1
g4 2 64 g4 2 64 0.297485 0.125211 1
g4 2 85 g4 2 64 0.384794 0.0978542 1
g4 2 80 g4 2 64 0.364627 0.184858 1
g4 2 87 g4 2 77 0.394866 0.144483 1
g4 2 62 g4 2 60 0.288714 0.0668608 1
g4 2 86 g4 2 77 0.389564 0.0981559 1
g4 2 98 g4 2 77 0.441561 0.10866 1
g4 2 78 g4 2 80 0.356835 0.0673156 1
g4 2 86 g4 2 60 0.388781 0.0945725 1
g5 2 82 g5 2 92 0.375125 0.0888844 1
g5 2 85 g5 2 83 0.386753 0.0766654 1
g5 2 83 g5 2 99 0.380411 0.104034 1
g5 2 80 g5 2 99 0.366578 0.115317 1
g5 2 67 g5 2 96 0.312099 0.158796 1
g5 2 79 g5 2 96 0.364196 0.0914223 1
g5 2 78 g4 2 63 0.35841 0.186761 1
g5 2 87 g5 2 96 0.396982 0.173141 1
g5 2 76 g5 2 98 0.349462 0.205094 1
g5 2 62 g5 2 60 0.289348 0.115852 1
g5 2 66 g5 2 66 0.306811 0.116191 1
g5 2 78 g5 2 66 0.357207 0.107979 1
g5 2 64 g5 2 80 0.298566 0.141213 1
g5 2 67 g4 2 58 0.310653 0.184074 1
g5 2 81 g5 2 98 0.371288 0.160284 1
g5 2 74 g5 2 66 0.339571 0.202666 1
g5 2 71 g5 2 98 0.327968 0.170467 1
g5 2 66 g5 2 66 0.306471 0.177696 1
g5 2 71 g5 2 98 0.328096 0.163221 1
g5 2 71 g4 2 57 0.327713 0.167461 1
g5 2 73 g5 2 97 0.33702 0.132334 1
g5 2 71 g5 2 63 0.326835 0.154023 1
g5 2 73 g4 2 68 0.336275 0.206301 1
g5 2 71 g5 2 96 0.328284 0.164192 1
g5 2 78 g5 2 96 0.360295 0.126072 1
g5 2 77 g5 2 104 0.354185 0.149785 1
g5 2 74 g4 2 57 0.34116 0.14223 1
g5 2 73 g5 2 104 0.336327 0.163228 1
g5 2 75 g5 2 98 0.344601 0.211005 1
g5 2 76 g5 2 86 0.349764 0.135157 1
g5 2 71 g4 2 63 0.327301 0.186927 1
g5 2 74 g5 2 96 0.341282 0.126245 1
g5 2 69 g5 2 94 0.321023 0.133138 1
g5 2 73 g5 2 96 0.339262 0.133423 1
g5 2 74 g5 2 96 0.340551 0.142666 1
g5 2 81 g5 2 94 0.371152 0.0961288 1
g5 2 108 g5 2 98 0.485261 0.116844 1
g5 2 75 g5 2 94 0.347001 0.08502 1
g5 2 90 g5 2 99 0.407567 0.0742962 1
g5 2 90 g5 2 94 0.411366 0.118403 1
g5 2 96 g5 2 113 0.438169 0.126379 1
g5 2 90 g5 2 113 0.413122 0.0856127 1
g5 2 89 g5 2 103 0.408318 0.0963033 1
g5 2 96 g5 2 98 0.436337 0.089658 1
g5 2 90 g5 2 96 0.410575 0.0717028 1
g6 2 76 g6 2 72 0.346369 0.0771459 1
g6 2 73 g6 2 72 0.333637 0.0880276 1
g6 2 79 g6 2 72 0.359195 0.0822419 1
g6 2 77 g6 2 63 0.350418 0.168577 1
g6 2 65 g6 2 72 0.301638 0.0669014 1
g6 2 64 g6 2 75 0.29785 0.114614 1
g6 2 69 g6 2 72 0.317969 0.0890006 1
g6 2 71 g6 2 72 0.32501 0.123143 1
g6 2 68 g6 2 72 0.312509 0.0985805 1
g6 2 59 g6 2 72 0.276227 0.0973569 1
g6 2 74 g6 2 70 0.338318 0.143305 1
g6 2 80 g6 2 177 0.36377 0.0852704 1
g6 2 78 g6 2 77 0.355479 0.0643359 1
g6 2 57 g6 2 72 0.267591 0.116345 1
g6 2 68 g6 2 77 0.314027 0.158649 1
g6 2 77 g6 2 73 0.351655 0.0807775 1
g6 2 65 g6 2 72 0.300946 0.0915207 1
g6 2 82 g6 2 73 0.371151 0.0823714 1
g6 2 68 g6 2 72 0.312955 0.0777317 1
g6 2 66 g6 2 72 0.30509 0.137876 1
g6 2 78 g6 2 72 0.354494 0.0898468 1
g6 2 113 g6 2 72 0.501533 0.147326 1
g6 2 72 g6 2 73 0.330078 0.0916119 1
g6 2 64 g6 2 69 0.297534 0.111254 1
g6 2 68 g6 2 72 0.31319 0.116217 1
g6 2 66 g6 2 84 0.304693 0.235259 0
g6 2 84 g6 2 72 0.379994 0.11065 1
g6 2 66 g6 2 72 0.305211 0.0817849 1
g6 2 66 g6 2 72 0.304178 0.0878122 1
g6 2 54 g6 2 62 0.255341 0.0951049 1
g6 2 59 g6 2 63 0.276021 0.0737205 1
g6 2 61 g6 2 63 0.284474 0.101849 1
g6 2 97 g6 2 92 0.438399 0.361166 1
g6 2 73 g1 2 54 0.335022 0.242303 1
g6 2 59 g6 2 60 0.276114 0.0325585 1
g6 2 61 g6 2 66 0.283802 0.0781043 1
g6 2 65 g6 2 61 0.301111 0.0581284 1
g6 2 62 g6 2 65 0.288229 0.0600247 1
g6 2 69 g6 2 68 0.317653 0.0699748 1
g6 2 74 g6 2 70 0.338041 0.0584366 1
g6 2 69 g6 2 84 0.317437 0.0875334 1
g7 1 71 g7 1 85 0.329166 0.27168 1
g7 1 63 g7 1 81 0.295128 0.212809 1
g7 1 69 g7 1 73 0.319829 0.308133 0
g7 1 71 g7 1 100 0.328584 0.149006 1
g7 1 76 g7 1 64 0.348298 0.278388 1
g7 1 80 g7 1 77 0.365868 0.250562 1
g7 1 64 g7 1 78 0.299194 0.263044 1
g7 1 70 g7 1 71 0.322585 0.12257 1
g7 1 50 g7 1 58 0.239228 0.217144 1
g7 1 61 g3 1 81 0.285952 0.38893 0
g7 1 65 g7 1 63 0.300687 0.214304 1
g7 1 70 g7 1 64 0.322903 0.160001 1
g7 1 67 g7 1 74 0.30898 0.212843 1
g7 1 63 g7 1 54 0.293243 0.169549 1
g7 1 54 g7 1 53 0.254868 0.213141 1
g7 1 62 g7 1 58 0.288314 0.169683 1
g7 1 61 g7 1 53 0.284635 0.152039 1
g7 1 56 g7 1 60 0.263353 0.210975 1
g7 1 58 g7 1 87 0.272217 0.284984 1
g7 1 59 g7 1 52 0.275674 0.157445 1
g7 1 59 g7 1 60 0.276509 0.193492 1
g7 1 52 g7 1 49 0.24827 0.0354893 1
g7 1 73 g1 2 29 0.335183 0.506446 0
g7 1 66 g7 1 67 0.304668 0.225156 1
g7 1 86 g7 1 52 0.389282 0.317661 1
g7 1 70 g7 1 92 0.322599 0.347275 0
g7 1 65 g2 2 42 0.30059 0.414207 0
g7 1 72 g7 1 71 0.330425 0.161306 1
g7 1 68 g1 2 29 0.31366 0.529818 0
g7 1 68 g3 1 128 0.314296 0.522324 0
g7 1 70 g7 1 67 0.32235 0.215648 1
g7 1 83 g7 1 91 0.376457 0.294133 1
g7 1 75 g7 1 86 0.342963 0.294575 1
g7 1 77 g7 1 65 0.351968 0.213428 1
g7 1 88 g7 1 64 0.397498 0.204561 1
g7 1 134 g7 1 86 0.607342 0.276689 1
g7 1 64 g7 1 73 0.297479 0.24136 1
g7 1 65 g7 1 95 0.301402 0.247475 1
g7 1 76 g7 1 81 0.348541 0.260509 1
g7 1 76 g7 1 73 0.347753 0.23138 1
g7 1 86 g7 1 77 0.391304 0.257496 1
g7 1 95 g7 1 89 0.429651 0.189599 1
g7 1 60 g7 1 63 0.280973 0.262553 1
g7 1 99 g7 1 75 0.446894 0.172561 1
g7 1 37 g7 1 71 0.186526 0.356486 1
g7 1 68 g7 1 98 0.316414 0.358518 0
g7 1 70 g7 1 64 0.3231 0.151632 1
g7 1 69 g7 1 58 0.319404 0.27366 1
g7 1 70 g7 1 71 0.322779 0.163192 1
g7 1 94 g7 1 77 0.425414 0.234385 1
g7 1 61 g7 1 55 0.285564 0.305223 1
g7 1 64 g7 1 63 0.297036 0.253362 1
g7 1 82 g7 1 87 0.373421 0.161789 1
g7 1 117 g7 1 88 0.527903 0.307909 1
g7 1 108 g7 1 101 0.485791 0.245434 1
g7 1 103 g7 1 70 0.464444 0.375397 0
g7 1 102 g7 1 101 0.460528 0.222327 1
g7 1 89 g7 1 69 0.403422 0.232672 1
g7 1 97 g7 1 92 0.438751 0.157676 1
g7 1 81 g7 1 91 0.370264 0.204566 1
g7 1 90 g7 1 92 0.409139 0.152347 1
g7 1 86 g7 1 89 0.389693 0.186012 1
g7 1 91 g7 1 92 0.414716 0.167741 1
