g1 2 24 g6 2 32 0.073914 0.17794 1
g1 2 23 g6 2 34 0.071493 0.194198 1
g1 2 27 g6 2 25 0.08103 0.15724 1
g1 2 42 g1 2 24 0.125694 0.123816 1
g1 2 33 g2 2 17 0.09563 0.187198 1
g1 2 29 g1 2 25 0.085777 0.155603 1
g1 2 31 g1 2 28 0.089732 0.130341 1
g1 2 20 g1 2 27 0.065701 0.114622 1
g1 2 24 g1 2 33 0.073454 0.163865 1
g1 2 28 g1 2 25 0.082327 0.160339 1
g1 2 21 g1 2 31 0.067835 0.14073 1
g1 2 26 g1 2 22 0.077693 0.114373 1
g1 2 25 g1 2 25 0.075864 0.0740661 1
g1 2 25 g1 2 25 0.076216 0.125881 1
g1 2 28 g1 2 25 0.082685 0.0868187 1
g1 2 54 g6 2 38 0.140215 0.204369 1
g1 2 26 g1 2 22 0.078094 0.0972668 1
g1 2 37 g6 2 36 0.10443 0.215971 1
g1 2 20 g6 2 31 0.065381 0.134031 1
g1 2 24 g6 2 34 0.07367 0.199984 1
g1 2 21 g6 2 32 0.067582 0.150999 1
g1 2 28 g6 2 30 0.082879 0.173621 1
g1 2 22 g2 2 17 0.069623 0.193526 1
g1 2 24 g1 2 19 0.073576 0.0891945 1
g1 2 23 g1 2 20 0.07161 0.0969903 1
g1 2 32 g1 2 29 0.09231 0.134032 1
g1 2 30 g1 2 26 0.087511 0.148789 1
g1 2 39 g1 2 26 0.109128 0.259161 1
g1 2 29 g1 2 24 0.085124 0.203512 1
g1 2 29 g1 2 37 0.085193 0.106583 1
g1 2 23 g1 2 25 0.071489 0.0915781 1
g1 2 23 g1 2 24 0.071648 0.174426 1
g1 2 19 g1 2 26 0.063143 0.085179 1
g1 2 28 g1 2 28 0.081997 0.210505 1
g1 2 23 g1 2 29 0.071776 0.236403 1
g1 2 24 g1 2 24 0.07396 0.164906 1
g1 2 30 g1 2 24 0.087166 0.170312 1
g1 2 24 g1 2 26 0.073748 0.146705 1
g1 2 22 g1 2 23 0.069827 0.160308 1
g1 2 23 g1 2 24 0.071292 0.136293 1
g1 2 26 g1 2 26 0.079055 0.157024 1
g1 2 28 g1 2 28 0.082378 0.208836 1
g1 2 23 g1 2 25 0.071681 0.184867 1
g1 2 24 g1 2 24 0.074017 0.181988 1
g1 2 28 g1 2 24 0.082367 0.185135 1
g1 2 21 g1 2 28 0.06743 0.252151 1
g1 2 26 g6 2 36 0.078229 0.200933 1
g1 2 28 g6 2 34 0.082644 0.212761 1
g1 2 22 g6 2 37 0.069464 0.187049 1
g1 2 27 g6 2 34 0.080441 0.136433 1
g1 2 37 g2 2 17 0.106207 0.214004 1
g1 2 25 g6 2 25 0.076994 0.166234 1
g1 2 33 g2 2 17 0.09527 0.175786 1
g1 2 22 g1 2 18 0.069986 0.0772465 1
g1 2 20 g1 2 18 0.064947 0.0702443 1
g1 2 16 g1 2 17 0.057334 0.0958116 1
g1 2 16 g1 2 16 0.057337 0.0742667 1
g1 2 17 g1 2 17 0.059018 0.0748685 1
g1 2 17 g1 2 17 0.059301 0.0620692 1
g1 2 19 g1 2 18 0.062814 0.0683333 1
g1 2 16 g1 2 17 0.057082 0.105744 1
g2 2 15 g2 2 14 0.054825 0.102187 1
g2 2 15 g2 2 14 0.055416 0.10185 1
g2 2 17 g2 2 17 0.059096 0.181372 1
g2 2 14 g2 2 14 0.052674 0.155059 1
g2 2 15 g2 2 14 0.055047 0.154887 1
g2 2 13 g2 2 17 0.050678 0.164817 1
g2 2 14 g2 2 14 0.05298 0.13909 1
g2 2 15 g2 2 14 0.055218 0.110691 1
g2 2 15 g2 2 14 0.05514 0.179236 1
g2 2 29 g2 2 26 0.085831 0.139318 1
g2 2 16 g2 2 14 0.057061 0.110161 1
g2 2 15 g2 2 14 0.05485 0.100015 1
g2 2 15 g2 2 14 0.054983 0.119707 1
g2 2 16 g2 2 14 0.056761 0.121027 1
g2 2 16 g2 2 14 0.056933 0.173813 1
g2 2 15 g2 2 14 0.05529 0.140784 1
g2 2 12 g2 2 17 0.048905 0.269356 1
g2 2 15 g2 2 14 0.054883 0.092682 1
g2 2 16 g2 2 14 0.05742 0.101305 1
g2 2 15 g2 2 14 0.055214 0.158697 1
g2 2 16 g2 2 14 0.057643 0.13721 1
g2 2 16 g2 2 14 0.056871 0.214676 1
g2 2 14 g2 2 14 0.053298 0.148629 1
g2 2 17 g2 2 14 0.059069 0.10577 1
g2 2 18 g2 2 17 0.061959 0.169768 1
g2 2 15 g2 2 14 0.054988 0.174605 1
g2 2 15 g2 2 17 0.054904 0.236373 1
g2 2 16 g2 2 14 0.057338 0.175869 1
g2 2 18 g2 2 14 0.061549 0.137793 1
g2 2 31 g2 2 28 0.090804 0.126317 1
g2 2 28 g2 2 27 0.082672 0.154631 1
g2 2 29 g2 2 26 0.085572 0.139835 1
g2 2 25 g2 2 26 0.07659 0.145608 1
g2 2 20 g2 2 21 0.064942 0.141188 1
g2 2 22 g2 2 21 0.069447 0.116212 1
g2 2 32 g2 2 29 0.094875 0.128335 1
g2 2 23 g2 2 21 0.071301 0.096611 1
g2 2 20 g2 2 21 0.065681 0.0919244 1
g2 2 19 g2 2 21 0.063529 0.0917693 1
g2 2 21 g2 2 21 0.06597 0.0850921 1
g2 2 20 g2 2 21 0.06711 0.0905802 1
g2 2 21 g2 2 21 0.068064 0.0696447 1
g2 2 19 g2 2 21 0.064974 0.111867 1
g2 2 22 g2 2 21 0.069665 0.0774176 1
g2 2 22 g2 2 21 0.069658 0.0948557 1
g2 2 25 g2 2 23 0.075872 0.152061 1
g2 2 17 g2 2 24 0.059303 0.137865 1
g2 2 22 g2 2 21 0.069276 0.0837894 1
g2 2 42 g2 2 28 0.117143 0.160804 1
g2 2 22 g2 2 22 0.069267 0.0964792 1
g2 2 27 g2 2 23 0.080445 0.0798759 1
g2 2 27 g1 2 31 0.081237 0.219936 1
g2 2 21 g2 2 21 0.067478 0.115142 1
g2 2 19 g2 2 21 0.064574 0.0974426 1
g2 2 24 g1 2 33 0.073329 0.127458 1
g2 2 22 g2 2 21 0.070323 0.112631 1
g2 2 26 g1 2 27 0.077265 0.202682 1
g2 2 24 g2 2 28 0.073764 0.128112 1
g2 2 21 g2 2 29 0.06761 0.125182 1
g2 2 29 g2 2 28 0.085374 0.116633 1
g2 2 19 g2 2 21 0.062982 0.102651 1
g2 2 21 g1 2 33 0.067679 0.312074 1
g2 2 30 g2 2 25 0.08699 0.164235 1
g2 2 16 g2 2 14 0.057736 0.14913 1
g2 2 14 g2 2 14 0.052831 0.130177 1
g2 2 15 g2 2 14 0.055211 0.0820335 1
g3 1 36 g3 1 46 0.104662 0.333223 1
g3 1 35 g3 1 43 0.102275 0.221946 1
g3 1 49 g3 1 42 0.134573 0.30178 1
g3 1 52 g3 1 37 0.142675 0.246502 1
g3 1 55 g1 2 30 0.145534 0.418822 1
g3 1 49 g3 1 37 0.135993 0.259881 1
g3 1 47 g3 1 42 0.130044 0.382952 1
g3 1 47 g3 1 41 0.131683 0.282962 1
g3 1 44 g3 1 45 0.123411 0.289696 1
g3 1 43 g3 1 46 0.122445 0.297558 1
g3 1 44 g3 1 57 0.123041 0.28128 1
g3 1 47 g3 1 46 0.128593 0.232351 1
g3 1 46 g3 1 43 0.127027 0.247889 1
g3 1 47 g3 1 64 0.130463 0.222787 1
g3 1 44 g3 1 47 0.123616 0.51036 0
g3 1 44 g3 1 40 0.122877 0.258832 1
g3 1 41 g3 1 42 0.116309 0.209816 1
g3 1 56 g1 2 26 0.156053 0.386249 1
g3 1 48 g3 1 41 0.132557 0.251072 1
g3 1 48 g3 1 42 0.133721 0.221803 1
g3 1 50 g3 1 47 0.137923 0.226277 1
g3 1 48 g3 1 57 0.133528 0.221905 1
g3 1 46 g3 1 41 0.128366 0.25135 1
g3 1 43 g3 1 37 0.12276 0.253234 1
g3 1 47 g3 1 42 0.131077 0.316508 1
g3 1 44 g3 1 38 0.122118 0.28715 1
g3 1 50 g3 1 53 0.138818 0.32382 1
g3 1 66 g3 1 42 0.17579 0.284562 1
g3 1 58 g1 2 35 0.157809 0.4447 1
g3 1 50 g3 1 39 0.136298 0.201403 1
g3 1 57 g3 1 60 0.15418 0.228523 1
g3 1 53 g3 1 41 0.145096 0.280706 1
g3 1 49 g3 1 40 0.134757 0.220627 1
g3 1 51 g3 1 42 0.14088 0.247319 1
g3 1 52 g3 1 47 0.140836 0.263802 1
g3 1 50 g3 1 59 0.137022 0.273868 1
g3 1 51 g3 1 32 0.141211 0.32566 1
g3 1 59 g3 1 69 0.157016 0.265699 1
g3 1 61 g3 1 69 0.161539 0.260838 1
g3 1 46 g3 1 43 0.128235 0.385294 1
g3 1 28 g3 1 47 0.097556 0.823248 0
g3 1 49 g3 1 44 0.135873 0.300426 1
g3 1 42 g3 1 40 0.118876 0.212795 1
g3 1 40 g3 1 41 0.111983 0.20749 1
g3 1 42 g3 1 42 0.116303 0.230677 1
g3 1 44 g3 1 47 0.121234 0.308949 1
g3 1 39 g3 1 38 0.109792 0.342217 1
g3 1 43 g3 1 42 0.121548 0.173902 1
g3 1 40 g3 1 37 0.114124 0.222896 1
g3 1 39 g3 1 47 0.112088 0.313576 1
g3 1 43 g3 1 47 0.119809 0.257709 1
g4 2 37 g4 2 31 0.105363 0.214003 1
g4 2 37 g4 2 42 0.104924 0.0776266 1
g4 2 44 g4 2 45 0.122234 0.166957 1
g4 2 44 g4 2 42 0.122152 0.168567 1
g4 2 41 g4 2 46 0.114841 0.126684 1
g4 2 42 g4 2 51 0.117659 0.146778 1
g4 2 50 g3 1 44 0.138787 0.269455 1
g4 2 42 g4 2 42 0.117699 0.171182 1
g4 2 49 g4 2 48 0.134651 0.160702 1
g4 2 47 g4 2 49 0.129841 0.169863 1
g4 2 46 g4 2 46 0.127238 0.137917 1
g4 2 48 g4 2 51 0.132339 0.118121 1
g4 2 52 g4 2 51 0.142168 0.0872918 1
g4 2 45 g4 2 31 0.124683 0.128089 1
g4 2 30 g4 2 43 0.087122 0.145188 1
g4 2 31 g4 2 30 0.089711 0.0783236 1
g4 2 30 g4 2 29 0.087109 0.0842569 1
g4 2 33 g4 2 34 0.095579 0.155891 1
g4 2 31 g4 2 33 0.089617 0.107021 1
g4 2 34 g4 2 34 0.098807 0.120714 1
g4 2 35 g4 2 40 0.100867 0.0921291 1
g4 2 36 g4 2 32 0.102804 0.107127 1
g4 2 40 g4 2 48 0.112224 0.157677 1
g4 2 30 g4 2 32 0.087205 0.11523 1
g4 2 37 g4 2 35 0.105265 0.0999789 1
g4 2 37 g4 2 37 0.106161 0.0565179 1
g4 2 41 g4 2 36 0.115198 0.0927801 1
g4 2 41 g4 2 43 0.11557 0.114147 1
g4 2 46 g4 2 32 0.12618 0.101447 1
g4 2 46 g4 2 34 0.126644 0.113267 1
g4 2 31 g4 2 37 0.089517 0.0959691 1
g4 2 31 g4 2 33 0.089806 0.104216 1
g4 2 33 g4 2 34 0.09546 0.089046 1
g4 2 34 g4 2 34 0.098147 0.140114 1
g4 2 45 g4 2 34 0.124786 0.10591 1
g4 2 42 g4 2 34 0.117154 0.195535 1
g4 2 46 g4 2 41 0.127179 0.155241 1
g4 2 33 g4 2 32 0.095662 0.0741323 1
g4 2 45 g4 2 41 0.124953 0.101616 1
g4 2 50 g4 2 41 0.137178 0.114166 1
g4 2 41 g4 2 42 0.115105 0.0754929 1
g4 2 45 g4 2 32 0.124152 0.102621 1
g5 2 43 g5 2 48 0.120864 0.0971744 1
g5 2 45 g5 2 44 0.125995 0.0816019 1
g5 2 44 g5 2 52 0.123695 0.109662 1
g5 2 42 g5 2 52 0.117847 0.124991 1
g5 2 36 g5 2 50 0.104644 0.17394 1
g5 2 42 g5 2 50 0.118956 0.10384 1
g5 2 41 g4 2 34 0.115458 0.196252 1
g5 2 46 g5 2 50 0.127867 0.189313 1
g5 2 40 g5 2 51 0.113308 0.211937 1
g5 2 33 g5 2 32 0.096275 0.123541 1
g5 2 35 g5 2 35 0.101589 0.127559 1
g5 2 41 g5 2 35 0.115921 0.116069 1
g5 2 34 g5 2 33 0.09899 0.167177 1
g5 2 36 g4 2 31 0.102827 0.194451 1
g5 2 43 g5 2 51 0.120507 0.16659 1
g5 2 39 g5 2 52 0.109887 0.223702 1
g5 2 38 g5 2 51 0.108281 0.17723 1
g5 2 35 g5 2 35 0.100772 0.193171 1
g5 2 38 g5 2 51 0.108624 0.171682 1
g5 2 38 g4 2 31 0.108622 0.179745 1
g5 2 39 g5 2 51 0.111131 0.145158 1
g5 2 38 g4 2 31 0.108097 0.182144 1
g5 2 39 g4 2 36 0.110716 0.223905 1
g5 2 38 g5 2 50 0.108813 0.172716 1
g5 2 41 g5 2 50 0.115867 0.134535 1
g5 2 41 g5 2 54 0.115651 0.156904 1
g5 2 39 g4 2 31 0.110766 0.154788 1
g5 2 39 g5 2 54 0.110802 0.169673 1
g5 2 40 g5 2 51 0.11303 0.220685 1
g5 2 40 g5 2 51 0.113629 0.173265 1
g5 2 38 g4 2 31 0.108358 0.184001 1
g5 2 39 g5 2 50 0.111715 0.134244 1
g5 2 37 g5 2 45 0.106791 0.133308 1
g5 2 39 g5 2 50 0.111694 0.152698 1
g5 2 39 g5 2 49 0.110829 0.14648 1
g5 2 43 g5 2 49 0.120515 0.105347 1
g5 2 55 g5 2 51 0.149739 0.123206 1
g5 2 40 g5 2 49 0.114251 0.0955829 1
g5 2 47 g5 2 52 0.129964 0.083783 1
g5 2 47 g5 2 49 0.131723 0.126546 1
g5 2 50 g5 2 59 0.138027 0.137976 1
g5 2 47 g5 2 55 0.131643 0.0960784 1
g5 2 47 g5 2 54 0.131772 0.106638 1
g5 2 50 g5 2 51 0.13784 0.100387 1
g5 2 47 g5 2 48 0.13193 0.0650965 1
g6 2 40 g6 2 38 0.112245 0.083175 1
g6 2 39 g6 2 38 0.110083 0.0953195 1
g6 2 42 g6 2 38 0.115942 0.0928561 1
g6 2 41 g6 2 34 0.11471 0.186681 1
g6 2 35 g6 2 38 0.100575 0.0746636 1
g6 2 34 g6 2 34 0.09801 0.133747 1
g6 2 37 g6 2 38 0.104612 0.0972487 1
g6 2 38 g6 2 38 0.107161 0.13291 1
g6 2 36 g6 2 38 0.101906 0.106651 1
g6 2 32 g6 2 38 0.093501 0.106965 1
g6 2 39 g6 2 37 0.109497 0.158648 1
g6 2 42 g6 2 59 0.117085 0.0806673 1
g6 2 41 g6 2 41 0.115259 0.0722909 1
g6 2 31 g6 2 38 0.089827 0.121881 1
g6 2 36 g6 2 41 0.102809 0.165956 1
g6 2 41 g6 2 39 0.114575 0.0874991 1
g6 2 35 g6 2 38 0.10025 0.0999042 1
g6 2 43 g6 2 39 0.119514 0.0893298 1
g6 2 36 g6 2 38 0.102374 0.0858735 1
g6 2 35 g6 2 38 0.100798 0.143103 1
g6 2 41 g6 2 38 0.114568 0.0953615 1
g6 2 56 g6 2 38 0.150929 0.112614 1
g6 2 38 g6 2 39 0.109842 0.102929 1
g6 2 34 g6 2 39 0.097423 0.12231 1
g6 2 36 g6 2 38 0.102804 0.120256 1
g6 2 35 g6 2 44 0.100424 0.250265 1
g6 2 44 g6 2 38 0.121678 0.115719 1
g6 2 35 g6 2 38 0.100305 0.0915789 1
g6 2 35 g6 2 38 0.100871 0.0938618 1
g6 2 29 g6 2 33 0.084895 0.102225 1
g6 2 32 g6 2 34 0.092512 0.0872025 1
g6 2 33 g6 2 34 0.095673 0.119237 1
g6 2 51 g6 2 49 0.139771 0.354557 1
g6 2 39 g1 2 25 0.110189 0.256252 1
g6 2 32 g6 2 33 0.092559 0.0489091 1
g6 2 33 g6 2 35 0.095498 0.0869931 1
g6 2 35 g6 2 35 0.100073 0.0761341 1
g6 2 33 g6 2 35 0.09558 0.0791336 1
g6 2 37 g6 2 36 0.105444 0.0803105 1
g6 2 39 g6 2 37 0.109637 0.0712027 1
g6 2 37 g6 2 44 0.10567 0.0961247 1
g7 1 37 g7 1 44 0.107385 0.284241 1
g7 1 34 g7 1 42 0.098903 0.224965 1
g7 1 37 g7 1 39 0.105889 0.323346 1
g7 1 38 g7 1 52 0.108473 0.162606 1
g7 1 40 g7 1 34 0.112774 0.290341 1
g7 1 41 g7 1 41 0.116819 0.267993 1
g7 1 34 g7 1 46 0.099491 0.307843 1
g7 1 35 g7 1 36 0.10335 0.13242 1
g7 1 27 g7 1 31 0.080425 0.229789 1
g7 1 32 g3 1 40 0.094827 0.432231 1
g7 1 34 g7 1 33 0.099499 0.228633 1
g7 1 36 g7 1 34 0.103805 0.171633 1
g7 1 36 g7 1 39 0.102676 0.221973 1
g7 1 34 g7 1 29 0.096417 0.191086 1
g7 1 29 g7 1 29 0.084619 0.22992 1
g7 1 33 g7 1 31 0.095867 0.183853 1
g7 1 33 g7 1 28 0.096071 0.179065 1
g7 1 30 g7 1 32 0.087531 0.223571 1
g7 1 31 g7 1 29 0.090004 0.24925 1
g7 1 31 g7 1 28 0.091011 0.164834 1
g7 1 31 g7 1 32 0.091319 0.209471 1
g7 1 27 g7 1 27 0.081962 0.0629575 1
g7 1 39 g1 2 17 0.109927 0.578516 0
g7 1 35 g7 1 35 0.099121 0.240379 1
g7 1 45 g7 1 28 0.124253 0.33521 1
g7 1 37 g7 1 48 0.103887 0.365188 1
g7 1 34 g2 2 23 0.097997 0.458612 1
g7 1 38 g7 1 37 0.107578 0.169295 1
g7 1 35 g1 2 17 0.10194 0.602471 0
g7 1 36 g7 1 38 0.101381 0.375783 1
g7 1 36 g7 1 36 0.103114 0.21929 1
g7 1 44 g7 1 47 0.121599 0.305902 1
g7 1 39 g7 1 43 0.11126 0.305301 1
g7 1 40 g7 1 35 0.113278 0.224363 1
g7 1 46 g7 1 33 0.127076 0.209283 1
g7 1 68 g7 1 43 0.173664 0.286404 1
g7 1 34 g7 1 51 0.098944 0.34738 1
g7 1 35 g7 1 46 0.100275 0.270879 1
g7 1 39 g7 1 50 0.11438 0.307819 1
g7 1 40 g7 1 39 0.113186 0.23487 1
g7 1 45 g7 1 41 0.125131 0.28276 1
g7 1 48 g7 1 45 0.135058 0.196207 1
g7 1 32 g7 1 34 0.092697 0.314379 1
g7 1 50 g7 1 40 0.138599 0.185094 1
g7 1 21 g7 1 36 0.06728 0.36312 1
g7 1 35 g7 1 51 0.102469 0.377438 1
g7 1 36 g7 1 34 0.104898 0.159756 1
g7 1 36 g7 1 31 0.104507 0.279676 1
g7 1 37 g7 1 31 0.105636 0.22345 1
g7 1 49 g7 1 41 0.134418 0.244665 1
g7 1 33 g7 1 29 0.0958 0.332379 1
g7 1 33 g7 1 33 0.097398 0.272874 1
g7 1 42 g7 1 45 0.118672 0.170913 1
g7 1 61 g7 1 45 0.165904 0.305385 1
g7 1 56 g7 1 52 0.153318 0.246406 1
g7 1 54 g7 1 37 0.148554 0.398754 1
g7 1 53 g7 1 52 0.144941 0.231176 1
g7 1 35 g7 1 35 0.114348 0.242307 1
g7 1 51 g7 1 48 0.139917 0.167855 1
g7 1 43 g7 1 47 0.119053 0.222068 1
g7 1 47 g7 1 48 0.129074 0.168317 1
g7 1 45 g7 1 45 0.124828 0.191058 1
g7 1 47 g7 1 48 0.13124 0.173907 1
