g1 2 44 g6 2 60 0.215236 0.160914 1
g1 2 42 g6 2 64 0.207404 0.172727 1
g1 2 50 g6 2 48 0.240447 0.125289 1
g1 2 100 g1 2 43 0.449257 0.129417 1
g1 2 61 g2 2 30 0.285429 0.183151 1
g1 2 54 g1 2 46 0.258412 0.142534 1
g1 2 58 g1 2 46 0.272905 0.113158 1
g1 2 35 g1 2 50 0.180356 0.0970448 1
g1 2 44 g1 2 40 0.215095 0.122193 1
g1 2 52 g1 2 46 0.248211 0.153201 1
g1 2 37 g1 2 40 0.187833 0.117398 1
g1 2 48 g1 2 40 0.231716 0.0942005 1
g1 2 46 g1 2 46 0.223096 0.0653767 1
g1 2 45 g1 2 44 0.219274 0.0742529 1
g1 2 51 g1 2 46 0.24337 0.0742867 1
g1 2 109 g6 2 71 0.486798 0.199637 1
g1 2 47 g1 2 40 0.227748 0.0893916 1
g1 2 69 g6 2 68 0.31836 0.192761 1
g1 2 35 g6 2 69 0.179691 0.134836 1
g1 2 44 g6 2 64 0.215728 0.180735 1
g1 2 37 g6 2 49 0.187734 0.127242 1
g1 2 52 g6 2 55 0.24806 0.15502 1
g1 2 40 g2 2 45 0.199797 0.175992 1
g1 2 43 g1 2 36 0.211001 0.0701902 1
g1 2 41 g1 2 36 0.20369 0.0729246 1
g1 2 59 g1 2 54 0.276906 0.125942 1
g1 2 56 g1 2 47 0.264053 0.139616 1
g1 2 73 g1 2 47 0.336869 0.242762 1
g1 2 53 g1 2 43 0.252117 0.194021 1
g1 2 54 g1 2 69 0.256429 0.100994 1
g1 2 41 g1 2 46 0.20384 0.0782365 1
g1 2 42 g1 2 43 0.207479 0.156364 1
g1 2 33 g1 2 48 0.172638 0.0612619 1
g1 2 51 g1 2 52 0.242891 0.197634 1
g1 2 41 g1 2 54 0.203689 0.226619 1
g1 2 44 g1 2 43 0.215689 0.145674 1
g1 2 55 g1 2 43 0.259408 0.154799 1
g1 2 44 g1 2 43 0.214899 0.14882 1
g1 2 39 g1 2 41 0.195207 0.156408 1
g1 2 41 g1 2 43 0.203697 0.113863 1
g1 2 47 g1 2 48 0.227876 0.148519 1
g1 2 51 g1 2 52 0.243706 0.204624 1
g1 2 42 g1 2 43 0.207527 0.206752 1
g1 2 44 g1 2 43 0.21489 0.166897 1
g1 2 51 g1 2 43 0.243986 0.152267 1
g1 2 38 g1 2 52 0.19133 0.225632 1
g1 2 48 g6 2 67 0.233174 0.191866 1
g1 2 51 g6 2 63 0.243586 0.186925 1
g1 2 39 g6 2 70 0.196337 0.163582 1
g1 2 50 g6 2 64 0.241641 0.123351 1
g1 2 70 g2 2 30 0.360365 0.211961 1
g1 2 46 g6 2 48 0.22653 0.140177 1
g1 2 62 g2 2 30 0.290758 0.158839 1
g1 2 40 g1 2 30 0.199356 0.104996 1
g1 2 36 g1 2 32 0.183685 0.0552752 1
g1 2 27 g1 2 30 0.14465 0.0717766 1
g1 2 27 g1 2 27 0.145214 0.0584145 1
g1 2 29 g1 2 30 0.152531 0.0570191 1
g1 2 29 g1 2 29 0.153071 0.0497548 1
g1 2 34 g1 2 32 0.175397 0.0552609 1
g1 2 27 g1 2 27 0.144863 0.0585002 1
g2 2 26 g2 2 24 0.140721 0.080774 1
g2 2 26 g2 2 24 0.140982 0.0829627 1
g2 2 29 g2 2 30 0.152276 0.150494 1
g2 2 24 g2 2 24 0.132712 0.147788 1
g2 2 25 g2 2 24 0.137715 0.131777 1
g2 2 21 g2 2 30 0.119753 0.144918 1
g2 2 24 g2 2 24 0.132888 0.121557 1
g2 2 25 g2 2 24 0.137534 0.0897749 1
g2 2 26 g2 2 24 0.140602 0.147597 1
g2 2 53 g2 2 48 0.253194 0.12162 1
g2 2 27 g2 2 24 0.144811 0.0821964 1
g2 2 26 g2 2 24 0.140844 0.0848221 1
g2 2 26 g2 2 24 0.141047 0.105094 1
g2 2 27 g2 2 24 0.145395 0.108519 1
g2 2 28 g2 2 24 0.148866 0.168705 1
g2 2 25 g2 2 24 0.136885 0.128441 1
g2 2 19 g2 2 30 0.112586 0.230905 1
g2 2 25 g2 2 24 0.137397 0.0748435 1
g2 2 27 g2 2 24 0.144744 0.0862481 1
g2 2 25 g2 2 24 0.13712 0.132325 1
g2 2 28 g2 2 24 0.148994 0.127187 1
g2 2 28 g2 2 24 0.148861 0.202375 1
g2 2 24 g2 2 24 0.132853 0.140708 1
g2 2 29 g2 2 24 0.152616 0.0773327 1
g2 2 31 g2 2 30 0.16109 0.157309 1
g2 2 26 g2 2 24 0.140184 0.142029 1
g2 2 25 g2 2 30 0.136467 0.218193 1
g2 2 28 g2 2 24 0.148511 0.144577 1
g2 2 32 g2 2 24 0.165554 0.120105 1
g2 2 57 g2 2 51 0.269005 0.113447 1
g2 2 52 g1 2 29 0.249849 0.207128 1
g2 2 53 g2 2 48 0.253311 0.113228 1
g2 2 46 g1 2 41 0.22542 0.255285 1
g2 2 36 g2 2 40 0.183535 0.0945646 1
g2 2 40 g2 2 37 0.199358 0.0997305 1
g2 2 62 g2 2 51 0.290013 0.105391 1
g2 2 41 g2 2 37 0.20385 0.0860249 1
g2 2 35 g2 2 42 0.180083 0.0785681 1
g2 2 34 g2 2 37 0.176013 0.0735559 1
g2 2 37 g2 2 42 0.187847 0.0676064 1
g2 2 37 g2 2 37 0.18852 0.0543996 1
g2 2 39 g2 2 37 0.196313 0.0563116 1
g2 2 37 g2 2 37 0.187748 0.0944887 1
g2 2 39 g2 2 37 0.1954 0.0661056 1
g2 2 40 g2 2 42 0.19983 0.0699725 1
g2 2 45 g2 2 42 0.219162 0.125056 1
g2 2 29 g2 2 40 0.153553 0.117702 1
g2 2 40 g2 2 37 0.200491 0.0587943 1
g2 2 82 g2 2 51 0.37596 0.159875 1
g2 2 39 g2 2 40 0.195426 0.0776896 1
g2 2 50 g2 2 42 0.239449 0.0686868 1
g2 2 50 g1 2 48 0.239325 0.208267 1
g2 2 38 g2 2 37 0.192042 0.097143 1
g2 2 35 g2 2 42 0.180198 0.0715669 1
g2 2 43 g1 2 62 0.212309 0.112596 1
g2 2 39 g2 2 42 0.196245 0.0883543 1
g2 2 47 g1 2 50 0.227617 0.190312 1
g2 2 44 g2 2 51 0.215369 0.108911 1
g2 2 38 g2 2 54 0.191707 0.10608 1
g2 2 54 g2 2 51 0.256923 0.109573 1
g2 2 33 g2 2 37 0.172196 0.083846 1
g2 2 38 g1 2 55 0.192757 0.278588 1
g2 2 56 g2 2 46 0.263733 0.160661 1
g2 2 27 g2 2 24 0.145683 0.129458 1
g2 2 24 g2 2 24 0.133417 0.118578 1
g2 2 26 g2 2 24 0.140736 0.0644475 1
g3 1 69 g3 1 72 0.320361 0.316273 1
g3 1 66 g3 1 82 0.307332 0.190213 1
g3 1 93 g3 1 79 0.422397 0.296692 1
g3 1 100 g3 1 71 0.450866 0.236355 1
g3 1 105 g1 2 55 0.475919 0.423074 0
g3 1 94 g3 1 71 0.427201 0.254154 1
g3 1 89 g3 1 70 0.405659 0.276936 1
g3 1 91 g3 1 80 0.414685 0.273393 1
g3 1 84 g3 1 85 0.383753 0.278647 1
g3 1 85 g3 1 90 0.386322 0.283675 1
g3 1 86 g3 1 104 0.404425 0.250977 1
g3 1 90 g3 1 79 0.409256 0.20536 1
g3 1 90 g3 1 84 0.412455 0.23957 1
g3 1 90 g3 1 125 0.412612 0.213121 1
g3 1 88 g3 1 76 0.399622 0.475727 0
g3 1 84 g3 1 72 0.38486 0.242721 1
g3 1 78 g3 1 79 0.358591 0.195477 1
g3 1 111 g1 2 47 0.500772 0.354061 1
g3 1 93 g3 1 80 0.422562 0.243617 1
g3 1 93 g3 1 83 0.423064 0.208777 1
g3 1 97 g3 1 89 0.439363 0.214353 1
g3 1 91 g3 1 112 0.415281 0.215496 1
g3 1 90 g3 1 80 0.409669 0.237226 1
g3 1 83 g3 1 71 0.378949 0.250708 1
g3 1 89 g3 1 79 0.406065 0.300822 1
g3 1 86 g3 1 75 0.390867 0.281679 1
g3 1 97 g3 1 110 0.438266 0.295255 1
g3 1 130 g3 1 82 0.581392 0.284261 1
g3 1 112 g3 1 87 0.505307 0.287481 1
g3 1 95 g3 1 78 0.429873 0.19328 1
g3 1 109 g3 1 118 0.491376 0.217483 1
g3 1 102 g3 1 80 0.45993 0.268437 1
g3 1 95 g3 1 76 0.429774 0.211657 1
g3 1 98 g3 1 83 0.44474 0.232041 1
g3 1 99 g3 1 89 0.449273 0.239975 1
g3 1 96 g3 1 81 0.436669 0.262869 1
g3 1 100 g7 1 75 0.455217 0.43396 0
g3 1 113 g3 1 138 0.508571 0.259061 1
g3 1 118 g3 1 138 0.530451 0.252984 1
g3 1 90 g3 1 82 0.407936 0.368885 0
g3 1 74 g3 1 66 0.339694 0.834601 0
g3 1 95 g3 1 83 0.430943 0.274813 1
g3 1 83 g3 1 77 0.378645 0.211947 1
g3 1 75 g3 1 78 0.344786 0.188616 1
g3 1 79 g3 1 79 0.359943 0.209933 1
g3 1 84 g3 1 89 0.38533 0.288825 1
g3 1 75 g3 1 75 0.342906 0.323432 0
g3 1 83 g3 1 82 0.377988 0.167859 1
g3 1 77 g3 1 72 0.352671 0.214258 1
g3 1 76 g3 1 89 0.349047 0.294233 0
g3 1 82 g3 1 89 0.373719 0.248577 1
g4 2 69 g4 2 57 0.318584 0.191123 1
g4 2 69 g4 2 80 0.31851 0.0660167 1
g4 2 84 g4 2 85 0.383376 0.161414 1
g4 2 83 g4 2 80 0.38908 0.161243 1
g4 2 78 g4 2 88 0.357829 0.117795 1
g4 2 79 g4 2 97 0.361659 0.13937 1
g4 2 98 g3 1 87 0.443091 0.254056 1
g4 2 79 g4 2 80 0.360931 0.157149 1
g4 2 93 g4 2 92 0.421732 0.149584 1
g4 2 91 g4 2 93 0.443839 0.163987 1
g4 2 87 g4 2 88 0.447212 0.135221 1
g4 2 92 g4 2 97 0.442437 0.111199 1
g4 2 100 g4 2 99 0.484092 0.0772027 1
g4 2 87 g4 2 53 0.422358 0.0994266 1
g4 2 55 g4 2 65 0.276844 0.116808 1
g4 2 58 g4 2 55 0.28418 0.0715552 1
g4 2 55 g4 2 53 0.275487 0.0751592 1
g4 2 61 g4 2 64 0.33622 0.142849 1
g4 2 57 g4 2 62 0.360234 0.0996441 1
g4 2 63 g4 2 64 0.314304 0.105019 1
g4 2 65 g4 2 76 0.313514 0.0836168 1
g4 2 67 g4 2 76 0.312555 0.0981991 1
g4 2 75 g4 2 93 0.345388 0.148781 1
g4 2 55 g4 2 60 0.259994 0.103583 1
g4 2 70 g4 2 65 0.327549 0.0884289 1
g4 2 70 g4 2 70 0.32432 0.0475186 1
g4 2 78 g4 2 68 0.35595 0.0850483 1
g4 2 77 g4 2 81 0.352674 0.108874 1
g4 2 90 g4 2 60 0.408203 0.0948221 1
g4 2 88 g4 2 64 0.398843 0.103041 1
g4 2 57 g4 2 70 0.269485 0.0813742 1
g4 2 57 g4 2 61 0.269219 0.0911389 1
g4 2 61 g4 2 64 0.285317 0.0745925 1
g4 2 64 g4 2 64 0.297628 0.125211 1
g4 2 85 g4 2 64 0.389462 0.0978542 1
g4 2 80 g4 2 64 0.365965 0.184858 1
g4 2 87 g4 2 77 0.395908 0.144483 1
g4 2 62 g4 2 60 0.289892 0.0668608 1
g4 2 86 g4 2 77 0.389895 0.0981559 1
g4 2 98 g4 2 77 0.459182 0.10866 1
g4 2 78 g4 2 80 0.366261 0.0673156 1
g4 2 86 g4 2 60 0.390443 0.0945725 1
g5 2 82 g5 2 92 0.377563 0.0888844 1
g5 2 85 g5 2 83 0.386886 0.0766654 1
g5 2 83 g5 2 99 0.384483 0.104034 1
g5 2 80 g5 2 99 0.368361 0.115317 1
g5 2 67 g5 2 96 0.313116 0.158796 1
g5 2 79 g5 2 96 0.365634 0.0914223 1
g5 2 78 g4 2 63 0.358623 0.186761 1
g5 2 87 g5 2 96 0.397676 0.173141 1
g5 2 76 g5 2 98 0.351084 0.205094 1
g5 2 62 g5 2 60 0.290733 0.115852 1
g5 2 66 g5 2 66 0.3071 0.116191 1
g5 2 78 g5 2 66 0.359165 0.107979 1
g5 2 64 g5 2 80 0.299897 0.141213 1
g5 2 67 g4 2 58 0.311215 0.184074 1
g5 2 81 g5 2 98 0.372101 0.160284 1
g5 2 74 g5 2 66 0.340992 0.202666 1
g5 2 71 g5 2 98 0.34234 0.170467 1
g5 2 66 g5 2 66 0.310281 0.177696 1
g5 2 71 g5 2 98 0.33211 0.163221 1
g5 2 71 g4 2 57 0.331654 0.167461 1
g5 2 73 g5 2 97 0.340555 0.132334 1
g5 2 71 g5 2 63 0.330688 0.154023 1
g5 2 73 g4 2 68 0.33948 0.206301 1
g5 2 71 g5 2 96 0.329421 0.164192 1
g5 2 78 g5 2 96 0.362128 0.126072 1
g5 2 77 g5 2 104 0.355528 0.149785 1
g5 2 74 g4 2 57 0.348647 0.14223 1
g5 2 73 g5 2 104 0.348626 0.163228 1
g5 2 75 g5 2 98 0.348375 0.211005 1
g5 2 76 g5 2 86 0.353004 0.135157 1
g5 2 71 g4 2 63 0.330604 0.186927 1
g5 2 74 g5 2 96 0.347302 0.126245 1
g5 2 69 g5 2 94 0.322633 0.133138 1
g5 2 73 g5 2 96 0.341428 0.133423 1
g5 2 74 g5 2 96 0.346056 0.142666 1
g5 2 81 g5 2 94 0.375186 0.0961288 1
g5 2 108 g5 2 98 0.487759 0.116844 1
g5 2 75 g5 2 94 0.35052 0.08502 1
g5 2 90 g5 2 99 0.409651 0.0742962 1
g5 2 90 g5 2 94 0.419092 0.118403 1
g5 2 96 g5 2 113 0.445556 0.126379 1
g5 2 90 g5 2 113 0.41284 0.0856127 1
g5 2 89 g5 2 103 0.409887 0.0963033 1
g5 2 96 g5 2 98 0.438763 0.089658 1
g5 2 90 g5 2 96 0.415289 0.0717028 1
g6 2 76 g6 2 72 0.348978 0.0771459 1
g6 2 73 g6 2 72 0.335812 0.0880276 1
g6 2 79 g6 2 72 0.363625 0.0822419 1
g6 2 77 g6 2 63 0.351527 0.168577 1
g6 2 65 g6 2 72 0.304603 0.0669014 1
g6 2 64 g6 2 75 0.297628 0.114614 1
g6 2 69 g6 2 72 0.318203 0.0890006 1
g6 2 71 g6 2 72 0.325322 0.123143 1
g6 2 68 g6 2 72 0.31467 0.0985805 1
g6 2 59 g6 2 72 0.277797 0.0973569 1
g6 2 74 g6 2 70 0.34183 0.143305 1
g6 2 80 g6 2 177 0.364802 0.0852704 1
g6 2 78 g6 2 77 0.355865 0.0643359 1
g6 2 57 g6 2 72 0.2681 0.116345 1
g6 2 68 g6 2 77 0.316683 0.158649 1
g6 2 77 g6 2 73 0.351978 0.0807775 1
g6 2 65 g6 2 72 0.302908 0.0915207 1
g6 2 82 g6 2 73 0.372268 0.0823714 1
g6 2 68 g6 2 72 0.31393 0.0777317 1
g6 2 66 g6 2 72 0.308293 0.137876 1
g6 2 78 g6 2 72 0.357018 0.0898468 1
g6 2 113 g6 2 72 0.502425 0.147326 1
g6 2 72 g6 2 73 0.331376 0.0916119 1
g6 2 64 g6 2 69 0.298614 0.111254 1
g6 2 68 g6 2 72 0.313918 0.116217 1
g6 2 66 g6 2 84 0.306063 0.235259 1
g6 2 84 g6 2 72 0.382793 0.11065 1
g6 2 66 g6 2 72 0.306233 0.0817849 1
g6 2 66 g6 2 72 0.305575 0.0878122 1
g6 2 54 g6 2 62 0.255808 0.0951049 1
g6 2 59 g6 2 63 0.277031 0.0737205 1
g6 2 61 g6 2 63 0.284681 0.101849 1
g6 2 97 g6 2 92 0.438741 0.361166 1
g6 2 73 g1 2 54 0.335802 0.242303 1
g6 2 59 g6 2 60 0.276542 0.0325585 1
g6 2 61 g6 2 66 0.284774 0.0781043 1
g6 2 65 g6 2 61 0.301291 0.0581284 1
g6 2 62 g6 2 65 0.288473 0.0600247 1
g6 2 69 g6 2 68 0.317322 0.0699748 1
g6 2 74 g6 2 70 0.339898 0.0584366 1
g6 2 69 g6 2 84 0.319078 0.0875334 1
g7 1 71 g7 1 85 0.329108 0.27168 1
g7 1 63 g7 1 81 0.294569 0.212809 1
g7 1 69 g7 1 73 0.319047 0.308133 1
g7 1 71 g7 1 100 0.328886 0.149006 1
g7 1 76 g7 1 64 0.348808 0.278388 1
g7 1 80 g7 1 77 0.367743 0.250562 1
g7 1 64 g7 1 78 0.299665 0.263044 1
g7 1 70 g7 1 71 0.323585 0.12257 1
g7 1 50 g7 1 58 0.239595 0.217144 1
g7 1 61 g3 1 81 0.286741 0.38893 0
g7 1 65 g7 1 63 0.302393 0.214304 1
g7 1 70 g7 1 64 0.322781 0.160001 1
g7 1 67 g7 1 74 0.309565 0.212843 1
g7 1 63 g7 1 54 0.292817 0.169549 1
g7 1 54 g7 1 53 0.255481 0.213141 1
g7 1 62 g7 1 58 0.289516 0.169683 1
g7 1 61 g7 1 53 0.284745 0.152039 1
g7 1 56 g7 1 60 0.264072 0.210975 1
g7 1 58 g7 1 87 0.273612 0.284984 1
g7 1 59 g7 1 52 0.276365 0.157445 1
g7 1 59 g7 1 60 0.276209 0.193492 1
g7 1 52 g7 1 49 0.24887 0.0354893 1
g7 1 73 g1 2 29 0.33637 0.506446 0
g7 1 66 g7 1 67 0.305887 0.225156 1
g7 1 86 g7 1 52 0.390091 0.317661 1
g7 1 70 g7 1 92 0.322442 0.347275 1
g7 1 65 g2 2 42 0.301451 0.414207 0
g7 1 72 g7 1 71 0.330324 0.161306 1
g7 1 68 g1 2 29 0.315325 0.529818 0
g7 1 68 g3 1 128 0.313355 0.522324 0
g7 1 70 g7 1 67 0.325944 0.215648 1
g7 1 83 g7 1 91 0.376799 0.294133 1
g7 1 75 g7 1 86 0.34314 0.294575 1
g7 1 77 g7 1 65 0.352077 0.213428 1
g7 1 88 g7 1 64 0.398969 0.204561 1
g7 1 134 g7 1 86 0.603868 0.276689 1
g7 1 64 g7 1 73 0.299949 0.24136 1
g7 1 65 g7 1 95 0.302513 0.247475 1
g7 1 76 g7 1 81 0.34917 0.260509 1
g7 1 76 g7 1 73 0.348562 0.23138 1
g7 1 86 g7 1 77 0.391196 0.257496 1
g7 1 95 g7 1 89 0.465378 0.189599 1
g7 1 60 g7 1 63 0.364452 0.262553 1
g7 1 99 g7 1 75 0.467021 0.172561 1
g7 1 37 g7 1 71 0.191671 0.356486 1
g7 1 68 g7 1 98 0.328652 0.358518 1
g7 1 70 g7 1 64 0.344874 0.151632 1
g7 1 69 g7 1 58 0.328535 0.27366 1
g7 1 70 g7 1 71 0.343123 0.163192 1
g7 1 94 g7 1 77 0.431216 0.234385 1
g7 1 61 g7 1 55 0.286528 0.305223 1
g7 1 64 g7 1 63 0.300694 0.253362 1
g7 1 82 g7 1 87 0.376779 0.161789 1
g7 1 117 g7 1 88 0.52984 0.307909 1
g7 1 108 g7 1 101 0.489468 0.245434 1
g7 1 103 g7 1 70 0.471473 0.375397 1
g7 1 102 g7 1 101 0.463825 0.222327 1
g7 1 89 g7 1 69 0.404695 0.232672 1
g7 1 97 g7 1 92 0.441177 0.157676 1
g7 1 81 g7 1 91 0.372873 0.204566 1
g7 1 90 g7 1 92 0.416108 0.152347 1
g7 1 86 g7 1 89 0.404407 0.186012 1
g7 1 91 g7 1 92 0.417452 0.167741 1
