g1 2 46 g6 2 78 0.232729 0.151271 1
g1 2 44 g6 2 66 0.222258 0.17884 1
g1 2 52 g6 2 50 0.257322 0.133323 1
g1 2 102 g1 2 45 0.472494 0.128344 1
g1 2 63 g2 2 32 0.305845 0.180019 1
g1 2 56 g1 2 48 0.272797 0.143851 1
g1 2 60 g1 2 54 0.289504 0.120546 1
g1 2 37 g1 2 52 0.193791 0.0984748 1
g1 2 46 g1 2 42 0.232016 0.124197 1
g1 2 54 g1 2 48 0.263174 0.153851 1
g1 2 39 g1 2 42 0.203718 0.11936 1
g1 2 50 g1 2 42 0.246165 0.0973088 1
g1 2 48 g1 2 48 0.245951 0.0665379 1
g1 2 47 g1 2 46 0.245958 0.0739496 1
g1 2 53 g1 2 48 0.26119 0.0760421 1
g1 2 111 g6 2 73 0.513235 0.20023 1
g1 2 49 g1 2 42 0.242268 0.0889367 1
g1 2 71 g6 2 70 0.338375 0.199175 1
g1 2 37 g6 2 60 0.193523 0.12168 1
g1 2 46 g6 2 66 0.232279 0.186226 1
g1 2 39 g6 2 51 0.201428 0.130296 1
g1 2 54 g6 2 57 0.2648 0.160935 1
g1 2 42 g2 2 32 0.214078 0.181488 1
g1 2 45 g1 2 38 0.226461 0.0751975 1
g1 2 43 g1 2 38 0.218484 0.0769938 1
g1 2 61 g1 2 56 0.297135 0.126871 1
g1 2 58 g1 2 49 0.291113 0.139487 1
g1 2 75 g1 2 49 0.354812 0.246594 1
g1 2 55 g1 2 45 0.270709 0.194769 1
g1 2 56 g1 2 71 0.274385 0.100618 1
g1 2 43 g1 2 48 0.21828 0.0795973 1
g1 2 44 g1 2 45 0.223919 0.162819 1
g1 2 35 g1 2 50 0.184987 0.0640499 1
g1 2 53 g1 2 54 0.259696 0.197292 1
g1 2 43 g1 2 56 0.217714 0.225186 1
g1 2 46 g1 2 45 0.230454 0.149562 1
g1 2 57 g1 2 45 0.278797 0.158168 1
g1 2 46 g1 2 45 0.229311 0.153119 1
g1 2 41 g1 2 43 0.211388 0.154605 1
g1 2 43 g1 2 45 0.220346 0.119913 1
g1 2 49 g1 2 50 0.255761 0.147619 1
g1 2 53 g1 2 54 0.258998 0.204712 1
g1 2 44 g1 2 47 0.223735 0.168578 1
g1 2 46 g1 2 45 0.229919 0.172272 1
g1 2 53 g1 2 45 0.261471 0.161407 1
g1 2 40 g1 2 54 0.207578 0.23451 1
g1 2 50 g6 2 70 0.245862 0.185257 1
g1 2 53 g6 2 65 0.260491 0.19522 1
g1 2 41 g6 2 72 0.211189 0.170714 1
g1 2 52 g6 2 66 0.257087 0.125926 1
g1 2 72 g2 2 32 0.34087 0.207837 1
g1 2 48 g6 2 50 0.24121 0.147822 1
g1 2 64 g2 2 32 0.307004 0.161244 1
g1 2 42 g1 2 34 0.218332 0.0657652 1
g1 2 38 g1 2 34 0.199117 0.0576872 1
g1 2 29 g1 2 32 0.166784 0.0730236 1
g1 2 29 g1 2 29 0.159202 0.0591343 1
g1 2 31 g1 2 32 0.166343 0.0594803 1
g1 2 31 g1 2 31 0.165714 0.0511753 1
g1 2 36 g1 2 34 0.191247 0.0559827 1
g1 2 29 g1 2 29 0.157463 0.0583123 1
g2 2 28 g2 2 26 0.154385 0.081189 1
g2 2 28 g2 2 26 0.155532 0.0852107 1
g2 2 31 g2 2 32 0.166358 0.152605 1
g2 2 26 g2 2 26 0.145216 0.150999 1
g2 2 27 g2 2 26 0.148961 0.134901 1
g2 2 23 g2 2 32 0.134361 0.144775 1
g2 2 26 g2 2 26 0.144373 0.128892 1
g2 2 27 g2 2 26 0.148936 0.0937242 1
g2 2 28 g2 2 26 0.153333 0.156895 1
g2 2 55 g2 2 50 0.269958 0.125755 1
g2 2 29 g2 2 26 0.156885 0.0853226 1
g2 2 28 g2 2 26 0.155328 0.0831557 1
g2 2 28 g2 2 26 0.152666 0.10591 1
g2 2 29 g2 2 26 0.158419 0.106393 1
g2 2 30 g2 2 26 0.160596 0.165876 1
g2 2 27 g2 2 26 0.154389 0.128428 1
g2 2 21 g2 2 32 0.125835 0.237872 1
g2 2 27 g2 2 26 0.158432 0.0733698 1
g2 2 29 g2 2 26 0.158933 0.0850396 1
g2 2 27 g2 2 26 0.149092 0.132614 1
g2 2 30 g2 2 26 0.161422 0.125009 1
g2 2 30 g2 2 26 0.163466 0.202935 1
g2 2 26 g2 2 26 0.145774 0.144234 1
g2 2 31 g2 2 26 0.16606 0.0809107 1
g2 2 33 g2 2 32 0.178691 0.158391 1
g2 2 28 g2 2 26 0.154694 0.150766 1
g2 2 27 g2 2 32 0.149107 0.215902 1
g2 2 30 g2 2 26 0.161033 0.15229 1
g2 2 34 g2 2 26 0.182691 0.122504 1
g2 2 59 g2 2 53 0.2851 0.11708 1
g2 2 54 g2 2 45 0.265418 0.128094 1
g2 2 55 g2 2 50 0.268601 0.115822 1
g2 2 48 g1 2 43 0.239434 0.259655 1
g2 2 38 g2 2 42 0.199459 0.0980393 1
g2 2 42 g2 2 39 0.213139 0.102152 1
g2 2 64 g2 2 53 0.310149 0.107338 1
g2 2 43 g2 2 45 0.229322 0.0816044 1
g2 2 37 g2 2 44 0.195392 0.0787732 1
g2 2 36 g2 2 39 0.18905 0.0732656 1
g2 2 39 g2 2 44 0.20167 0.0675561 1
g2 2 39 g2 2 39 0.203154 0.0572417 1
g2 2 41 g2 2 39 0.210423 0.0581594 1
g2 2 39 g2 2 39 0.205215 0.0957513 1
g2 2 41 g2 2 39 0.20956 0.0682864 1
g2 2 42 g2 2 44 0.213271 0.0697143 1
g2 2 47 g2 2 44 0.235473 0.129158 1
g2 2 31 g2 2 41 0.166296 0.117849 1
g2 2 42 g2 2 39 0.215279 0.06024 1
g2 2 84 g2 2 53 0.395055 0.158477 1
g2 2 41 g2 2 42 0.212115 0.0790936 1
g2 2 52 g2 2 44 0.255238 0.0678578 1
g2 2 52 g1 2 59 0.257674 0.213745 1
g2 2 40 g2 2 39 0.208139 0.0999793 1
g2 2 37 g2 2 44 0.203206 0.0734563 1
g2 2 45 g1 2 64 0.230961 0.115191 1
g2 2 41 g2 2 44 0.210642 0.0894141 1
g2 2 49 g1 2 52 0.243523 0.192012 1
g2 2 46 g2 2 53 0.230267 0.113792 1
g2 2 40 g2 2 56 0.209011 0.10944 1
g2 2 56 g2 2 53 0.272443 0.108505 1
g2 2 35 g2 2 39 0.18575 0.0852977 1
g2 2 40 g1 2 57 0.20718 0.290824 1
g2 2 58 g2 2 48 0.281653 0.156959 1
g2 2 29 g2 2 26 0.159172 0.130546 1
g2 2 26 g2 2 26 0.145125 0.124454 1
g2 2 28 g2 2 26 0.152916 0.0648465 1
g3 1 71 g3 1 117 0.339245 0.324805 1
g3 1 68 g3 1 84 0.32496 0.194898 1
g3 1 95 g3 1 81 0.457855 0.296964 1
g3 1 102 g3 1 73 0.473702 0.238218 1
g3 1 107 g1 2 57 0.498737 0.434995 1
g3 1 96 g3 1 73 0.450533 0.256818 1
g3 1 91 g3 1 72 0.428454 0.283774 1
g3 1 93 g3 1 82 0.43561 0.278866 1
g3 1 86 g3 1 87 0.404773 0.278667 1
g3 1 87 g3 1 92 0.408682 0.286612 1
g3 1 88 g3 1 106 0.417094 0.254138 1
g3 1 92 g3 1 81 0.442582 0.212962 1
g3 1 92 g3 1 86 0.432462 0.243562 1
g3 1 92 g3 1 127 0.436147 0.2154 1
g3 1 90 g3 1 78 0.42212 0.482702 1
g3 1 86 g3 1 74 0.404938 0.25076 1
g3 1 80 g3 1 81 0.379465 0.197892 1
g3 1 113 g1 2 49 0.535538 0.365086 1
g3 1 95 g3 1 120 0.449571 0.277557 1
g3 1 95 g3 1 85 0.473081 0.214709 1
g3 1 99 g3 1 91 0.475269 0.219722 1
g3 1 93 g3 1 114 0.43757 0.216527 1
g3 1 92 g3 1 82 0.438257 0.243935 1
g3 1 85 g3 1 73 0.398446 0.253225 1
g3 1 91 g3 1 81 0.42786 0.303278 1
g3 1 88 g3 1 77 0.41371 0.278852 1
g3 1 99 g3 1 112 0.460634 0.301397 1
g3 1 132 g3 1 84 0.61538 0.28222 1
g3 1 114 g1 2 67 0.539689 0.43458 1
g3 1 97 g3 1 80 0.453768 0.1944 1
g3 1 111 g3 1 120 0.519316 0.219216 1
g3 1 104 g3 1 82 0.481757 0.27285 1
g3 1 97 g3 1 78 0.453584 0.214257 1
g3 1 100 g3 1 85 0.471917 0.238382 1
g3 1 101 g3 1 91 0.482111 0.246652 1
g3 1 98 g3 1 83 0.47974 0.267061 1
g3 1 102 g3 1 61 0.49132 0.319308 1
g3 1 115 g3 1 140 0.533844 0.258955 1
g3 1 120 g3 1 140 0.556729 0.257891 1
g3 1 92 g3 1 84 0.43224 0.376797 1
g3 1 76 g3 1 68 0.358259 0.838181 0
g3 1 97 g3 1 85 0.45255 0.281636 1
g3 1 85 g3 1 79 0.403681 0.211361 1
g3 1 77 g3 1 80 0.366125 0.193194 1
g3 1 81 g3 1 81 0.382059 0.214477 1
g3 1 86 g3 1 91 0.402701 0.293181 1
g3 1 77 g3 1 77 0.364113 0.329231 1
g3 1 85 g3 1 84 0.399727 0.171705 1
g3 1 79 g3 1 74 0.372645 0.219266 1
g3 1 78 g3 1 91 0.376636 0.301789 1
g3 1 84 g3 1 91 0.39216 0.249773 1
g4 2 71 g4 2 59 0.336149 0.198089 1
g4 2 71 g4 2 82 0.339409 0.0673423 1
g4 2 86 g4 2 87 0.402205 0.162398 1
g4 2 85 g4 2 82 0.398747 0.163126 1
g4 2 80 g4 2 90 0.377706 0.119477 1
g4 2 81 g4 2 99 0.381424 0.14039 1
g4 2 100 g3 1 89 0.463058 0.25683 1
g4 2 81 g4 2 82 0.381656 0.161355 1
g4 2 95 g4 2 94 0.443524 0.151698 1
g4 2 93 g4 2 95 0.435636 0.166844 1
g4 2 89 g4 2 90 0.41878 0.134392 1
g4 2 94 g4 2 99 0.438644 0.112256 1
g4 2 102 g4 2 101 0.474287 0.0792638 1
g4 2 89 g4 2 60 0.41655 0.120179 1
g4 2 57 g4 2 63 0.274491 0.127509 1
g4 2 60 g4 2 57 0.289886 0.0727742 1
g4 2 57 g4 2 55 0.277998 0.0766083 1
g4 2 63 g4 2 66 0.301223 0.145464 1
g4 2 59 g4 2 64 0.286126 0.103054 1
g4 2 65 g4 2 66 0.311377 0.109011 1
g4 2 67 g4 2 78 0.322619 0.0844505 1
g4 2 69 g4 2 78 0.331158 0.0992722 1
g4 2 77 g4 2 95 0.360926 0.150197 1
g4 2 57 g4 2 62 0.276304 0.105125 1
g4 2 72 g4 2 67 0.340823 0.0918328 1
g4 2 72 g4 2 72 0.341497 0.048741 1
g4 2 80 g4 2 70 0.377204 0.0862969 1
g4 2 79 g4 2 83 0.369691 0.110199 1
g4 2 92 g4 2 62 0.429813 0.0941647 1
g4 2 90 g4 2 66 0.419537 0.104492 1
g4 2 59 g4 2 72 0.283056 0.0842472 1
g4 2 59 g4 2 63 0.289561 0.0951659 1
g4 2 63 g4 2 66 0.30266 0.0775823 1
g4 2 66 g4 2 66 0.31626 0.130808 1
g4 2 87 g4 2 66 0.40724 0.0984353 1
g4 2 82 g4 2 66 0.385638 0.18796 1
g4 2 89 g4 2 79 0.415629 0.146736 1
g4 2 64 g4 2 62 0.309023 0.0681309 1
g4 2 88 g4 2 79 0.411556 0.0983634 1
g4 2 100 g4 2 79 0.463629 0.107761 1
g4 2 80 g4 2 82 0.37711 0.0681987 1
g4 2 88 g4 2 62 0.412952 0.0951218 1
g5 2 84 g5 2 94 0.399158 0.0893176 1
g5 2 87 g5 2 85 0.407348 0.0767305 1
g5 2 85 g5 2 101 0.402021 0.103886 1
g5 2 82 g5 2 101 0.387557 0.114987 1
g5 2 69 g5 2 98 0.333031 0.161727 1
g5 2 81 g5 2 98 0.384425 0.0936171 1
g5 2 80 g4 2 65 0.378668 0.188285 1
g5 2 89 g5 2 98 0.419063 0.177105 1
g5 2 78 g5 2 100 0.367923 0.207032 1
g5 2 64 g5 2 62 0.310982 0.117299 1
g5 2 68 g5 2 68 0.325699 0.118591 1
g5 2 80 g5 2 68 0.379613 0.108626 1
g5 2 66 g5 2 82 0.317128 0.144768 1
g5 2 69 g4 2 60 0.328893 0.184751 1
g5 2 83 g5 2 100 0.391034 0.161175 1
g5 2 76 g5 2 68 0.358364 0.213618 1
g5 2 73 g5 2 100 0.347663 0.169501 1
g5 2 68 g5 2 68 0.32615 0.181356 1
g5 2 73 g5 2 100 0.347032 0.164501 1
g5 2 73 g4 2 59 0.348572 0.169759 1
g5 2 75 g5 2 99 0.359104 0.132945 1
g5 2 73 g4 2 59 0.347972 0.171532 1
g5 2 75 g4 2 70 0.356267 0.207991 1
g5 2 73 g5 2 98 0.347394 0.164006 1
g5 2 80 g5 2 98 0.378919 0.126513 1
g5 2 79 g5 2 106 0.37462 0.15038 1
g5 2 76 g4 2 59 0.361685 0.143869 1
g5 2 75 g5 2 106 0.35569 0.162105 1
g5 2 77 g5 2 100 0.364864 0.211992 1
g5 2 78 g5 2 88 0.370225 0.138184 1
g5 2 73 g4 2 65 0.345623 0.188222 1
g5 2 76 g5 2 98 0.365891 0.126581 1
g5 2 71 g5 2 88 0.338828 0.124045 1
g5 2 75 g5 2 98 0.358687 0.138354 1
g5 2 76 g5 2 98 0.360751 0.141297 1
g5 2 83 g5 2 96 0.390399 0.0967482 1
g5 2 110 g5 2 100 0.512613 0.117647 1
g5 2 77 g5 2 96 0.367305 0.0859701 1
g5 2 92 g5 2 101 0.430649 0.0756917 1
g5 2 92 g5 2 96 0.434528 0.121381 1
g5 2 98 g5 2 115 0.458764 0.128892 1
g5 2 92 g5 2 115 0.437263 0.0887555 1
g5 2 91 g5 2 105 0.429366 0.0983107 1
g5 2 98 g5 2 100 0.459358 0.0919861 1
g5 2 92 g5 2 98 0.433879 0.0726379 1
g6 2 78 g6 2 74 0.364451 0.077136 1
g6 2 75 g6 2 74 0.354177 0.0886381 1
g6 2 81 g6 2 74 0.380319 0.0837195 1
g6 2 79 g6 2 65 0.369811 0.173163 1
g6 2 67 g6 2 74 0.318334 0.0672097 1
g6 2 66 g6 2 77 0.315708 0.118371 1
g6 2 71 g6 2 74 0.338657 0.0905135 1
g6 2 73 g6 2 74 0.345182 0.124847 1
g6 2 70 g6 2 74 0.333546 0.100268 1
g6 2 61 g6 2 74 0.292621 0.0983134 1
g6 2 76 g6 2 72 0.35837 0.148182 1
g6 2 82 g6 2 179 0.384186 0.0846512 1
g6 2 80 g6 2 79 0.374829 0.0637393 1
g6 2 59 g6 2 74 0.285674 0.114933 1
g6 2 70 g6 2 79 0.332508 0.159355 1
g6 2 79 g6 2 75 0.372809 0.0816378 1
g6 2 67 g6 2 74 0.319304 0.0919602 1
g6 2 84 g6 2 75 0.394994 0.0824738 1
g6 2 70 g6 2 74 0.332114 0.078759 1
g6 2 68 g6 2 74 0.323925 0.13811 1
g6 2 80 g6 2 74 0.374528 0.0903619 1
g6 2 115 g6 2 74 0.527356 0.146872 1
g6 2 74 g6 2 75 0.349747 0.0920368 1
g6 2 66 g6 2 75 0.313591 0.116205 1
g6 2 70 g6 2 74 0.333404 0.116409 1
g6 2 68 g6 2 86 0.324503 0.238989 1
g6 2 86 g6 2 74 0.399824 0.111651 1
g6 2 68 g6 2 74 0.327052 0.0831518 1
g6 2 68 g6 2 74 0.324973 0.0867334 1
g6 2 56 g6 2 64 0.271171 0.0932688 1
g6 2 61 g6 2 65 0.294348 0.0761259 1
g6 2 63 g6 2 65 0.301735 0.105697 1
g6 2 99 g6 2 94 0.459612 0.363459 1
g6 2 75 g1 2 48 0.354916 0.249492 1
g6 2 61 g6 2 62 0.292922 0.0327055 1
g6 2 63 g6 2 63 0.302566 0.0631527 1
g6 2 67 g6 2 63 0.317664 0.0575263 1
g6 2 64 g6 2 67 0.307166 0.0628013 1
g6 2 71 g6 2 70 0.336991 0.0709974 1
g6 2 76 g6 2 72 0.360267 0.0616879 1
g6 2 71 g6 2 86 0.33723 0.0880182 1
g7 1 73 g7 1 87 0.346624 0.276636 1
g7 1 65 g7 1 83 0.314691 0.214486 1
g7 1 71 g7 1 67 0.339451 0.282669 1
g7 1 73 g7 1 102 0.347092 0.151537 1
g7 1 78 g7 1 66 0.368113 0.281787 1
g7 1 82 g7 1 79 0.386422 0.25401 1
g7 1 66 g7 1 90 0.315886 0.298672 1
g7 1 72 g7 1 73 0.342772 0.124732 1
g7 1 52 g7 1 60 0.25528 0.216303 1
g7 1 63 g3 1 83 0.306239 0.402604 1
g7 1 67 g7 1 65 0.320204 0.217361 1
g7 1 72 g7 1 66 0.341929 0.16331 1
g7 1 69 g7 1 76 0.328588 0.217129 1
g7 1 65 g7 1 56 0.309807 0.176833 1
g7 1 56 g7 1 55 0.272144 0.21659 1
g7 1 64 g7 1 60 0.306123 0.174301 1
g7 1 63 g7 1 55 0.3024 0.15924 1
g7 1 58 g7 1 62 0.280697 0.214666 1
g7 1 60 g7 1 89 0.289978 0.286894 1
g7 1 61 g7 1 54 0.29253 0.15933 1
g7 1 61 g7 1 62 0.295455 0.197059 1
g7 1 54 g7 1 51 0.264725 0.0359619 1
g7 1 75 g1 2 31 0.359614 0.53179 1
g7 1 68 g7 1 69 0.32368 0.227333 1
g7 1 88 g7 1 54 0.409792 0.322597 1
g7 1 72 g7 1 94 0.341706 0.355519 1
g7 1 67 g2 2 44 0.317803 0.433152 1
g7 1 74 g7 1 73 0.350323 0.16219 1
g7 1 70 g1 2 31 0.333379 0.556157 0
g7 1 70 g3 1 130 0.332252 0.527425 1
g7 1 72 g7 1 69 0.340277 0.213426 1
g7 1 85 g7 1 93 0.401014 0.29699 1
g7 1 77 g7 1 88 0.362305 0.299224 1
g7 1 79 g7 1 67 0.372106 0.217459 1
g7 1 90 g7 1 66 0.420493 0.204742 1
g7 1 136 g7 1 88 0.626258 0.27874 1
g7 1 66 g7 1 75 0.316142 0.243244 1
g7 1 67 g7 1 97 0.319213 0.255224 1
g7 1 78 g7 1 97 0.368835 0.302307 1
g7 1 78 g7 1 75 0.368002 0.228199 1
g7 1 88 g7 1 79 0.411321 0.267728 1
g7 1 97 g7 1 91 0.455969 0.194254 1
g7 1 62 g7 1 67 0.299861 0.300008 1
g7 1 101 g7 1 77 0.469928 0.175766 1
g7 1 39 g7 1 67 0.200782 0.364027 1
g7 1 70 g7 1 100 0.334719 0.366034 1
g7 1 72 g7 1 66 0.34158 0.154061 1
g7 1 71 g7 1 60 0.339069 0.270987 1
g7 1 72 g7 1 73 0.340464 0.167195 1
g7 1 96 g7 1 79 0.449289 0.237295 1
g7 1 63 g7 1 57 0.30457 0.309275 1
g7 1 66 g7 1 65 0.314376 0.260375 1
g7 1 84 g7 1 89 0.397969 0.162851 1
g7 1 119 g7 1 91 0.554027 0.298056 1
g7 1 110 g7 1 103 0.512202 0.245831 1
g7 1 105 g7 1 72 0.488237 0.384197 1
g7 1 104 g7 1 103 0.484426 0.22302 1
g7 1 91 g7 1 71 0.424715 0.238911 1
g7 1 99 g7 1 94 0.459698 0.159631 1
g7 1 83 g7 1 93 0.391756 0.211386 1
g7 1 92 g7 1 94 0.435594 0.157546 1
g7 1 88 g7 1 91 0.41257 0.186825 1
g7 1 93 g7 1 94 0.43453 0.166665 1
