g1 2 22 g6 2 30 0.066535 0.169768 1
g1 2 21 g6 2 32 0.064385 0.182766 1
g1 2 25 g6 2 23 0.072474 0.142628 1
g1 2 40 g1 2 22 0.114035 0.122917 1
g1 2 31 g2 2 15 0.085471 0.192795 1
g1 2 27 g1 2 23 0.077291 0.153719 1
g1 2 29 g1 2 26 0.08104 0.127131 1
g1 2 18 g1 2 25 0.058183 0.11378 1
g1 2 22 g1 2 25 0.06652 0.13298 1
g1 2 26 g1 2 23 0.074241 0.159024 1
g1 2 19 g1 2 20 0.059955 0.140108 1
g1 2 24 g1 2 20 0.070196 0.1084 1
g1 2 23 g1 2 23 0.068494 0.0709912 1
g1 2 23 g1 2 23 0.068042 0.124063 1
g1 2 26 g1 2 26 0.074581 0.0804248 1
g1 2 52 g6 2 36 0.125974 0.200435 1
g1 2 24 g1 2 20 0.07059 0.0998263 1
g1 2 35 g6 2 34 0.09867 0.203915 1
g1 2 18 g6 2 29 0.057876 0.130181 1
g1 2 22 g6 2 32 0.066031 0.189666 1
g1 2 19 g6 2 30 0.060144 0.141693 1
g1 2 26 g6 2 28 0.074169 0.162342 1
g1 2 20 g2 2 15 0.061824 0.191332 1
g1 2 22 g1 2 17 0.066014 0.0826369 1
g1 2 21 g1 2 18 0.063962 0.0905276 1
g1 2 30 g1 2 27 0.083028 0.133558 1
g1 2 28 g1 2 24 0.079087 0.151798 1
g1 2 37 g1 2 24 0.099211 0.252167 1
g1 2 27 g1 2 22 0.076563 0.202364 1
g1 2 27 g1 2 35 0.07676 0.106825 1
g1 2 21 g1 2 23 0.063913 0.0890126 1
g1 2 21 g1 2 22 0.06415 0.16291 1
g1 2 17 g1 2 24 0.055877 0.0803424 1
g1 2 26 g1 2 23 0.074174 0.224511 1
g1 2 21 g1 2 27 0.06423 0.239584 1
g1 2 22 g1 2 22 0.06568 0.156561 1
g1 2 28 g1 2 22 0.07888 0.164012 1
g1 2 22 g1 2 22 0.065967 0.158704 1
g1 2 20 g1 2 21 0.061803 0.163986 1
g1 2 21 g1 2 22 0.064163 0.127 1
g1 2 24 g1 2 24 0.070464 0.157281 1
g1 2 26 g1 2 26 0.0743 0.208272 1
g1 2 21 g1 2 23 0.064316 0.184014 1
g1 2 22 g1 2 22 0.066032 0.171721 1
g1 2 26 g1 2 22 0.074969 0.166915 1
g1 2 19 g1 2 26 0.059701 0.235 1
g1 2 24 g6 2 34 0.070205 0.18875 1
g1 2 26 g6 2 32 0.074792 0.197104 1
g1 2 20 g6 2 35 0.062192 0.172626 1
g1 2 25 g6 2 37 0.072462 0.129048 1
g1 2 35 g2 2 15 0.095942 0.221742 1
g1 2 23 g6 2 23 0.068006 0.151302 1
g1 2 31 g2 2 15 0.085348 0.17079 1
g1 2 20 g1 2 16 0.061593 0.074766 1
g1 2 18 g1 2 16 0.057856 0.0666175 1
g1 2 14 g1 2 16 0.049964 0.097091 1
g1 2 14 g1 2 14 0.049832 0.0732514 1
g1 2 15 g1 2 15 0.052005 0.0769861 1
g1 2 15 g1 2 15 0.052014 0.0601426 1
g1 2 17 g1 2 16 0.055797 0.0660645 1
g1 2 14 g1 2 15 0.050438 0.111548 1
g2 2 13 g2 2 12 0.048731 0.104895 1
g2 2 13 g2 2 12 0.048606 0.100152 1
g2 2 15 g2 2 15 0.052179 0.181384 1
g2 2 12 g2 2 12 0.04612 0.149102 1
g2 2 13 g2 2 12 0.048866 0.151942 1
g2 2 11 g2 2 15 0.043385 0.165786 1
g2 2 12 g2 2 12 0.046157 0.125499 1
g2 2 13 g2 2 12 0.048562 0.10506 1
g2 2 13 g2 2 12 0.048418 0.16345 1
g2 2 27 g2 2 24 0.076869 0.131999 1
g2 2 14 g2 2 12 0.05047 0.107382 1
g2 2 13 g2 2 12 0.048645 0.106109 1
g2 2 13 g2 2 12 0.049193 0.120002 1
g2 2 14 g2 2 12 0.050441 0.127057 1
g2 2 14 g2 2 12 0.050062 0.180586 1
g2 2 13 g2 2 12 0.048947 0.142003 1
g2 2 10 g2 2 15 0.042031 0.257722 1
g2 2 13 g2 2 12 0.049011 0.0980197 1
g2 2 14 g2 2 12 0.050371 0.105194 1
g2 2 13 g2 2 12 0.0487 0.161468 1
g2 2 14 g2 2 12 0.051076 0.143054 1
g2 2 14 g2 2 12 0.050156 0.214652 1
g2 2 12 g2 2 12 0.046109 0.142436 1
g2 2 15 g2 2 12 0.052274 0.101405 1
g2 2 16 g2 2 15 0.054076 0.171857 1
g2 2 13 g2 2 12 0.048347 0.160181 1
g2 2 13 g2 2 15 0.048203 0.242999 1
g2 2 14 g2 2 12 0.050287 0.163168 1
g2 2 16 g2 2 12 0.054793 0.134649 1
g2 2 29 g2 2 26 0.081698 0.119545 1
g2 2 26 g2 2 25 0.074765 0.152066 1
g2 2 27 g2 2 24 0.077564 0.135915 1
g2 2 23 g1 2 21 0.068365 0.27101 1
g2 2 18 g2 2 20 0.057831 0.108109 1
g2 2 20 g2 2 19 0.062098 0.111781 1
g2 2 30 g2 2 27 0.085569 0.124809 1
g2 2 21 g2 2 22 0.064644 0.0915402 1
g2 2 18 g2 2 21 0.05882 0.09341 1
g2 2 17 g2 2 19 0.056135 0.0936848 1
g2 2 19 g2 2 19 0.058996 0.0877324 1
g2 2 18 g2 2 19 0.059875 0.0914348 1
g2 2 19 g2 2 19 0.060127 0.0712885 1
g2 2 17 g2 2 19 0.057506 0.114198 1
g2 2 20 g2 2 19 0.061627 0.073588 1
g2 2 20 g2 2 19 0.061758 0.0967156 1
g2 2 23 g2 2 21 0.067807 0.144163 1
g2 2 15 g2 2 20 0.052406 0.130696 1
g2 2 20 g2 2 19 0.062473 0.0832217 1
g2 2 40 g2 2 26 0.107973 0.163425 1
g2 2 20 g2 2 20 0.062044 0.0960384 1
g2 2 25 g2 2 21 0.072598 0.0813563 1
g2 2 25 g1 2 29 0.072692 0.220425 1
g2 2 19 g2 2 19 0.06044 0.112486 1
g2 2 17 g2 2 21 0.057488 0.097333 1
g2 2 22 g1 2 31 0.065289 0.122122 1
g2 2 20 g2 2 21 0.06203 0.107351 1
g2 2 24 g1 2 25 0.069816 0.197976 1
g2 2 22 g2 2 26 0.065935 0.120047 1
g2 2 19 g2 2 27 0.06303 0.119208 1
g2 2 27 g2 2 26 0.077391 0.118647 1
g2 2 17 g2 2 19 0.05617 0.100057 1
g2 2 19 g1 2 28 0.060248 0.292518 1
g2 2 28 g2 2 23 0.078928 0.166886 1
g2 2 14 g2 2 12 0.050389 0.14921 1
g2 2 12 g2 2 12 0.046136 0.119037 1
g2 2 13 g2 2 12 0.048678 0.0842657 1
g3 1 34 g3 1 44 0.095822 0.317284 1
g3 1 33 g3 1 46 0.092515 0.219336 1
g3 1 47 g3 1 40 0.123306 0.300735 1
g3 1 50 g3 1 38 0.130949 0.292126 1
g3 1 53 g1 2 28 0.134996 0.394027 1
g3 1 47 g3 1 35 0.124437 0.254261 1
g3 1 45 g3 1 35 0.118802 0.283474 1
g3 1 45 g3 1 39 0.120274 0.271269 1
g3 1 42 g3 1 62 0.112798 0.270819 1
g3 1 41 g3 1 44 0.112223 0.289394 1
g3 1 42 g3 1 55 0.112961 0.278039 1
g3 1 45 g3 1 46 0.119035 0.244614 1
g3 1 44 g3 1 41 0.116485 0.235877 1
g3 1 45 g3 1 58 0.119743 0.252537 1
g3 1 42 g3 1 38 0.112934 0.493665 0
g3 1 42 g3 1 40 0.11194 0.203043 1
g3 1 39 g3 1 40 0.106123 0.203044 1
g3 1 54 g1 2 24 0.143879 0.362888 1
g3 1 46 g3 1 39 0.122034 0.241867 1
g3 1 46 g3 1 40 0.122173 0.209648 1
g3 1 48 g3 1 45 0.127657 0.216754 1
g3 1 46 g3 1 55 0.122571 0.223339 1
g3 1 44 g3 1 39 0.117298 0.239907 1
g3 1 41 g3 1 35 0.111751 0.247535 1
g3 1 45 g3 1 40 0.120183 0.311268 1
g3 1 42 g3 1 36 0.111885 0.292783 1
g3 1 48 g3 1 55 0.128052 0.300204 1
g3 1 64 g3 1 40 0.163642 0.285783 1
g3 1 56 g3 1 36 0.145806 0.289882 1
g3 1 48 g3 1 37 0.125789 0.198829 1
g3 1 55 g3 1 58 0.142536 0.224211 1
g3 1 51 g3 1 39 0.133295 0.271578 1
g3 1 47 g3 1 38 0.124821 0.215558 1
g3 1 49 g3 1 40 0.129445 0.234342 1
g3 1 50 g3 1 45 0.130149 0.252466 1
g3 1 48 g3 1 57 0.126995 0.27381 1
g3 1 49 g3 1 30 0.130198 0.323088 1
g3 1 57 g3 1 67 0.145024 0.266969 1
g3 1 59 g3 1 67 0.150228 0.253434 1
g3 1 44 g3 1 41 0.117673 0.369473 1
g3 1 26 g3 1 45 0.087555 0.815193 0
g3 1 47 g3 1 42 0.125426 0.286109 1
g3 1 40 g3 1 37 0.109165 0.220951 1
g3 1 38 g3 1 39 0.102912 0.198995 1
g3 1 40 g3 1 40 0.106233 0.222099 1
g3 1 42 g3 1 45 0.110785 0.299045 1
g3 1 37 g3 1 36 0.10009 0.333865 1
g3 1 41 g3 1 40 0.111367 0.166086 1
g3 1 38 g3 1 35 0.103994 0.213044 1
g3 1 37 g3 1 45 0.102072 0.298428 1
g3 1 41 g3 1 45 0.109781 0.255173 1
g4 2 35 g4 2 29 0.095362 0.200981 1
g4 2 35 g4 2 40 0.096556 0.074868 1
g4 2 42 g4 2 43 0.112003 0.165537 1
g4 2 42 g4 2 40 0.11203 0.165293 1
g4 2 39 g4 2 44 0.104916 0.123519 1
g4 2 40 g4 2 49 0.10805 0.144795 1
g4 2 48 g3 1 42 0.127557 0.263518 1
g4 2 40 g4 2 40 0.108763 0.163291 1
g4 2 47 g4 2 46 0.123794 0.155578 1
g4 2 45 g4 2 47 0.119213 0.164294 1
g4 2 44 g4 2 44 0.117698 0.139688 1
g4 2 46 g4 2 49 0.12165 0.115756 1
g4 2 50 g4 2 49 0.131357 0.0830325 1
g4 2 43 g4 2 29 0.114196 0.121298 1
g4 2 28 g4 2 31 0.07838 0.135106 1
g4 2 29 g4 2 28 0.081023 0.0741795 1
g4 2 28 g4 2 27 0.07894 0.0812595 1
g4 2 31 g4 2 32 0.085945 0.148538 1
g4 2 29 g4 2 31 0.081345 0.10039 1
g4 2 32 g4 2 32 0.088273 0.113248 1
g4 2 33 g4 2 38 0.090983 0.0895119 1
g4 2 34 g4 2 30 0.094567 0.105078 1
g4 2 38 g4 2 46 0.102183 0.154445 1
g4 2 28 g4 2 30 0.078393 0.111214 1
g4 2 35 g4 2 33 0.096201 0.0928454 1
g4 2 35 g4 2 35 0.096094 0.054118 1
g4 2 39 g4 2 34 0.104621 0.0895005 1
g4 2 39 g4 2 41 0.104621 0.110703 1
g4 2 44 g4 2 30 0.115601 0.100345 1
g4 2 44 g4 2 32 0.116475 0.109677 1
g4 2 29 g4 2 35 0.080512 0.0896642 1
g4 2 29 g4 2 31 0.081798 0.0966102 1
g4 2 31 g4 2 32 0.085777 0.0844094 1
g4 2 32 g4 2 32 0.088306 0.129553 1
g4 2 43 g4 2 32 0.114162 0.104682 1
g4 2 40 g4 2 32 0.107578 0.189227 1
g4 2 44 g4 2 39 0.116831 0.150614 1
g4 2 31 g4 2 30 0.086176 0.0719758 1
g4 2 43 g4 2 39 0.114002 0.100572 1
g4 2 48 g4 2 39 0.125975 0.11545 1
g4 2 39 g4 2 40 0.104948 0.0739062 1
g4 2 43 g4 2 30 0.114807 0.099075 1
g5 2 41 g5 2 48 0.111983 0.0936454 1
g5 2 43 g5 2 42 0.114945 0.0802734 1
g5 2 42 g5 2 50 0.113772 0.110121 1
g5 2 40 g5 2 50 0.108559 0.126498 1
g5 2 34 g5 2 48 0.094677 0.167191 1
g5 2 40 g5 2 48 0.109218 0.10047 1
g5 2 39 g4 2 32 0.105516 0.19223 1
g5 2 44 g5 2 48 0.118043 0.179595 1
g5 2 38 g5 2 49 0.10438 0.208098 1
g5 2 31 g5 2 30 0.086654 0.119656 1
g5 2 33 g5 2 33 0.092119 0.123368 1
g5 2 39 g5 2 33 0.105696 0.114927 1
g5 2 32 g5 2 40 0.088673 0.147538 1
g5 2 34 g4 2 29 0.094381 0.192093 1
g5 2 41 g5 2 49 0.110619 0.168088 1
g5 2 37 g5 2 33 0.100821 0.206707 1
g5 2 36 g5 2 49 0.098876 0.176142 1
g5 2 33 g5 2 33 0.09201 0.183825 1
g5 2 36 g5 2 49 0.099468 0.169152 1
g5 2 36 g4 2 29 0.09917 0.176426 1
g5 2 37 g5 2 49 0.101452 0.142442 1
g5 2 36 g4 2 29 0.099154 0.174111 1
g5 2 37 g4 2 29 0.101053 0.209175 1
g5 2 36 g5 2 48 0.098866 0.172507 1
g5 2 39 g5 2 48 0.106395 0.13397 1
g5 2 39 g5 2 52 0.105862 0.154602 1
g5 2 37 g4 2 29 0.10131 0.149926 1
g5 2 37 g5 2 52 0.1011 0.168346 1
g5 2 38 g5 2 49 0.103271 0.216505 1
g5 2 38 g5 2 48 0.10417 0.163797 1
g5 2 36 g4 2 32 0.098616 0.192569 1
g5 2 37 g5 2 48 0.101868 0.131962 1
g5 2 35 g5 2 47 0.097058 0.142198 1
g5 2 37 g5 2 48 0.102176 0.14226 1
g5 2 37 g5 2 47 0.10139 0.144625 1
g5 2 41 g5 2 47 0.11109 0.101672 1
g5 2 53 g5 2 49 0.138219 0.12125 1
g5 2 38 g5 2 47 0.104363 0.0936596 1
g5 2 45 g5 2 50 0.12039 0.0808529 1
g5 2 45 g5 2 47 0.121175 0.120769 1
g5 2 48 g5 2 57 0.127806 0.133671 1
g5 2 45 g5 2 57 0.12109 0.0969753 1
g5 2 45 g5 2 52 0.121054 0.102699 1
g5 2 48 g5 2 49 0.127403 0.0952967 1
g5 2 45 g5 2 50 0.120788 0.0759647 1
g6 2 38 g6 2 36 0.102246 0.0832649 1
g6 2 37 g6 2 36 0.100218 0.0919877 1
g6 2 40 g6 2 32 0.106074 0.104036 1
g6 2 39 g6 2 32 0.104871 0.177701 1
g6 2 33 g6 2 36 0.091168 0.0739164 1
g6 2 32 g6 2 38 0.088693 0.121687 1
g6 2 35 g6 2 36 0.095855 0.0944504 1
g6 2 36 g6 2 36 0.098061 0.131658 1
g6 2 34 g6 2 36 0.09306 0.102656 1
g6 2 30 g6 2 36 0.082854 0.105279 1
g6 2 37 g6 2 35 0.100619 0.14888 1
g6 2 40 g6 2 57 0.107454 0.0781961 1
g6 2 39 g6 2 39 0.106746 0.0718683 1
g6 2 29 g6 2 36 0.080765 0.12352 1
g6 2 34 g6 2 39 0.094045 0.164024 1
g6 2 39 g6 2 37 0.104557 0.0867312 1
g6 2 33 g6 2 36 0.091346 0.0986273 1
g6 2 41 g6 2 37 0.109276 0.0893568 1
g6 2 34 g6 2 36 0.093222 0.0844872 1
g6 2 33 g6 2 36 0.091824 0.141988 1
g6 2 39 g6 2 36 0.104267 0.0943078 1
g6 2 54 g6 2 36 0.138947 0.153552 1
g6 2 36 g6 2 37 0.097758 0.100885 1
g6 2 32 g6 2 37 0.088625 0.123474 1
g6 2 34 g6 2 36 0.093763 0.119653 1
g6 2 33 g6 2 32 0.091476 0.235521 1
g6 2 42 g6 2 36 0.111443 0.113696 1
g6 2 33 g6 2 36 0.091128 0.0889257 1
g6 2 33 g6 2 36 0.091538 0.0953035 1
g6 2 27 g6 2 31 0.076472 0.105149 1
g6 2 30 g6 2 32 0.082946 0.0827278 1
g6 2 31 g6 2 32 0.085658 0.112569 1
g6 2 49 g6 2 45 0.128163 0.369142 1
g6 2 37 g1 2 27 0.100603 0.24954 1
g6 2 30 g6 2 31 0.08252 0.0481761 1
g6 2 31 g6 2 33 0.085627 0.0835578 1
g6 2 33 g6 2 33 0.091362 0.0749726 1
g6 2 31 g6 2 33 0.085281 0.0741513 1
g6 2 35 g6 2 34 0.095437 0.0786984 1
g6 2 37 g6 2 35 0.10014 0.0650936 1
g6 2 35 g6 2 42 0.095682 0.094644 1
g7 1 35 g7 1 42 0.09849 0.274072 1
g7 1 32 g7 1 40 0.088556 0.213871 1
g7 1 35 g7 1 37 0.096521 0.314541 1
g7 1 36 g7 1 50 0.099611 0.156651 1
g7 1 38 g7 1 32 0.103141 0.283299 1
g7 1 39 g7 1 50 0.107681 0.199292 1
g7 1 32 g7 1 39 0.089043 0.269915 1
g7 1 33 g7 1 34 0.09405 0.128595 1
g7 1 25 g7 1 29 0.072491 0.23025 1
g7 1 30 g3 1 38 0.085478 0.404612 1
g7 1 32 g7 1 31 0.090066 0.224395 1
g7 1 34 g7 1 32 0.095124 0.163102 1
g7 1 34 g7 1 37 0.093416 0.212897 1
g7 1 32 g7 1 27 0.086768 0.175722 1
g7 1 27 g7 1 27 0.076274 0.223942 1
g7 1 31 g7 1 29 0.086418 0.174304 1
g7 1 31 g7 1 26 0.085625 0.169538 1
g7 1 28 g7 1 30 0.079051 0.216126 1
g7 1 29 g7 1 27 0.080829 0.234621 1
g7 1 29 g7 1 26 0.082429 0.163887 1
g7 1 29 g7 1 30 0.082658 0.201632 1
g7 1 25 g7 1 25 0.073902 0.0634586 1
g7 1 37 g1 2 15 0.101223 0.530052 0
g7 1 33 g7 1 33 0.09003 0.236254 1
g7 1 43 g7 1 26 0.114386 0.325197 1
g7 1 35 g7 1 46 0.094872 0.348845 1
g7 1 32 g2 2 21 0.088561 0.420181 0
g7 1 36 g7 1 35 0.098169 0.16725 1
g7 1 33 g1 2 15 0.092896 0.551134 0
g7 1 34 g7 1 36 0.092356 0.358404 1
g7 1 34 g7 1 34 0.093074 0.230783 1
g7 1 42 g7 1 45 0.111584 0.299935 1
g7 1 37 g7 1 41 0.101856 0.295442 1
g7 1 38 g7 1 33 0.10362 0.215944 1
g7 1 44 g7 1 31 0.116611 0.208828 1
g7 1 66 g7 1 41 0.162162 0.282145 1
g7 1 32 g7 1 37 0.089807 0.24747 1
g7 1 33 g7 1 48 0.090273 0.259356 1
g7 1 37 g7 1 41 0.102195 0.258088 1
g7 1 38 g7 1 37 0.103707 0.234551 1
g7 1 43 g7 1 39 0.114915 0.261738 1
g7 1 46 g7 1 43 0.124094 0.186543 1
g7 1 30 g7 1 31 0.0835 0.263501 1
g7 1 48 g7 1 38 0.128127 0.179544 1
g7 1 19 g7 1 34 0.060244 0.362941 1
g7 1 33 g7 1 49 0.092874 0.362298 1
g7 1 34 g7 1 32 0.095633 0.154278 1
g7 1 34 g7 1 29 0.09519 0.281279 1
g7 1 35 g7 1 29 0.096505 0.218815 1
g7 1 47 g7 1 39 0.124213 0.239458 1
g7 1 31 g7 1 27 0.086002 0.320248 1
g7 1 31 g7 1 31 0.087308 0.258225 1
g7 1 40 g7 1 43 0.108839 0.168175 1
g7 1 59 g7 1 43 0.153453 0.298299 1
g7 1 54 g7 1 50 0.140784 0.245747 1
g7 1 52 g7 1 35 0.136579 0.381369 1
g7 1 51 g7 1 50 0.134108 0.22973 1
g7 1 33 g7 1 33 0.104436 0.226786 1
g7 1 49 g7 1 46 0.129151 0.164696 1
g7 1 41 g7 1 45 0.109573 0.208928 1
g7 1 45 g7 1 46 0.118756 0.158187 1
g7 1 43 g7 1 43 0.114858 0.191376 1
g7 1 45 g7 1 46 0.120668 0.173496 1
