g1 2 24 g6 2 32 0.073628 0.17794 1
g1 2 23 g6 2 34 0.071939 0.194198 1
g1 2 27 g6 2 25 0.080699 0.15724 1
g1 2 42 g1 2 24 0.124765 0.123816 1
g1 2 33 g2 2 17 0.096019 0.187198 1
g1 2 29 g1 2 25 0.084652 0.155603 1
g1 2 31 g1 2 28 0.08985 0.130341 1
g1 2 20 g1 2 27 0.065467 0.114622 1
g1 2 24 g1 2 33 0.073838 0.163865 1
g1 2 28 g1 2 25 0.082207 0.160339 1
g1 2 21 g1 2 31 0.067197 0.14073 1
g1 2 26 g1 2 22 0.078163 0.114373 1
g1 2 25 g1 2 25 0.076212 0.0740661 1
g1 2 25 g1 2 25 0.076167 0.125881 1
g1 2 28 g1 2 25 0.083372 0.0868187 1
g1 2 54 g6 2 38 0.140342 0.204369 1
g1 2 26 g1 2 22 0.078063 0.0972668 1
g1 2 37 g6 2 36 0.104671 0.215971 1
g1 2 20 g6 2 31 0.065412 0.134031 1
g1 2 24 g6 2 34 0.073685 0.199984 1
g1 2 21 g6 2 32 0.067469 0.150999 1
g1 2 28 g6 2 30 0.082569 0.173621 1
g1 2 22 g2 2 17 0.069743 0.193526 1
g1 2 24 g1 2 19 0.074302 0.0891945 1
g1 2 23 g1 2 20 0.071354 0.0969903 1
g1 2 32 g1 2 29 0.092314 0.134032 1
g1 2 30 g1 2 26 0.087303 0.148789 1
g1 2 39 g1 2 26 0.109166 0.259161 1
g1 2 29 g1 2 24 0.084705 0.203512 1
g1 2 29 g1 2 37 0.084857 0.106583 1
g1 2 23 g1 2 25 0.071435 0.0915781 1
g1 2 23 g1 2 24 0.072468 0.174426 1
g1 2 19 g1 2 26 0.063376 0.085179 1
g1 2 28 g1 2 28 0.082397 0.210505 1
g1 2 23 g1 2 29 0.071516 0.236403 0
g1 2 24 g1 2 24 0.073855 0.164906 1
g1 2 30 g1 2 24 0.086939 0.170312 1
g1 2 24 g1 2 26 0.073442 0.146705 1
g1 2 22 g1 2 23 0.069378 0.160308 1
g1 2 23 g1 2 24 0.072491 0.136293 1
g1 2 26 g1 2 26 0.077811 0.157024 1
g1 2 28 g1 2 28 0.08249 0.208836 1
g1 2 23 g1 2 25 0.071555 0.184867 1
g1 2 24 g1 2 24 0.073682 0.181988 1
g1 2 28 g1 2 24 0.082608 0.185135 1
g1 2 21 g1 2 28 0.067344 0.252151 0
g1 2 26 g6 2 36 0.078336 0.200933 1
g1 2 28 g6 2 34 0.082483 0.212761 1
g1 2 22 g6 2 37 0.069329 0.187049 1
g1 2 27 g6 2 34 0.080243 0.136433 1
g1 2 37 g2 2 17 0.105237 0.214004 1
g1 2 25 g6 2 25 0.076718 0.166234 1
g1 2 33 g2 2 17 0.095526 0.175786 1
g1 2 22 g1 2 18 0.069227 0.0772465 1
g1 2 20 g1 2 18 0.064878 0.0702443 1
g1 2 16 g1 2 17 0.057228 0.0958116 1
g1 2 16 g1 2 16 0.05732 0.0742667 1
g1 2 17 g1 2 17 0.059159 0.0748685 1
g1 2 17 g1 2 17 0.058965 0.0620692 1
g1 2 19 g1 2 18 0.062729 0.0683333 1
g1 2 16 g1 2 17 0.057163 0.105744 1
g2 2 15 g2 2 14 0.054678 0.102187 1
g2 2 15 g2 2 14 0.054748 0.10185 1
g2 2 17 g2 2 17 0.058831 0.181372 1
g2 2 14 g2 2 14 0.053056 0.155059 1
g2 2 15 g2 2 14 0.054878 0.154887 1
g2 2 13 g2 2 17 0.050449 0.164817 1
g2 2 14 g2 2 14 0.053217 0.13909 1
g2 2 15 g2 2 14 0.055542 0.110691 1
g2 2 15 g2 2 14 0.055267 0.179236 1
g2 2 29 g2 2 26 0.085421 0.139318 1
g2 2 16 g2 2 14 0.05736 0.110161 1
g2 2 15 g2 2 14 0.054906 0.100015 1
g2 2 15 g2 2 14 0.054811 0.119707 1
g2 2 16 g2 2 14 0.057051 0.121027 1
g2 2 16 g2 2 14 0.056996 0.173813 1
g2 2 15 g2 2 14 0.054871 0.140784 1
g2 2 12 g2 2 17 0.048603 0.269356 0
g2 2 15 g2 2 14 0.055045 0.092682 1
g2 2 16 g2 2 14 0.057294 0.101305 1
g2 2 15 g2 2 14 0.05496 0.158697 1
g2 2 16 g2 2 14 0.057009 0.13721 1
g2 2 16 g2 2 14 0.057 0.214676 1
g2 2 14 g2 2 14 0.052697 0.148629 1
g2 2 17 g2 2 14 0.058925 0.10577 1
g2 2 18 g2 2 17 0.060701 0.169768 1
g2 2 15 g2 2 14 0.055034 0.174605 1
g2 2 15 g2 2 17 0.054977 0.236373 1
g2 2 16 g2 2 14 0.057267 0.175869 1
g2 2 18 g2 2 14 0.060755 0.137793 1
g2 2 31 g2 2 28 0.090548 0.126317 1
g2 2 28 g2 2 27 0.082786 0.154631 1
g2 2 29 g2 2 26 0.085601 0.139835 1
g2 2 25 g2 2 26 0.076325 0.145608 1
g2 2 20 g2 2 21 0.065049 0.141188 1
g2 2 22 g2 2 21 0.069358 0.116212 1
g2 2 32 g2 2 29 0.094912 0.128335 1
g2 2 23 g2 2 21 0.071641 0.096611 1
g2 2 20 g2 2 21 0.065136 0.0919244 1
g2 2 19 g2 2 21 0.062932 0.0917693 1
g2 2 21 g2 2 21 0.066715 0.0850921 1
g2 2 20 g2 2 21 0.067106 0.0905802 1
g2 2 21 g2 2 21 0.067082 0.0696447 1
g2 2 19 g2 2 21 0.064782 0.111867 1
g2 2 22 g2 2 21 0.069827 0.0774176 1
g2 2 22 g2 2 21 0.069309 0.0948557 1
g2 2 25 g2 2 23 0.075803 0.152061 1
g2 2 17 g2 2 24 0.05902 0.137865 1
g2 2 22 g2 2 21 0.069579 0.0837894 1
g2 2 42 g2 2 28 0.117638 0.160804 1
g2 2 22 g2 2 22 0.069236 0.0964792 1
g2 2 27 g2 2 23 0.080518 0.0798759 1
g2 2 27 g1 2 31 0.080295 0.219936 1
g2 2 21 g2 2 21 0.067205 0.115142 1
g2 2 19 g2 2 21 0.064856 0.0974426 1
g2 2 24 g1 2 33 0.073291 0.127458 1
g2 2 22 g2 2 21 0.069462 0.112631 1
g2 2 26 g1 2 27 0.07737 0.202682 1
g2 2 24 g2 2 28 0.073479 0.128112 1
g2 2 21 g2 2 29 0.067648 0.125182 1
g2 2 29 g2 2 28 0.084806 0.116633 1
g2 2 19 g2 2 21 0.063175 0.102651 1
g2 2 21 g1 2 33 0.067445 0.312074 0
g2 2 30 g2 2 25 0.086986 0.164235 1
g2 2 16 g2 2 14 0.057181 0.14913 1
g2 2 14 g2 2 14 0.052955 0.130177 1
g2 2 15 g2 2 14 0.054984 0.0820335 1
g3 1 36 g3 1 46 0.105404 0.333223 0
g3 1 35 g3 1 43 0.101971 0.221946 1
g3 1 49 g3 1 42 0.134119 0.30178 1
g3 1 52 g3 1 37 0.142857 0.246502 1
g3 1 55 g1 2 30 0.14566 0.418822 0
g3 1 49 g3 1 37 0.135688 0.259881 1
g3 1 47 g3 1 42 0.129523 0.382952 0
g3 1 47 g3 1 41 0.131171 0.282962 0
g3 1 44 g3 1 45 0.123225 0.289696 0
g3 1 43 g3 1 46 0.122711 0.297558 0
g3 1 44 g3 1 57 0.12236 0.28128 0
g3 1 47 g3 1 46 0.129039 0.232351 1
g3 1 46 g3 1 43 0.126965 0.247889 0
g3 1 47 g3 1 64 0.130332 0.222787 1
g3 1 44 g3 1 47 0.12307 0.51036 0
g3 1 44 g3 1 40 0.122648 0.258832 0
g3 1 41 g3 1 42 0.116694 0.209816 1
g3 1 56 g1 2 26 0.156277 0.386249 0
g3 1 48 g3 1 41 0.131703 0.251072 0
g3 1 48 g3 1 42 0.133251 0.221803 1
g3 1 50 g3 1 47 0.137454 0.226277 1
g3 1 48 g3 1 57 0.133916 0.221905 1
g3 1 46 g3 1 41 0.128074 0.25135 0
g3 1 43 g3 1 37 0.121413 0.253234 0
g3 1 47 g3 1 42 0.130571 0.316508 0
g3 1 44 g3 1 38 0.122741 0.28715 0
g3 1 50 g3 1 53 0.138123 0.32382 0
g3 1 66 g3 1 42 0.17629 0.284562 0
g3 1 58 g1 2 35 0.158563 0.4447 0
g3 1 50 g3 1 39 0.13624 0.201403 1
g3 1 57 g3 1 60 0.154403 0.228523 1
g3 1 53 g3 1 41 0.144275 0.280706 0
g3 1 49 g3 1 40 0.135221 0.220627 1
g3 1 51 g3 1 42 0.140182 0.247319 0
g3 1 52 g3 1 47 0.14079 0.263802 1
g3 1 50 g3 1 59 0.136809 0.273868 0
g3 1 51 g3 1 32 0.140749 0.32566 0
g3 1 59 g3 1 69 0.157296 0.265699 1
g3 1 61 g3 1 69 0.161479 0.260838 0
g3 1 46 g3 1 43 0.128516 0.385294 0
g3 1 28 g3 1 47 0.097518 0.823248 0
g3 1 49 g3 1 44 0.135989 0.300426 0
g3 1 42 g3 1 40 0.118732 0.212795 1
g3 1 40 g3 1 41 0.112515 0.20749 1
g3 1 42 g3 1 42 0.116289 0.230677 1
g3 1 44 g3 1 47 0.1215 0.308949 0
g3 1 39 g3 1 38 0.109904 0.342217 0
g3 1 43 g3 1 42 0.121531 0.173902 1
g3 1 40 g3 1 37 0.113938 0.222896 1
g3 1 39 g3 1 47 0.111805 0.313576 0
g3 1 43 g3 1 47 0.119635 0.257709 0
g4 2 37 g4 2 31 0.104816 0.214003 1
g4 2 37 g4 2 42 0.104883 0.0776266 1
g4 2 44 g4 2 45 0.122506 0.166957 1
g4 2 44 g4 2 42 0.122471 0.168567 1
g4 2 41 g4 2 46 0.115044 0.126684 1
g4 2 42 g4 2 51 0.117719 0.146778 1
g4 2 50 g3 1 44 0.138137 0.269455 0
g4 2 42 g4 2 42 0.11744 0.171182 1
g4 2 49 g4 2 48 0.134783 0.160702 1
g4 2 47 g4 2 49 0.129483 0.169863 1
g4 2 46 g4 2 46 0.127031 0.137917 1
g4 2 48 g4 2 51 0.13322 0.118121 1
g4 2 52 g4 2 51 0.141923 0.0872918 1
g4 2 45 g4 2 31 0.125001 0.128089 1
g4 2 30 g4 2 43 0.086348 0.145188 1
g4 2 31 g4 2 30 0.089658 0.0783236 1
g4 2 30 g4 2 29 0.087435 0.0842569 1
g4 2 33 g4 2 34 0.09549 0.155891 1
g4 2 31 g4 2 33 0.08963 0.107021 1
g4 2 34 g4 2 34 0.098202 0.120714 1
g4 2 35 g4 2 40 0.100557 0.0921291 1
g4 2 36 g4 2 32 0.102499 0.107127 1
g4 2 40 g4 2 48 0.112322 0.157677 1
g4 2 30 g4 2 32 0.087311 0.11523 1
g4 2 37 g4 2 35 0.105763 0.0999789 1
g4 2 37 g4 2 37 0.104957 0.0565179 1
g4 2 41 g4 2 36 0.115155 0.0927801 1
g4 2 41 g4 2 43 0.114828 0.114147 1
g4 2 46 g4 2 32 0.126283 0.101447 1
g4 2 46 g4 2 34 0.126525 0.113267 1
g4 2 31 g4 2 37 0.090069 0.0959691 1
g4 2 31 g4 2 33 0.089699 0.104216 1
g4 2 33 g4 2 34 0.095524 0.089046 1
g4 2 34 g4 2 34 0.099068 0.140114 1
g4 2 45 g4 2 34 0.124421 0.10591 1
g4 2 42 g4 2 34 0.117179 0.195535 1
g4 2 46 g4 2 41 0.127015 0.155241 1
g4 2 33 g4 2 32 0.095602 0.0741323 1
g4 2 45 g4 2 41 0.124252 0.101616 1
g4 2 50 g4 2 41 0.136996 0.114166 1
g4 2 41 g4 2 42 0.114645 0.0754929 1
g4 2 45 g4 2 32 0.124625 0.102621 1
g5 2 43 g5 2 48 0.121057 0.0971744 1
g5 2 45 g5 2 44 0.125209 0.0816019 1
g5 2 44 g5 2 52 0.123499 0.109662 1
g5 2 42 g5 2 52 0.117619 0.124991 1
g5 2 36 g5 2 50 0.104362 0.17394 1
g5 2 42 g5 2 50 0.119579 0.10384 1
g5 2 41 g4 2 34 0.115383 0.196252 1
g5 2 46 g5 2 50 0.128299 0.189313 1
g5 2 40 g5 2 51 0.11351 0.211937 1
g5 2 33 g5 2 32 0.096313 0.123541 1
g5 2 35 g5 2 35 0.100819 0.127559 1
g5 2 41 g5 2 35 0.115393 0.116069 1
g5 2 34 g5 2 33 0.099008 0.167177 1
g5 2 36 g4 2 31 0.103128 0.194451 1
g5 2 43 g5 2 51 0.120228 0.16659 1
g5 2 39 g5 2 52 0.110479 0.223702 1
g5 2 38 g5 2 51 0.108252 0.17723 1
g5 2 35 g5 2 35 0.101101 0.193171 1
g5 2 38 g5 2 51 0.109404 0.171682 1
g5 2 38 g4 2 31 0.108037 0.179745 1
g5 2 39 g5 2 51 0.111549 0.145158 1
g5 2 38 g4 2 31 0.108067 0.182144 1
g5 2 39 g4 2 36 0.110532 0.223905 1
g5 2 38 g5 2 50 0.108319 0.172716 1
g5 2 41 g5 2 50 0.116826 0.134535 1
g5 2 41 g5 2 54 0.117588 0.156904 1
g5 2 39 g4 2 31 0.111055 0.154788 1
g5 2 39 g5 2 54 0.111242 0.169673 1
g5 2 40 g5 2 51 0.11289 0.220685 1
g5 2 40 g5 2 51 0.113342 0.173265 1
g5 2 38 g4 2 31 0.108246 0.184001 1
g5 2 39 g5 2 50 0.111524 0.134244 1
g5 2 37 g5 2 45 0.106181 0.133308 1
g5 2 39 g5 2 50 0.111797 0.152698 1
g5 2 39 g5 2 49 0.110715 0.14648 1
g5 2 43 g5 2 49 0.120792 0.105347 1
g5 2 55 g5 2 51 0.150414 0.123206 1
g5 2 40 g5 2 49 0.113857 0.0955829 1
g5 2 47 g5 2 52 0.129844 0.083783 1
g5 2 47 g5 2 49 0.131436 0.126546 1
g5 2 50 g5 2 59 0.13841 0.137976 1
g5 2 47 g5 2 55 0.131793 0.0960784 1
g5 2 47 g5 2 54 0.13143 0.106638 1
g5 2 50 g5 2 51 0.137819 0.100387 1
g5 2 47 g5 2 48 0.131154 0.0650965 1
g6 2 40 g6 2 38 0.111722 0.083175 1
g6 2 39 g6 2 38 0.109433 0.0953195 1
g6 2 42 g6 2 38 0.115449 0.0928561 1
g6 2 41 g6 2 34 0.114758 0.186681 1
g6 2 35 g6 2 38 0.10059 0.0746636 1
g6 2 34 g6 2 34 0.098181 0.133747 1
g6 2 37 g6 2 38 0.105095 0.0972487 1
g6 2 38 g6 2 38 0.107058 0.13291 1
g6 2 36 g6 2 38 0.103067 0.106651 1
g6 2 32 g6 2 38 0.092374 0.106965 1
g6 2 39 g6 2 37 0.109731 0.158648 1
g6 2 42 g6 2 59 0.116848 0.0806673 1
g6 2 41 g6 2 41 0.11475 0.0722909 1
g6 2 31 g6 2 38 0.09024 0.121881 1
g6 2 36 g6 2 41 0.102673 0.165956 1
g6 2 41 g6 2 39 0.11442 0.0874991 1
g6 2 35 g6 2 38 0.100383 0.0999042 1
g6 2 43 g6 2 39 0.119478 0.0893298 1
g6 2 36 g6 2 38 0.102414 0.0858735 1
g6 2 35 g6 2 38 0.09992 0.143103 1
g6 2 41 g6 2 38 0.114481 0.0953615 1
g6 2 56 g6 2 38 0.150897 0.112614 1
g6 2 38 g6 2 39 0.107367 0.102929 1
g6 2 34 g6 2 39 0.097667 0.12231 1
g6 2 36 g6 2 38 0.102612 0.120256 1
g6 2 35 g6 2 44 0.100473 0.250265 0
g6 2 44 g6 2 38 0.121903 0.115719 1
g6 2 35 g6 2 38 0.100466 0.0915789 1
g6 2 35 g6 2 38 0.100865 0.0938618 1
g6 2 29 g6 2 33 0.084532 0.102225 1
g6 2 32 g6 2 34 0.092337 0.0872025 1
g6 2 33 g6 2 34 0.095333 0.119237 1
g6 2 51 g6 2 49 0.140378 0.354557 0
g6 2 39 g1 2 25 0.11046 0.256252 1
g6 2 32 g6 2 33 0.092542 0.0489091 1
g6 2 33 g6 2 35 0.095612 0.0869931 1
g6 2 35 g6 2 35 0.100208 0.0761341 1
g6 2 33 g6 2 35 0.095444 0.0791336 1
g6 2 37 g6 2 36 0.104756 0.0803105 1
g6 2 39 g6 2 37 0.109288 0.0712027 1
g6 2 37 g6 2 44 0.104892 0.0961247 1
g7 1 37 g7 1 44 0.107502 0.284241 1
g7 1 34 g7 1 42 0.098539 0.224965 1
g7 1 37 g7 1 39 0.105718 0.323346 0
g7 1 38 g7 1 52 0.108783 0.162606 1
g7 1 40 g7 1 34 0.112844 0.290341 1
g7 1 41 g7 1 41 0.116986 0.267993 1
g7 1 34 g7 1 46 0.098734 0.307843 0
g7 1 35 g7 1 36 0.103063 0.13242 1
g7 1 27 g7 1 31 0.080796 0.229789 1
g7 1 32 g3 1 40 0.095392 0.432231 0
g7 1 34 g7 1 33 0.099804 0.228633 1
g7 1 36 g7 1 34 0.104208 0.171633 1
g7 1 36 g7 1 39 0.102444 0.221973 1
g7 1 34 g7 1 29 0.096593 0.191086 1
g7 1 29 g7 1 29 0.084644 0.22992 1
g7 1 33 g7 1 31 0.095453 0.183853 1
g7 1 33 g7 1 28 0.096151 0.179065 1
g7 1 30 g7 1 32 0.08688 0.223571 0
g7 1 31 g7 1 29 0.089517 0.24925 0
g7 1 31 g7 1 28 0.091016 0.164834 1
g7 1 31 g7 1 32 0.090905 0.209471 1
g7 1 27 g7 1 27 0.082295 0.0629575 1
g7 1 39 g1 2 17 0.110208 0.578516 0
g7 1 35 g7 1 35 0.099029 0.240379 1
g7 1 45 g7 1 28 0.125226 0.33521 0
g7 1 37 g7 1 48 0.104666 0.365188 0
g7 1 34 g2 2 23 0.098626 0.458612 0
g7 1 38 g7 1 37 0.107151 0.169295 1
g7 1 35 g1 2 17 0.101584 0.602471 0
g7 1 36 g7 1 38 0.101508 0.375783 0
g7 1 36 g7 1 36 0.102187 0.21929 1
g7 1 44 g7 1 47 0.121797 0.305902 0
g7 1 39 g7 1 43 0.110926 0.305301 0
g7 1 40 g7 1 35 0.113267 0.224363 1
g7 1 46 g7 1 33 0.12695 0.209283 1
g7 1 68 g7 1 43 0.17403 0.286404 1
g7 1 34 g7 1 51 0.098336 0.34738 0
g7 1 35 g7 1 46 0.099505 0.270879 0
g7 1 39 g7 1 50 0.111647 0.307819 0
g7 1 40 g7 1 39 0.114646 0.23487 1
g7 1 45 g7 1 41 0.125679 0.28276 1
g7 1 48 g7 1 45 0.135085 0.196207 1
g7 1 32 g7 1 34 0.093078 0.314379 0
g7 1 50 g7 1 40 0.138581 0.185094 1
g7 1 21 g7 1 36 0.067451 0.36312 0
g7 1 35 g7 1 51 0.102129 0.377438 0
g7 1 36 g7 1 34 0.1045 0.159756 1
g7 1 36 g7 1 31 0.103989 0.279676 1
g7 1 37 g7 1 31 0.105782 0.22345 1
g7 1 49 g7 1 41 0.135551 0.244665 1
g7 1 33 g7 1 29 0.095905 0.332379 1
g7 1 33 g7 1 33 0.096916 0.272874 1
g7 1 42 g7 1 45 0.118618 0.170913 1
g7 1 61 g7 1 45 0.165748 0.305385 1
g7 1 56 g7 1 52 0.152594 0.246406 1
g7 1 54 g7 1 37 0.148063 0.398754 0
g7 1 53 g7 1 52 0.145004 0.231176 0
g7 1 35 g7 1 35 0.11421 0.242307 1
g7 1 51 g7 1 48 0.139756 0.167855 1
g7 1 43 g7 1 47 0.119025 0.222068 1
g7 1 47 g7 1 48 0.129273 0.168317 1
g7 1 45 g7 1 45 0.125191 0.191058 1
g7 1 47 g7 1 48 0.131131 0.173907 1
