g1 2 46 g6 2 78 0.22984 0.151288 1
g1 2 44 g6 2 66 0.225097 0.178759 0
g1 2 52 g6 2 50 0.256747 0.133322 1
g1 2 102 g1 2 45 0.470964 0.128455 1
g1 2 63 g2 2 32 0.301712 0.180064 1
g1 2 56 g1 2 48 0.274956 0.143843 1
g1 2 60 g1 2 54 0.289476 0.120497 1
g1 2 37 g1 2 52 0.193272 0.0984114 1
g1 2 46 g1 2 42 0.230756 0.124173 1
g1 2 54 g1 2 48 0.263426 0.15383 1
g1 2 39 g1 2 42 0.201287 0.119368 1
g1 2 50 g1 2 42 0.246282 0.0973216 1
g1 2 48 g1 2 48 0.239032 0.0664936 1
g1 2 47 g1 2 46 0.234899 0.0739914 1
g1 2 53 g1 2 48 0.259683 0.0760608 1
g1 2 111 g6 2 73 0.510971 0.200285 1
g1 2 49 g1 2 42 0.242807 0.0890284 1
g1 2 71 g6 2 70 0.334939 0.199234 0
g1 2 37 g6 2 60 0.19352 0.121699 1
g1 2 46 g6 2 66 0.230018 0.186203 0
g1 2 39 g6 2 51 0.201532 0.130479 1
g1 2 54 g6 2 57 0.263128 0.161004 1
g1 2 42 g2 2 32 0.213468 0.181831 1
g1 2 45 g1 2 38 0.225118 0.0752116 1
g1 2 43 g1 2 38 0.217897 0.076984 1
g1 2 61 g1 2 56 0.292858 0.126833 1
g1 2 58 g1 2 49 0.280404 0.139635 1
g1 2 75 g1 2 49 0.352656 0.246473 0
g1 2 55 g1 2 45 0.267563 0.194773 1
g1 2 56 g1 2 71 0.271812 0.100638 1
g1 2 43 g1 2 48 0.217577 0.0796961 1
g1 2 44 g1 2 45 0.222073 0.162744 1
g1 2 35 g1 2 50 0.185961 0.0640508 1
g1 2 53 g1 2 54 0.258902 0.197304 0
g1 2 43 g1 2 56 0.217883 0.225174 0
g1 2 46 g1 2 45 0.229498 0.149752 1
g1 2 57 g1 2 45 0.275601 0.158249 1
g1 2 46 g1 2 45 0.230143 0.153167 1
g1 2 41 g1 2 43 0.20985 0.154717 1
g1 2 43 g1 2 45 0.217385 0.120064 1
g1 2 49 g1 2 50 0.242527 0.147739 1
g1 2 53 g1 2 54 0.258693 0.204874 1
g1 2 44 g1 2 47 0.222065 0.16863 1
g1 2 46 g1 2 45 0.229753 0.172158 0
g1 2 53 g1 2 45 0.259091 0.161457 1
g1 2 40 g1 2 54 0.205711 0.234592 0
g1 2 50 g6 2 70 0.246674 0.185241 0
g1 2 53 g6 2 65 0.258659 0.195168 0
g1 2 41 g6 2 72 0.210549 0.170864 1
g1 2 52 g6 2 66 0.255397 0.126153 1
g1 2 72 g2 2 32 0.341429 0.2079 1
g1 2 48 g6 2 50 0.238757 0.147781 1
g1 2 64 g2 2 32 0.306564 0.161413 1
g1 2 42 g1 2 34 0.213489 0.0657474 1
g1 2 38 g1 2 34 0.197577 0.0576905 1
g1 2 29 g1 2 32 0.157497 0.0730474 1
g1 2 29 g1 2 29 0.157491 0.0591479 1
g1 2 31 g1 2 32 0.165774 0.0594514 1
g1 2 31 g1 2 31 0.16579 0.0512402 1
g1 2 36 g1 2 34 0.188944 0.0559701 1
g1 2 29 g1 2 29 0.158086 0.0584143 1
g2 2 28 g2 2 26 0.153185 0.0811795 1
g2 2 28 g2 2 26 0.153263 0.0851334 1
g2 2 31 g2 2 32 0.165337 0.152475 1
g2 2 26 g2 2 26 0.144598 0.15096 1
g2 2 27 g2 2 26 0.148716 0.134783 1
g2 2 23 g2 2 32 0.131823 0.14479 1
g2 2 26 g2 2 26 0.145312 0.128871 1
g2 2 27 g2 2 26 0.148736 0.0936361 1
g2 2 28 g2 2 26 0.153077 0.156916 1
g2 2 55 g2 2 50 0.26781 0.125751 1
g2 2 29 g2 2 26 0.157562 0.0853091 1
g2 2 28 g2 2 26 0.153614 0.083249 1
g2 2 28 g2 2 26 0.153074 0.105967 1
g2 2 29 g2 2 26 0.15732 0.106472 1
g2 2 30 g2 2 26 0.160848 0.165983 1
g2 2 27 g2 2 26 0.14875 0.128473 1
g2 2 21 g2 2 32 0.124619 0.237987 0
g2 2 27 g2 2 26 0.148821 0.0734326 1
g2 2 29 g2 2 26 0.157469 0.0851217 1
g2 2 27 g2 2 26 0.148969 0.132623 1
g2 2 30 g2 2 26 0.160731 0.125164 1
g2 2 30 g2 2 26 0.160972 0.203044 1
g2 2 26 g2 2 26 0.144419 0.144111 1
g2 2 31 g2 2 26 0.165188 0.0810045 1
g2 2 33 g2 2 32 0.177799 0.158366 1
g2 2 28 g2 2 26 0.153781 0.150752 1
g2 2 27 g2 2 32 0.148617 0.215898 0
g2 2 30 g2 2 26 0.160677 0.152333 1
g2 2 34 g2 2 26 0.180384 0.12261 1
g2 2 59 g2 2 53 0.285238 0.11708 1
g2 2 54 g2 2 45 0.264834 0.128014 1
g2 2 55 g2 2 50 0.26842 0.115755 1
g2 2 48 g1 2 43 0.239206 0.2597 0
g2 2 38 g2 2 42 0.197395 0.0980483 1
g2 2 42 g2 2 39 0.213419 0.102194 1
g2 2 64 g2 2 53 0.306532 0.107352 1
g2 2 43 g2 2 45 0.217591 0.08175 1
g2 2 37 g2 2 44 0.193109 0.0787427 1
g2 2 36 g2 2 39 0.189158 0.0732876 1
g2 2 39 g2 2 44 0.20208 0.0676211 1
g2 2 39 g2 2 39 0.201718 0.0572556 1
g2 2 41 g2 2 39 0.209735 0.058204 1
g2 2 39 g2 2 39 0.201214 0.0958255 1
g2 2 41 g2 2 39 0.209489 0.068372 1
g2 2 42 g2 2 44 0.213982 0.069749 1
g2 2 47 g2 2 44 0.234762 0.129113 1
g2 2 31 g2 2 41 0.16575 0.117848 1
g2 2 42 g2 2 39 0.21366 0.0603325 1
g2 2 84 g2 2 53 0.395578 0.158532 1
g2 2 41 g2 2 42 0.210135 0.0792109 1
g2 2 52 g2 2 44 0.255234 0.0678666 1
g2 2 52 g1 2 59 0.255189 0.214053 0
g2 2 40 g2 2 39 0.206385 0.100108 1
g2 2 37 g2 2 44 0.193227 0.0734798 1
g2 2 45 g1 2 64 0.225339 0.11533 1
g2 2 41 g2 2 44 0.209743 0.0894534 1
g2 2 49 g1 2 52 0.241657 0.192203 1
g2 2 46 g2 2 53 0.230144 0.113762 1
g2 2 40 g2 2 56 0.206275 0.109518 1
g2 2 56 g2 2 53 0.272257 0.108558 1
g2 2 35 g2 2 39 0.185595 0.0854126 1
g2 2 40 g1 2 57 0.205679 0.290744 0
g2 2 58 g2 2 48 0.283534 0.157088 1
g2 2 29 g2 2 26 0.15712 0.130603 1
g2 2 26 g2 2 26 0.144733 0.124375 1
g2 2 28 g2 2 26 0.153207 0.0648008 1
g3 1 71 g3 1 117 0.33783 0.324802 0
g3 1 68 g3 1 84 0.325731 0.195019 0
g3 1 95 g3 1 81 0.442352 0.297211 0
g3 1 102 g3 1 73 0.471581 0.238231 0
g3 1 107 g1 2 57 0.496414 0.435192 0
g3 1 96 g3 1 73 0.450871 0.256784 0
g3 1 91 g3 1 72 0.424551 0.283782 0
g3 1 93 g3 1 82 0.435694 0.278986 0
g3 1 86 g3 1 87 0.403125 0.278766 0
g3 1 87 g3 1 92 0.406653 0.286671 0
g3 1 88 g3 1 106 0.412642 0.25416 0
g3 1 92 g3 1 81 0.429462 0.213043 0
g3 1 92 g3 1 86 0.431647 0.243595 0
g3 1 92 g3 1 127 0.432875 0.215488 0
g3 1 90 g3 1 78 0.418182 0.48263 0
g3 1 86 g3 1 74 0.406822 0.250771 0
g3 1 80 g3 1 81 0.378023 0.197855 0
g3 1 113 g1 2 49 0.524005 0.365256 0
g3 1 95 g3 1 120 0.442812 0.277623 0
g3 1 95 g3 1 85 0.443823 0.214674 0
g3 1 99 g3 1 91 0.46095 0.21966 0
g3 1 93 g3 1 114 0.435126 0.216507 0
g3 1 92 g3 1 82 0.431066 0.243911 0
g3 1 85 g3 1 73 0.403663 0.253357 0
g3 1 91 g3 1 81 0.429058 0.303233 0
g3 1 88 g3 1 77 0.411138 0.279025 0
g3 1 99 g3 1 112 0.45958 0.301411 0
g3 1 132 g3 1 84 0.606731 0.282255 0
g3 1 114 g1 2 67 0.528436 0.433656 0
g3 1 97 g3 1 80 0.451042 0.194454 0
g3 1 111 g3 1 120 0.514947 0.219352 0
g3 1 104 g3 1 82 0.481595 0.272961 0
g3 1 97 g3 1 78 0.451431 0.214279 1
g3 1 100 g3 1 85 0.464527 0.238413 0
g3 1 101 g3 1 91 0.47013 0.246691 0
g3 1 98 g3 1 83 0.457684 0.266989 0
g3 1 102 g3 1 61 0.473159 0.319321 0
g3 1 115 g3 1 140 0.531032 0.259004 0
g3 1 120 g3 1 140 0.554145 0.257885 0
g3 1 92 g3 1 84 0.428698 0.376836 0
g3 1 76 g3 1 68 0.357565 0.838187 0
g3 1 97 g3 1 85 0.452362 0.281698 0
g3 1 85 g3 1 79 0.39685 0.211924 0
g3 1 77 g3 1 80 0.362085 0.193174 0
g3 1 81 g3 1 81 0.379247 0.214615 0
g3 1 86 g3 1 91 0.400668 0.293187 0
g3 1 77 g3 1 77 0.361447 0.329228 0
g3 1 85 g3 1 84 0.396503 0.171792 0
g3 1 79 g3 1 74 0.370765 0.219377 0
g3 1 78 g3 1 91 0.367606 0.301788 0
g3 1 84 g3 1 91 0.391904 0.249839 0
g4 2 71 g4 2 59 0.334272 0.197981 1
g4 2 71 g4 2 82 0.335639 0.0673577 1
g4 2 86 g4 2 87 0.400751 0.162387 1
g4 2 85 g4 2 82 0.396194 0.163094 1
g4 2 80 g4 2 90 0.376053 0.119479 1
g4 2 81 g4 2 99 0.37939 0.140361 1
g4 2 100 g3 1 89 0.463423 0.256963 0
g4 2 81 g4 2 82 0.379799 0.161404 1
g4 2 95 g4 2 94 0.441886 0.151724 1
g4 2 93 g4 2 95 0.43491 0.166845 1
g4 2 89 g4 2 90 0.414949 0.134421 1
g4 2 94 g4 2 99 0.4525 0.112284 1
g4 2 102 g4 2 101 0.495015 0.0792493 1
g4 2 89 g4 2 60 0.415932 0.120146 1
g4 2 57 g4 2 63 0.274693 0.127532 1
g4 2 60 g4 2 57 0.288603 0.0727951 1
g4 2 57 g4 2 55 0.276487 0.0765809 1
g4 2 63 g4 2 66 0.301414 0.145435 1
g4 2 59 g4 2 64 0.286507 0.103085 1
g4 2 65 g4 2 66 0.311693 0.109033 1
g4 2 67 g4 2 78 0.318695 0.0845207 1
g4 2 69 g4 2 78 0.32695 0.0992632 1
g4 2 77 g4 2 95 0.361468 0.150205 1
g4 2 57 g4 2 62 0.275588 0.105123 1
g4 2 72 g4 2 67 0.339788 0.0917946 1
g4 2 72 g4 2 72 0.339683 0.0487928 1
g4 2 80 g4 2 72 0.375522 0.096792 1
g4 2 79 g4 2 83 0.370153 0.110217 1
g4 2 92 g4 2 62 0.427624 0.0942064 1
g4 2 90 g4 2 66 0.418281 0.104487 1
g4 2 59 g4 2 72 0.283598 0.0842909 1
g4 2 59 g4 2 63 0.298251 0.0951817 1
g4 2 63 g4 2 66 0.302857 0.0775533 1
g4 2 66 g4 2 66 0.314528 0.130783 1
g4 2 87 g4 2 66 0.406917 0.0984169 1
g4 2 82 g4 2 66 0.383159 0.187906 1
g4 2 89 g4 2 79 0.415739 0.146783 1
g4 2 64 g4 2 62 0.305718 0.06811 1
g4 2 88 g4 2 79 0.41014 0.0983666 1
g4 2 100 g4 2 79 0.463657 0.107776 1
g4 2 80 g4 2 82 0.375901 0.0682101 1
g4 2 88 g4 2 62 0.40876 0.0951075 1
g5 2 84 g5 2 94 0.395154 0.0893276 1
g5 2 87 g5 2 85 0.407681 0.07674 1
g5 2 85 g5 2 101 0.400613 0.103887 1
g5 2 82 g5 2 101 0.385999 0.115029 1
g5 2 69 g5 2 98 0.330172 0.161708 1
g5 2 81 g5 2 98 0.382556 0.093637 1
g5 2 80 g4 2 65 0.378429 0.188495 1
g5 2 89 g5 2 98 0.417564 0.177104 1
g5 2 78 g5 2 100 0.368045 0.207057 1
g5 2 64 g5 2 62 0.306805 0.117363 1
g5 2 68 g5 2 68 0.323534 0.118527 1
g5 2 80 g5 2 68 0.376274 0.108617 1
g5 2 66 g5 2 82 0.315165 0.144767 1
g5 2 69 g4 2 60 0.329163 0.184893 1
g5 2 83 g5 2 100 0.390178 0.161194 1
g5 2 76 g5 2 68 0.358219 0.213484 1
g5 2 73 g5 2 100 0.346441 0.169533 1
g5 2 68 g5 2 68 0.324538 0.181235 1
g5 2 73 g5 2 100 0.34703 0.164479 1
g5 2 73 g4 2 59 0.346556 0.169954 1
g5 2 75 g5 2 99 0.355185 0.132889 1
g5 2 73 g4 2 59 0.345466 0.171729 1
g5 2 75 g4 2 70 0.354443 0.208315 1
g5 2 73 g5 2 98 0.347456 0.164008 1
g5 2 80 g5 2 98 0.378132 0.126467 1
g5 2 79 g5 2 106 0.373403 0.150373 1
g5 2 76 g4 2 59 0.359487 0.143915 1
g5 2 75 g5 2 106 0.354743 0.162088 1
g5 2 77 g5 2 100 0.363233 0.212821 1
g5 2 78 g5 2 88 0.368153 0.138219 1
g5 2 73 g4 2 65 0.351417 0.188444 1
g5 2 76 g5 2 98 0.35968 0.126548 1
g5 2 71 g5 2 88 0.338926 0.124091 1
g5 2 75 g5 2 98 0.35689 0.138346 1
g5 2 76 g5 2 98 0.359123 0.14134 1
g5 2 83 g5 2 96 0.39015 0.0967958 1
g5 2 110 g5 2 100 0.508266 0.117764 1
g5 2 77 g5 2 96 0.364642 0.0859853 1
g5 2 92 g5 2 101 0.433754 0.0756882 1
g5 2 92 g5 2 96 0.435424 0.121358 1
g5 2 98 g5 2 115 0.458924 0.128895 1
g5 2 92 g5 2 115 0.432661 0.0887364 1
g5 2 91 g5 2 105 0.42711 0.0983385 1
g5 2 98 g5 2 100 0.458076 0.0920366 1
g5 2 92 g5 2 98 0.479829 0.0726742 1
g6 2 78 g6 2 74 0.429753 0.0771508 1
g6 2 75 g6 2 74 0.365478 0.0886424 1
g6 2 81 g6 2 74 0.386915 0.0836842 1
g6 2 79 g6 2 65 0.380412 0.173104 0
g6 2 67 g6 2 74 0.33666 0.0672741 1
g6 2 66 g6 2 77 0.318566 0.118315 1
g6 2 71 g6 2 74 0.383585 0.0905255 1
g6 2 73 g6 2 74 0.496052 0.124846 1
g6 2 70 g6 2 74 0.350951 0.100239 1
g6 2 61 g6 2 74 0.294929 0.0983939 1
g6 2 76 g6 2 72 0.365029 0.148163 1
g6 2 82 g6 2 179 0.385651 0.0846958 1
g6 2 80 g6 2 79 0.37622 0.063838 1
g6 2 59 g6 2 74 0.317145 0.11493 1
g6 2 70 g6 2 79 0.335056 0.159495 1
g6 2 79 g6 2 75 0.383725 0.0817193 1
g6 2 67 g6 2 74 0.327467 0.091968 1
g6 2 84 g6 2 75 0.398211 0.0825079 1
g6 2 70 g6 2 74 0.346166 0.0787895 1
g6 2 68 g6 2 74 0.326012 0.138218 1
g6 2 80 g6 2 74 0.375456 0.0904658 1
g6 2 115 g6 2 74 0.530181 0.146904 1
g6 2 74 g6 2 75 0.35025 0.0920864 1
g6 2 66 g6 2 75 0.314355 0.116224 1
g6 2 70 g6 2 74 0.337944 0.116515 1
g6 2 68 g6 2 86 0.323324 0.238972 0
g6 2 86 g6 2 74 0.402645 0.111647 1
g6 2 68 g6 2 74 0.330347 0.0831092 1
g6 2 68 g6 2 74 0.33943 0.086832 1
g6 2 56 g6 2 64 0.271441 0.0933762 1
g6 2 61 g6 2 65 0.300475 0.0761368 1
g6 2 63 g6 2 65 0.308698 0.105658 1
g6 2 99 g6 2 94 0.466906 0.363476 0
g6 2 75 g1 2 48 0.372309 0.249605 0
g6 2 61 g6 2 62 0.3148 0.0327492 1
g6 2 63 g6 2 63 0.333987 0.0631679 1
g6 2 67 g6 2 63 0.350326 0.05762 1
g6 2 64 g6 2 67 0.305277 0.0627893 1
g6 2 71 g6 2 70 0.335187 0.0710151 1
g6 2 76 g6 2 72 0.364154 0.0616743 1
g6 2 71 g6 2 86 0.341404 0.0880207 1
g7 1 73 g7 1 87 0.362494 0.276653 0
g7 1 65 g7 1 83 0.321819 0.214454 1
g7 1 71 g7 1 67 0.343021 0.282719 0
g7 1 73 g7 1 102 0.352635 0.152302 1
g7 1 78 g7 1 66 0.369211 0.281868 0
g7 1 82 g7 1 79 0.387172 0.254095 0
g7 1 66 g7 1 90 0.325737 0.298982 0
g7 1 72 g7 1 73 0.378584 0.12482 1
g7 1 52 g7 1 60 0.267258 0.216389 0
g7 1 63 g3 1 83 0.305054 0.402751 0
g7 1 67 g7 1 65 0.323025 0.216339 0
g7 1 72 g7 1 66 0.346684 0.16338 1
g7 1 69 g7 1 76 0.336267 0.217292 1
g7 1 65 g7 1 56 0.313047 0.176963 0
g7 1 56 g7 1 55 0.272781 0.216631 1
g7 1 64 g7 1 60 0.306049 0.174255 1
g7 1 63 g7 1 55 0.311697 0.159184 1
g7 1 58 g7 1 62 0.289414 0.214683 0
g7 1 60 g7 1 89 0.290644 0.287003 0
g7 1 61 g7 1 54 0.294344 0.1594 1
g7 1 61 g7 1 62 0.294584 0.197077 0
g7 1 54 g7 1 51 0.26434 0.0359672 1
g7 1 75 g1 2 31 0.35629 0.531559 0
g7 1 68 g7 1 69 0.32374 0.227489 0
g7 1 88 g7 1 54 0.411748 0.322716 0
g7 1 72 g7 1 94 0.343679 0.355573 0
g7 1 67 g2 2 44 0.318879 0.433212 0
g7 1 74 g7 1 73 0.347216 0.162263 1
g7 1 70 g1 2 31 0.332729 0.556073 0
g7 1 70 g3 1 130 0.33078 0.527538 0
g7 1 72 g7 1 69 0.339405 0.213634 0
g7 1 85 g7 1 93 0.395651 0.297133 0
g7 1 77 g7 1 88 0.362179 0.299293 0
g7 1 79 g7 1 67 0.370002 0.217543 1
g7 1 90 g7 1 66 0.417968 0.204809 1
g7 1 136 g7 1 88 0.62591 0.278841 0
g7 1 66 g7 1 75 0.321349 0.243261 0
g7 1 67 g7 1 97 0.32325 0.255342 0
g7 1 78 g7 1 97 0.367754 0.302368 0
g7 1 78 g7 1 75 0.367051 0.2283 1
g7 1 88 g7 1 79 0.412488 0.267838 0
g7 1 97 g7 1 91 0.45071 0.194214 1
g7 1 62 g7 1 67 0.298089 0.300022 0
g7 1 101 g7 1 77 0.469097 0.175852 1
g7 1 39 g7 1 67 0.201441 0.363805 0
g7 1 70 g7 1 100 0.332891 0.366107 0
g7 1 72 g7 1 66 0.340926 0.154116 1
g7 1 71 g7 1 60 0.336205 0.27246 0
g7 1 72 g7 1 73 0.341035 0.167207 1
g7 1 96 g7 1 79 0.447544 0.237336 1
g7 1 63 g7 1 57 0.302208 0.30922 0
g7 1 66 g7 1 65 0.314366 0.258674 0
g7 1 84 g7 1 89 0.394091 0.162882 1
g7 1 119 g7 1 91 0.552288 0.298131 0
g7 1 110 g7 1 103 0.51031 0.245886 0
g7 1 105 g7 1 72 0.488765 0.384203 0
g7 1 104 g7 1 103 0.483675 0.223071 0
g7 1 91 g7 1 71 0.422765 0.238848 0
g7 1 99 g7 1 94 0.460047 0.159645 1
g7 1 83 g7 1 93 0.389591 0.211323 0
g7 1 92 g7 1 94 0.430348 0.157543 0
g7 1 88 g7 1 91 0.411521 0.186894 1
g7 1 93 g7 1 94 0.435704 0.166753 1
