g1 2 24 g6 2 32 0.074954 0.17794 1
g1 2 23 g6 2 34 0.071555 0.194198 1
g1 2 27 g6 2 25 0.080696 0.15724 1
g1 2 42 g1 2 24 0.1256 0.123816 1
g1 2 33 g2 2 17 0.095832 0.187198 1
g1 2 29 g1 2 25 0.085676 0.155603 1
g1 2 31 g1 2 28 0.089855 0.130341 1
g1 2 20 g1 2 27 0.065218 0.114622 1
g1 2 24 g1 2 33 0.07416 0.163865 1
g1 2 28 g1 2 25 0.083141 0.160339 1
g1 2 21 g1 2 31 0.067648 0.14073 1
g1 2 26 g1 2 22 0.078645 0.114373 1
g1 2 25 g1 2 25 0.077083 0.0740661 1
g1 2 25 g1 2 25 0.076426 0.125881 1
g1 2 28 g1 2 25 0.082806 0.0868187 1
g1 2 54 g6 2 38 0.141366 0.204369 1
g1 2 26 g1 2 22 0.078597 0.0972668 1
g1 2 37 g6 2 36 0.105296 0.215971 1
g1 2 20 g6 2 31 0.066263 0.134031 1
g1 2 24 g6 2 34 0.074547 0.199984 1
g1 2 21 g6 2 32 0.067325 0.150999 1
g1 2 28 g6 2 30 0.082502 0.173621 1
g1 2 22 g2 2 17 0.070066 0.193526 1
g1 2 24 g1 2 19 0.079798 0.0891945 1
g1 2 23 g1 2 20 0.086799 0.0969903 1
g1 2 32 g1 2 29 0.092377 0.134032 1
g1 2 30 g1 2 26 0.086905 0.148789 1
g1 2 39 g1 2 26 0.109516 0.259161 1
g1 2 29 g1 2 24 0.085399 0.203512 1
g1 2 29 g1 2 37 0.085131 0.106583 1
g1 2 23 g1 2 25 0.071501 0.0915781 1
g1 2 23 g1 2 24 0.071446 0.174426 1
g1 2 19 g1 2 26 0.063179 0.085179 1
g1 2 28 g1 2 28 0.082319 0.210505 1
g1 2 23 g1 2 29 0.07177 0.236403 1
g1 2 24 g1 2 24 0.073731 0.164906 1
g1 2 30 g1 2 24 0.08782 0.170312 1
g1 2 24 g1 2 26 0.073615 0.146705 1
g1 2 22 g1 2 23 0.0693 0.160308 1
g1 2 23 g1 2 24 0.071634 0.136293 1
g1 2 26 g1 2 26 0.078459 0.157024 1
g1 2 28 g1 2 28 0.082638 0.208836 1
g1 2 23 g1 2 25 0.071738 0.184867 1
g1 2 24 g1 2 24 0.074126 0.181988 1
g1 2 28 g1 2 24 0.082647 0.185135 1
g1 2 21 g1 2 28 0.067168 0.252151 1
g1 2 26 g6 2 36 0.078227 0.200933 1
g1 2 28 g6 2 34 0.082597 0.212761 1
g1 2 22 g6 2 37 0.069565 0.187049 1
g1 2 27 g6 2 34 0.080971 0.136433 1
g1 2 37 g2 2 17 0.106346 0.214004 1
g1 2 25 g6 2 25 0.076409 0.166234 1
g1 2 33 g2 2 17 0.096891 0.175786 1
g1 2 22 g1 2 18 0.069631 0.0772465 1
g1 2 20 g1 2 18 0.065213 0.0702443 1
g1 2 16 g1 2 17 0.057835 0.0958116 1
g1 2 16 g1 2 16 0.057314 0.0742667 1
g1 2 17 g1 2 17 0.058833 0.0748685 1
g1 2 17 g1 2 17 0.059019 0.0620692 1
g1 2 19 g1 2 18 0.063085 0.0683333 1
g1 2 16 g1 2 17 0.057456 0.105744 1
g2 2 15 g2 2 14 0.055066 0.102187 1
g2 2 15 g2 2 14 0.054877 0.10185 1
g2 2 17 g2 2 17 0.059129 0.181372 1
g2 2 14 g2 2 14 0.053413 0.155059 1
g2 2 15 g2 2 14 0.055183 0.154887 1
g2 2 13 g2 2 17 0.050532 0.164817 1
g2 2 14 g2 2 14 0.053283 0.13909 1
g2 2 15 g2 2 14 0.055091 0.110691 1
g2 2 15 g2 2 14 0.054996 0.179236 1
g2 2 29 g2 2 26 0.085102 0.139318 1
g2 2 16 g2 2 14 0.057147 0.110161 1
g2 2 15 g2 2 14 0.054999 0.100015 1
g2 2 15 g2 2 14 0.054719 0.119707 1
g2 2 16 g2 2 14 0.057275 0.121027 1
g2 2 16 g2 2 14 0.056974 0.173813 1
g2 2 15 g2 2 14 0.055492 0.140784 1
g2 2 12 g2 2 17 0.048347 0.269356 1
g2 2 15 g2 2 14 0.054998 0.092682 1
g2 2 16 g2 2 14 0.057025 0.101305 1
g2 2 15 g2 2 14 0.055312 0.158697 1
g2 2 16 g2 2 14 0.05732 0.13721 1
g2 2 16 g2 2 14 0.057071 0.214676 1
g2 2 14 g2 2 14 0.05333 0.148629 1
g2 2 17 g2 2 14 0.059063 0.10577 1
g2 2 18 g2 2 17 0.061132 0.169768 1
g2 2 15 g2 2 14 0.054595 0.174605 1
g2 2 15 g2 2 17 0.054979 0.236373 1
g2 2 16 g2 2 14 0.056682 0.175869 1
g2 2 18 g2 2 14 0.061337 0.137793 1
g2 2 31 g2 2 28 0.090889 0.126317 1
g2 2 28 g2 2 27 0.08303 0.154631 1
g2 2 29 g2 2 26 0.087629 0.139835 1
g2 2 25 g2 2 26 0.077296 0.145608 1
g2 2 20 g2 2 21 0.066757 0.141188 1
g2 2 22 g2 2 21 0.07058 0.116212 1
g2 2 32 g2 2 29 0.097607 0.128335 1
g2 2 23 g2 2 21 0.072043 0.096611 1
g2 2 20 g2 2 21 0.065487 0.0919244 1
g2 2 19 g2 2 21 0.064195 0.0917693 1
g2 2 21 g2 2 21 0.066281 0.0850921 1
g2 2 20 g2 2 21 0.066941 0.0905802 1
g2 2 21 g2 2 21 0.068018 0.0696447 1
g2 2 19 g2 2 21 0.065637 0.111867 1
g2 2 22 g2 2 21 0.070249 0.0774176 1
g2 2 22 g2 2 21 0.07022 0.0948557 1
g2 2 25 g2 2 23 0.076425 0.152061 1
g2 2 17 g2 2 24 0.060327 0.137865 1
g2 2 22 g2 2 21 0.070094 0.0837894 1
g2 2 42 g2 2 28 0.118424 0.160804 1
g2 2 22 g2 2 22 0.069586 0.0964792 1
g2 2 27 g2 2 23 0.080649 0.0798759 1
g2 2 27 g1 2 31 0.081357 0.219936 1
g2 2 21 g2 2 21 0.068057 0.115142 1
g2 2 19 g2 2 21 0.065614 0.0974426 1
g2 2 24 g1 2 33 0.07342 0.127458 1
g2 2 22 g2 2 21 0.071125 0.112631 1
g2 2 26 g1 2 27 0.078172 0.202682 1
g2 2 24 g2 2 28 0.074292 0.128112 1
g2 2 21 g2 2 29 0.068702 0.125182 1
g2 2 29 g2 2 28 0.085695 0.116633 1
g2 2 19 g2 2 21 0.063458 0.102651 1
g2 2 21 g1 2 33 0.067889 0.312074 1
g2 2 30 g2 2 25 0.086988 0.164235 1
g2 2 16 g2 2 14 0.058405 0.14913 1
g2 2 14 g2 2 14 0.053229 0.130177 1
g2 2 15 g2 2 14 0.055321 0.0820335 1
g3 1 36 g3 1 46 0.105214 0.333223 1
g3 1 35 g3 1 43 0.101931 0.221946 1
g3 1 49 g3 1 42 0.134619 0.30178 1
g3 1 52 g3 1 37 0.146024 0.246502 1
g3 1 55 g1 2 30 0.14621 0.418822 0
g3 1 49 g3 1 37 0.135435 0.259881 1
g3 1 47 g3 1 42 0.130304 0.382952 0
g3 1 47 g3 1 41 0.131705 0.282962 1
g3 1 44 g3 1 45 0.124043 0.289696 1
g3 1 43 g3 1 46 0.122484 0.297558 1
g3 1 44 g3 1 57 0.123569 0.28128 1
g3 1 47 g3 1 46 0.129093 0.232351 1
g3 1 46 g3 1 43 0.127873 0.247889 1
g3 1 47 g3 1 64 0.131825 0.222787 1
g3 1 44 g3 1 47 0.123975 0.51036 0
g3 1 44 g3 1 40 0.123606 0.258832 1
g3 1 41 g3 1 42 0.116287 0.209816 1
g3 1 56 g1 2 26 0.156588 0.386249 0
g3 1 48 g3 1 41 0.132581 0.251072 1
g3 1 48 g3 1 42 0.133697 0.221803 1
g3 1 50 g3 1 47 0.139966 0.226277 1
g3 1 48 g3 1 57 0.135218 0.221905 1
g3 1 46 g3 1 41 0.130244 0.25135 1
g3 1 43 g3 1 37 0.128776 0.253234 1
g3 1 47 g3 1 42 0.133056 0.316508 0
g3 1 44 g3 1 38 0.127122 0.28715 1
g3 1 50 g3 1 53 0.141626 0.32382 1
g3 1 66 g3 1 42 0.176778 0.284562 1
g3 1 58 g1 2 35 0.159187 0.4447 0
g3 1 50 g3 1 39 0.139269 0.201403 1
g3 1 57 g3 1 60 0.155059 0.228523 1
g3 1 53 g3 1 41 0.146301 0.280706 1
g3 1 49 g3 1 40 0.136049 0.220627 1
g3 1 51 g3 1 42 0.141183 0.247319 1
g3 1 52 g3 1 47 0.14121 0.263802 1
g3 1 50 g3 1 59 0.137607 0.273868 1
g3 1 51 g3 1 32 0.141505 0.32566 1
g3 1 59 g3 1 69 0.158397 0.265699 1
g3 1 61 g3 1 69 0.165369 0.260838 1
g3 1 46 g3 1 43 0.129497 0.385294 0
g3 1 28 g3 1 47 0.097389 0.823248 0
g3 1 49 g3 1 44 0.138044 0.300426 1
g3 1 42 g3 1 40 0.122179 0.212795 1
g3 1 40 g3 1 41 0.112198 0.20749 1
g3 1 42 g3 1 42 0.116437 0.230677 1
g3 1 44 g3 1 47 0.121181 0.308949 0
g3 1 39 g3 1 38 0.109946 0.342217 0
g3 1 43 g3 1 42 0.121631 0.173902 1
g3 1 40 g3 1 37 0.113714 0.222896 1
g3 1 39 g3 1 47 0.11205 0.313576 0
g3 1 43 g3 1 47 0.1201 0.257709 1
g4 2 37 g4 2 31 0.105756 0.214003 1
g4 2 37 g4 2 42 0.105649 0.0776266 1
g4 2 44 g4 2 45 0.12275 0.166957 1
g4 2 44 g4 2 42 0.12258 0.168567 1
g4 2 41 g4 2 46 0.115255 0.126684 1
g4 2 42 g4 2 51 0.118216 0.146778 1
g4 2 50 g3 1 44 0.138324 0.269455 1
g4 2 42 g4 2 42 0.118161 0.171182 1
g4 2 49 g4 2 48 0.136365 0.160702 1
g4 2 47 g4 2 49 0.129968 0.169863 1
g4 2 46 g4 2 46 0.128626 0.137917 1
g4 2 48 g4 2 51 0.132968 0.118121 1
g4 2 52 g4 2 51 0.142381 0.0872918 1
g4 2 45 g4 2 31 0.125216 0.128089 1
g4 2 30 g4 2 43 0.086701 0.145188 1
g4 2 31 g4 2 30 0.09038 0.0783236 1
g4 2 30 g4 2 29 0.087725 0.0842569 1
g4 2 33 g4 2 34 0.09575 0.155891 1
g4 2 31 g4 2 33 0.090446 0.107021 1
g4 2 34 g4 2 34 0.098316 0.120714 1
g4 2 35 g4 2 40 0.101018 0.0921291 1
g4 2 36 g4 2 32 0.102865 0.107127 1
g4 2 40 g4 2 48 0.112245 0.157677 1
g4 2 30 g4 2 32 0.089433 0.11523 1
g4 2 37 g4 2 35 0.105308 0.0999789 1
g4 2 37 g4 2 37 0.105349 0.0565179 1
g4 2 41 g4 2 36 0.115609 0.0927801 1
g4 2 41 g4 2 43 0.117289 0.114147 1
g4 2 46 g4 2 32 0.128988 0.101447 1
g4 2 46 g4 2 34 0.127255 0.113267 1
g4 2 31 g4 2 37 0.089351 0.0959691 1
g4 2 31 g4 2 33 0.090316 0.104216 1
g4 2 33 g4 2 34 0.095784 0.089046 1
g4 2 34 g4 2 34 0.098914 0.140114 1
g4 2 45 g4 2 34 0.125097 0.10591 1
g4 2 42 g4 2 34 0.116925 0.195535 1
g4 2 46 g4 2 41 0.12719 0.155241 1
g4 2 33 g4 2 32 0.095848 0.0741323 1
g4 2 45 g4 2 41 0.124817 0.101616 1
g4 2 50 g4 2 41 0.13796 0.114166 1
g4 2 41 g4 2 42 0.114894 0.0754929 1
g4 2 45 g4 2 32 0.125815 0.102621 1
g5 2 43 g5 2 48 0.121653 0.0971744 1
g5 2 45 g5 2 44 0.125943 0.0816019 1
g5 2 44 g5 2 52 0.124045 0.109662 1
g5 2 42 g5 2 52 0.118124 0.124991 1
g5 2 36 g5 2 50 0.104498 0.17394 1
g5 2 42 g5 2 50 0.119402 0.10384 1
g5 2 41 g4 2 34 0.117203 0.196252 1
g5 2 46 g5 2 50 0.128334 0.189313 1
g5 2 40 g5 2 51 0.114876 0.211937 1
g5 2 33 g5 2 32 0.096631 0.123541 1
g5 2 35 g5 2 35 0.101511 0.127559 1
g5 2 41 g5 2 35 0.116246 0.116069 1
g5 2 34 g5 2 33 0.099092 0.167177 1
g5 2 36 g4 2 31 0.103268 0.194451 1
g5 2 43 g5 2 51 0.120658 0.16659 1
g5 2 39 g5 2 52 0.110394 0.223702 1
g5 2 38 g5 2 51 0.109608 0.17723 1
g5 2 35 g5 2 35 0.102189 0.193171 1
g5 2 38 g5 2 51 0.109061 0.171682 1
g5 2 38 g4 2 31 0.108627 0.179745 1
g5 2 39 g5 2 51 0.1113 0.145158 1
g5 2 38 g4 2 31 0.108851 0.182144 1
g5 2 39 g4 2 36 0.110595 0.223905 1
g5 2 38 g5 2 50 0.109089 0.172716 1
g5 2 41 g5 2 50 0.116611 0.134535 1
g5 2 41 g5 2 54 0.115932 0.156904 1
g5 2 39 g4 2 31 0.11305 0.154788 1
g5 2 39 g5 2 54 0.110931 0.169673 1
g5 2 40 g5 2 51 0.112756 0.220685 1
g5 2 40 g5 2 51 0.113851 0.173265 1
g5 2 38 g4 2 31 0.110177 0.184001 1
g5 2 39 g5 2 50 0.111659 0.134244 1
g5 2 37 g5 2 45 0.107671 0.133308 1
g5 2 39 g5 2 50 0.111696 0.152698 1
g5 2 39 g5 2 49 0.11269 0.14648 1
g5 2 43 g5 2 49 0.121242 0.105347 1
g5 2 55 g5 2 51 0.150801 0.123206 1
g5 2 40 g5 2 49 0.115995 0.0955829 1
g5 2 47 g5 2 52 0.130675 0.083783 1
g5 2 47 g5 2 49 0.133806 0.126546 1
g5 2 50 g5 2 59 0.139565 0.137976 1
g5 2 47 g5 2 55 0.131692 0.0960784 1
g5 2 47 g5 2 54 0.132509 0.106638 1
g5 2 50 g5 2 51 0.138716 0.100387 1
g5 2 47 g5 2 48 0.131426 0.0650965 1
g6 2 40 g6 2 38 0.111737 0.083175 1
g6 2 39 g6 2 38 0.110379 0.0953195 1
g6 2 42 g6 2 38 0.115532 0.0928561 1
g6 2 41 g6 2 34 0.114968 0.186681 1
g6 2 35 g6 2 38 0.100423 0.0746636 1
g6 2 34 g6 2 34 0.098375 0.133747 1
g6 2 37 g6 2 38 0.105464 0.0972487 1
g6 2 38 g6 2 38 0.107374 0.13291 1
g6 2 36 g6 2 38 0.105081 0.106651 1
g6 2 32 g6 2 38 0.092458 0.106965 1
g6 2 39 g6 2 37 0.111188 0.158648 1
g6 2 42 g6 2 59 0.116806 0.0806673 1
g6 2 41 g6 2 41 0.115492 0.0722909 1
g6 2 31 g6 2 38 0.089756 0.121881 1
g6 2 36 g6 2 41 0.102668 0.165956 1
g6 2 41 g6 2 39 0.114538 0.0874991 1
g6 2 35 g6 2 38 0.100227 0.0999042 1
g6 2 43 g6 2 39 0.118967 0.0893298 1
g6 2 36 g6 2 38 0.102348 0.0858735 1
g6 2 35 g6 2 38 0.10081 0.143103 1
g6 2 41 g6 2 38 0.114903 0.0953615 1
g6 2 56 g6 2 38 0.150957 0.112614 1
g6 2 38 g6 2 39 0.107813 0.102929 1
g6 2 34 g6 2 39 0.098286 0.12231 1
g6 2 36 g6 2 38 0.102972 0.120256 1
g6 2 35 g6 2 44 0.101188 0.250265 1
g6 2 44 g6 2 38 0.12175 0.115719 1
g6 2 35 g6 2 38 0.10061 0.0915789 1
g6 2 35 g6 2 38 0.100976 0.0938618 1
g6 2 29 g6 2 33 0.084866 0.102225 1
g6 2 32 g6 2 34 0.092397 0.0872025 1
g6 2 33 g6 2 34 0.095495 0.119237 1
g6 2 51 g6 2 49 0.13957 0.354557 1
g6 2 39 g1 2 25 0.109912 0.256252 1
g6 2 32 g6 2 33 0.092373 0.0489091 1
g6 2 33 g6 2 35 0.095645 0.0869931 1
g6 2 35 g6 2 35 0.100393 0.0761341 1
g6 2 33 g6 2 35 0.096454 0.0791336 1
g6 2 37 g6 2 36 0.104924 0.0803105 1
g6 2 39 g6 2 37 0.109731 0.0712027 1
g6 2 37 g6 2 44 0.105041 0.0961247 1
g7 1 37 g7 1 44 0.107972 0.284241 1
g7 1 34 g7 1 42 0.098743 0.224965 1
g7 1 37 g7 1 39 0.105372 0.323346 1
g7 1 38 g7 1 52 0.108556 0.162606 1
g7 1 40 g7 1 34 0.112583 0.290341 1
g7 1 41 g7 1 41 0.116752 0.267993 1
g7 1 34 g7 1 46 0.099739 0.307843 1
g7 1 35 g7 1 36 0.103448 0.13242 1
g7 1 27 g7 1 31 0.080469 0.229789 1
g7 1 32 g3 1 40 0.094964 0.432231 0
g7 1 34 g7 1 33 0.099585 0.228633 1
g7 1 36 g7 1 34 0.104347 0.171633 1
g7 1 36 g7 1 39 0.102831 0.221973 1
g7 1 34 g7 1 29 0.096946 0.191086 1
g7 1 29 g7 1 29 0.084718 0.22992 1
g7 1 33 g7 1 31 0.096376 0.183853 1
g7 1 33 g7 1 28 0.096257 0.179065 1
g7 1 30 g7 1 32 0.087198 0.223571 1
g7 1 31 g7 1 29 0.089244 0.24925 1
g7 1 31 g7 1 28 0.090908 0.164834 1
g7 1 31 g7 1 32 0.091015 0.209471 1
g7 1 27 g7 1 27 0.083324 0.0629575 1
g7 1 39 g1 2 17 0.109899 0.578516 0
g7 1 35 g7 1 35 0.099122 0.240379 1
g7 1 45 g7 1 28 0.12422 0.33521 1
g7 1 37 g7 1 48 0.104912 0.365188 1
g7 1 34 g2 2 23 0.098215 0.458612 0
g7 1 38 g7 1 37 0.108162 0.169295 1
g7 1 35 g1 2 17 0.102479 0.602471 0
g7 1 36 g7 1 38 0.101666 0.375783 1
g7 1 36 g7 1 36 0.102506 0.21929 1
g7 1 44 g7 1 47 0.122764 0.305902 1
g7 1 39 g7 1 43 0.11101 0.305301 1
g7 1 40 g7 1 35 0.113479 0.224363 1
g7 1 46 g7 1 33 0.127757 0.209283 1
g7 1 68 g7 1 43 0.173435 0.286404 1
g7 1 34 g7 1 51 0.098261 0.34738 1
g7 1 35 g7 1 46 0.099713 0.270879 1
g7 1 39 g7 1 50 0.111799 0.307819 1
g7 1 40 g7 1 39 0.112738 0.23487 1
g7 1 45 g7 1 41 0.125552 0.28276 1
g7 1 48 g7 1 45 0.13637 0.196207 1
g7 1 32 g7 1 34 0.092927 0.314379 1
g7 1 50 g7 1 40 0.138866 0.185094 1
g7 1 21 g7 1 36 0.067545 0.36312 1
g7 1 35 g7 1 51 0.102278 0.377438 1
g7 1 36 g7 1 34 0.104575 0.159756 1
g7 1 36 g7 1 31 0.104538 0.279676 1
g7 1 37 g7 1 31 0.105876 0.22345 1
g7 1 49 g7 1 41 0.135008 0.244665 1
g7 1 33 g7 1 29 0.09602 0.332379 1
g7 1 33 g7 1 33 0.096955 0.272874 1
g7 1 42 g7 1 45 0.118581 0.170913 1
g7 1 61 g7 1 45 0.16603 0.305385 1
g7 1 56 g7 1 52 0.152322 0.246406 1
g7 1 54 g7 1 37 0.147378 0.398754 1
g7 1 53 g7 1 52 0.145741 0.231176 1
g7 1 35 g7 1 35 0.11424 0.242307 1
g7 1 51 g7 1 48 0.141248 0.167855 1
g7 1 43 g7 1 47 0.11918 0.222068 1
g7 1 47 g7 1 48 0.129603 0.168317 1
g7 1 45 g7 1 45 0.125037 0.191058 1
g7 1 47 g7 1 48 0.13118 0.173907 1
