g1 2 46 g6 2 78 0.229646 0.151271 1
g1 2 44 g6 2 66 0.22184 0.17884 0
g1 2 52 g6 2 50 0.256135 0.133323 1
g1 2 102 g1 2 45 0.470657 0.128344 1
g1 2 63 g2 2 32 0.307324 0.180019 1
g1 2 56 g1 2 48 0.273237 0.143851 1
g1 2 60 g1 2 54 0.289843 0.120546 1
g1 2 37 g1 2 52 0.194484 0.0984748 1
g1 2 46 g1 2 42 0.23083 0.124197 1
g1 2 54 g1 2 48 0.263817 0.153851 1
g1 2 39 g1 2 42 0.202128 0.11936 1
g1 2 50 g1 2 42 0.246421 0.0973088 1
g1 2 48 g1 2 48 0.238303 0.0665379 1
g1 2 47 g1 2 46 0.234466 0.0739496 1
g1 2 53 g1 2 48 0.259467 0.0760421 1
g1 2 111 g6 2 73 0.510673 0.20023 1
g1 2 49 g1 2 42 0.242793 0.0889367 1
g1 2 71 g6 2 70 0.335031 0.199175 0
g1 2 37 g6 2 60 0.194159 0.12168 1
g1 2 46 g6 2 66 0.229888 0.186226 0
g1 2 39 g6 2 51 0.201072 0.130296 1
g1 2 54 g6 2 57 0.263039 0.160935 1
g1 2 42 g2 2 32 0.21395 0.181488 1
g1 2 45 g1 2 38 0.225449 0.0751975 1
g1 2 43 g1 2 38 0.217782 0.0769938 1
g1 2 61 g1 2 56 0.293329 0.126871 1
g1 2 58 g1 2 49 0.280592 0.139487 1
g1 2 75 g1 2 49 0.35347 0.246594 0
g1 2 55 g1 2 45 0.266911 0.194769 1
g1 2 56 g1 2 71 0.271637 0.100618 1
g1 2 43 g1 2 48 0.218796 0.0795973 1
g1 2 44 g1 2 45 0.221554 0.162819 1
g1 2 35 g1 2 50 0.186355 0.0640499 1
g1 2 53 g1 2 54 0.257993 0.197292 0
g1 2 43 g1 2 56 0.217899 0.225186 0
g1 2 46 g1 2 45 0.230199 0.149562 1
g1 2 57 g1 2 45 0.275985 0.158168 1
g1 2 46 g1 2 45 0.229284 0.153119 1
g1 2 41 g1 2 43 0.209895 0.154605 1
g1 2 43 g1 2 45 0.218666 0.119913 1
g1 2 49 g1 2 50 0.243038 0.147619 1
g1 2 53 g1 2 54 0.25818 0.204712 1
g1 2 44 g1 2 47 0.222519 0.168578 1
g1 2 46 g1 2 45 0.23077 0.172272 0
g1 2 53 g1 2 45 0.258475 0.161407 1
g1 2 40 g1 2 54 0.206229 0.23451 0
g1 2 50 g6 2 70 0.246385 0.185257 0
g1 2 53 g6 2 65 0.258574 0.19522 0
g1 2 41 g6 2 72 0.210119 0.170714 1
g1 2 52 g6 2 66 0.255972 0.125926 1
g1 2 72 g2 2 32 0.340077 0.207837 1
g1 2 48 g6 2 50 0.23929 0.147822 1
g1 2 64 g2 2 32 0.307414 0.161244 1
g1 2 42 g1 2 34 0.213301 0.0657652 1
g1 2 38 g1 2 34 0.197202 0.0576872 1
g1 2 29 g1 2 32 0.157267 0.0730236 1
g1 2 29 g1 2 29 0.158529 0.0591343 1
g1 2 31 g1 2 32 0.165747 0.0594803 1
g1 2 31 g1 2 31 0.166533 0.0511753 1
g1 2 36 g1 2 34 0.188659 0.0559827 1
g1 2 29 g1 2 29 0.157315 0.0583123 1
g2 2 28 g2 2 26 0.153093 0.081189 1
g2 2 28 g2 2 26 0.153403 0.0852107 1
g2 2 31 g2 2 32 0.165942 0.152605 1
g2 2 26 g2 2 26 0.144566 0.150999 1
g2 2 27 g2 2 26 0.149864 0.134901 1
g2 2 23 g2 2 32 0.131741 0.144775 1
g2 2 26 g2 2 26 0.144557 0.128892 1
g2 2 27 g2 2 26 0.149098 0.0937242 1
g2 2 28 g2 2 26 0.153592 0.156895 1
g2 2 55 g2 2 50 0.268735 0.125755 1
g2 2 29 g2 2 26 0.157302 0.0853226 1
g2 2 28 g2 2 26 0.153084 0.0831557 1
g2 2 28 g2 2 26 0.153564 0.10591 1
g2 2 29 g2 2 26 0.157089 0.106393 1
g2 2 30 g2 2 26 0.16277 0.165876 1
g2 2 27 g2 2 26 0.148906 0.128428 1
g2 2 21 g2 2 32 0.124455 0.237872 0
g2 2 27 g2 2 26 0.149065 0.0733698 1
g2 2 29 g2 2 26 0.158327 0.0850396 1
g2 2 27 g2 2 26 0.149361 0.132614 1
g2 2 30 g2 2 26 0.160787 0.125009 1
g2 2 30 g2 2 26 0.161413 0.202935 1
g2 2 26 g2 2 26 0.144816 0.144234 1
g2 2 31 g2 2 26 0.166256 0.0809107 1
g2 2 33 g2 2 32 0.176935 0.158391 1
g2 2 28 g2 2 26 0.153193 0.150766 1
g2 2 27 g2 2 32 0.148622 0.215902 0
g2 2 30 g2 2 26 0.162026 0.15229 1
g2 2 34 g2 2 26 0.181007 0.122504 1
g2 2 59 g2 2 53 0.284984 0.11708 1
g2 2 54 g2 2 45 0.264025 0.128094 1
g2 2 55 g2 2 50 0.269485 0.115822 1
g2 2 48 g1 2 43 0.24007 0.259655 0
g2 2 38 g2 2 42 0.197444 0.0980393 1
g2 2 42 g2 2 39 0.213665 0.102152 1
g2 2 64 g2 2 53 0.308899 0.107338 1
g2 2 43 g2 2 45 0.218294 0.0816044 1
g2 2 37 g2 2 44 0.193228 0.0787732 1
g2 2 36 g2 2 39 0.18901 0.0732656 1
g2 2 39 g2 2 44 0.201953 0.0675561 1
g2 2 39 g2 2 39 0.201524 0.0572417 1
g2 2 41 g2 2 39 0.210721 0.0581594 1
g2 2 39 g2 2 39 0.201794 0.0957513 1
g2 2 41 g2 2 39 0.20958 0.0682864 1
g2 2 42 g2 2 44 0.213189 0.0697143 1
g2 2 47 g2 2 44 0.234674 0.129158 1
g2 2 31 g2 2 41 0.166881 0.117849 1
g2 2 42 g2 2 39 0.214423 0.06024 1
g2 2 84 g2 2 53 0.395806 0.158477 1
g2 2 41 g2 2 42 0.210843 0.0790936 1
g2 2 52 g2 2 44 0.255963 0.0678578 1
g2 2 52 g1 2 59 0.255096 0.213745 0
g2 2 40 g2 2 39 0.205562 0.0999793 1
g2 2 37 g2 2 44 0.194744 0.0734563 1
g2 2 45 g1 2 64 0.226308 0.115191 1
g2 2 41 g2 2 44 0.21004 0.0894141 1
g2 2 49 g1 2 52 0.241612 0.192012 1
g2 2 46 g2 2 53 0.230059 0.113792 1
g2 2 40 g2 2 56 0.206114 0.10944 1
g2 2 56 g2 2 53 0.27282 0.108505 1
g2 2 35 g2 2 39 0.186024 0.0852977 1
g2 2 40 g1 2 57 0.205667 0.290824 0
g2 2 58 g2 2 48 0.280583 0.156959 1
g2 2 29 g2 2 26 0.157857 0.130546 1
g2 2 26 g2 2 26 0.144678 0.124454 1
g2 2 28 g2 2 26 0.153565 0.0648465 1
g3 1 71 g3 1 117 0.337176 0.324805 0
g3 1 68 g3 1 84 0.324604 0.194898 0
g3 1 95 g3 1 81 0.444938 0.296964 0
g3 1 102 g3 1 73 0.471704 0.238218 0
g3 1 107 g1 2 57 0.497851 0.434995 0
g3 1 96 g3 1 73 0.449459 0.256818 0
g3 1 91 g3 1 72 0.425573 0.283774 0
g3 1 93 g3 1 82 0.434794 0.278866 0
g3 1 86 g3 1 87 0.405561 0.278667 0
g3 1 87 g3 1 92 0.40576 0.286612 0
g3 1 88 g3 1 106 0.410728 0.254138 0
g3 1 92 g3 1 81 0.430966 0.212962 0
g3 1 92 g3 1 86 0.431426 0.243562 0
g3 1 92 g3 1 127 0.433195 0.2154 0
g3 1 90 g3 1 78 0.420771 0.482702 0
g3 1 86 g3 1 74 0.403713 0.25076 0
g3 1 80 g3 1 81 0.377656 0.197892 0
g3 1 113 g1 2 49 0.524727 0.365086 0
g3 1 95 g3 1 120 0.444537 0.277557 0
g3 1 95 g3 1 85 0.442948 0.214709 0
g3 1 99 g3 1 91 0.461366 0.219722 0
g3 1 93 g3 1 114 0.43498 0.216527 0
g3 1 92 g3 1 82 0.430295 0.243935 0
g3 1 85 g3 1 73 0.398766 0.253225 0
g3 1 91 g3 1 81 0.424765 0.303278 0
g3 1 88 g3 1 77 0.412444 0.278852 0
g3 1 99 g3 1 112 0.459349 0.301397 0
g3 1 132 g3 1 84 0.607088 0.28222 0
g3 1 114 g1 2 67 0.526619 0.43458 0
g3 1 97 g3 1 80 0.451158 0.1944 0
g3 1 111 g3 1 120 0.514729 0.219216 0
g3 1 104 g3 1 82 0.482811 0.27285 0
g3 1 97 g3 1 78 0.450086 0.214257 1
g3 1 100 g3 1 85 0.465379 0.238382 0
g3 1 101 g3 1 91 0.470554 0.246652 0
g3 1 98 g3 1 83 0.459118 0.267061 0
g3 1 102 g3 1 61 0.474182 0.319308 0
g3 1 115 g3 1 140 0.533626 0.258955 0
g3 1 120 g3 1 140 0.555713 0.257891 0
g3 1 92 g3 1 84 0.427954 0.376797 0
g3 1 76 g3 1 68 0.357557 0.838181 0
g3 1 97 g3 1 85 0.449744 0.281636 0
g3 1 85 g3 1 79 0.397263 0.211361 0
g3 1 77 g3 1 80 0.36302 0.193194 0
g3 1 81 g3 1 81 0.379483 0.214477 0
g3 1 86 g3 1 91 0.400662 0.293181 0
g3 1 77 g3 1 77 0.361423 0.329231 0
g3 1 85 g3 1 84 0.396811 0.171705 0
g3 1 79 g3 1 74 0.370587 0.219266 0
g3 1 78 g3 1 91 0.367086 0.301789 0
g3 1 84 g3 1 91 0.39273 0.249773 0
g4 2 71 g4 2 59 0.335025 0.198089 1
g4 2 71 g4 2 82 0.336261 0.0673423 1
g4 2 86 g4 2 87 0.401111 0.162398 1
g4 2 85 g4 2 82 0.396174 0.163126 1
g4 2 80 g4 2 90 0.375766 0.119477 1
g4 2 81 g4 2 99 0.379557 0.14039 1
g4 2 100 g3 1 89 0.462378 0.25683 0
g4 2 81 g4 2 82 0.379796 0.161355 1
g4 2 95 g4 2 94 0.441567 0.151698 1
g4 2 93 g4 2 95 0.432826 0.166844 1
g4 2 89 g4 2 90 0.414963 0.134392 1
g4 2 94 g4 2 99 0.436516 0.112256 1
g4 2 102 g4 2 101 0.473094 0.0792638 1
g4 2 89 g4 2 60 0.414075 0.120179 1
g4 2 57 g4 2 63 0.27524 0.127509 1
g4 2 60 g4 2 57 0.289048 0.0727742 1
g4 2 57 g4 2 55 0.275516 0.0766083 1
g4 2 63 g4 2 66 0.301393 0.145464 1
g4 2 59 g4 2 64 0.285574 0.103054 1
g4 2 65 g4 2 66 0.310643 0.109011 1
g4 2 67 g4 2 78 0.318552 0.0844505 1
g4 2 69 g4 2 78 0.327722 0.0992722 1
g4 2 77 g4 2 95 0.361134 0.150197 1
g4 2 57 g4 2 62 0.275783 0.105125 1
g4 2 72 g4 2 67 0.339708 0.0918328 1
g4 2 72 g4 2 72 0.340002 0.048741 1
g4 2 80 g4 2 70 0.374358 0.0862969 1
g4 2 79 g4 2 83 0.370572 0.110199 1
g4 2 92 g4 2 62 0.427679 0.0941647 1
g4 2 90 g4 2 66 0.417778 0.104492 1
g4 2 59 g4 2 72 0.284384 0.0842472 1
g4 2 59 g4 2 63 0.286549 0.0951659 1
g4 2 63 g4 2 66 0.301855 0.0775823 1
g4 2 66 g4 2 66 0.3145 0.130808 1
g4 2 87 g4 2 66 0.40573 0.0984353 1
g4 2 82 g4 2 66 0.383349 0.18796 1
g4 2 89 g4 2 79 0.414874 0.146736 1
g4 2 64 g4 2 62 0.306504 0.0681309 1
g4 2 88 g4 2 79 0.409735 0.0983634 1
g4 2 100 g4 2 79 0.462804 0.107761 1
g4 2 80 g4 2 82 0.374675 0.0681987 1
g4 2 88 g4 2 62 0.409315 0.0951218 1
g5 2 84 g5 2 94 0.395631 0.0893176 1
g5 2 87 g5 2 85 0.40745 0.0767305 1
g5 2 85 g5 2 101 0.400665 0.103886 1
g5 2 82 g5 2 101 0.385493 0.114987 1
g5 2 69 g5 2 98 0.331005 0.161727 1
g5 2 81 g5 2 98 0.38277 0.0936171 1
g5 2 80 g4 2 65 0.376513 0.188285 1
g5 2 89 g5 2 98 0.41712 0.177105 1
g5 2 78 g5 2 100 0.368397 0.207032 1
g5 2 64 g5 2 62 0.30746 0.117299 1
g5 2 68 g5 2 68 0.324529 0.118591 1
g5 2 80 g5 2 68 0.376772 0.108626 1
g5 2 66 g5 2 82 0.315557 0.144768 1
g5 2 69 g4 2 60 0.328619 0.184751 1
g5 2 83 g5 2 100 0.389509 0.161175 1
g5 2 76 g5 2 68 0.357803 0.213618 1
g5 2 73 g5 2 100 0.346229 0.169501 1
g5 2 68 g5 2 68 0.324277 0.181356 1
g5 2 73 g5 2 100 0.348085 0.164501 1
g5 2 73 g4 2 59 0.346339 0.169759 1
g5 2 75 g5 2 99 0.354851 0.132945 1
g5 2 73 g4 2 59 0.345158 0.171532 1
g5 2 75 g4 2 70 0.355122 0.207991 1
g5 2 73 g5 2 98 0.3452 0.164006 1
g5 2 80 g5 2 98 0.377353 0.126513 1
g5 2 79 g5 2 106 0.373778 0.15038 1
g5 2 76 g4 2 59 0.360057 0.143869 1
g5 2 75 g5 2 106 0.35547 0.162105 1
g5 2 77 g5 2 100 0.36354 0.211992 1
g5 2 78 g5 2 88 0.368204 0.138184 1
g5 2 73 g4 2 65 0.345908 0.188222 1
g5 2 76 g5 2 98 0.361654 0.126581 1
g5 2 71 g5 2 88 0.338203 0.124045 1
g5 2 75 g5 2 98 0.35776 0.138354 1
g5 2 76 g5 2 98 0.359144 0.141297 1
g5 2 83 g5 2 96 0.390969 0.0967482 1
g5 2 110 g5 2 100 0.508555 0.117647 1
g5 2 77 g5 2 96 0.365006 0.0859701 1
g5 2 92 g5 2 101 0.429749 0.0756917 1
g5 2 92 g5 2 96 0.433485 0.121381 1
g5 2 98 g5 2 115 0.45815 0.128892 1
g5 2 92 g5 2 115 0.433126 0.0887555 1
g5 2 91 g5 2 105 0.429444 0.0983107 1
g5 2 98 g5 2 100 0.463588 0.0919861 1
g5 2 92 g5 2 98 0.431819 0.0726379 1
g6 2 78 g6 2 74 0.36577 0.077136 1
g6 2 75 g6 2 74 0.352282 0.0886381 1
g6 2 81 g6 2 74 0.377986 0.0837195 1
g6 2 79 g6 2 65 0.370155 0.173163 0
g6 2 67 g6 2 74 0.317867 0.0672097 1
g6 2 66 g6 2 77 0.314441 0.118371 1
g6 2 71 g6 2 74 0.335563 0.0905135 1
g6 2 73 g6 2 74 0.342867 0.124847 1
g6 2 70 g6 2 74 0.333423 0.100268 1
g6 2 61 g6 2 74 0.292755 0.0983134 1
g6 2 76 g6 2 72 0.357212 0.148182 1
g6 2 82 g6 2 179 0.382287 0.0846512 1
g6 2 80 g6 2 79 0.375794 0.0637393 1
g6 2 59 g6 2 74 0.283165 0.114933 1
g6 2 70 g6 2 79 0.332656 0.159355 1
g6 2 79 g6 2 75 0.370098 0.0816378 1
g6 2 67 g6 2 74 0.317473 0.0919602 1
g6 2 84 g6 2 75 0.391181 0.0824738 1
g6 2 70 g6 2 74 0.33139 0.078759 1
g6 2 68 g6 2 74 0.321871 0.13811 1
g6 2 80 g6 2 74 0.373844 0.0903619 1
g6 2 115 g6 2 74 0.525612 0.146872 1
g6 2 74 g6 2 75 0.348137 0.0920368 1
g6 2 66 g6 2 75 0.314369 0.116205 1
g6 2 70 g6 2 74 0.331226 0.116409 1
g6 2 68 g6 2 86 0.323289 0.238989 0
g6 2 86 g6 2 74 0.408238 0.111651 1
g6 2 68 g6 2 74 0.322716 0.0831518 1
g6 2 68 g6 2 74 0.321662 0.0867334 1
g6 2 56 g6 2 64 0.271358 0.0932688 1
g6 2 61 g6 2 65 0.292437 0.0761259 1
g6 2 63 g6 2 65 0.300814 0.105697 1
g6 2 99 g6 2 94 0.461928 0.363459 0
g6 2 75 g1 2 48 0.352899 0.249492 0
g6 2 61 g6 2 62 0.292279 0.0327055 1
g6 2 63 g6 2 63 0.301346 0.0631527 1
g6 2 67 g6 2 63 0.318294 0.0575263 1
g6 2 64 g6 2 67 0.305559 0.0628013 1
g6 2 71 g6 2 70 0.334741 0.0709974 1
g6 2 76 g6 2 72 0.356913 0.0616879 1
g6 2 71 g6 2 86 0.335043 0.0880182 1
g7 1 73 g7 1 87 0.34821 0.276636 0
g7 1 65 g7 1 83 0.311573 0.214486 1
g7 1 71 g7 1 67 0.336756 0.282669 0
g7 1 73 g7 1 102 0.346383 0.151537 1
g7 1 78 g7 1 66 0.366729 0.281787 0
g7 1 82 g7 1 79 0.384349 0.25401 0
g7 1 66 g7 1 90 0.315838 0.298672 0
g7 1 72 g7 1 73 0.340483 0.124732 1
g7 1 52 g7 1 60 0.254981 0.216303 0
g7 1 63 g3 1 83 0.30313 0.402604 0
g7 1 67 g7 1 65 0.318689 0.217361 0
g7 1 72 g7 1 66 0.339763 0.16331 1
g7 1 69 g7 1 76 0.326945 0.217129 1
g7 1 65 g7 1 56 0.309476 0.176833 0
g7 1 56 g7 1 55 0.270366 0.21659 1
g7 1 64 g7 1 60 0.305392 0.174301 1
g7 1 63 g7 1 55 0.301089 0.15924 1
g7 1 58 g7 1 62 0.280317 0.214666 0
g7 1 60 g7 1 89 0.287676 0.286894 0
g7 1 61 g7 1 54 0.29355 0.15933 1
g7 1 61 g7 1 62 0.292693 0.197059 0
g7 1 54 g7 1 51 0.263761 0.0359619 1
g7 1 75 g1 2 31 0.353789 0.53179 0
g7 1 68 g7 1 69 0.321968 0.227333 0
g7 1 88 g7 1 54 0.409328 0.322597 0
g7 1 72 g7 1 94 0.340293 0.355519 0
g7 1 67 g2 2 44 0.317878 0.433152 0
g7 1 74 g7 1 73 0.34783 0.16219 1
g7 1 70 g1 2 31 0.332634 0.556157 0
g7 1 70 g3 1 130 0.331171 0.527425 0
g7 1 72 g7 1 69 0.338554 0.213426 0
g7 1 85 g7 1 93 0.395851 0.29699 0
g7 1 77 g7 1 88 0.361387 0.299224 0
g7 1 79 g7 1 67 0.371399 0.217459 1
g7 1 90 g7 1 66 0.417933 0.204742 1
g7 1 136 g7 1 88 0.624885 0.27874 0
g7 1 66 g7 1 75 0.31589 0.243244 0
g7 1 67 g7 1 97 0.319049 0.255224 0
g7 1 78 g7 1 97 0.367066 0.302307 0
g7 1 78 g7 1 75 0.366269 0.228199 1
g7 1 88 g7 1 79 0.411588 0.267728 0
g7 1 97 g7 1 91 0.450824 0.194254 1
g7 1 62 g7 1 67 0.297447 0.300008 0
g7 1 101 g7 1 77 0.468064 0.175766 1
g7 1 39 g7 1 67 0.200639 0.364027 0
g7 1 70 g7 1 100 0.33326 0.366034 0
g7 1 72 g7 1 66 0.341407 0.154061 1
g7 1 71 g7 1 60 0.336316 0.270987 0
g7 1 72 g7 1 73 0.340249 0.167195 1
g7 1 96 g7 1 79 0.448182 0.237295 1
g7 1 63 g7 1 57 0.302285 0.309275 0
g7 1 66 g7 1 65 0.314543 0.260375 0
g7 1 84 g7 1 89 0.39355 0.162851 1
g7 1 119 g7 1 91 0.5517 0.298056 0
g7 1 110 g7 1 103 0.508777 0.245831 0
g7 1 105 g7 1 72 0.485796 0.384197 0
g7 1 104 g7 1 103 0.482995 0.22302 0
g7 1 91 g7 1 71 0.423906 0.238911 0
g7 1 99 g7 1 94 0.460624 0.159631 1
g7 1 83 g7 1 93 0.388747 0.211386 0
g7 1 92 g7 1 94 0.430059 0.157546 0
g7 1 88 g7 1 91 0.410785 0.186825 1
g7 1 93 g7 1 94 0.435046 0.166665 1
