g1 2 24 g6 2 32 0.075154 0.177839 1
g1 2 23 g6 2 34 0.076135 0.194286 1
g1 2 27 g6 2 25 0.080939 0.156739 1
g1 2 42 g1 2 24 0.125981 0.124555 1
g1 2 33 g2 2 17 0.096333 0.186512 1
g1 2 29 g1 2 25 0.085693 0.155493 1
g1 2 31 g1 2 28 0.090004 0.130339 1
g1 2 20 g1 2 27 0.067993 0.114469 1
g1 2 24 g1 2 33 0.075898 0.163801 1
g1 2 28 g1 2 25 0.083542 0.160279 1
g1 2 21 g1 2 22 0.067434 0.138157 1
g1 2 26 g1 2 22 0.078051 0.114392 1
g1 2 25 g1 2 25 0.076149 0.0740715 1
g1 2 25 g1 2 25 0.078114 0.125773 1
g1 2 28 g1 2 25 0.084255 0.0863041 1
g1 2 54 g6 2 38 0.144232 0.204242 1
g1 2 26 g1 2 22 0.079642 0.0966976 1
g1 2 37 g6 2 36 0.104758 0.215399 1
g1 2 20 g6 2 31 0.070287 0.133138 1
g1 2 24 g6 2 34 0.074574 0.19971 1
g1 2 21 g6 2 32 0.067679 0.148979 1
g1 2 28 g6 2 30 0.084404 0.172967 1
g1 2 22 g2 2 17 0.06932 0.191713 1
g1 2 24 g1 2 19 0.073818 0.0886496 1
g1 2 23 g1 2 20 0.072432 0.0959363 1
g1 2 32 g1 2 29 0.096336 0.134286 1
g1 2 30 g1 2 26 0.087751 0.147948 1
g1 2 39 g1 2 26 0.108911 0.258994 1
g1 2 29 g1 2 24 0.086107 0.203157 1
g1 2 29 g1 2 37 0.085231 0.106014 1
g1 2 23 g1 2 25 0.073552 0.0902134 1
g1 2 23 g1 2 24 0.072057 0.174544 1
g1 2 19 g1 2 26 0.065661 0.0834176 1
g1 2 28 g1 2 28 0.083005 0.210743 1
g1 2 23 g1 2 29 0.072295 0.235269 1
g1 2 24 g1 2 24 0.073683 0.163654 1
g1 2 30 g1 2 24 0.088012 0.169157 1
g1 2 24 g1 2 26 0.077224 0.146512 1
g1 2 22 g1 2 23 0.069188 0.159734 1
g1 2 23 g1 2 24 0.071785 0.134771 1
g1 2 26 g1 2 26 0.078637 0.155951 1
g1 2 28 g1 2 28 0.084303 0.190776 1
g1 2 23 g1 2 25 0.073982 0.184149 1
g1 2 24 g1 2 24 0.07699 0.182284 1
g1 2 28 g1 2 24 0.082936 0.184123 1
g1 2 21 g1 2 28 0.067841 0.251477 1
g1 2 26 g6 2 36 0.079246 0.200737 1
g1 2 28 g6 2 34 0.082666 0.212294 1
g1 2 22 g6 2 37 0.069753 0.185805 1
g1 2 27 g6 2 34 0.081159 0.13539 1
g1 2 37 g2 2 17 0.108792 0.213727 1
g1 2 25 g6 2 25 0.077825 0.165599 1
g1 2 33 g2 2 17 0.095747 0.175089 1
g1 2 22 g1 2 18 0.069429 0.0769956 1
g1 2 20 g1 2 18 0.065438 0.0699969 1
g1 2 16 g1 2 17 0.0571 0.0972281 1
g1 2 16 g1 2 16 0.059021 0.0740709 1
g1 2 17 g1 2 17 0.058842 0.0754636 1
g1 2 17 g1 2 17 0.058793 0.060393 1
g1 2 19 g1 2 18 0.06275 0.0681503 1
g1 2 16 g1 2 17 0.058702 0.103612 1
g2 2 15 g2 2 14 0.05647 0.102294 1
g2 2 15 g2 2 14 0.055456 0.102069 1
g2 2 17 g2 2 17 0.060428 0.180842 1
g2 2 14 g2 2 14 0.053104 0.155019 1
g2 2 15 g2 2 14 0.058175 0.154699 1
g2 2 13 g2 2 17 0.051186 0.163711 1
g2 2 14 g2 2 14 0.053252 0.138865 1
g2 2 15 g2 2 14 0.055118 0.109654 1
g2 2 15 g2 2 14 0.054885 0.179041 1
g2 2 29 g2 2 26 0.086201 0.13883 1
g2 2 16 g2 2 14 0.057983 0.109136 1
g2 2 15 g2 2 14 0.054748 0.0998811 1
g2 2 15 g2 2 14 0.056162 0.119302 1
g2 2 16 g2 2 14 0.057287 0.119978 1
g2 2 16 g2 2 14 0.057681 0.173492 1
g2 2 15 g2 2 14 0.055482 0.139512 1
g2 2 12 g2 2 17 0.049446 0.266786 1
g2 2 15 g2 2 14 0.056559 0.0909069 1
g2 2 16 g2 2 14 0.057645 0.0997465 1
g2 2 15 g2 2 14 0.055852 0.15704 1
g2 2 16 g2 2 14 0.056887 0.136554 1
g2 2 16 g2 2 14 0.060447 0.213739 1
g2 2 14 g2 2 14 0.053577 0.149036 1
g2 2 17 g2 2 14 0.059696 0.104702 1
g2 2 18 g2 2 17 0.061291 0.171124 1
g2 2 15 g2 2 14 0.055515 0.174244 1
g2 2 15 g2 2 17 0.056799 0.234601 1
g2 2 16 g2 2 14 0.057714 0.175422 1
g2 2 18 g2 2 14 0.061409 0.137632 1
g2 2 31 g2 2 28 0.09272 0.125996 1
g2 2 28 g2 2 27 0.084001 0.154531 1
g2 2 29 g2 2 26 0.086131 0.13868 1
g2 2 25 g2 2 26 0.077443 0.145046 1
g2 2 20 g2 2 21 0.06564 0.14081 1
g2 2 22 g2 2 21 0.069826 0.116275 1
g2 2 32 g2 2 29 0.097224 0.128344 1
g2 2 23 g2 2 24 0.072417 0.0911216 1
g2 2 20 g2 2 21 0.065187 0.0914759 1
g2 2 19 g2 2 21 0.063081 0.090553 1
g2 2 21 g2 2 23 0.066018 0.0802652 1
g2 2 20 g2 2 21 0.066678 0.0893105 1
g2 2 21 g2 2 21 0.067665 0.0697141 1
g2 2 19 g2 2 21 0.065252 0.111094 1
g2 2 22 g2 2 21 0.072569 0.0768108 1
g2 2 22 g2 2 21 0.070272 0.0935556 1
g2 2 25 g2 2 23 0.075814 0.151366 1
g2 2 17 g2 2 24 0.059284 0.136608 1
g2 2 22 g2 2 21 0.06987 0.0832263 1
g2 2 42 g2 2 28 0.118751 0.160527 1
g2 2 22 g2 2 22 0.072753 0.0972297 1
g2 2 27 g2 2 23 0.080632 0.0794278 1
g2 2 27 g1 2 31 0.080747 0.219084 1
g2 2 21 g2 2 21 0.067387 0.114951 1
g2 2 19 g2 2 21 0.06472 0.0968977 1
g2 2 24 g1 2 33 0.074615 0.126282 1
g2 2 22 g2 2 21 0.06957 0.112032 1
g2 2 26 g1 2 27 0.080329 0.201474 1
g2 2 24 g2 2 28 0.074625 0.127158 1
g2 2 21 g2 2 29 0.067791 0.124674 1
g2 2 29 g2 2 28 0.089231 0.115389 1
g2 2 19 g2 2 21 0.066481 0.102121 1
g2 2 21 g1 2 33 0.068576 0.311734 1
g2 2 30 g2 2 25 0.088263 0.163577 1
g2 2 16 g2 2 14 0.060105 0.148281 1
g2 2 14 g2 2 14 0.052962 0.130207 1
g2 2 15 g2 2 14 0.054888 0.0822884 1
g3 1 36 g3 1 46 0.122319 0.332445 1
g3 1 35 g3 1 43 0.103844 0.221407 1
g3 1 49 g3 1 42 0.137273 0.300641 1
g3 1 52 g3 1 37 0.144438 0.246244 1
g3 1 55 g1 2 30 0.171814 0.418895 1
g3 1 49 g3 1 37 0.144496 0.259543 1
g3 1 47 g3 1 42 0.154896 0.382585 1
g3 1 47 g3 1 41 0.143317 0.282248 1
g3 1 44 g3 1 45 0.162754 0.289176 1
g3 1 43 g3 1 46 0.166486 0.297155 1
g3 1 44 g3 1 57 0.138641 0.280456 1
g3 1 47 g3 1 46 0.135879 0.231488 1
g3 1 46 g3 1 43 0.129475 0.244426 1
g3 1 47 g3 1 64 0.132426 0.222005 1
g3 1 44 g3 1 47 0.123992 0.509912 1
g3 1 44 g3 1 40 0.134285 0.258925 1
g3 1 41 g3 1 42 0.125841 0.20938 1
g3 1 56 g1 2 26 0.159272 0.384839 1
g3 1 48 g3 1 41 0.132224 0.250921 1
g3 1 48 g3 1 42 0.136079 0.221797 1
g3 1 50 g3 1 47 0.138115 0.226461 1
g3 1 48 g3 1 57 0.13401 0.223474 1
g3 1 46 g3 1 41 0.128498 0.251364 1
g3 1 43 g3 1 37 0.125377 0.252658 1
g3 1 47 g3 1 42 0.130768 0.316269 1
g3 1 44 g3 1 38 0.122501 0.286164 1
g3 1 50 g3 1 53 0.139233 0.323461 1
g3 1 66 g3 1 42 0.179022 0.284546 1
g3 1 58 g1 2 35 0.15926 0.443586 1
g3 1 50 g3 1 39 0.138447 0.201097 1
g3 1 57 g3 1 60 0.160191 0.227756 1
g3 1 53 g3 1 41 0.156641 0.280176 1
g3 1 49 g3 1 40 0.173976 0.220275 1
g3 1 51 g3 1 42 0.23056 0.246952 1
g3 1 52 g3 1 47 0.175968 0.262663 1
g3 1 50 g3 1 59 0.148884 0.273023 1
g3 1 51 g3 1 32 0.155671 0.325366 1
g3 1 59 g3 1 69 0.177956 0.265281 1
g3 1 61 g3 1 69 0.266789 0.26054 1
g3 1 46 g3 1 43 0.166553 0.385156 1
g3 1 28 g3 1 47 0.101907 0.823018 0
g3 1 49 g3 1 44 0.150862 0.299366 1
g3 1 42 g3 1 40 0.133953 0.212053 1
g3 1 40 g3 1 41 0.150255 0.207229 1
g3 1 42 g3 1 42 0.192044 0.229532 1
g3 1 44 g3 1 47 0.161447 0.308689 1
g3 1 39 g3 1 38 0.114341 0.342506 1
g3 1 43 g3 1 42 0.12365 0.173607 1
g3 1 40 g3 1 37 0.117961 0.222603 1
g3 1 39 g3 1 47 0.115031 0.313106 1
g3 1 43 g3 1 47 0.122213 0.257062 1
g4 2 37 g4 2 31 0.107291 0.213731 1
g4 2 37 g4 2 42 0.105757 0.0770925 1
g4 2 44 g4 2 45 0.130255 0.166975 1
g4 2 44 g4 2 42 0.122663 0.168401 1
g4 2 41 g4 2 46 0.119048 0.126542 1
g4 2 42 g4 2 51 0.117742 0.146691 1
g4 2 50 g3 1 44 0.141912 0.268622 1
g4 2 42 g4 2 42 0.116983 0.170647 1
g4 2 49 g4 2 48 0.135882 0.16048 1
g4 2 47 g4 2 49 0.130746 0.169922 1
g4 2 46 g4 2 46 0.142198 0.137594 1
g4 2 48 g4 2 51 0.13476 0.117739 1
g4 2 52 g4 2 51 0.142789 0.0872674 1
g4 2 45 g4 2 31 0.128719 0.127746 1
g4 2 30 g4 2 43 0.087581 0.144586 1
g4 2 31 g4 2 30 0.090145 0.078087 1
g4 2 30 g4 2 29 0.087717 0.0841841 1
g4 2 33 g4 2 34 0.099816 0.155968 1
g4 2 31 g4 2 33 0.090696 0.106797 1
g4 2 34 g4 2 34 0.098273 0.120246 1
g4 2 35 g4 2 40 0.101929 0.0919232 1
g4 2 36 g4 2 32 0.102424 0.107242 1
g4 2 40 g4 2 48 0.113774 0.15742 1
g4 2 30 g4 2 32 0.08819 0.114933 1
g4 2 37 g4 2 35 0.113642 0.0999654 1
g4 2 37 g4 2 37 0.107654 0.0560005 1
g4 2 41 g4 2 36 0.115414 0.0923847 1
g4 2 41 g4 2 43 0.116858 0.113961 1
g4 2 46 g4 2 32 0.126856 0.101124 1
g4 2 46 g4 2 34 0.128884 0.113174 1
g4 2 31 g4 2 37 0.089432 0.0955719 1
g4 2 31 g4 2 33 0.090236 0.103906 1
g4 2 33 g4 2 34 0.098796 0.0887908 1
g4 2 34 g4 2 34 0.097638 0.140199 1
g4 2 45 g4 2 34 0.125085 0.105555 1
g4 2 42 g4 2 34 0.118468 0.195331 1
g4 2 46 g4 2 41 0.126969 0.154758 1
g4 2 33 g4 2 32 0.107449 0.0741617 1
g4 2 45 g4 2 41 0.13942 0.101517 1
g4 2 50 g4 2 41 0.19798 0.113763 1
g4 2 41 g4 2 42 0.13501 0.0753194 1
g4 2 45 g4 2 32 0.138245 0.102625 1
g5 2 43 g5 2 48 0.127738 0.096948 1
g5 2 45 g5 2 44 0.138269 0.0813948 1
g5 2 44 g5 2 52 0.126441 0.109526 1
g5 2 42 g5 2 52 0.118259 0.12298 1
g5 2 36 g5 2 50 0.112261 0.173685 1
g5 2 42 g5 2 50 0.121153 0.103629 1
g5 2 41 g4 2 34 0.117184 0.195062 1
g5 2 46 g5 2 50 0.129741 0.189381 1
g5 2 40 g5 2 51 0.116357 0.211785 1
g5 2 33 g5 2 32 0.097223 0.123193 1
g5 2 35 g5 2 35 0.101608 0.127778 1
g5 2 41 g5 2 35 0.118826 0.115549 1
g5 2 34 g5 2 33 0.09982 0.166843 1
g5 2 36 g4 2 31 0.103327 0.193424 1
g5 2 43 g5 2 51 0.127714 0.166174 1
g5 2 39 g5 2 51 0.111238 0.210268 1
g5 2 38 g5 2 51 0.109022 0.176763 1
g5 2 35 g5 2 35 0.100655 0.193344 1
g5 2 38 g5 2 51 0.109794 0.171544 1
g5 2 38 g4 2 31 0.11089 0.178412 1
g5 2 39 g5 2 51 0.112195 0.144814 1
g5 2 38 g4 2 31 0.10912 0.180962 1
g5 2 39 g4 2 36 0.111588 0.222326 1
g5 2 38 g5 2 50 0.110139 0.172357 1
g5 2 41 g5 2 50 0.118571 0.134481 1
g5 2 41 g5 2 54 0.117717 0.156583 1
g5 2 39 g4 2 31 0.111284 0.153731 1
g5 2 39 g5 2 54 0.111374 0.169357 1
g5 2 40 g5 2 51 0.113864 0.220687 1
g5 2 40 g5 2 51 0.119411 0.173148 1
g5 2 38 g4 2 31 0.109296 0.182182 1
g5 2 39 g5 2 50 0.111785 0.132382 1
g5 2 37 g5 2 45 0.107138 0.13262 1
g5 2 39 g5 2 50 0.112302 0.152406 1
g5 2 39 g5 2 49 0.113729 0.145824 1
g5 2 43 g5 2 49 0.12147 0.104819 1
g5 2 55 g5 2 51 0.154847 0.122428 1
g5 2 40 g5 2 49 0.115758 0.0949954 1
g5 2 47 g5 2 52 0.137183 0.0837979 1
g5 2 47 g5 2 49 0.13507 0.126398 1
g5 2 50 g5 2 59 0.142972 0.137652 1
g5 2 47 g5 2 55 0.134787 0.0960286 1
g5 2 47 g5 2 54 0.132211 0.106302 1
g5 2 50 g5 2 51 0.138275 0.100019 1
g5 2 47 g5 2 48 0.131756 0.0650633 1
g6 2 40 g6 2 38 0.111347 0.0831293 1
g6 2 39 g6 2 38 0.111801 0.0954732 1
g6 2 42 g6 2 38 0.116236 0.09279 1
g6 2 41 g6 2 34 0.114807 0.186611 1
g6 2 35 g6 2 38 0.100974 0.0741795 1
g6 2 34 g6 2 34 0.100905 0.13345 1
g6 2 37 g6 2 38 0.107702 0.0968774 1
g6 2 38 g6 2 38 0.107487 0.132625 1
g6 2 36 g6 2 38 0.102412 0.105043 1
g6 2 32 g6 2 38 0.092515 0.10631 1
g6 2 39 g6 2 37 0.110272 0.158528 1
g6 2 42 g6 2 59 0.118534 0.0806915 1
g6 2 41 g6 2 41 0.115007 0.07077 1
g6 2 31 g6 2 38 0.090555 0.12078 1
g6 2 36 g6 2 41 0.103107 0.164803 1
g6 2 41 g6 2 39 0.115883 0.0869633 1
g6 2 35 g6 2 38 0.100493 0.099564 1
g6 2 43 g6 2 39 0.120829 0.0888546 1
g6 2 36 g6 2 38 0.103022 0.0856295 1
g6 2 35 g6 2 38 0.099934 0.142454 1
g6 2 41 g6 2 38 0.114414 0.0950052 1
g6 2 56 g6 2 38 0.155283 0.112544 1
g6 2 38 g6 2 39 0.108281 0.102009 1
g6 2 34 g6 2 39 0.100976 0.12163 1
g6 2 36 g6 2 38 0.102234 0.119668 1
g6 2 35 g6 2 44 0.100533 0.249863 1
g6 2 44 g6 2 38 0.123904 0.115654 1
g6 2 35 g6 2 38 0.100323 0.0913838 1
g6 2 35 g6 2 38 0.100229 0.0932373 1
g6 2 29 g6 2 33 0.084567 0.101353 1
g6 2 32 g6 2 34 0.092618 0.0869118 1
g6 2 33 g6 2 34 0.098911 0.118859 1
g6 2 51 g6 2 49 0.140176 0.354284 1
g6 2 39 g1 2 25 0.111576 0.255429 1
g6 2 32 g6 2 33 0.092325 0.0479845 1
g6 2 33 g6 2 35 0.096903 0.0866037 1
g6 2 35 g6 2 35 0.102551 0.0756825 1
g6 2 33 g6 2 35 0.096084 0.0790453 1
g6 2 37 g6 2 36 0.105042 0.0800973 1
g6 2 39 g6 2 37 0.117666 0.0710931 1
g6 2 37 g6 2 44 0.119015 0.0960218 1
g7 1 37 g7 1 44 0.110162 0.283729 1
g7 1 34 g7 1 42 0.098592 0.224504 1
g7 1 37 g7 1 39 0.105635 0.322902 1
g7 1 38 g7 1 52 0.108938 0.161921 1
g7 1 40 g7 1 34 0.112259 0.289615 1
g7 1 41 g7 1 41 0.11779 0.267352 1
g7 1 34 g7 1 46 0.098719 0.306425 1
g7 1 35 g7 1 36 0.102331 0.132177 1
g7 1 27 g7 1 31 0.080833 0.224476 1
g7 1 32 g3 1 40 0.095803 0.431618 1
g7 1 34 g7 1 33 0.101546 0.226178 1
g7 1 36 g7 1 34 0.10703 0.171268 1
g7 1 36 g7 1 39 0.102056 0.221251 1
g7 1 34 g7 1 29 0.097243 0.190098 1
g7 1 29 g7 1 29 0.084937 0.229544 1
g7 1 33 g7 1 31 0.095677 0.183661 1
g7 1 33 g7 1 28 0.097107 0.178668 1
g7 1 30 g7 1 32 0.087238 0.223046 1
g7 1 31 g7 1 29 0.089804 0.248928 1
g7 1 31 g7 1 28 0.091166 0.164172 1
g7 1 31 g7 1 32 0.091752 0.208856 1
g7 1 27 g7 1 27 0.082125 0.0615644 1
g7 1 39 g1 2 17 0.11226 0.57738 1
g7 1 35 g7 1 35 0.098899 0.238792 1
g7 1 45 g7 1 28 0.123896 0.334334 1
g7 1 37 g7 1 48 0.104682 0.36491 1
g7 1 34 g2 2 23 0.098274 0.45804 1
g7 1 38 g7 1 37 0.110169 0.16894 1
g7 1 35 g1 2 17 0.10138 0.601892 0
g7 1 36 g7 1 38 0.102533 0.375958 1
g7 1 36 g7 1 36 0.10287 0.22344 1
g7 1 44 g7 1 47 0.121651 0.305023 1
g7 1 39 g7 1 43 0.112742 0.304891 1
g7 1 40 g7 1 35 0.113742 0.22377 1
g7 1 46 g7 1 33 0.127783 0.208856 1
g7 1 68 g7 1 43 0.17753 0.286301 1
g7 1 34 g7 1 51 0.11938 0.347542 1
g7 1 35 g7 1 46 0.100863 0.270526 1
g7 1 39 g7 1 50 0.113174 0.307484 1
g7 1 40 g7 1 39 0.113995 0.2346 1
g7 1 45 g7 1 41 0.127461 0.282181 1
g7 1 48 g7 1 45 0.139264 0.196393 1
g7 1 32 g7 1 34 0.093072 0.31424 1
g7 1 50 g7 1 40 0.141097 0.18407 1
g7 1 21 g7 1 36 0.067722 0.363603 1
g7 1 35 g7 1 51 0.104842 0.376813 1
g7 1 36 g7 1 34 0.108403 0.159465 1
g7 1 36 g7 1 31 0.105102 0.279683 1
g7 1 37 g7 1 31 0.106551 0.223388 1
g7 1 49 g7 1 41 0.135776 0.244423 1
g7 1 33 g7 1 29 0.095846 0.331907 1
g7 1 33 g7 1 33 0.100623 0.27306 1
g7 1 42 g7 1 45 0.121369 0.170613 1
g7 1 61 g7 1 45 0.166461 0.305014 1
g7 1 56 g7 1 52 0.153193 0.246199 1
g7 1 54 g7 1 37 0.149874 0.398423 1
g7 1 53 g7 1 52 0.146725 0.230603 1
g7 1 35 g7 1 35 0.117158 0.243094 1
g7 1 51 g7 1 48 0.140315 0.167706 1
g7 1 43 g7 1 47 0.1212 0.222166 1
g7 1 47 g7 1 48 0.128552 0.168155 1
g7 1 45 g7 1 45 0.124361 0.191072 1
g7 1 47 g7 1 48 0.131048 0.173402 1
