g1 2 44 g6 2 60 0.215342 0.160914 0
g1 2 42 g6 2 64 0.210075 0.172727 0
g1 2 50 g6 2 48 0.240448 0.125289 0
g1 2 100 g1 2 43 0.449458 0.129417 0
g1 2 61 g2 2 30 0.288708 0.183151 0
g1 2 54 g1 2 46 0.257578 0.142534 0
g1 2 58 g1 2 46 0.273385 0.113158 0
g1 2 35 g1 2 50 0.180662 0.0970448 0
g1 2 44 g1 2 40 0.215497 0.122193 0
g1 2 52 g1 2 46 0.248121 0.153201 0
g1 2 37 g1 2 40 0.18841 0.117398 0
g1 2 48 g1 2 40 0.231586 0.0942005 1
g1 2 46 g1 2 46 0.223791 0.0653767 0
g1 2 45 g1 2 44 0.219565 0.0742529 0
g1 2 51 g1 2 46 0.24598 0.0742867 1
g1 2 109 g6 2 71 0.485472 0.199637 0
g1 2 47 g1 2 40 0.228284 0.0893916 1
g1 2 69 g6 2 68 0.317974 0.192761 0
g1 2 35 g6 2 69 0.179738 0.134836 0
g1 2 44 g6 2 64 0.215231 0.180735 0
g1 2 37 g6 2 49 0.188095 0.127242 0
g1 2 52 g6 2 55 0.248249 0.15502 0
g1 2 40 g2 2 45 0.200056 0.175992 0
g1 2 43 g1 2 36 0.210974 0.0701902 1
g1 2 41 g1 2 36 0.203706 0.0729246 1
g1 2 59 g1 2 54 0.276099 0.125942 0
g1 2 56 g1 2 47 0.265016 0.139616 0
g1 2 73 g1 2 47 0.33425 0.242762 0
g1 2 53 g1 2 43 0.252418 0.194021 0
g1 2 54 g1 2 69 0.256588 0.100994 0
g1 2 41 g1 2 46 0.204119 0.0782365 1
g1 2 42 g1 2 43 0.207935 0.156364 0
g1 2 33 g1 2 48 0.172084 0.0612619 1
g1 2 51 g1 2 52 0.242906 0.197634 0
g1 2 41 g1 2 54 0.204005 0.226619 0
g1 2 44 g1 2 43 0.216203 0.145674 0
g1 2 55 g1 2 43 0.259732 0.154799 0
g1 2 44 g1 2 43 0.216294 0.14882 0
g1 2 39 g1 2 41 0.196115 0.156408 0
g1 2 41 g1 2 43 0.20491 0.113863 0
g1 2 47 g1 2 48 0.227933 0.148519 0
g1 2 51 g1 2 52 0.243539 0.204624 0
g1 2 42 g1 2 43 0.207834 0.206752 0
g1 2 44 g1 2 43 0.215813 0.166897 0
g1 2 51 g1 2 43 0.243818 0.152267 0
g1 2 38 g1 2 52 0.191696 0.225632 0
g1 2 48 g6 2 67 0.231913 0.191866 0
g1 2 51 g6 2 63 0.243642 0.186925 0
g1 2 39 g6 2 70 0.196619 0.163582 0
g1 2 50 g6 2 64 0.239685 0.123351 0
g1 2 70 g2 2 30 0.323426 0.211961 0
g1 2 46 g6 2 48 0.224129 0.140177 0
g1 2 62 g2 2 30 0.290878 0.158839 0
g1 2 40 g1 2 30 0.199475 0.104996 0
g1 2 36 g1 2 32 0.183352 0.0552752 1
g1 2 27 g1 2 30 0.144511 0.0717766 1
g1 2 27 g1 2 27 0.144624 0.0584145 1
g1 2 29 g1 2 30 0.153148 0.0570191 1
g1 2 29 g1 2 29 0.152849 0.0497548 1
g1 2 34 g1 2 32 0.175373 0.0552609 1
g1 2 27 g1 2 27 0.144358 0.0585002 1
g2 2 26 g2 2 24 0.140766 0.080774 1
g2 2 26 g2 2 24 0.140871 0.0829627 0
g2 2 29 g2 2 30 0.152403 0.150494 0
g2 2 24 g2 2 24 0.132972 0.147788 0
g2 2 25 g2 2 24 0.137086 0.131777 0
g2 2 21 g2 2 30 0.119592 0.144918 0
g2 2 24 g2 2 24 0.132907 0.121557 0
g2 2 25 g2 2 24 0.136776 0.0897749 0
g2 2 26 g2 2 24 0.140321 0.147597 0
g2 2 53 g2 2 48 0.252043 0.12162 0
g2 2 27 g2 2 24 0.145507 0.0821964 0
g2 2 26 g2 2 24 0.141469 0.0848221 1
g2 2 26 g2 2 24 0.140388 0.105094 0
g2 2 27 g2 2 24 0.145015 0.108519 0
g2 2 28 g2 2 24 0.148937 0.168705 0
g2 2 25 g2 2 24 0.136915 0.128441 0
g2 2 19 g2 2 30 0.112582 0.230905 0
g2 2 25 g2 2 24 0.136908 0.0748435 1
g2 2 27 g2 2 24 0.145305 0.0862481 0
g2 2 25 g2 2 24 0.137087 0.132325 0
g2 2 28 g2 2 24 0.148687 0.127187 0
g2 2 28 g2 2 24 0.148528 0.202375 0
g2 2 24 g2 2 24 0.132984 0.140708 0
g2 2 29 g2 2 24 0.152677 0.0773327 1
g2 2 31 g2 2 30 0.160835 0.157309 0
g2 2 26 g2 2 24 0.140907 0.142029 0
g2 2 25 g2 2 30 0.136055 0.218193 0
g2 2 28 g2 2 24 0.148692 0.144577 0
g2 2 32 g2 2 24 0.165455 0.120105 0
g2 2 57 g2 2 51 0.269011 0.113447 0
g2 2 52 g1 2 29 0.249356 0.207128 0
g2 2 53 g2 2 48 0.253522 0.113228 0
g2 2 46 g1 2 41 0.224307 0.255285 0
g2 2 36 g2 2 40 0.183787 0.0945646 0
g2 2 40 g2 2 37 0.201266 0.0997305 0
g2 2 62 g2 2 51 0.290026 0.105391 0
g2 2 41 g2 2 37 0.203996 0.0860249 0
g2 2 35 g2 2 42 0.179812 0.0785681 1
g2 2 34 g2 2 37 0.175914 0.0735559 1
g2 2 37 g2 2 42 0.187996 0.0676064 1
g2 2 37 g2 2 37 0.188281 0.0543996 1
g2 2 39 g2 2 37 0.195556 0.0563116 1
g2 2 37 g2 2 37 0.188079 0.0944887 0
g2 2 39 g2 2 37 0.195566 0.0661056 1
g2 2 40 g2 2 42 0.201957 0.0699725 1
g2 2 45 g2 2 42 0.219686 0.125056 0
g2 2 29 g2 2 40 0.153104 0.117702 0
g2 2 40 g2 2 37 0.199408 0.0587943 1
g2 2 82 g2 2 51 0.375714 0.159875 0
g2 2 39 g2 2 40 0.195775 0.0776896 1
g2 2 50 g2 2 42 0.239661 0.0686868 1
g2 2 50 g1 2 48 0.238923 0.208267 0
g2 2 38 g2 2 37 0.191819 0.097143 1
g2 2 35 g2 2 42 0.180361 0.0715669 1
g2 2 43 g1 2 62 0.211613 0.112596 0
g2 2 39 g2 2 42 0.196234 0.0883543 1
g2 2 47 g1 2 50 0.227633 0.190312 0
g2 2 44 g2 2 51 0.216255 0.108911 0
g2 2 38 g2 2 54 0.19415 0.10608 0
g2 2 54 g2 2 51 0.257587 0.109573 0
g2 2 33 g2 2 37 0.172317 0.083846 1
g2 2 38 g1 2 55 0.192195 0.278588 0
g2 2 56 g2 2 46 0.264532 0.160661 0
g2 2 27 g2 2 24 0.144735 0.129458 0
g2 2 24 g2 2 24 0.133085 0.118578 0
g2 2 26 g2 2 24 0.141508 0.0644475 1
g3 1 69 g3 1 72 0.319665 0.316273 0
g3 1 66 g3 1 82 0.307757 0.190213 0
g3 1 93 g3 1 79 0.422372 0.296692 0
g3 1 100 g3 1 71 0.450605 0.236355 0
g3 1 105 g1 2 55 0.476803 0.423074 0
g3 1 94 g3 1 71 0.427501 0.254154 0
g3 1 89 g3 1 70 0.405464 0.276936 0
g3 1 91 g3 1 80 0.415535 0.273393 0
g3 1 84 g3 1 85 0.384633 0.278647 0
g3 1 85 g3 1 90 0.386058 0.283675 0
g3 1 86 g3 1 104 0.391486 0.250977 0
g3 1 90 g3 1 79 0.408926 0.20536 0
g3 1 90 g3 1 84 0.411087 0.23957 0
g3 1 90 g3 1 125 0.411518 0.213121 0
g3 1 88 g3 1 76 0.39917 0.475727 0
g3 1 84 g3 1 72 0.384894 0.242721 0
g3 1 78 g3 1 79 0.359697 0.195477 0
g3 1 111 g1 2 47 0.500478 0.354061 0
g3 1 93 g3 1 80 0.422696 0.243617 0
g3 1 93 g3 1 83 0.425593 0.208777 0
g3 1 97 g3 1 89 0.440595 0.214353 0
g3 1 91 g3 1 112 0.414399 0.215496 0
g3 1 90 g3 1 80 0.409471 0.237226 0
g3 1 83 g3 1 71 0.37984 0.250708 0
g3 1 89 g3 1 79 0.405966 0.300822 0
g3 1 86 g3 1 75 0.390583 0.281679 0
g3 1 97 g3 1 110 0.438783 0.295255 0
g3 1 130 g3 1 82 0.581111 0.284261 0
g3 1 112 g3 1 87 0.505267 0.287481 0
g3 1 95 g3 1 78 0.430263 0.19328 0
g3 1 109 g3 1 118 0.490851 0.217483 0
g3 1 102 g3 1 80 0.459625 0.268437 0
g3 1 95 g3 1 76 0.430753 0.211657 0
g3 1 98 g3 1 83 0.445404 0.232041 0
g3 1 99 g3 1 89 0.44833 0.239975 0
g3 1 96 g3 1 81 0.438175 0.262869 0
g3 1 100 g7 1 75 0.453597 0.43396 0
g3 1 113 g3 1 138 0.507405 0.259061 0
g3 1 118 g3 1 138 0.531018 0.252984 0
g3 1 90 g3 1 82 0.407493 0.368885 0
g3 1 74 g3 1 66 0.339487 0.834601 0
g3 1 95 g3 1 83 0.430254 0.274813 0
g3 1 83 g3 1 77 0.379812 0.211947 0
g3 1 75 g3 1 78 0.344829 0.188616 0
g3 1 79 g3 1 79 0.360711 0.209933 0
g3 1 84 g3 1 89 0.382067 0.288825 0
g3 1 75 g3 1 75 0.343103 0.323432 0
g3 1 83 g3 1 82 0.379728 0.167859 0
g3 1 77 g3 1 72 0.352844 0.214258 0
g3 1 76 g3 1 89 0.348652 0.294233 0
g3 1 82 g3 1 89 0.372886 0.248577 0
g4 2 69 g4 2 57 0.31807 0.191123 0
g4 2 69 g4 2 80 0.319575 0.0660167 1
g4 2 84 g4 2 85 0.382485 0.161414 0
g4 2 83 g4 2 80 0.378613 0.161243 0
g4 2 78 g4 2 88 0.356483 0.117795 0
g4 2 79 g4 2 97 0.361875 0.13937 0
g4 2 98 g3 1 87 0.443486 0.254056 0
g4 2 79 g4 2 80 0.361003 0.157149 0
g4 2 93 g4 2 92 0.421311 0.149584 0
g4 2 91 g4 2 93 0.411689 0.163987 0
g4 2 87 g4 2 88 0.394893 0.135221 0
g4 2 92 g4 2 97 0.418054 0.111199 0
g4 2 100 g4 2 99 0.452335 0.0772027 1
g4 2 87 g4 2 53 0.394802 0.0994266 0
g4 2 55 g4 2 65 0.258815 0.116808 0
g4 2 58 g4 2 55 0.272329 0.0715552 1
g4 2 55 g4 2 53 0.259832 0.0751592 1
g4 2 61 g4 2 64 0.286231 0.142849 0
g4 2 57 g4 2 62 0.267991 0.0996441 0
g4 2 63 g4 2 64 0.293345 0.105019 0
g4 2 65 g4 2 76 0.301941 0.0836168 1
g4 2 67 g4 2 76 0.311731 0.0981991 0
g4 2 75 g4 2 93 0.343326 0.148781 0
g4 2 55 g4 2 60 0.258743 0.103583 0
g4 2 70 g4 2 65 0.323396 0.0884289 1
g4 2 70 g4 2 70 0.323326 0.0475186 1
g4 2 78 g4 2 68 0.356014 0.0850483 1
g4 2 77 g4 2 81 0.35247 0.108874 0
g4 2 90 g4 2 60 0.405531 0.0948221 0
g4 2 88 g4 2 64 0.399893 0.103041 0
g4 2 57 g4 2 70 0.26763 0.0813742 1
g4 2 57 g4 2 61 0.26818 0.0911389 0
g4 2 61 g4 2 64 0.285652 0.0745925 1
g4 2 64 g4 2 64 0.298462 0.125211 0
g4 2 85 g4 2 64 0.385637 0.0978542 0
g4 2 80 g4 2 64 0.365746 0.184858 0
g4 2 87 g4 2 77 0.395825 0.144483 0
g4 2 62 g4 2 60 0.288887 0.0668608 1
g4 2 86 g4 2 77 0.393297 0.0981559 1
g4 2 98 g4 2 77 0.447872 0.10866 0
g4 2 78 g4 2 80 0.357213 0.0673156 1
g4 2 86 g4 2 60 0.389805 0.0945725 0
g5 2 82 g5 2 92 0.375954 0.0888844 0
g5 2 85 g5 2 83 0.38703 0.0766654 1
g5 2 83 g5 2 99 0.381885 0.104034 0
g5 2 80 g5 2 99 0.367084 0.115317 0
g5 2 67 g5 2 96 0.312351 0.158796 0
g5 2 79 g5 2 96 0.365569 0.0914223 0
g5 2 78 g4 2 63 0.359021 0.186761 0
g5 2 87 g5 2 96 0.397654 0.173141 0
g5 2 76 g5 2 98 0.349525 0.205094 0
g5 2 62 g5 2 60 0.290016 0.115852 0
g5 2 66 g5 2 66 0.306859 0.116191 0
g5 2 78 g5 2 66 0.35848 0.107979 0
g5 2 64 g5 2 80 0.298996 0.141213 0
g5 2 67 g4 2 58 0.311052 0.184074 0
g5 2 81 g5 2 98 0.371339 0.160284 0
g5 2 74 g5 2 66 0.33994 0.202666 0
g5 2 71 g5 2 98 0.328825 0.170467 0
g5 2 66 g5 2 66 0.306969 0.177696 0
g5 2 71 g5 2 98 0.329452 0.163221 0
g5 2 71 g4 2 57 0.328507 0.167461 0
g5 2 73 g5 2 97 0.337743 0.132334 0
g5 2 71 g5 2 63 0.328146 0.154023 0
g5 2 73 g4 2 68 0.336288 0.206301 0
g5 2 71 g5 2 96 0.328325 0.164192 0
g5 2 78 g5 2 96 0.360353 0.126072 0
g5 2 77 g5 2 104 0.354194 0.149785 0
g5 2 74 g4 2 57 0.34136 0.14223 0
g5 2 73 g5 2 104 0.339205 0.163228 0
g5 2 75 g5 2 98 0.344768 0.211005 0
g5 2 76 g5 2 86 0.35023 0.135157 0
g5 2 71 g4 2 63 0.328243 0.186927 0
g5 2 74 g5 2 96 0.341599 0.126245 0
g5 2 69 g5 2 94 0.321443 0.133138 0
g5 2 73 g5 2 96 0.338915 0.133423 0
g5 2 74 g5 2 96 0.341893 0.142666 0
g5 2 81 g5 2 94 0.371664 0.0961288 0
g5 2 108 g5 2 98 0.488393 0.116844 0
g5 2 75 g5 2 94 0.346965 0.08502 1
g5 2 90 g5 2 99 0.40798 0.0742962 1
g5 2 90 g5 2 94 0.412279 0.118403 0
g5 2 96 g5 2 113 0.440127 0.126379 0
g5 2 90 g5 2 113 0.41245 0.0856127 0
g5 2 89 g5 2 103 0.408492 0.0963033 0
g5 2 96 g5 2 98 0.437985 0.089658 0
g5 2 90 g5 2 96 0.411501 0.0717028 1
g6 2 76 g6 2 72 0.347311 0.0771459 0
g6 2 73 g6 2 72 0.334254 0.0880276 0
g6 2 79 g6 2 72 0.359432 0.0822419 1
g6 2 77 g6 2 63 0.351717 0.168577 0
g6 2 65 g6 2 72 0.301249 0.0669014 1
g6 2 64 g6 2 75 0.298233 0.114614 0
g6 2 69 g6 2 72 0.3181 0.0890006 0
g6 2 71 g6 2 72 0.32562 0.123143 0
g6 2 68 g6 2 72 0.312957 0.0985805 0
g6 2 59 g6 2 72 0.276381 0.0973569 0
g6 2 74 g6 2 70 0.338514 0.143305 0
g6 2 80 g6 2 177 0.364909 0.0852704 0
g6 2 78 g6 2 77 0.355369 0.0643359 1
g6 2 57 g6 2 72 0.267662 0.116345 0
g6 2 68 g6 2 77 0.315133 0.158649 0
g6 2 77 g6 2 73 0.351393 0.0807775 1
g6 2 65 g6 2 72 0.300864 0.0915207 0
g6 2 82 g6 2 73 0.37225 0.0823714 1
g6 2 68 g6 2 72 0.31355 0.0777317 1
g6 2 66 g6 2 72 0.305266 0.137876 0
g6 2 78 g6 2 72 0.356937 0.0898468 0
g6 2 113 g6 2 72 0.502148 0.147326 0
g6 2 72 g6 2 73 0.330482 0.0916119 1
g6 2 64 g6 2 69 0.298417 0.111254 0
g6 2 68 g6 2 72 0.313945 0.116217 0
g6 2 66 g6 2 84 0.305257 0.235259 0
g6 2 84 g6 2 72 0.38126 0.11065 0
g6 2 66 g6 2 72 0.305654 0.0817849 0
g6 2 66 g6 2 72 0.304776 0.0878122 1
g6 2 54 g6 2 62 0.256835 0.0951049 0
g6 2 59 g6 2 63 0.27569 0.0737205 1
g6 2 61 g6 2 63 0.284672 0.101849 0
g6 2 97 g6 2 92 0.438902 0.361166 0
g6 2 73 g1 2 54 0.33507 0.242303 0
g6 2 59 g6 2 60 0.276521 0.0325585 1
g6 2 61 g6 2 66 0.285017 0.0781043 1
g6 2 65 g6 2 61 0.301005 0.0581284 1
g6 2 62 g6 2 65 0.288546 0.0600247 1
g6 2 69 g6 2 68 0.317695 0.0699748 1
g6 2 74 g6 2 70 0.338767 0.0584366 1
g6 2 69 g6 2 84 0.318274 0.0875334 1
g7 1 71 g7 1 85 0.329531 0.27168 0
g7 1 63 g7 1 81 0.295138 0.212809 0
g7 1 69 g7 1 73 0.318919 0.308133 0
g7 1 71 g7 1 100 0.32864 0.149006 0
g7 1 76 g7 1 64 0.349403 0.278388 0
g7 1 80 g7 1 77 0.366094 0.250562 0
g7 1 64 g7 1 78 0.299608 0.263044 0
g7 1 70 g7 1 71 0.323524 0.12257 0
g7 1 50 g7 1 58 0.239611 0.217144 0
g7 1 61 g3 1 81 0.286244 0.38893 0
g7 1 65 g7 1 63 0.301439 0.214304 0
g7 1 70 g7 1 64 0.323875 0.160001 0
g7 1 67 g7 1 74 0.309096 0.212843 0
g7 1 63 g7 1 54 0.293437 0.169549 0
g7 1 54 g7 1 53 0.255841 0.213141 0
g7 1 62 g7 1 58 0.288484 0.169683 0
g7 1 61 g7 1 53 0.284936 0.152039 0
g7 1 56 g7 1 60 0.263732 0.210975 0
g7 1 58 g7 1 87 0.272377 0.284984 0
g7 1 59 g7 1 52 0.276151 0.157445 0
g7 1 59 g7 1 60 0.276789 0.193492 0
g7 1 52 g7 1 49 0.250224 0.0354893 1
g7 1 73 g1 2 29 0.334698 0.506446 0
g7 1 66 g7 1 67 0.305422 0.225156 0
g7 1 86 g7 1 52 0.389971 0.317661 0
g7 1 70 g7 1 92 0.322819 0.347275 0
g7 1 65 g2 2 42 0.30183 0.414207 0
g7 1 72 g7 1 71 0.330768 0.161306 0
g7 1 68 g1 2 29 0.31451 0.529818 0
g7 1 68 g3 1 128 0.312838 0.522324 0
g7 1 70 g7 1 67 0.322353 0.215648 0
g7 1 83 g7 1 91 0.378072 0.294133 0
g7 1 75 g7 1 86 0.342974 0.294575 0
g7 1 77 g7 1 65 0.352072 0.213428 0
g7 1 88 g7 1 64 0.398404 0.204561 0
g7 1 134 g7 1 86 0.600225 0.276689 0
g7 1 64 g7 1 73 0.298198 0.24136 0
g7 1 65 g7 1 95 0.302149 0.247475 0
g7 1 76 g7 1 81 0.349075 0.260509 0
g7 1 76 g7 1 73 0.348687 0.23138 0
g7 1 86 g7 1 77 0.391796 0.257496 0
g7 1 95 g7 1 89 0.430838 0.189599 0
g7 1 60 g7 1 63 0.281125 0.262553 0
g7 1 99 g7 1 75 0.447129 0.172561 0
g7 1 37 g7 1 71 0.187085 0.356486 0
g7 1 68 g7 1 98 0.315345 0.358518 0
g7 1 70 g7 1 64 0.323467 0.151632 0
g7 1 69 g7 1 58 0.319464 0.27366 0
g7 1 70 g7 1 71 0.324084 0.163192 0
g7 1 94 g7 1 77 0.425418 0.234385 0
g7 1 61 g7 1 55 0.286781 0.305223 0
g7 1 64 g7 1 63 0.297576 0.253362 0
g7 1 82 g7 1 87 0.374155 0.161789 0
g7 1 117 g7 1 88 0.528795 0.307909 0
g7 1 108 g7 1 101 0.488598 0.245434 0
g7 1 103 g7 1 70 0.465944 0.375397 0
g7 1 102 g7 1 101 0.460777 0.222327 0
g7 1 89 g7 1 69 0.403882 0.232672 0
g7 1 97 g7 1 92 0.439943 0.157676 0
g7 1 81 g7 1 91 0.370767 0.204566 0
g7 1 90 g7 1 92 0.409152 0.152347 0
g7 1 86 g7 1 89 0.391229 0.186012 0
g7 1 91 g7 1 92 0.414335 0.167741 0
