g1 2 22 g6 2 30 0.065972 0.169768 1
g1 2 21 g6 2 32 0.067791 0.182766 1
g1 2 25 g6 2 23 0.072417 0.142628 1
g1 2 40 g1 2 22 0.11413 0.122917 1
g1 2 31 g2 2 15 0.08599 0.192795 1
g1 2 27 g1 2 23 0.076674 0.153719 1
g1 2 29 g1 2 26 0.081754 0.127131 1
g1 2 18 g1 2 25 0.058633 0.11378 1
g1 2 22 g1 2 25 0.066773 0.13298 1
g1 2 26 g1 2 23 0.074426 0.159024 1
g1 2 19 g1 2 20 0.059835 0.140108 1
g1 2 24 g1 2 20 0.07017 0.1084 1
g1 2 23 g1 2 23 0.068156 0.0709912 1
g1 2 23 g1 2 23 0.068068 0.124063 1
g1 2 26 g1 2 26 0.074462 0.0804248 1
g1 2 52 g6 2 36 0.125336 0.200435 1
g1 2 24 g1 2 20 0.070367 0.0998263 1
g1 2 35 g6 2 34 0.098202 0.203915 1
g1 2 18 g6 2 29 0.057709 0.130181 1
g1 2 22 g6 2 32 0.066188 0.189666 1
g1 2 19 g6 2 30 0.060155 0.141693 1
g1 2 26 g6 2 28 0.074577 0.162342 1
g1 2 20 g2 2 15 0.061809 0.191332 1
g1 2 22 g1 2 17 0.065838 0.0826369 1
g1 2 21 g1 2 18 0.063472 0.0905276 1
g1 2 30 g1 2 27 0.083023 0.133558 1
g1 2 28 g1 2 24 0.079339 0.151798 1
g1 2 37 g1 2 24 0.099232 0.252167 1
g1 2 27 g1 2 22 0.076606 0.202364 1
g1 2 27 g1 2 35 0.076322 0.106825 1
g1 2 21 g1 2 23 0.064111 0.0890126 1
g1 2 21 g1 2 22 0.064173 0.16291 1
g1 2 17 g1 2 24 0.055705 0.0803424 1
g1 2 26 g1 2 23 0.073969 0.224511 1
g1 2 21 g1 2 27 0.06377 0.239584 1
g1 2 22 g1 2 22 0.066272 0.156561 1
g1 2 28 g1 2 22 0.078385 0.164012 1
g1 2 22 g1 2 22 0.065772 0.158704 1
g1 2 20 g1 2 21 0.062023 0.163986 1
g1 2 21 g1 2 22 0.065058 0.127 1
g1 2 24 g1 2 24 0.070282 0.157281 1
g1 2 26 g1 2 26 0.074629 0.208272 1
g1 2 21 g1 2 23 0.063991 0.184014 1
g1 2 22 g1 2 22 0.066008 0.171721 1
g1 2 26 g1 2 22 0.074505 0.166915 1
g1 2 19 g1 2 26 0.059793 0.235 1
g1 2 24 g6 2 34 0.06987 0.18875 1
g1 2 26 g6 2 32 0.074233 0.197104 1
g1 2 20 g6 2 35 0.062169 0.172626 1
g1 2 25 g6 2 37 0.072269 0.129048 1
g1 2 35 g2 2 15 0.096364 0.221742 1
g1 2 23 g6 2 23 0.068374 0.151302 1
g1 2 31 g2 2 15 0.084995 0.17079 1
g1 2 20 g1 2 16 0.062153 0.074766 1
g1 2 18 g1 2 16 0.057979 0.0666175 1
g1 2 14 g1 2 16 0.050452 0.097091 1
g1 2 14 g1 2 14 0.04975 0.0732514 1
g1 2 15 g1 2 15 0.052234 0.0769861 1
g1 2 15 g1 2 15 0.051868 0.0601426 1
g1 2 17 g1 2 16 0.055982 0.0660645 1
g1 2 14 g1 2 15 0.049716 0.111548 1
g2 2 13 g2 2 12 0.048961 0.104895 1
g2 2 13 g2 2 12 0.048419 0.100152 1
g2 2 15 g2 2 15 0.05184 0.181384 1
g2 2 12 g2 2 12 0.046173 0.149102 1
g2 2 13 g2 2 12 0.048678 0.151942 1
g2 2 11 g2 2 15 0.043296 0.165786 1
g2 2 12 g2 2 12 0.045783 0.125499 1
g2 2 13 g2 2 12 0.048726 0.10506 1
g2 2 13 g2 2 12 0.048792 0.16345 1
g2 2 27 g2 2 24 0.077042 0.131999 1
g2 2 14 g2 2 12 0.050107 0.107382 1
g2 2 13 g2 2 12 0.048655 0.106109 1
g2 2 13 g2 2 12 0.048692 0.120002 1
g2 2 14 g2 2 12 0.050489 0.127057 1
g2 2 14 g2 2 12 0.050304 0.180586 1
g2 2 13 g2 2 12 0.048749 0.142003 1
g2 2 10 g2 2 15 0.041872 0.257722 1
g2 2 13 g2 2 12 0.048631 0.0980197 1
g2 2 14 g2 2 12 0.050235 0.105194 1
g2 2 13 g2 2 12 0.048745 0.161468 1
g2 2 14 g2 2 12 0.050378 0.143054 1
g2 2 14 g2 2 12 0.050443 0.214652 1
g2 2 12 g2 2 12 0.045951 0.142436 1
g2 2 15 g2 2 12 0.052215 0.101405 1
g2 2 16 g2 2 15 0.053974 0.171857 1
g2 2 13 g2 2 12 0.048466 0.160181 1
g2 2 13 g2 2 15 0.048326 0.242999 1
g2 2 14 g2 2 12 0.050312 0.163168 1
g2 2 16 g2 2 12 0.05466 0.134649 1
g2 2 29 g2 2 26 0.081571 0.119545 1
g2 2 26 g2 2 25 0.074854 0.152066 1
g2 2 27 g2 2 24 0.077675 0.135915 1
g2 2 23 g1 2 21 0.06872 0.27101 1
g2 2 18 g2 2 20 0.058713 0.108109 1
g2 2 20 g2 2 19 0.061799 0.111781 1
g2 2 30 g2 2 27 0.085353 0.124809 1
g2 2 21 g2 2 22 0.064048 0.0915402 1
g2 2 18 g2 2 21 0.058207 0.09341 1
g2 2 17 g2 2 19 0.056024 0.0936848 1
g2 2 19 g2 2 19 0.058458 0.0877324 1
g2 2 18 g2 2 19 0.059594 0.0914348 1
g2 2 19 g2 2 19 0.059756 0.0712885 1
g2 2 17 g2 2 19 0.057514 0.114198 1
g2 2 20 g2 2 19 0.062058 0.073588 1
g2 2 20 g2 2 19 0.062095 0.0967156 1
g2 2 23 g2 2 21 0.068057 0.144163 1
g2 2 15 g2 2 20 0.052588 0.130696 1
g2 2 20 g2 2 19 0.061849 0.0832217 1
g2 2 40 g2 2 26 0.107451 0.163425 1
g2 2 20 g2 2 20 0.062093 0.0960384 1
g2 2 25 g2 2 21 0.072099 0.0813563 1
g2 2 25 g1 2 29 0.072353 0.220425 1
g2 2 19 g2 2 19 0.059707 0.112486 1
g2 2 17 g2 2 21 0.05759 0.097333 1
g2 2 22 g1 2 31 0.065278 0.122122 1
g2 2 20 g2 2 21 0.061911 0.107351 1
g2 2 24 g1 2 25 0.069644 0.197976 1
g2 2 22 g2 2 26 0.066308 0.120047 1
g2 2 19 g2 2 27 0.059868 0.119208 1
g2 2 27 g2 2 26 0.07695 0.118647 1
g2 2 17 g2 2 19 0.055865 0.100057 1
g2 2 19 g1 2 28 0.060269 0.292518 1
g2 2 28 g2 2 23 0.079644 0.166886 1
g2 2 14 g2 2 12 0.050089 0.14921 1
g2 2 12 g2 2 12 0.046146 0.119037 1
g2 2 13 g2 2 12 0.048768 0.0842657 1
g3 1 34 g3 1 44 0.095999 0.317284 1
g3 1 33 g3 1 46 0.091963 0.219336 1
g3 1 47 g3 1 40 0.122813 0.300735 1
g3 1 50 g3 1 38 0.131014 0.292126 1
g3 1 53 g1 2 28 0.134718 0.394027 1
g3 1 47 g3 1 35 0.125235 0.254261 1
g3 1 45 g3 1 35 0.119096 0.283474 1
g3 1 45 g3 1 39 0.120233 0.271269 1
g3 1 42 g3 1 62 0.113248 0.270819 1
g3 1 41 g3 1 44 0.11231 0.289394 1
g3 1 42 g3 1 55 0.1121 0.278039 1
g3 1 45 g3 1 46 0.11866 0.244614 1
g3 1 44 g3 1 41 0.116334 0.235877 1
g3 1 45 g3 1 58 0.120048 0.252537 1
g3 1 42 g3 1 38 0.112925 0.493665 0
g3 1 42 g3 1 40 0.112656 0.203043 1
g3 1 39 g3 1 40 0.106187 0.203044 1
g3 1 54 g1 2 24 0.143128 0.362888 1
g3 1 46 g3 1 39 0.121908 0.241867 1
g3 1 46 g3 1 40 0.122475 0.209648 1
g3 1 48 g3 1 45 0.127666 0.216754 1
g3 1 46 g3 1 55 0.122506 0.223339 1
g3 1 44 g3 1 39 0.117281 0.239907 1
g3 1 41 g3 1 35 0.111964 0.247535 1
g3 1 45 g3 1 40 0.119917 0.311268 1
g3 1 42 g3 1 36 0.112316 0.292783 1
g3 1 48 g3 1 55 0.127625 0.300204 1
g3 1 64 g3 1 40 0.163519 0.285783 1
g3 1 56 g3 1 36 0.145905 0.289882 1
g3 1 48 g3 1 37 0.125433 0.198829 1
g3 1 55 g3 1 58 0.143418 0.224211 1
g3 1 51 g3 1 39 0.134291 0.271578 1
g3 1 47 g3 1 38 0.123716 0.215558 1
g3 1 49 g3 1 40 0.129485 0.234342 1
g3 1 50 g3 1 45 0.129778 0.252466 1
g3 1 48 g3 1 57 0.125694 0.27381 1
g3 1 49 g3 1 30 0.129475 0.323088 1
g3 1 57 g3 1 67 0.145809 0.266969 1
g3 1 59 g3 1 67 0.149631 0.253434 1
g3 1 44 g3 1 41 0.118147 0.369473 0
g3 1 26 g3 1 45 0.087558 0.815193 0
g3 1 47 g3 1 42 0.125408 0.286109 1
g3 1 40 g3 1 37 0.109422 0.220951 1
g3 1 38 g3 1 39 0.102071 0.198995 1
g3 1 40 g3 1 40 0.106037 0.222099 1
g3 1 42 g3 1 45 0.111086 0.299045 1
g3 1 37 g3 1 36 0.100424 0.333865 1
g3 1 41 g3 1 40 0.111609 0.166086 1
g3 1 38 g3 1 35 0.104629 0.213044 1
g3 1 37 g3 1 45 0.101727 0.298428 1
g3 1 41 g3 1 45 0.109837 0.255173 1
g4 2 35 g4 2 29 0.095748 0.200981 1
g4 2 35 g4 2 40 0.095973 0.074868 1
g4 2 42 g4 2 43 0.111887 0.165537 1
g4 2 42 g4 2 40 0.111833 0.165293 1
g4 2 39 g4 2 44 0.105014 0.123519 1
g4 2 40 g4 2 49 0.10807 0.144795 1
g4 2 48 g3 1 42 0.127982 0.263518 1
g4 2 40 g4 2 40 0.107685 0.163291 1
g4 2 47 g4 2 46 0.123666 0.155578 1
g4 2 45 g4 2 47 0.119174 0.164294 1
g4 2 44 g4 2 44 0.116426 0.139688 1
g4 2 46 g4 2 49 0.121405 0.115756 1
g4 2 50 g4 2 49 0.131632 0.0830325 1
g4 2 43 g4 2 29 0.114373 0.121298 1
g4 2 28 g4 2 31 0.078297 0.135106 1
g4 2 29 g4 2 28 0.08069 0.0741795 1
g4 2 28 g4 2 27 0.078472 0.0812595 1
g4 2 31 g4 2 32 0.085659 0.148538 1
g4 2 29 g4 2 31 0.080386 0.10039 1
g4 2 32 g4 2 32 0.088576 0.113248 1
g4 2 33 g4 2 38 0.09129 0.0895119 1
g4 2 34 g4 2 30 0.093538 0.105078 1
g4 2 38 g4 2 46 0.102497 0.154445 1
g4 2 28 g4 2 30 0.078446 0.111214 1
g4 2 35 g4 2 33 0.096237 0.0928454 1
g4 2 35 g4 2 35 0.096626 0.054118 1
g4 2 39 g4 2 34 0.104901 0.0895005 1
g4 2 39 g4 2 41 0.104873 0.110703 1
g4 2 44 g4 2 30 0.115906 0.100345 1
g4 2 44 g4 2 32 0.115901 0.109677 1
g4 2 29 g4 2 35 0.080377 0.0896642 1
g4 2 29 g4 2 31 0.081061 0.0966102 1
g4 2 31 g4 2 32 0.085759 0.0844094 1
g4 2 32 g4 2 32 0.088339 0.129553 1
g4 2 43 g4 2 32 0.113911 0.104682 1
g4 2 40 g4 2 32 0.107354 0.189227 1
g4 2 44 g4 2 39 0.117185 0.150614 1
g4 2 31 g4 2 30 0.085805 0.0719758 1
g4 2 43 g4 2 39 0.114149 0.100572 1
g4 2 48 g4 2 39 0.126463 0.11545 1
g4 2 39 g4 2 40 0.10526 0.0739062 1
g4 2 43 g4 2 30 0.113258 0.099075 1
g5 2 41 g5 2 48 0.111262 0.0936454 1
g5 2 43 g5 2 42 0.114775 0.0802734 1
g5 2 42 g5 2 50 0.113881 0.110121 1
g5 2 40 g5 2 50 0.108577 0.126498 1
g5 2 34 g5 2 48 0.094843 0.167191 1
g5 2 40 g5 2 48 0.109414 0.10047 1
g5 2 39 g4 2 32 0.105956 0.19223 1
g5 2 44 g5 2 48 0.11786 0.179595 1
g5 2 38 g5 2 49 0.103941 0.208098 1
g5 2 31 g5 2 30 0.086383 0.119656 1
g5 2 33 g5 2 33 0.092767 0.123368 1
g5 2 39 g5 2 33 0.106085 0.114927 1
g5 2 32 g5 2 40 0.089318 0.147538 1
g5 2 34 g4 2 29 0.09442 0.192093 1
g5 2 41 g5 2 49 0.110878 0.168088 1
g5 2 37 g5 2 33 0.100429 0.206707 1
g5 2 36 g5 2 49 0.098999 0.176142 1
g5 2 33 g5 2 33 0.091927 0.183825 1
g5 2 36 g5 2 49 0.098982 0.169152 1
g5 2 36 g4 2 29 0.098717 0.176426 1
g5 2 37 g5 2 49 0.101366 0.142442 1
g5 2 36 g4 2 29 0.098657 0.174111 1
g5 2 37 g4 2 29 0.100968 0.209175 1
g5 2 36 g5 2 48 0.0997 0.172507 1
g5 2 39 g5 2 48 0.106159 0.13397 1
g5 2 39 g5 2 52 0.105821 0.154602 1
g5 2 37 g4 2 29 0.101131 0.149926 1
g5 2 37 g5 2 52 0.100911 0.168346 1
g5 2 38 g5 2 49 0.103361 0.216505 1
g5 2 38 g5 2 48 0.103804 0.163797 1
g5 2 36 g4 2 32 0.098675 0.192569 1
g5 2 37 g5 2 48 0.101587 0.131962 1
g5 2 35 g5 2 47 0.096671 0.142198 1
g5 2 37 g5 2 48 0.102743 0.14226 1
g5 2 37 g5 2 47 0.101355 0.144625 1
g5 2 41 g5 2 47 0.111002 0.101672 1
g5 2 53 g5 2 49 0.137779 0.12125 1
g5 2 38 g5 2 47 0.104386 0.0936596 1
g5 2 45 g5 2 50 0.119243 0.0808529 1
g5 2 45 g5 2 47 0.121197 0.120769 1
g5 2 48 g5 2 57 0.127868 0.133671 1
g5 2 45 g5 2 57 0.1213 0.0969753 1
g5 2 45 g5 2 52 0.121545 0.102699 1
g5 2 48 g5 2 49 0.127378 0.0952967 1
g5 2 45 g5 2 50 0.120671 0.0759647 1
g6 2 38 g6 2 36 0.102081 0.0832649 1
g6 2 37 g6 2 36 0.101899 0.0919877 1
g6 2 40 g6 2 32 0.105737 0.104036 1
g6 2 39 g6 2 32 0.104512 0.177701 1
g6 2 33 g6 2 36 0.091405 0.0739164 1
g6 2 32 g6 2 38 0.088582 0.121687 1
g6 2 35 g6 2 36 0.096481 0.0944504 1
g6 2 36 g6 2 36 0.09745 0.131658 1
g6 2 34 g6 2 36 0.093082 0.102656 1
g6 2 30 g6 2 36 0.083235 0.105279 1
g6 2 37 g6 2 35 0.099996 0.14888 1
g6 2 40 g6 2 57 0.107173 0.0781961 1
g6 2 39 g6 2 39 0.104955 0.0718683 1
g6 2 29 g6 2 36 0.080921 0.12352 1
g6 2 34 g6 2 39 0.093803 0.164024 1
g6 2 39 g6 2 37 0.104761 0.0867312 1
g6 2 33 g6 2 36 0.091934 0.0986273 1
g6 2 41 g6 2 37 0.109443 0.0893568 1
g6 2 34 g6 2 36 0.093579 0.0844872 1
g6 2 33 g6 2 36 0.091192 0.141988 1
g6 2 39 g6 2 36 0.104461 0.0943078 1
g6 2 54 g6 2 36 0.138858 0.153552 1
g6 2 36 g6 2 37 0.098225 0.100885 1
g6 2 32 g6 2 37 0.088624 0.123474 1
g6 2 34 g6 2 36 0.093519 0.119653 1
g6 2 33 g6 2 32 0.091136 0.235521 1
g6 2 42 g6 2 36 0.111425 0.113696 1
g6 2 33 g6 2 36 0.091598 0.0889257 1
g6 2 33 g6 2 36 0.090964 0.0953035 1
g6 2 27 g6 2 31 0.076301 0.105149 1
g6 2 30 g6 2 32 0.083225 0.0827278 1
g6 2 31 g6 2 32 0.085469 0.112569 1
g6 2 49 g6 2 45 0.128327 0.369142 1
g6 2 37 g1 2 27 0.100993 0.24954 1
g6 2 30 g6 2 31 0.083094 0.0481761 1
g6 2 31 g6 2 33 0.085039 0.0835578 1
g6 2 33 g6 2 33 0.092031 0.0749726 1
g6 2 31 g6 2 33 0.086106 0.0741513 1
g6 2 35 g6 2 34 0.096201 0.0786984 1
g6 2 37 g6 2 35 0.100141 0.0650936 1
g6 2 35 g6 2 42 0.096095 0.094644 1
g7 1 35 g7 1 42 0.097945 0.274072 1
g7 1 32 g7 1 40 0.088503 0.213871 1
g7 1 35 g7 1 37 0.096184 0.314541 1
g7 1 36 g7 1 50 0.099051 0.156651 1
g7 1 38 g7 1 32 0.102675 0.283299 1
g7 1 39 g7 1 50 0.106571 0.199292 1
g7 1 32 g7 1 39 0.089402 0.269915 1
g7 1 33 g7 1 34 0.094132 0.128595 1
g7 1 25 g7 1 29 0.072807 0.23025 1
g7 1 30 g3 1 38 0.085381 0.404612 0
g7 1 32 g7 1 31 0.089853 0.224395 1
g7 1 34 g7 1 32 0.094858 0.163102 1
g7 1 34 g7 1 37 0.093282 0.212897 1
g7 1 32 g7 1 27 0.087219 0.175722 1
g7 1 27 g7 1 27 0.075997 0.223942 1
g7 1 31 g7 1 29 0.085565 0.174304 1
g7 1 31 g7 1 26 0.086355 0.169538 1
g7 1 28 g7 1 30 0.07864 0.216126 1
g7 1 29 g7 1 27 0.080612 0.234621 1
g7 1 29 g7 1 26 0.082659 0.163887 1
g7 1 29 g7 1 30 0.082551 0.201632 1
g7 1 25 g7 1 25 0.074268 0.0634586 1
g7 1 37 g1 2 15 0.100716 0.530052 0
g7 1 33 g7 1 33 0.091003 0.236254 1
g7 1 43 g7 1 26 0.114092 0.325197 1
g7 1 35 g7 1 46 0.094989 0.348845 1
g7 1 32 g2 2 21 0.088206 0.420181 0
g7 1 36 g7 1 35 0.09783 0.16725 1
g7 1 33 g1 2 15 0.092939 0.551134 0
g7 1 34 g7 1 36 0.092547 0.358404 1
g7 1 34 g7 1 34 0.093928 0.230783 1
g7 1 42 g7 1 45 0.11186 0.299935 1
g7 1 37 g7 1 41 0.101506 0.295442 1
g7 1 38 g7 1 33 0.104028 0.215944 1
g7 1 44 g7 1 31 0.116678 0.208828 1
g7 1 66 g7 1 41 0.161357 0.282145 1
g7 1 32 g7 1 37 0.088939 0.24747 1
g7 1 33 g7 1 48 0.091235 0.259356 1
g7 1 37 g7 1 41 0.102547 0.258088 1
g7 1 38 g7 1 37 0.102702 0.234551 1
g7 1 43 g7 1 39 0.115339 0.261738 1
g7 1 46 g7 1 43 0.124055 0.186543 1
g7 1 30 g7 1 31 0.083188 0.263501 1
g7 1 48 g7 1 38 0.127923 0.179544 1
g7 1 19 g7 1 34 0.059742 0.362941 1
g7 1 33 g7 1 49 0.092803 0.362298 1
g7 1 34 g7 1 32 0.095573 0.154278 1
g7 1 34 g7 1 29 0.095316 0.281279 1
g7 1 35 g7 1 29 0.096542 0.218815 1
g7 1 47 g7 1 39 0.124266 0.239458 1
g7 1 31 g7 1 27 0.086278 0.320248 1
g7 1 31 g7 1 31 0.086895 0.258225 1
g7 1 40 g7 1 43 0.108696 0.168175 1
g7 1 59 g7 1 43 0.154071 0.298299 1
g7 1 54 g7 1 50 0.14105 0.245747 1
g7 1 52 g7 1 35 0.136048 0.381369 1
g7 1 51 g7 1 50 0.134211 0.22973 1
g7 1 33 g7 1 33 0.105765 0.226786 1
g7 1 49 g7 1 46 0.129867 0.164696 1
g7 1 41 g7 1 45 0.109426 0.208928 1
g7 1 45 g7 1 46 0.118853 0.158187 1
g7 1 43 g7 1 43 0.114487 0.191376 1
g7 1 45 g7 1 46 0.120429 0.173496 1
