g1 2 44 g6 2 60 0.215139 0.160914 1
g1 2 42 g6 2 64 0.207889 0.172727 1
g1 2 50 g6 2 48 0.240185 0.125289 1
g1 2 100 g1 2 43 0.449678 0.129417 1
g1 2 61 g2 2 30 0.288722 0.183151 1
g1 2 54 g1 2 46 0.256084 0.142534 1
g1 2 58 g1 2 46 0.273343 0.113158 1
g1 2 35 g1 2 50 0.180215 0.0970448 1
g1 2 44 g1 2 40 0.21563 0.122193 1
g1 2 52 g1 2 46 0.248251 0.153201 1
g1 2 37 g1 2 40 0.187976 0.117398 1
g1 2 48 g1 2 40 0.23168 0.0942005 1
g1 2 46 g1 2 46 0.222961 0.0653767 1
g1 2 45 g1 2 44 0.219471 0.0742529 1
g1 2 51 g1 2 46 0.242959 0.0742867 1
g1 2 109 g6 2 71 0.486933 0.199637 1
g1 2 47 g1 2 40 0.22799 0.0893916 1
g1 2 69 g6 2 68 0.317179 0.192761 1
g1 2 35 g6 2 69 0.180106 0.134836 1
g1 2 44 g6 2 64 0.215684 0.180735 1
g1 2 37 g6 2 49 0.187203 0.127242 1
g1 2 52 g6 2 55 0.248223 0.15502 1
g1 2 40 g2 2 45 0.200053 0.175992 1
g1 2 43 g1 2 36 0.211412 0.0701902 1
g1 2 41 g1 2 36 0.203368 0.0729246 1
g1 2 59 g1 2 54 0.276759 0.125942 1
g1 2 56 g1 2 47 0.263448 0.139616 1
g1 2 73 g1 2 47 0.334619 0.242762 1
g1 2 53 g1 2 43 0.251648 0.194021 1
g1 2 54 g1 2 69 0.256406 0.100994 1
g1 2 41 g1 2 46 0.203509 0.0782365 1
g1 2 42 g1 2 43 0.207781 0.156364 1
g1 2 33 g1 2 48 0.172156 0.0612619 1
g1 2 51 g1 2 52 0.243248 0.197634 1
g1 2 41 g1 2 54 0.204623 0.226619 1
g1 2 44 g1 2 43 0.215586 0.145674 1
g1 2 55 g1 2 43 0.260721 0.154799 1
g1 2 44 g1 2 43 0.215753 0.14882 1
g1 2 39 g1 2 41 0.195159 0.156408 1
g1 2 41 g1 2 43 0.204326 0.113863 1
g1 2 47 g1 2 48 0.229155 0.148519 1
g1 2 51 g1 2 52 0.242828 0.204624 1
g1 2 42 g1 2 43 0.207783 0.206752 1
g1 2 44 g1 2 43 0.216203 0.166897 1
g1 2 51 g1 2 43 0.243714 0.152267 1
g1 2 38 g1 2 52 0.192009 0.225632 1
g1 2 48 g6 2 67 0.23189 0.191866 1
g1 2 51 g6 2 63 0.243287 0.186925 1
g1 2 39 g6 2 70 0.196262 0.163582 1
g1 2 50 g6 2 64 0.239582 0.123351 1
g1 2 70 g2 2 30 0.323978 0.211961 1
g1 2 46 g6 2 48 0.224566 0.140177 1
g1 2 62 g2 2 30 0.29022 0.158839 1
g1 2 40 g1 2 30 0.199355 0.104996 1
g1 2 36 g1 2 32 0.183301 0.0552752 1
g1 2 27 g1 2 30 0.144977 0.0717766 1
g1 2 27 g1 2 27 0.145888 0.0584145 1
g1 2 29 g1 2 30 0.15323 0.0570191 1
g1 2 29 g1 2 29 0.152922 0.0497548 1
g1 2 34 g1 2 32 0.177074 0.0552609 1
g1 2 27 g1 2 27 0.145084 0.0585002 1
g2 2 26 g2 2 24 0.140883 0.080774 1
g2 2 26 g2 2 24 0.140707 0.0829627 1
g2 2 29 g2 2 30 0.152568 0.150494 1
g2 2 24 g2 2 24 0.134114 0.147788 1
g2 2 25 g2 2 24 0.137301 0.131777 1
g2 2 21 g2 2 30 0.12797 0.144918 1
g2 2 24 g2 2 24 0.136895 0.121557 1
g2 2 25 g2 2 24 0.137311 0.0897749 1
g2 2 26 g2 2 24 0.140759 0.147597 1
g2 2 53 g2 2 48 0.254203 0.12162 1
g2 2 27 g2 2 24 0.149357 0.0821964 1
g2 2 26 g2 2 24 0.15314 0.0848221 1
g2 2 26 g2 2 24 0.161111 0.105094 1
g2 2 27 g2 2 24 0.148915 0.108519 1
g2 2 28 g2 2 24 0.148757 0.168705 1
g2 2 25 g2 2 24 0.137363 0.128441 1
g2 2 19 g2 2 30 0.112787 0.230905 1
g2 2 25 g2 2 24 0.136973 0.0748435 1
g2 2 27 g2 2 24 0.145039 0.0862481 1
g2 2 25 g2 2 24 0.136614 0.132325 1
g2 2 28 g2 2 24 0.148742 0.127187 1
g2 2 28 g2 2 24 0.148848 0.202375 1
g2 2 24 g2 2 24 0.133127 0.140708 1
g2 2 29 g2 2 24 0.153004 0.0773327 1
g2 2 31 g2 2 30 0.160628 0.157309 1
g2 2 26 g2 2 24 0.141688 0.142029 1
g2 2 25 g2 2 30 0.136211 0.218193 1
g2 2 28 g2 2 24 0.148528 0.144577 1
g2 2 32 g2 2 24 0.166806 0.120105 1
g2 2 57 g2 2 51 0.269011 0.113447 1
g2 2 52 g1 2 29 0.248854 0.207128 1
g2 2 53 g2 2 48 0.254768 0.113228 1
g2 2 46 g1 2 41 0.224064 0.255285 1
g2 2 36 g2 2 40 0.183886 0.0945646 1
g2 2 40 g2 2 37 0.200409 0.0997305 1
g2 2 62 g2 2 51 0.290361 0.105391 1
g2 2 41 g2 2 37 0.204175 0.0860249 1
g2 2 35 g2 2 42 0.180425 0.0785681 1
g2 2 34 g2 2 37 0.176155 0.0735559 1
g2 2 37 g2 2 42 0.189031 0.0676064 1
g2 2 37 g2 2 37 0.188226 0.0543996 1
g2 2 39 g2 2 37 0.197012 0.0563116 1
g2 2 37 g2 2 37 0.188836 0.0944887 1
g2 2 39 g2 2 37 0.196995 0.0661056 1
g2 2 40 g2 2 42 0.200934 0.0699725 1
g2 2 45 g2 2 42 0.219777 0.125056 1
g2 2 29 g2 2 40 0.153005 0.117702 1
g2 2 40 g2 2 37 0.199672 0.0587943 1
g2 2 82 g2 2 51 0.377021 0.159875 1
g2 2 39 g2 2 40 0.205872 0.0776896 1
g2 2 50 g2 2 42 0.23958 0.0686868 1
g2 2 50 g1 2 48 0.239161 0.208267 1
g2 2 38 g2 2 37 0.191643 0.097143 1
g2 2 35 g2 2 42 0.179775 0.0715669 1
g2 2 43 g1 2 62 0.212607 0.112596 1
g2 2 39 g2 2 42 0.195552 0.0883543 1
g2 2 47 g1 2 50 0.22763 0.190312 1
g2 2 44 g2 2 51 0.215827 0.108911 1
g2 2 38 g2 2 54 0.191481 0.10608 1
g2 2 54 g2 2 51 0.256951 0.109573 1
g2 2 33 g2 2 37 0.17234 0.083846 1
g2 2 38 g1 2 55 0.192286 0.278588 1
g2 2 56 g2 2 46 0.264363 0.160661 1
g2 2 27 g2 2 24 0.145382 0.129458 1
g2 2 24 g2 2 24 0.133247 0.118578 1
g2 2 26 g2 2 24 0.140851 0.0644475 1
g3 1 69 g3 1 72 0.320469 0.316273 1
g3 1 66 g3 1 82 0.307434 0.190213 1
g3 1 93 g3 1 79 0.421513 0.296692 1
g3 1 100 g3 1 71 0.450594 0.236355 1
g3 1 105 g1 2 55 0.475842 0.423074 1
g3 1 94 g3 1 71 0.426352 0.254154 1
g3 1 89 g3 1 70 0.406248 0.276936 1
g3 1 91 g3 1 80 0.414068 0.273393 1
g3 1 84 g3 1 85 0.383652 0.278647 1
g3 1 85 g3 1 90 0.386732 0.283675 1
g3 1 86 g3 1 104 0.391942 0.250977 1
g3 1 90 g3 1 79 0.408488 0.20536 1
g3 1 90 g3 1 84 0.410335 0.23957 1
g3 1 90 g3 1 125 0.411315 0.213121 1
g3 1 88 g3 1 76 0.39983 0.475727 0
g3 1 84 g3 1 72 0.38476 0.242721 1
g3 1 78 g3 1 79 0.358301 0.195477 1
g3 1 111 g1 2 47 0.501465 0.354061 1
g3 1 93 g3 1 80 0.422597 0.243617 1
g3 1 93 g3 1 83 0.425222 0.208777 1
g3 1 97 g3 1 89 0.439496 0.214353 1
g3 1 91 g3 1 112 0.416381 0.215496 1
g3 1 90 g3 1 80 0.409549 0.237226 1
g3 1 83 g3 1 71 0.379272 0.250708 1
g3 1 89 g3 1 79 0.406064 0.300822 1
g3 1 86 g3 1 75 0.3904 0.281679 1
g3 1 97 g3 1 110 0.43881 0.295255 1
g3 1 130 g3 1 82 0.582398 0.284261 1
g3 1 112 g3 1 87 0.50699 0.287481 1
g3 1 95 g3 1 78 0.430816 0.19328 1
g3 1 109 g3 1 118 0.492438 0.217483 1
g3 1 102 g3 1 80 0.459049 0.268437 1
g3 1 95 g3 1 76 0.429973 0.211657 1
g3 1 98 g3 1 83 0.444745 0.232041 1
g3 1 99 g3 1 89 0.450685 0.239975 1
g3 1 96 g3 1 81 0.437317 0.262869 1
g3 1 100 g7 1 75 0.453395 0.43396 1
g3 1 113 g3 1 138 0.508234 0.259061 1
g3 1 118 g3 1 138 0.531665 0.252984 1
g3 1 90 g3 1 82 0.407452 0.368885 0
g3 1 74 g3 1 66 0.338948 0.834601 0
g3 1 95 g3 1 83 0.431613 0.274813 1
g3 1 83 g3 1 77 0.379255 0.211947 1
g3 1 75 g3 1 78 0.344002 0.188616 1
g3 1 79 g3 1 79 0.360685 0.209933 1
g3 1 84 g3 1 89 0.381906 0.288825 1
g3 1 75 g3 1 75 0.343443 0.323432 1
g3 1 83 g3 1 82 0.377892 0.167859 1
g3 1 77 g3 1 72 0.352507 0.214258 1
g3 1 76 g3 1 89 0.348997 0.294233 1
g3 1 82 g3 1 89 0.374197 0.248577 1
g4 2 69 g4 2 57 0.318187 0.191123 1
g4 2 69 g4 2 80 0.31949 0.0660167 1
g4 2 84 g4 2 85 0.383117 0.161414 1
g4 2 83 g4 2 80 0.377545 0.161243 1
g4 2 78 g4 2 88 0.356353 0.117795 1
g4 2 79 g4 2 97 0.36177 0.13937 1
g4 2 98 g3 1 87 0.443712 0.254056 1
g4 2 79 g4 2 80 0.361232 0.157149 1
g4 2 93 g4 2 92 0.423114 0.149584 1
g4 2 91 g4 2 93 0.411912 0.163987 1
g4 2 87 g4 2 88 0.397856 0.135221 1
g4 2 92 g4 2 97 0.418171 0.111199 1
g4 2 100 g4 2 99 0.451548 0.0772027 1
g4 2 87 g4 2 53 0.395525 0.0994266 1
g4 2 55 g4 2 65 0.259295 0.116808 1
g4 2 58 g4 2 55 0.273079 0.0715552 1
g4 2 55 g4 2 53 0.260353 0.0751592 1
g4 2 61 g4 2 64 0.283845 0.142849 1
g4 2 57 g4 2 62 0.267923 0.0996441 1
g4 2 63 g4 2 64 0.293291 0.105019 1
g4 2 65 g4 2 76 0.302162 0.0836168 1
g4 2 67 g4 2 76 0.309912 0.0981991 1
g4 2 75 g4 2 93 0.34256 0.148781 1
g4 2 55 g4 2 60 0.259452 0.103583 1
g4 2 70 g4 2 65 0.325464 0.0884289 1
g4 2 70 g4 2 70 0.325233 0.0475186 1
g4 2 78 g4 2 68 0.356236 0.0850483 1
g4 2 77 g4 2 81 0.352075 0.108874 1
g4 2 90 g4 2 60 0.405695 0.0948221 1
g4 2 88 g4 2 64 0.398339 0.103041 1
g4 2 57 g4 2 70 0.268821 0.0813742 1
g4 2 57 g4 2 61 0.272062 0.0911389 1
g4 2 61 g4 2 64 0.292156 0.0745925 1
g4 2 64 g4 2 64 0.298013 0.125211 1
g4 2 85 g4 2 64 0.388821 0.0978542 1
g4 2 80 g4 2 64 0.366619 0.184858 1
g4 2 87 g4 2 77 0.403215 0.144483 1
g4 2 62 g4 2 60 0.296159 0.0668608 1
g4 2 86 g4 2 77 0.396003 0.0981559 1
g4 2 98 g4 2 77 0.441979 0.10866 1
g4 2 78 g4 2 80 0.356922 0.0673156 1
g4 2 86 g4 2 60 0.390411 0.0945725 1
g5 2 82 g5 2 92 0.384226 0.0888844 1
g5 2 85 g5 2 83 0.390141 0.0766654 1
g5 2 83 g5 2 99 0.38339 0.104034 1
g5 2 80 g5 2 99 0.367489 0.115317 1
g5 2 67 g5 2 96 0.313172 0.158796 1
g5 2 79 g5 2 96 0.365577 0.0914223 1
g5 2 78 g4 2 63 0.358664 0.186761 1
g5 2 87 g5 2 96 0.399172 0.173141 1
g5 2 76 g5 2 98 0.351073 0.205094 1
g5 2 62 g5 2 60 0.290854 0.115852 1
g5 2 66 g5 2 66 0.307989 0.116191 1
g5 2 78 g5 2 66 0.357907 0.107979 1
g5 2 64 g5 2 80 0.299679 0.141213 1
g5 2 67 g4 2 58 0.311324 0.184074 1
g5 2 81 g5 2 98 0.371583 0.160284 1
g5 2 74 g5 2 66 0.341183 0.202666 1
g5 2 71 g5 2 98 0.328787 0.170467 1
g5 2 66 g5 2 66 0.308086 0.177696 1
g5 2 71 g5 2 98 0.329266 0.163221 1
g5 2 71 g4 2 57 0.328519 0.167461 1
g5 2 73 g5 2 97 0.337761 0.132334 1
g5 2 71 g5 2 63 0.327781 0.154023 1
g5 2 73 g4 2 68 0.337205 0.206301 1
g5 2 71 g5 2 96 0.328787 0.164192 1
g5 2 78 g5 2 96 0.359597 0.126072 1
g5 2 77 g5 2 104 0.355033 0.149785 1
g5 2 74 g4 2 57 0.341443 0.14223 1
g5 2 73 g5 2 104 0.337421 0.163228 1
g5 2 75 g5 2 98 0.345168 0.211005 1
g5 2 76 g5 2 86 0.349988 0.135157 1
g5 2 71 g4 2 63 0.328358 0.186927 1
g5 2 74 g5 2 96 0.341556 0.126245 1
g5 2 69 g5 2 94 0.321055 0.133138 1
g5 2 73 g5 2 96 0.338792 0.133423 1
g5 2 74 g5 2 96 0.341285 0.142666 1
g5 2 81 g5 2 94 0.371645 0.0961288 1
g5 2 108 g5 2 98 0.486159 0.116844 1
g5 2 75 g5 2 94 0.346864 0.08502 1
g5 2 90 g5 2 99 0.4079 0.0742962 1
g5 2 90 g5 2 94 0.412386 0.118403 1
g5 2 96 g5 2 113 0.437284 0.126379 1
g5 2 90 g5 2 113 0.412037 0.0856127 1
g5 2 89 g5 2 103 0.408364 0.0963033 1
g5 2 96 g5 2 98 0.438432 0.089658 1
g5 2 90 g5 2 96 0.412011 0.0717028 1
g6 2 76 g6 2 72 0.34617 0.0771459 1
g6 2 73 g6 2 72 0.33378 0.0880276 1
g6 2 79 g6 2 72 0.360193 0.0822419 1
g6 2 77 g6 2 63 0.349816 0.168577 1
g6 2 65 g6 2 72 0.301111 0.0669014 1
g6 2 64 g6 2 75 0.298468 0.114614 1
g6 2 69 g6 2 72 0.318407 0.0890006 1
g6 2 71 g6 2 72 0.326631 0.123143 1
g6 2 68 g6 2 72 0.313946 0.0985805 1
g6 2 59 g6 2 72 0.279074 0.0973569 1
g6 2 74 g6 2 70 0.33861 0.143305 1
g6 2 80 g6 2 177 0.365308 0.0852704 1
g6 2 78 g6 2 77 0.355022 0.0643359 1
g6 2 57 g6 2 72 0.26733 0.116345 1
g6 2 68 g6 2 77 0.314157 0.158649 1
g6 2 77 g6 2 73 0.351585 0.0807775 1
g6 2 65 g6 2 72 0.301677 0.0915207 1
g6 2 82 g6 2 73 0.372842 0.0823714 1
g6 2 68 g6 2 72 0.313833 0.0777317 1
g6 2 66 g6 2 72 0.305359 0.137876 1
g6 2 78 g6 2 72 0.354644 0.0898468 1
g6 2 113 g6 2 72 0.501688 0.147326 1
g6 2 72 g6 2 73 0.330689 0.0916119 1
g6 2 64 g6 2 69 0.297804 0.111254 1
g6 2 68 g6 2 72 0.314129 0.116217 1
g6 2 66 g6 2 84 0.305947 0.235259 1
g6 2 84 g6 2 72 0.380633 0.11065 1
g6 2 66 g6 2 72 0.305794 0.0817849 1
g6 2 66 g6 2 72 0.304339 0.0878122 1
g6 2 54 g6 2 62 0.255838 0.0951049 1
g6 2 59 g6 2 63 0.2767 0.0737205 1
g6 2 61 g6 2 63 0.28439 0.101849 1
g6 2 97 g6 2 92 0.437365 0.361166 1
g6 2 73 g1 2 54 0.335995 0.242303 1
g6 2 59 g6 2 60 0.276656 0.0325585 1
g6 2 61 g6 2 66 0.28422 0.0781043 1
g6 2 65 g6 2 61 0.303179 0.0581284 1
g6 2 62 g6 2 65 0.288715 0.0600247 1
g6 2 69 g6 2 68 0.318712 0.0699748 1
g6 2 74 g6 2 70 0.338057 0.0584366 1
g6 2 69 g6 2 84 0.318213 0.0875334 1
g7 1 71 g7 1 85 0.328745 0.27168 1
g7 1 63 g7 1 81 0.2949 0.212809 1
g7 1 69 g7 1 73 0.319262 0.308133 1
g7 1 71 g7 1 100 0.329322 0.149006 1
g7 1 76 g7 1 64 0.348839 0.278388 1
g7 1 80 g7 1 77 0.366174 0.250562 1
g7 1 64 g7 1 78 0.29918 0.263044 1
g7 1 70 g7 1 71 0.323412 0.12257 1
g7 1 50 g7 1 58 0.23968 0.217144 1
g7 1 61 g3 1 81 0.285949 0.38893 1
g7 1 65 g7 1 63 0.300845 0.214304 1
g7 1 70 g7 1 64 0.322555 0.160001 1
g7 1 67 g7 1 74 0.310324 0.212843 1
g7 1 63 g7 1 54 0.293162 0.169549 1
g7 1 54 g7 1 53 0.255681 0.213141 1
g7 1 62 g7 1 58 0.288964 0.169683 1
g7 1 61 g7 1 53 0.284178 0.152039 1
g7 1 56 g7 1 60 0.263665 0.210975 1
g7 1 58 g7 1 87 0.272323 0.284984 1
g7 1 59 g7 1 52 0.27686 0.157445 1
g7 1 59 g7 1 60 0.275817 0.193492 1
g7 1 52 g7 1 49 0.249521 0.0354893 1
g7 1 73 g1 2 29 0.335272 0.506446 0
g7 1 66 g7 1 67 0.306158 0.225156 1
g7 1 86 g7 1 52 0.389916 0.317661 1
g7 1 70 g7 1 92 0.321913 0.347275 1
g7 1 65 g2 2 42 0.301924 0.414207 0
g7 1 72 g7 1 71 0.331232 0.161306 1
g7 1 68 g1 2 29 0.314448 0.529818 0
g7 1 68 g3 1 128 0.313713 0.522324 0
g7 1 70 g7 1 67 0.321784 0.215648 1
g7 1 83 g7 1 91 0.376685 0.294133 1
g7 1 75 g7 1 86 0.343033 0.294575 1
g7 1 77 g7 1 65 0.35204 0.213428 1
g7 1 88 g7 1 64 0.397998 0.204561 1
g7 1 134 g7 1 86 0.598774 0.276689 1
g7 1 64 g7 1 73 0.297977 0.24136 1
g7 1 65 g7 1 95 0.302112 0.247475 1
g7 1 76 g7 1 81 0.348663 0.260509 1
g7 1 76 g7 1 73 0.348598 0.23138 1
g7 1 86 g7 1 77 0.392444 0.257496 1
g7 1 95 g7 1 89 0.430319 0.189599 1
g7 1 60 g7 1 63 0.281271 0.262553 1
g7 1 99 g7 1 75 0.446817 0.172561 1
g7 1 37 g7 1 71 0.186884 0.356486 1
g7 1 68 g7 1 98 0.31498 0.358518 1
g7 1 70 g7 1 64 0.324262 0.151632 1
g7 1 69 g7 1 58 0.31886 0.27366 1
g7 1 70 g7 1 71 0.323114 0.163192 1
g7 1 94 g7 1 77 0.426458 0.234385 1
g7 1 61 g7 1 55 0.286093 0.305223 1
g7 1 64 g7 1 63 0.297682 0.253362 1
g7 1 82 g7 1 87 0.373798 0.161789 1
g7 1 117 g7 1 88 0.528155 0.307909 1
g7 1 108 g7 1 101 0.487476 0.245434 1
g7 1 103 g7 1 70 0.465708 0.375397 1
g7 1 102 g7 1 101 0.461228 0.222327 1
g7 1 89 g7 1 69 0.403943 0.232672 1
g7 1 97 g7 1 92 0.441624 0.157676 1
g7 1 81 g7 1 91 0.370009 0.204566 1
g7 1 90 g7 1 92 0.40922 0.152347 1
g7 1 86 g7 1 89 0.390402 0.186012 1
g7 1 91 g7 1 92 0.413856 0.167741 1
