g1 2 24 g6 2 32 0.075562 0.177839 1
g1 2 23 g6 2 34 0.075909 0.194286 1
g1 2 27 g6 2 25 0.087772 0.156739 1
g1 2 42 g1 2 24 0.139874 0.124555 1
g1 2 33 g2 2 17 0.09853 0.186512 1
g1 2 29 g1 2 25 0.086975 0.155493 1
g1 2 31 g1 2 28 0.091753 0.130339 1
g1 2 20 g1 2 27 0.065265 0.114469 1
g1 2 24 g1 2 33 0.078223 0.163801 1
g1 2 28 g1 2 25 0.088213 0.160279 1
g1 2 21 g1 2 22 0.069509 0.138157 1
g1 2 26 g1 2 22 0.078308 0.114392 1
g1 2 25 g1 2 25 0.079154 0.0740715 1
g1 2 25 g1 2 25 0.081981 0.125773 1
g1 2 28 g1 2 25 0.085582 0.0863041 1
g1 2 54 g6 2 38 0.138043 0.204242 1
g1 2 26 g1 2 22 0.078805 0.0966976 1
g1 2 37 g6 2 36 0.106136 0.215399 1
g1 2 20 g6 2 31 0.065258 0.133138 1
g1 2 24 g6 2 34 0.081436 0.19971 1
g1 2 21 g6 2 32 0.068321 0.148979 1
g1 2 28 g6 2 30 0.084005 0.172967 1
g1 2 22 g2 2 17 0.07021 0.191713 1
g1 2 24 g1 2 19 0.074477 0.0886496 1
g1 2 23 g1 2 20 0.071432 0.0959363 1
g1 2 32 g1 2 29 0.09303 0.134286 1
g1 2 30 g1 2 26 0.087186 0.147948 1
g1 2 39 g1 2 26 0.109918 0.258994 0
g1 2 29 g1 2 24 0.08587 0.203157 1
g1 2 29 g1 2 37 0.085026 0.106014 1
g1 2 23 g1 2 25 0.072016 0.0902134 1
g1 2 23 g1 2 24 0.071556 0.174544 1
g1 2 19 g1 2 26 0.064222 0.0834176 1
g1 2 28 g1 2 28 0.085615 0.210743 0
g1 2 23 g1 2 29 0.071798 0.235269 0
g1 2 24 g1 2 24 0.074079 0.163654 1
g1 2 30 g1 2 24 0.087119 0.169157 1
g1 2 24 g1 2 26 0.073421 0.146512 1
g1 2 22 g1 2 23 0.069519 0.159734 1
g1 2 23 g1 2 24 0.07188 0.134771 1
g1 2 26 g1 2 26 0.078306 0.155951 1
g1 2 28 g1 2 28 0.082793 0.190776 1
g1 2 23 g1 2 25 0.071833 0.184149 1
g1 2 24 g1 2 24 0.073848 0.182284 1
g1 2 28 g1 2 24 0.082465 0.184123 1
g1 2 21 g1 2 28 0.067242 0.251477 0
g1 2 26 g6 2 36 0.078258 0.200737 1
g1 2 28 g6 2 34 0.082823 0.212294 1
g1 2 22 g6 2 37 0.0694 0.185805 1
g1 2 27 g6 2 34 0.080853 0.13539 1
g1 2 37 g2 2 17 0.10602 0.213727 1
g1 2 25 g6 2 25 0.076233 0.165599 1
g1 2 33 g2 2 17 0.095362 0.175089 1
g1 2 22 g1 2 18 0.069103 0.0769956 1
g1 2 20 g1 2 18 0.065881 0.0699969 1
g1 2 16 g1 2 17 0.057039 0.0972281 1
g1 2 16 g1 2 16 0.057315 0.0740709 1
g1 2 17 g1 2 17 0.059143 0.0754636 1
g1 2 17 g1 2 17 0.058912 0.060393 1
g1 2 19 g1 2 18 0.064161 0.0681503 1
g1 2 16 g1 2 17 0.057551 0.103612 1
g2 2 15 g2 2 14 0.055067 0.102294 1
g2 2 15 g2 2 14 0.056244 0.102069 1
g2 2 17 g2 2 17 0.059144 0.180842 1
g2 2 14 g2 2 14 0.052871 0.155019 1
g2 2 15 g2 2 14 0.055398 0.154699 1
g2 2 13 g2 2 17 0.051499 0.163711 1
g2 2 14 g2 2 14 0.05266 0.138865 1
g2 2 15 g2 2 14 0.055257 0.109654 1
g2 2 15 g2 2 14 0.056018 0.179041 1
g2 2 29 g2 2 26 0.085837 0.13883 1
g2 2 16 g2 2 14 0.057295 0.109136 1
g2 2 15 g2 2 14 0.055218 0.0998811 1
g2 2 15 g2 2 14 0.055221 0.119302 1
g2 2 16 g2 2 14 0.057351 0.119978 1
g2 2 16 g2 2 14 0.057649 0.173492 1
g2 2 15 g2 2 14 0.054973 0.139512 1
g2 2 12 g2 2 17 0.050132 0.266786 0
g2 2 15 g2 2 14 0.056094 0.0909069 1
g2 2 16 g2 2 14 0.058599 0.0997465 1
g2 2 15 g2 2 14 0.055155 0.15704 1
g2 2 16 g2 2 14 0.058376 0.136554 1
g2 2 16 g2 2 14 0.057372 0.213739 1
g2 2 14 g2 2 14 0.053015 0.149036 1
g2 2 17 g2 2 14 0.058724 0.104702 1
g2 2 18 g2 2 17 0.060886 0.171124 1
g2 2 15 g2 2 14 0.0558 0.174244 1
g2 2 15 g2 2 17 0.055591 0.234601 0
g2 2 16 g2 2 14 0.057208 0.175422 1
g2 2 18 g2 2 14 0.061232 0.137632 1
g2 2 31 g2 2 28 0.09071 0.125996 1
g2 2 28 g2 2 27 0.084493 0.154531 1
g2 2 29 g2 2 26 0.086389 0.13868 1
g2 2 25 g2 2 26 0.078529 0.145046 1
g2 2 20 g2 2 21 0.066143 0.14081 1
g2 2 22 g2 2 21 0.069437 0.116275 1
g2 2 32 g2 2 29 0.098832 0.128344 1
g2 2 23 g2 2 24 0.072989 0.0911216 1
g2 2 20 g2 2 21 0.065397 0.0914759 1
g2 2 19 g2 2 21 0.063445 0.090553 1
g2 2 21 g2 2 23 0.066605 0.0802652 1
g2 2 20 g2 2 21 0.066883 0.0893105 1
g2 2 21 g2 2 21 0.06759 0.0697141 1
g2 2 19 g2 2 21 0.064717 0.111094 1
g2 2 22 g2 2 21 0.072786 0.0768108 1
g2 2 22 g2 2 21 0.069836 0.0935556 1
g2 2 25 g2 2 23 0.075928 0.151366 1
g2 2 17 g2 2 24 0.059785 0.136608 1
g2 2 22 g2 2 21 0.069683 0.0832263 1
g2 2 42 g2 2 28 0.117807 0.160527 1
g2 2 22 g2 2 22 0.069158 0.0972297 1
g2 2 27 g2 2 23 0.081119 0.0794278 1
g2 2 27 g1 2 31 0.080622 0.219084 1
g2 2 21 g2 2 21 0.067427 0.114951 1
g2 2 19 g2 2 21 0.065705 0.0968977 1
g2 2 24 g1 2 33 0.074278 0.126282 1
g2 2 22 g2 2 21 0.070087 0.112032 1
g2 2 26 g1 2 27 0.077458 0.201474 1
g2 2 24 g2 2 28 0.074424 0.127158 1
g2 2 21 g2 2 29 0.067723 0.124674 1
g2 2 29 g2 2 28 0.085831 0.115389 1
g2 2 19 g2 2 21 0.063511 0.102121 1
g2 2 21 g1 2 33 0.068289 0.311734 0
g2 2 30 g2 2 25 0.088031 0.163577 1
g2 2 16 g2 2 14 0.05769 0.148281 1
g2 2 14 g2 2 14 0.05309 0.130207 1
g2 2 15 g2 2 14 0.054891 0.0822884 1
g3 1 36 g3 1 46 0.105063 0.332445 0
g3 1 35 g3 1 43 0.102557 0.221407 1
g3 1 49 g3 1 42 0.134516 0.300641 0
g3 1 52 g3 1 37 0.143217 0.246244 0
g3 1 55 g1 2 30 0.146433 0.418895 0
g3 1 49 g3 1 37 0.135825 0.259543 0
g3 1 47 g3 1 42 0.132165 0.382585 0
g3 1 47 g3 1 41 0.132463 0.282248 0
g3 1 44 g3 1 45 0.123192 0.289176 0
g3 1 43 g3 1 46 0.123127 0.297155 0
g3 1 44 g3 1 57 0.123885 0.280456 0
g3 1 47 g3 1 46 0.133511 0.231488 0
g3 1 46 g3 1 43 0.128214 0.244426 0
g3 1 47 g3 1 64 0.131995 0.222005 1
g3 1 44 g3 1 47 0.1239 0.509912 0
g3 1 44 g3 1 40 0.122403 0.258925 0
g3 1 41 g3 1 42 0.117066 0.20938 0
g3 1 56 g1 2 26 0.156923 0.384839 0
g3 1 48 g3 1 41 0.133812 0.250921 0
g3 1 48 g3 1 42 0.135542 0.221797 0
g3 1 50 g3 1 47 0.138517 0.226461 1
g3 1 48 g3 1 57 0.134529 0.223474 1
g3 1 46 g3 1 41 0.128319 0.251364 0
g3 1 43 g3 1 37 0.121981 0.252658 0
g3 1 47 g3 1 42 0.132416 0.316269 0
g3 1 44 g3 1 38 0.123129 0.286164 0
g3 1 50 g3 1 53 0.139031 0.323461 0
g3 1 66 g3 1 42 0.17643 0.284546 0
g3 1 58 g1 2 35 0.15921 0.443586 0
g3 1 50 g3 1 39 0.136285 0.201097 1
g3 1 57 g3 1 60 0.156026 0.227756 0
g3 1 53 g3 1 41 0.145879 0.280176 0
g3 1 49 g3 1 40 0.135488 0.220275 1
g3 1 51 g3 1 42 0.140547 0.246952 0
g3 1 52 g3 1 47 0.141313 0.262663 0
g3 1 50 g3 1 59 0.137881 0.273023 0
g3 1 51 g3 1 32 0.140614 0.325366 0
g3 1 59 g3 1 69 0.158636 0.265281 0
g3 1 61 g3 1 69 0.162701 0.26054 0
g3 1 46 g3 1 43 0.128678 0.385156 0
g3 1 28 g3 1 47 0.097052 0.823018 0
g3 1 49 g3 1 44 0.136439 0.299366 0
g3 1 42 g3 1 40 0.119213 0.212053 0
g3 1 40 g3 1 41 0.115606 0.207229 0
g3 1 42 g3 1 42 0.116566 0.229532 0
g3 1 44 g3 1 47 0.121616 0.308689 0
g3 1 39 g3 1 38 0.109592 0.342506 0
g3 1 43 g3 1 42 0.122035 0.173607 1
g3 1 40 g3 1 37 0.114504 0.222603 0
g3 1 39 g3 1 47 0.112133 0.313106 0
g3 1 43 g3 1 47 0.119913 0.257062 0
g4 2 37 g4 2 31 0.105235 0.213731 1
g4 2 37 g4 2 42 0.107565 0.0770925 1
g4 2 44 g4 2 45 0.123229 0.166975 1
g4 2 44 g4 2 42 0.122315 0.168401 1
g4 2 41 g4 2 46 0.115819 0.126542 1
g4 2 42 g4 2 51 0.11764 0.146691 1
g4 2 50 g3 1 44 0.139472 0.268622 0
g4 2 42 g4 2 42 0.117769 0.170647 1
g4 2 49 g4 2 48 0.135885 0.16048 1
g4 2 47 g4 2 49 0.129769 0.169922 1
g4 2 46 g4 2 46 0.127566 0.137594 1
g4 2 48 g4 2 51 0.132906 0.117739 1
g4 2 52 g4 2 51 0.143378 0.0872674 1
g4 2 45 g4 2 31 0.124678 0.127746 1
g4 2 30 g4 2 43 0.087977 0.144586 1
g4 2 31 g4 2 30 0.090023 0.078087 1
g4 2 30 g4 2 29 0.08848 0.0841841 1
g4 2 33 g4 2 34 0.095873 0.155968 1
g4 2 31 g4 2 33 0.089604 0.106797 1
g4 2 34 g4 2 34 0.098374 0.120246 1
g4 2 35 g4 2 40 0.100576 0.0919232 1
g4 2 36 g4 2 32 0.103819 0.107242 1
g4 2 40 g4 2 48 0.112974 0.15742 1
g4 2 30 g4 2 32 0.086859 0.114933 1
g4 2 37 g4 2 35 0.105458 0.0999654 1
g4 2 37 g4 2 37 0.106092 0.0560005 1
g4 2 41 g4 2 36 0.115037 0.0923847 1
g4 2 41 g4 2 43 0.115295 0.113961 1
g4 2 46 g4 2 32 0.126684 0.101124 1
g4 2 46 g4 2 34 0.127166 0.113174 1
g4 2 31 g4 2 37 0.089694 0.0955719 1
g4 2 31 g4 2 33 0.089883 0.103906 1
g4 2 33 g4 2 34 0.09701 0.0887908 1
g4 2 34 g4 2 34 0.09873 0.140199 1
g4 2 45 g4 2 34 0.125493 0.105555 1
g4 2 42 g4 2 34 0.117006 0.195331 1
g4 2 46 g4 2 41 0.12757 0.154758 1
g4 2 33 g4 2 32 0.096002 0.0741617 1
g4 2 45 g4 2 41 0.124469 0.101517 1
g4 2 50 g4 2 41 0.138486 0.113763 1
g4 2 41 g4 2 42 0.115029 0.0753194 1
g4 2 45 g4 2 32 0.124952 0.102625 1
g5 2 43 g5 2 48 0.121231 0.096948 1
g5 2 45 g5 2 44 0.125822 0.0813948 1
g5 2 44 g5 2 52 0.124547 0.109526 1
g5 2 42 g5 2 52 0.118623 0.12298 1
g5 2 36 g5 2 50 0.104101 0.173685 1
g5 2 42 g5 2 50 0.119329 0.103629 1
g5 2 41 g4 2 34 0.115453 0.195062 1
g5 2 46 g5 2 50 0.128659 0.189381 1
g5 2 40 g5 2 51 0.114467 0.211785 1
g5 2 33 g5 2 32 0.096623 0.123193 1
g5 2 35 g5 2 35 0.101644 0.127778 1
g5 2 41 g5 2 35 0.115709 0.115549 1
g5 2 34 g5 2 33 0.099336 0.166843 1
g5 2 36 g4 2 31 0.103041 0.193424 1
g5 2 43 g5 2 51 0.12082 0.166174 1
g5 2 39 g5 2 51 0.111023 0.210268 1
g5 2 38 g5 2 51 0.108857 0.176763 1
g5 2 35 g5 2 35 0.102018 0.193344 1
g5 2 38 g5 2 51 0.108976 0.171544 1
g5 2 38 g4 2 31 0.108406 0.178412 1
g5 2 39 g5 2 51 0.111739 0.144814 1
g5 2 38 g4 2 31 0.108024 0.180962 1
g5 2 39 g4 2 36 0.110878 0.222326 1
g5 2 38 g5 2 50 0.108727 0.172357 1
g5 2 41 g5 2 50 0.116612 0.134481 1
g5 2 41 g5 2 54 0.11654 0.156583 1
g5 2 39 g4 2 31 0.111622 0.153731 1
g5 2 39 g5 2 54 0.111101 0.169357 1
g5 2 40 g5 2 51 0.112829 0.220687 1
g5 2 40 g5 2 51 0.113487 0.173148 1
g5 2 38 g4 2 31 0.108027 0.182182 1
g5 2 39 g5 2 50 0.110969 0.132382 1
g5 2 37 g5 2 45 0.106654 0.13262 1
g5 2 39 g5 2 50 0.112203 0.152406 1
g5 2 39 g5 2 49 0.110764 0.145824 1
g5 2 43 g5 2 49 0.121414 0.104819 1
g5 2 55 g5 2 51 0.150635 0.122428 1
g5 2 40 g5 2 49 0.114084 0.0949954 1
g5 2 47 g5 2 52 0.130567 0.0837979 1
g5 2 47 g5 2 49 0.131492 0.126398 1
g5 2 50 g5 2 59 0.138774 0.137652 1
g5 2 47 g5 2 55 0.131431 0.0960286 1
g5 2 47 g5 2 54 0.133607 0.106302 1
g5 2 50 g5 2 51 0.13874 0.100019 1
g5 2 47 g5 2 48 0.132642 0.0650633 1
g6 2 40 g6 2 38 0.112134 0.0831293 1
g6 2 39 g6 2 38 0.109445 0.0954732 1
g6 2 42 g6 2 38 0.115345 0.09279 1
g6 2 41 g6 2 34 0.11398 0.186611 1
g6 2 35 g6 2 38 0.100355 0.0741795 1
g6 2 34 g6 2 34 0.098455 0.13345 1
g6 2 37 g6 2 38 0.104589 0.0968774 1
g6 2 38 g6 2 38 0.107075 0.132625 1
g6 2 36 g6 2 38 0.102195 0.105043 1
g6 2 32 g6 2 38 0.092737 0.10631 1
g6 2 39 g6 2 37 0.110257 0.158528 1
g6 2 42 g6 2 59 0.116865 0.0806915 1
g6 2 41 g6 2 41 0.114336 0.07077 1
g6 2 31 g6 2 38 0.089778 0.12078 1
g6 2 36 g6 2 41 0.103176 0.164803 1
g6 2 41 g6 2 39 0.114517 0.0869633 1
g6 2 35 g6 2 38 0.100339 0.099564 1
g6 2 43 g6 2 39 0.119124 0.0888546 1
g6 2 36 g6 2 38 0.102188 0.0856295 1
g6 2 35 g6 2 38 0.100472 0.142454 1
g6 2 41 g6 2 38 0.114361 0.0950052 1
g6 2 56 g6 2 38 0.150978 0.112544 1
g6 2 38 g6 2 39 0.107808 0.102009 1
g6 2 34 g6 2 39 0.097733 0.12163 1
g6 2 36 g6 2 38 0.102712 0.119668 1
g6 2 35 g6 2 44 0.100843 0.249863 0
g6 2 44 g6 2 38 0.121779 0.115654 1
g6 2 35 g6 2 38 0.101286 0.0913838 1
g6 2 35 g6 2 38 0.100734 0.0932373 1
g6 2 29 g6 2 33 0.084978 0.101353 1
g6 2 32 g6 2 34 0.092454 0.0869118 1
g6 2 33 g6 2 34 0.095849 0.118859 1
g6 2 51 g6 2 49 0.13956 0.354284 0
g6 2 39 g1 2 25 0.110553 0.255429 1
g6 2 32 g6 2 33 0.092188 0.0479845 1
g6 2 33 g6 2 35 0.095943 0.0866037 1
g6 2 35 g6 2 35 0.100767 0.0756825 1
g6 2 33 g6 2 35 0.096374 0.0790453 1
g6 2 37 g6 2 36 0.105123 0.0800973 1
g6 2 39 g6 2 37 0.109555 0.0710931 1
g6 2 37 g6 2 44 0.104905 0.0960218 1
g7 1 37 g7 1 44 0.107432 0.283729 1
g7 1 34 g7 1 42 0.098219 0.224504 1
g7 1 37 g7 1 39 0.105421 0.322902 0
g7 1 38 g7 1 52 0.108735 0.161921 1
g7 1 40 g7 1 34 0.113027 0.289615 1
g7 1 41 g7 1 41 0.117428 0.267352 1
g7 1 34 g7 1 46 0.099566 0.306425 0
g7 1 35 g7 1 36 0.103456 0.132177 1
g7 1 27 g7 1 31 0.080506 0.224476 1
g7 1 32 g3 1 40 0.095134 0.431618 0
g7 1 34 g7 1 33 0.098904 0.226178 0
g7 1 36 g7 1 34 0.104957 0.171268 1
g7 1 36 g7 1 39 0.103878 0.221251 1
g7 1 34 g7 1 29 0.096847 0.190098 1
g7 1 29 g7 1 29 0.085034 0.229544 1
g7 1 33 g7 1 31 0.095644 0.183661 1
g7 1 33 g7 1 28 0.095444 0.178668 1
g7 1 30 g7 1 32 0.087372 0.223046 0
g7 1 31 g7 1 29 0.08968 0.248928 0
g7 1 31 g7 1 28 0.091076 0.164172 1
g7 1 31 g7 1 32 0.091223 0.208856 0
g7 1 27 g7 1 27 0.082269 0.0615644 1
g7 1 39 g1 2 17 0.10969 0.57738 0
g7 1 35 g7 1 35 0.099126 0.238792 1
g7 1 45 g7 1 28 0.124607 0.334334 0
g7 1 37 g7 1 48 0.104792 0.36491 0
g7 1 34 g2 2 23 0.097882 0.45804 0
g7 1 38 g7 1 37 0.108281 0.16894 1
g7 1 35 g1 2 17 0.101788 0.601892 0
g7 1 36 g7 1 38 0.102054 0.375958 0
g7 1 36 g7 1 36 0.102644 0.22344 0
g7 1 44 g7 1 47 0.122164 0.305023 0
g7 1 39 g7 1 43 0.110835 0.304891 0
g7 1 40 g7 1 35 0.113596 0.22377 1
g7 1 46 g7 1 33 0.12729 0.208856 1
g7 1 68 g7 1 43 0.173528 0.286301 0
g7 1 34 g7 1 51 0.098922 0.347542 0
g7 1 35 g7 1 46 0.099773 0.270526 0
g7 1 39 g7 1 50 0.112086 0.307484 0
g7 1 40 g7 1 39 0.112997 0.2346 1
g7 1 45 g7 1 41 0.126128 0.282181 0
g7 1 48 g7 1 45 0.134822 0.196393 1
g7 1 32 g7 1 34 0.092994 0.31424 0
g7 1 50 g7 1 40 0.13863 0.18407 1
g7 1 21 g7 1 36 0.067569 0.363603 0
g7 1 35 g7 1 51 0.101854 0.376813 0
g7 1 36 g7 1 34 0.104801 0.159465 1
g7 1 36 g7 1 31 0.103871 0.279683 0
g7 1 37 g7 1 31 0.105368 0.223388 1
g7 1 49 g7 1 41 0.134604 0.244423 1
g7 1 33 g7 1 29 0.096266 0.331907 0
g7 1 33 g7 1 33 0.097246 0.27306 1
g7 1 42 g7 1 45 0.119204 0.170613 1
g7 1 61 g7 1 45 0.166127 0.305014 0
g7 1 56 g7 1 52 0.152844 0.246199 1
g7 1 54 g7 1 37 0.147783 0.398423 0
g7 1 53 g7 1 52 0.145194 0.230603 0
g7 1 35 g7 1 35 0.114647 0.243094 0
g7 1 51 g7 1 48 0.140596 0.167706 1
g7 1 43 g7 1 47 0.121273 0.222166 0
g7 1 47 g7 1 48 0.129213 0.168155 1
g7 1 45 g7 1 45 0.125302 0.191072 1
g7 1 47 g7 1 48 0.130923 0.173402 1
