g1 2 22 g6 2 30 0.066225 0.169768 1
g1 2 21 g6 2 32 0.063891 0.182766 1
g1 2 25 g6 2 23 0.072533 0.142628 1
g1 2 40 g1 2 22 0.113659 0.122917 1
g1 2 31 g2 2 15 0.086018 0.192795 1
g1 2 27 g1 2 23 0.076941 0.153719 1
g1 2 29 g1 2 26 0.080804 0.127131 1
g1 2 18 g1 2 25 0.057988 0.11378 1
g1 2 22 g1 2 25 0.067027 0.13298 1
g1 2 26 g1 2 23 0.074403 0.159024 1
g1 2 19 g1 2 20 0.059757 0.140108 1
g1 2 24 g1 2 20 0.069872 0.1084 1
g1 2 23 g1 2 23 0.068456 0.0709912 1
g1 2 23 g1 2 23 0.068191 0.124063 1
g1 2 26 g1 2 26 0.074693 0.0804248 1
g1 2 52 g6 2 36 0.128309 0.200435 1
g1 2 24 g1 2 20 0.070043 0.0998263 1
g1 2 35 g6 2 34 0.095304 0.203915 1
g1 2 18 g6 2 29 0.058198 0.130181 1
g1 2 22 g6 2 32 0.065954 0.189666 1
g1 2 19 g6 2 30 0.060011 0.141693 1
g1 2 26 g6 2 28 0.074448 0.162342 1
g1 2 20 g2 2 15 0.06171 0.191332 1
g1 2 22 g1 2 17 0.065559 0.0826369 1
g1 2 21 g1 2 18 0.063876 0.0905276 1
g1 2 30 g1 2 27 0.082888 0.133558 1
g1 2 28 g1 2 24 0.079121 0.151798 1
g1 2 37 g1 2 24 0.098994 0.252167 1
g1 2 27 g1 2 22 0.07626 0.202364 1
g1 2 27 g1 2 35 0.078414 0.106825 1
g1 2 21 g1 2 23 0.064076 0.0890126 1
g1 2 21 g1 2 22 0.063837 0.16291 1
g1 2 17 g1 2 24 0.056314 0.0803424 1
g1 2 26 g1 2 23 0.074612 0.224511 1
g1 2 21 g1 2 27 0.064428 0.239584 1
g1 2 22 g1 2 22 0.066141 0.156561 1
g1 2 28 g1 2 22 0.090994 0.164012 1
g1 2 22 g1 2 22 0.066398 0.158704 1
g1 2 20 g1 2 21 0.062026 0.163986 1
g1 2 21 g1 2 22 0.064166 0.127 1
g1 2 24 g1 2 24 0.070451 0.157281 1
g1 2 26 g1 2 26 0.074184 0.208272 1
g1 2 21 g1 2 23 0.064142 0.184014 1
g1 2 22 g1 2 22 0.066438 0.171721 1
g1 2 26 g1 2 22 0.07424 0.166915 1
g1 2 19 g1 2 26 0.059975 0.235 1
g1 2 24 g6 2 34 0.070242 0.18875 1
g1 2 26 g6 2 32 0.074708 0.197104 1
g1 2 20 g6 2 35 0.062558 0.172626 1
g1 2 25 g6 2 37 0.072782 0.129048 1
g1 2 35 g2 2 15 0.096187 0.221742 1
g1 2 23 g6 2 23 0.068644 0.151302 1
g1 2 31 g2 2 15 0.085635 0.17079 1
g1 2 20 g1 2 16 0.061925 0.074766 1
g1 2 18 g1 2 16 0.059545 0.0666175 1
g1 2 14 g1 2 16 0.050935 0.097091 1
g1 2 14 g1 2 14 0.050149 0.0732514 1
g1 2 15 g1 2 15 0.05243 0.0769861 1
g1 2 15 g1 2 15 0.052138 0.0601426 1
g1 2 17 g1 2 16 0.056278 0.0660645 1
g1 2 14 g1 2 15 0.050444 0.111548 1
g2 2 13 g2 2 12 0.048877 0.104895 1
g2 2 13 g2 2 12 0.048696 0.100152 1
g2 2 15 g2 2 15 0.052362 0.181384 1
g2 2 12 g2 2 12 0.046411 0.149102 1
g2 2 13 g2 2 12 0.048332 0.151942 1
g2 2 11 g2 2 15 0.043241 0.165786 1
g2 2 12 g2 2 12 0.045742 0.125499 1
g2 2 13 g2 2 12 0.048121 0.10506 1
g2 2 13 g2 2 12 0.04842 0.16345 1
g2 2 27 g2 2 24 0.077195 0.131999 1
g2 2 14 g2 2 12 0.049972 0.107382 1
g2 2 13 g2 2 12 0.048631 0.106109 1
g2 2 13 g2 2 12 0.04881 0.120002 1
g2 2 14 g2 2 12 0.050974 0.127057 1
g2 2 14 g2 2 12 0.050155 0.180586 1
g2 2 13 g2 2 12 0.048981 0.142003 1
g2 2 10 g2 2 15 0.041621 0.257722 1
g2 2 13 g2 2 12 0.049099 0.0980197 1
g2 2 14 g2 2 12 0.050397 0.105194 1
g2 2 13 g2 2 12 0.048718 0.161468 1
g2 2 14 g2 2 12 0.050388 0.143054 1
g2 2 14 g2 2 12 0.050312 0.214652 1
g2 2 12 g2 2 12 0.046711 0.142436 1
g2 2 15 g2 2 12 0.05267 0.101405 1
g2 2 16 g2 2 15 0.053895 0.171857 1
g2 2 13 g2 2 12 0.04862 0.160181 1
g2 2 13 g2 2 15 0.048268 0.242999 1
g2 2 14 g2 2 12 0.050339 0.163168 1
g2 2 16 g2 2 12 0.053897 0.134649 1
g2 2 29 g2 2 26 0.082041 0.119545 1
g2 2 26 g2 2 25 0.074882 0.152066 1
g2 2 27 g2 2 24 0.077994 0.135915 1
g2 2 23 g1 2 21 0.068825 0.27101 1
g2 2 18 g2 2 20 0.057954 0.108109 1
g2 2 20 g2 2 19 0.062106 0.111781 1
g2 2 30 g2 2 27 0.085336 0.124809 1
g2 2 21 g2 2 22 0.064154 0.0915402 1
g2 2 18 g2 2 21 0.057753 0.09341 1
g2 2 17 g2 2 19 0.0561 0.0936848 1
g2 2 19 g2 2 19 0.058328 0.0877324 1
g2 2 18 g2 2 19 0.060605 0.0914348 1
g2 2 19 g2 2 19 0.059711 0.0712885 1
g2 2 17 g2 2 19 0.057613 0.114198 1
g2 2 20 g2 2 19 0.061789 0.073588 1
g2 2 20 g2 2 19 0.061756 0.0967156 1
g2 2 23 g2 2 21 0.068215 0.144163 1
g2 2 15 g2 2 20 0.05254 0.130696 1
g2 2 20 g2 2 19 0.061742 0.0832217 1
g2 2 40 g2 2 26 0.107966 0.163425 1
g2 2 20 g2 2 20 0.062063 0.0960384 1
g2 2 25 g2 2 21 0.072707 0.0813563 1
g2 2 25 g1 2 29 0.072545 0.220425 1
g2 2 19 g2 2 19 0.059823 0.112486 1
g2 2 17 g2 2 21 0.05841 0.097333 1
g2 2 22 g1 2 31 0.06613 0.122122 1
g2 2 20 g2 2 21 0.062296 0.107351 1
g2 2 24 g1 2 25 0.069544 0.197976 1
g2 2 22 g2 2 26 0.066328 0.120047 1
g2 2 19 g2 2 27 0.05994 0.119208 1
g2 2 27 g2 2 26 0.077139 0.118647 1
g2 2 17 g2 2 19 0.056068 0.100057 1
g2 2 19 g1 2 28 0.059863 0.292518 1
g2 2 28 g2 2 23 0.079574 0.166886 1
g2 2 14 g2 2 12 0.050452 0.14921 1
g2 2 12 g2 2 12 0.04599 0.119037 1
g2 2 13 g2 2 12 0.04899 0.0842657 1
g3 1 34 g3 1 44 0.095521 0.317284 1
g3 1 33 g3 1 46 0.092032 0.219336 1
g3 1 47 g3 1 40 0.122955 0.300735 1
g3 1 50 g3 1 38 0.13132 0.292126 1
g3 1 53 g1 2 28 0.134443 0.394027 1
g3 1 47 g3 1 35 0.124486 0.254261 1
g3 1 45 g3 1 35 0.119391 0.283474 1
g3 1 45 g3 1 39 0.121587 0.271269 1
g3 1 42 g3 1 62 0.112635 0.270819 1
g3 1 41 g3 1 44 0.112493 0.289394 1
g3 1 42 g3 1 55 0.112921 0.278039 1
g3 1 45 g3 1 46 0.118534 0.244614 1
g3 1 44 g3 1 41 0.116807 0.235877 1
g3 1 45 g3 1 58 0.120041 0.252537 1
g3 1 42 g3 1 38 0.112947 0.493665 0
g3 1 42 g3 1 40 0.111954 0.203043 1
g3 1 39 g3 1 40 0.106518 0.203044 1
g3 1 54 g1 2 24 0.143457 0.362888 1
g3 1 46 g3 1 39 0.121497 0.241867 1
g3 1 46 g3 1 40 0.122208 0.209648 1
g3 1 48 g3 1 45 0.127046 0.216754 1
g3 1 46 g3 1 55 0.123216 0.223339 1
g3 1 44 g3 1 39 0.117134 0.239907 1
g3 1 41 g3 1 35 0.111608 0.247535 1
g3 1 45 g3 1 40 0.120656 0.311268 1
g3 1 42 g3 1 36 0.11208 0.292783 1
g3 1 48 g3 1 55 0.127754 0.300204 1
g3 1 64 g3 1 40 0.163341 0.285783 1
g3 1 56 g3 1 36 0.146312 0.289882 1
g3 1 48 g3 1 37 0.125366 0.198829 1
g3 1 55 g3 1 58 0.142452 0.224211 1
g3 1 51 g3 1 39 0.134 0.271578 1
g3 1 47 g3 1 38 0.124377 0.215558 1
g3 1 49 g3 1 40 0.129931 0.234342 1
g3 1 50 g3 1 45 0.129949 0.252466 1
g3 1 48 g3 1 57 0.126445 0.27381 1
g3 1 49 g3 1 30 0.130012 0.323088 1
g3 1 57 g3 1 67 0.145365 0.266969 1
g3 1 59 g3 1 67 0.14949 0.253434 1
g3 1 44 g3 1 41 0.118385 0.369473 1
g3 1 26 g3 1 45 0.087862 0.815193 0
g3 1 47 g3 1 42 0.125026 0.286109 1
g3 1 40 g3 1 37 0.109639 0.220951 1
g3 1 38 g3 1 39 0.102353 0.198995 1
g3 1 40 g3 1 40 0.106152 0.222099 1
g3 1 42 g3 1 45 0.110515 0.299045 1
g3 1 37 g3 1 36 0.100059 0.333865 1
g3 1 41 g3 1 40 0.111507 0.166086 1
g3 1 38 g3 1 35 0.104052 0.213044 1
g3 1 37 g3 1 45 0.102808 0.298428 1
g3 1 41 g3 1 45 0.109973 0.255173 1
g4 2 35 g4 2 29 0.095567 0.200981 1
g4 2 35 g4 2 40 0.095734 0.074868 1
g4 2 42 g4 2 43 0.112353 0.165537 1
g4 2 42 g4 2 40 0.112032 0.165293 1
g4 2 39 g4 2 44 0.104985 0.123519 1
g4 2 40 g4 2 49 0.107879 0.144795 1
g4 2 48 g3 1 42 0.127433 0.263518 1
g4 2 40 g4 2 40 0.108062 0.163291 1
g4 2 47 g4 2 46 0.12458 0.155578 1
g4 2 45 g4 2 47 0.119131 0.164294 1
g4 2 44 g4 2 44 0.116602 0.139688 1
g4 2 46 g4 2 49 0.122708 0.115756 1
g4 2 50 g4 2 49 0.130948 0.0830325 1
g4 2 43 g4 2 29 0.114307 0.121298 1
g4 2 28 g4 2 31 0.078515 0.135106 1
g4 2 29 g4 2 28 0.080667 0.0741795 1
g4 2 28 g4 2 27 0.07837 0.0812595 1
g4 2 31 g4 2 32 0.086101 0.148538 1
g4 2 29 g4 2 31 0.081003 0.10039 1
g4 2 32 g4 2 32 0.088376 0.113248 1
g4 2 33 g4 2 38 0.091236 0.0895119 1
g4 2 34 g4 2 30 0.093489 0.105078 1
g4 2 38 g4 2 46 0.102544 0.154445 1
g4 2 28 g4 2 30 0.078171 0.111214 1
g4 2 35 g4 2 33 0.096096 0.0928454 1
g4 2 35 g4 2 35 0.095764 0.054118 1
g4 2 39 g4 2 34 0.104852 0.0895005 1
g4 2 39 g4 2 41 0.10498 0.110703 1
g4 2 44 g4 2 30 0.116726 0.100345 1
g4 2 44 g4 2 32 0.11607 0.109677 1
g4 2 29 g4 2 35 0.081458 0.0896642 1
g4 2 29 g4 2 31 0.081323 0.0966102 1
g4 2 31 g4 2 32 0.086055 0.0844094 1
g4 2 32 g4 2 32 0.088404 0.129553 1
g4 2 43 g4 2 32 0.113917 0.104682 1
g4 2 40 g4 2 32 0.107112 0.189227 1
g4 2 44 g4 2 39 0.116849 0.150614 1
g4 2 31 g4 2 30 0.085902 0.0719758 1
g4 2 43 g4 2 39 0.114861 0.100572 1
g4 2 48 g4 2 39 0.125803 0.11545 1
g4 2 39 g4 2 40 0.104999 0.0739062 1
g4 2 43 g4 2 30 0.113832 0.099075 1
g5 2 41 g5 2 48 0.111322 0.0936454 1
g5 2 43 g5 2 42 0.11489 0.0802734 1
g5 2 42 g5 2 50 0.11377 0.110121 1
g5 2 40 g5 2 50 0.108584 0.126498 1
g5 2 34 g5 2 48 0.094934 0.167191 1
g5 2 40 g5 2 48 0.109162 0.10047 1
g5 2 39 g4 2 32 0.105821 0.19223 1
g5 2 44 g5 2 48 0.118059 0.179595 1
g5 2 38 g5 2 49 0.103605 0.208098 1
g5 2 31 g5 2 30 0.086039 0.119656 1
g5 2 33 g5 2 33 0.09195 0.123368 1
g5 2 39 g5 2 33 0.105492 0.114927 1
g5 2 32 g5 2 40 0.089151 0.147538 1
g5 2 34 g4 2 29 0.094563 0.192093 1
g5 2 41 g5 2 49 0.11055 0.168088 1
g5 2 37 g5 2 33 0.100818 0.206707 1
g5 2 36 g5 2 49 0.098777 0.176142 1
g5 2 33 g5 2 33 0.092273 0.183825 1
g5 2 36 g5 2 49 0.099301 0.169152 1
g5 2 36 g4 2 29 0.098816 0.176426 1
g5 2 37 g5 2 49 0.101398 0.142442 1
g5 2 36 g4 2 29 0.098563 0.174111 1
g5 2 37 g4 2 29 0.100925 0.209175 1
g5 2 36 g5 2 48 0.098895 0.172507 1
g5 2 39 g5 2 48 0.106476 0.13397 1
g5 2 39 g5 2 52 0.105882 0.154602 1
g5 2 37 g4 2 29 0.101559 0.149926 1
g5 2 37 g5 2 52 0.101027 0.168346 1
g5 2 38 g5 2 49 0.102752 0.216505 1
g5 2 38 g5 2 48 0.103438 0.163797 1
g5 2 36 g4 2 32 0.099789 0.192569 1
g5 2 37 g5 2 48 0.101665 0.131962 1
g5 2 35 g5 2 47 0.096912 0.142198 1
g5 2 37 g5 2 48 0.101646 0.14226 1
g5 2 37 g5 2 47 0.101138 0.144625 1
g5 2 41 g5 2 47 0.110579 0.101672 1
g5 2 53 g5 2 49 0.138225 0.12125 1
g5 2 38 g5 2 47 0.104135 0.0936596 1
g5 2 45 g5 2 50 0.118943 0.0808529 1
g5 2 45 g5 2 47 0.120662 0.120769 1
g5 2 48 g5 2 57 0.127765 0.133671 1
g5 2 45 g5 2 57 0.120936 0.0969753 1
g5 2 45 g5 2 52 0.121565 0.102699 1
g5 2 48 g5 2 49 0.127907 0.0952967 1
g5 2 45 g5 2 50 0.12121 0.0759647 1
g6 2 38 g6 2 36 0.102313 0.0832649 1
g6 2 37 g6 2 36 0.101219 0.0919877 1
g6 2 40 g6 2 32 0.105552 0.104036 1
g6 2 39 g6 2 32 0.104704 0.177701 1
g6 2 33 g6 2 36 0.091051 0.0739164 1
g6 2 32 g6 2 38 0.088738 0.121687 1
g6 2 35 g6 2 36 0.095243 0.0944504 1
g6 2 36 g6 2 36 0.097917 0.131658 1
g6 2 34 g6 2 36 0.093271 0.102656 1
g6 2 30 g6 2 36 0.083839 0.105279 1
g6 2 37 g6 2 35 0.100363 0.14888 1
g6 2 40 g6 2 57 0.106949 0.0781961 1
g6 2 39 g6 2 39 0.10466 0.0718683 1
g6 2 29 g6 2 36 0.081543 0.12352 1
g6 2 34 g6 2 39 0.093812 0.164024 1
g6 2 39 g6 2 37 0.104979 0.0867312 1
g6 2 33 g6 2 36 0.091135 0.0986273 1
g6 2 41 g6 2 37 0.109233 0.0893568 1
g6 2 34 g6 2 36 0.093335 0.0844872 1
g6 2 33 g6 2 36 0.090878 0.141988 1
g6 2 39 g6 2 36 0.104884 0.0943078 1
g6 2 54 g6 2 36 0.139211 0.153552 1
g6 2 36 g6 2 37 0.097838 0.100885 1
g6 2 32 g6 2 37 0.088256 0.123474 1
g6 2 34 g6 2 36 0.093024 0.119653 1
g6 2 33 g6 2 32 0.091128 0.235521 1
g6 2 42 g6 2 36 0.111771 0.113696 1
g6 2 33 g6 2 36 0.091144 0.0889257 1
g6 2 33 g6 2 36 0.091167 0.0953035 1
g6 2 27 g6 2 31 0.076614 0.105149 1
g6 2 30 g6 2 32 0.08326 0.0827278 1
g6 2 31 g6 2 32 0.085766 0.112569 1
g6 2 49 g6 2 45 0.128257 0.369142 1
g6 2 37 g1 2 27 0.100467 0.24954 1
g6 2 30 g6 2 31 0.083564 0.0481761 1
g6 2 31 g6 2 33 0.085611 0.0835578 1
g6 2 33 g6 2 33 0.091413 0.0749726 1
g6 2 31 g6 2 33 0.085369 0.0741513 1
g6 2 35 g6 2 34 0.095531 0.0786984 1
g6 2 37 g6 2 35 0.10013 0.0650936 1
g6 2 35 g6 2 42 0.095652 0.094644 1
g7 1 35 g7 1 42 0.098791 0.274072 1
g7 1 32 g7 1 40 0.088925 0.213871 1
g7 1 35 g7 1 37 0.096281 0.314541 1
g7 1 36 g7 1 50 0.099105 0.156651 1
g7 1 38 g7 1 32 0.103274 0.283299 1
g7 1 39 g7 1 50 0.10662 0.199292 1
g7 1 32 g7 1 39 0.090254 0.269915 1
g7 1 33 g7 1 34 0.094294 0.128595 1
g7 1 25 g7 1 29 0.072735 0.23025 1
g7 1 30 g3 1 38 0.085548 0.404612 1
g7 1 32 g7 1 31 0.090221 0.224395 1
g7 1 34 g7 1 32 0.095824 0.163102 1
g7 1 34 g7 1 37 0.093518 0.212897 1
g7 1 32 g7 1 27 0.086952 0.175722 1
g7 1 27 g7 1 27 0.076323 0.223942 1
g7 1 31 g7 1 29 0.08594 0.174304 1
g7 1 31 g7 1 26 0.085622 0.169538 1
g7 1 28 g7 1 30 0.07915 0.216126 1
g7 1 29 g7 1 27 0.08079 0.234621 1
g7 1 29 g7 1 26 0.082459 0.163887 1
g7 1 29 g7 1 30 0.082704 0.201632 1
g7 1 25 g7 1 25 0.073969 0.0634586 1
g7 1 37 g1 2 15 0.10055 0.530052 0
g7 1 33 g7 1 33 0.090549 0.236254 1
g7 1 43 g7 1 26 0.11429 0.325197 1
g7 1 35 g7 1 46 0.096148 0.348845 1
g7 1 32 g2 2 21 0.088256 0.420181 1
g7 1 36 g7 1 35 0.09759 0.16725 1
g7 1 33 g1 2 15 0.092491 0.551134 0
g7 1 34 g7 1 36 0.092082 0.358404 1
g7 1 34 g7 1 34 0.093667 0.230783 1
g7 1 42 g7 1 45 0.111842 0.299935 1
g7 1 37 g7 1 41 0.10101 0.295442 1
g7 1 38 g7 1 33 0.104116 0.215944 1
g7 1 44 g7 1 31 0.116203 0.208828 1
g7 1 66 g7 1 41 0.160647 0.282145 1
g7 1 32 g7 1 37 0.089482 0.24747 1
g7 1 33 g7 1 48 0.09034 0.259356 1
g7 1 37 g7 1 41 0.102066 0.258088 1
g7 1 38 g7 1 37 0.102826 0.234551 1
g7 1 43 g7 1 39 0.114659 0.261738 1
g7 1 46 g7 1 43 0.124478 0.186543 1
g7 1 30 g7 1 31 0.083935 0.263501 1
g7 1 48 g7 1 38 0.128242 0.179544 1
g7 1 19 g7 1 34 0.059624 0.362941 1
g7 1 33 g7 1 49 0.093081 0.362298 1
g7 1 34 g7 1 32 0.09535 0.154278 1
g7 1 34 g7 1 29 0.095167 0.281279 1
g7 1 35 g7 1 29 0.096124 0.218815 1
g7 1 47 g7 1 39 0.123674 0.239458 1
g7 1 31 g7 1 27 0.089047 0.320248 1
g7 1 31 g7 1 31 0.087019 0.258225 1
g7 1 40 g7 1 43 0.109389 0.168175 1
g7 1 59 g7 1 43 0.154187 0.298299 1
g7 1 54 g7 1 50 0.141309 0.245747 1
g7 1 52 g7 1 35 0.136138 0.381369 1
g7 1 51 g7 1 50 0.134255 0.22973 1
g7 1 33 g7 1 33 0.104727 0.226786 1
g7 1 49 g7 1 46 0.128995 0.164696 1
g7 1 41 g7 1 45 0.109706 0.208928 1
g7 1 45 g7 1 46 0.118733 0.158187 1
g7 1 43 g7 1 43 0.114877 0.191376 1
g7 1 45 g7 1 46 0.120075 0.173496 1
