g1 2 24 g6 2 32 0.073548 0.17794 1
g1 2 23 g6 2 34 0.071694 0.194198 1
g1 2 27 g6 2 25 0.080209 0.15724 1
g1 2 42 g1 2 24 0.125011 0.123816 1
g1 2 33 g2 2 17 0.096072 0.187198 1
g1 2 29 g1 2 25 0.084629 0.155603 1
g1 2 31 g1 2 28 0.090059 0.130341 1
g1 2 20 g1 2 27 0.065273 0.114622 1
g1 2 24 g1 2 33 0.073477 0.163865 1
g1 2 28 g1 2 25 0.082317 0.160339 1
g1 2 21 g1 2 31 0.067408 0.14073 1
g1 2 26 g1 2 22 0.07813 0.114373 1
g1 2 25 g1 2 25 0.075775 0.0740661 1
g1 2 25 g1 2 25 0.075949 0.125881 1
g1 2 28 g1 2 25 0.082105 0.0868187 1
g1 2 54 g6 2 38 0.136971 0.204369 1
g1 2 26 g1 2 22 0.077916 0.0972668 1
g1 2 37 g6 2 36 0.107489 0.215971 1
g1 2 20 g6 2 31 0.065604 0.134031 1
g1 2 24 g6 2 34 0.074394 0.199984 1
g1 2 21 g6 2 32 0.066994 0.150999 1
g1 2 28 g6 2 30 0.082321 0.173621 1
g1 2 22 g2 2 17 0.06972 0.193526 1
g1 2 24 g1 2 19 0.073569 0.0891945 1
g1 2 23 g1 2 20 0.071333 0.0969903 1
g1 2 32 g1 2 29 0.092369 0.134032 1
g1 2 30 g1 2 26 0.086694 0.148789 1
g1 2 39 g1 2 26 0.108378 0.259161 1
g1 2 29 g1 2 24 0.084718 0.203512 1
g1 2 29 g1 2 37 0.084647 0.106583 1
g1 2 23 g1 2 25 0.071114 0.0915781 1
g1 2 23 g1 2 24 0.072874 0.174426 1
g1 2 19 g1 2 26 0.063026 0.085179 1
g1 2 28 g1 2 28 0.082304 0.210505 1
g1 2 23 g1 2 29 0.071622 0.236403 1
g1 2 24 g1 2 24 0.073628 0.164906 1
g1 2 30 g1 2 24 0.087188 0.170312 1
g1 2 24 g1 2 26 0.073633 0.146705 1
g1 2 22 g1 2 23 0.069285 0.160308 1
g1 2 23 g1 2 24 0.07123 0.136293 1
g1 2 26 g1 2 26 0.079322 0.157024 1
g1 2 28 g1 2 28 0.082187 0.208836 1
g1 2 23 g1 2 25 0.071394 0.184867 1
g1 2 24 g1 2 24 0.073478 0.181988 1
g1 2 28 g1 2 24 0.082601 0.185135 1
g1 2 21 g1 2 28 0.067335 0.252151 1
g1 2 26 g6 2 36 0.077803 0.200933 1
g1 2 28 g6 2 34 0.082588 0.212761 1
g1 2 22 g6 2 37 0.069393 0.187049 1
g1 2 27 g6 2 34 0.080163 0.136433 1
g1 2 37 g2 2 17 0.10539 0.214004 1
g1 2 25 g6 2 25 0.0761 0.166234 1
g1 2 33 g2 2 17 0.095294 0.175786 1
g1 2 22 g1 2 18 0.069451 0.0772465 1
g1 2 20 g1 2 18 0.064851 0.0702443 1
g1 2 16 g1 2 17 0.057395 0.0958116 1
g1 2 16 g1 2 16 0.057369 0.0742667 1
g1 2 17 g1 2 17 0.059027 0.0748685 1
g1 2 17 g1 2 17 0.059079 0.0620692 1
g1 2 19 g1 2 18 0.062858 0.0683333 1
g1 2 16 g1 2 17 0.056982 0.105744 1
g2 2 15 g2 2 14 0.054451 0.102187 1
g2 2 15 g2 2 14 0.054619 0.10185 1
g2 2 17 g2 2 17 0.058923 0.181372 1
g2 2 14 g2 2 14 0.053065 0.155059 1
g2 2 15 g2 2 14 0.054923 0.154887 1
g2 2 13 g2 2 17 0.050794 0.164817 1
g2 2 14 g2 2 14 0.053075 0.13909 1
g2 2 15 g2 2 14 0.054877 0.110691 1
g2 2 15 g2 2 14 0.054972 0.179236 1
g2 2 29 g2 2 26 0.084967 0.139318 1
g2 2 16 g2 2 14 0.057153 0.110161 1
g2 2 15 g2 2 14 0.054594 0.100015 1
g2 2 15 g2 2 14 0.054759 0.119707 1
g2 2 16 g2 2 14 0.057064 0.121027 1
g2 2 16 g2 2 14 0.057176 0.173813 1
g2 2 15 g2 2 14 0.055145 0.140784 1
g2 2 12 g2 2 17 0.048739 0.269356 1
g2 2 15 g2 2 14 0.055254 0.092682 1
g2 2 16 g2 2 14 0.056872 0.101305 1
g2 2 15 g2 2 14 0.055148 0.158697 1
g2 2 16 g2 2 14 0.056767 0.13721 1
g2 2 16 g2 2 14 0.056943 0.214676 1
g2 2 14 g2 2 14 0.053061 0.148629 1
g2 2 17 g2 2 14 0.05858 0.10577 1
g2 2 18 g2 2 17 0.06034 0.169768 1
g2 2 15 g2 2 14 0.054912 0.174605 1
g2 2 15 g2 2 17 0.054959 0.236373 1
g2 2 16 g2 2 14 0.056524 0.175869 1
g2 2 18 g2 2 14 0.060641 0.137793 1
g2 2 31 g2 2 28 0.090057 0.126317 1
g2 2 28 g2 2 27 0.082875 0.154631 1
g2 2 29 g2 2 26 0.085522 0.139835 1
g2 2 25 g2 2 26 0.077061 0.145608 1
g2 2 20 g2 2 21 0.065077 0.141188 1
g2 2 22 g2 2 21 0.069584 0.116212 1
g2 2 32 g2 2 29 0.094951 0.128335 1
g2 2 23 g2 2 21 0.071377 0.096611 1
g2 2 20 g2 2 21 0.065033 0.0919244 1
g2 2 19 g2 2 21 0.063094 0.0917693 1
g2 2 21 g2 2 21 0.066012 0.0850921 1
g2 2 20 g2 2 21 0.067299 0.0905802 1
g2 2 21 g2 2 21 0.067059 0.0696447 1
g2 2 19 g2 2 21 0.066716 0.111867 1
g2 2 22 g2 2 21 0.069992 0.0774176 1
g2 2 22 g2 2 21 0.0702 0.0948557 1
g2 2 25 g2 2 23 0.075559 0.152061 1
g2 2 17 g2 2 24 0.058982 0.137865 1
g2 2 22 g2 2 21 0.069916 0.0837894 1
g2 2 42 g2 2 28 0.117637 0.160804 1
g2 2 22 g2 2 22 0.069332 0.0964792 1
g2 2 27 g2 2 23 0.080394 0.0798759 1
g2 2 27 g1 2 31 0.080423 0.219936 1
g2 2 21 g2 2 21 0.067302 0.115142 1
g2 2 19 g2 2 21 0.064372 0.0974426 1
g2 2 24 g1 2 33 0.073423 0.127458 1
g2 2 22 g2 2 21 0.069373 0.112631 1
g2 2 26 g1 2 27 0.077184 0.202682 1
g2 2 24 g2 2 28 0.073824 0.128112 1
g2 2 21 g2 2 29 0.067848 0.125182 1
g2 2 29 g2 2 28 0.085344 0.116633 1
g2 2 19 g2 2 21 0.063357 0.102651 1
g2 2 21 g1 2 33 0.067608 0.312074 1
g2 2 30 g2 2 25 0.087159 0.164235 1
g2 2 16 g2 2 14 0.057314 0.14913 1
g2 2 14 g2 2 14 0.052916 0.130177 1
g2 2 15 g2 2 14 0.054575 0.0820335 1
g3 1 36 g3 1 46 0.104692 0.333223 1
g3 1 35 g3 1 43 0.101109 0.221946 1
g3 1 49 g3 1 42 0.134014 0.30178 1
g3 1 52 g3 1 37 0.141985 0.246502 1
g3 1 55 g1 2 30 0.145457 0.418822 1
g3 1 49 g3 1 37 0.136216 0.259881 1
g3 1 47 g3 1 42 0.129502 0.382952 1
g3 1 47 g3 1 41 0.131241 0.282962 1
g3 1 44 g3 1 45 0.122546 0.289696 1
g3 1 43 g3 1 46 0.122235 0.297558 1
g3 1 44 g3 1 57 0.12255 0.28128 1
g3 1 47 g3 1 46 0.128766 0.232351 1
g3 1 46 g3 1 43 0.126759 0.247889 1
g3 1 47 g3 1 64 0.130451 0.222787 1
g3 1 44 g3 1 47 0.123557 0.51036 0
g3 1 44 g3 1 40 0.122049 0.258832 1
g3 1 41 g3 1 42 0.11571 0.209816 1
g3 1 56 g1 2 26 0.155708 0.386249 1
g3 1 48 g3 1 41 0.131987 0.251072 1
g3 1 48 g3 1 42 0.133947 0.221803 1
g3 1 50 g3 1 47 0.13799 0.226277 1
g3 1 48 g3 1 57 0.134985 0.221905 1
g3 1 46 g3 1 41 0.128002 0.25135 1
g3 1 43 g3 1 37 0.122064 0.253234 1
g3 1 47 g3 1 42 0.130443 0.316508 1
g3 1 44 g3 1 38 0.121933 0.28715 1
g3 1 50 g3 1 53 0.138454 0.32382 1
g3 1 66 g3 1 42 0.175394 0.284562 1
g3 1 58 g1 2 35 0.15823 0.4447 1
g3 1 50 g3 1 39 0.136634 0.201403 1
g3 1 57 g3 1 60 0.154175 0.228523 1
g3 1 53 g3 1 41 0.145087 0.280706 1
g3 1 49 g3 1 40 0.134647 0.220627 1
g3 1 51 g3 1 42 0.140256 0.247319 1
g3 1 52 g3 1 47 0.140626 0.263802 1
g3 1 50 g3 1 59 0.136755 0.273868 1
g3 1 51 g3 1 32 0.140838 0.32566 1
g3 1 59 g3 1 69 0.156992 0.265699 1
g3 1 61 g3 1 69 0.161234 0.260838 1
g3 1 46 g3 1 43 0.12845 0.385294 1
g3 1 28 g3 1 47 0.096731 0.823248 0
g3 1 49 g3 1 44 0.136268 0.300426 1
g3 1 42 g3 1 40 0.119447 0.212795 1
g3 1 40 g3 1 41 0.112097 0.20749 1
g3 1 42 g3 1 42 0.116225 0.230677 1
g3 1 44 g3 1 47 0.120701 0.308949 1
g3 1 39 g3 1 38 0.109569 0.342217 1
g3 1 43 g3 1 42 0.121218 0.173902 1
g3 1 40 g3 1 37 0.113807 0.222896 1
g3 1 39 g3 1 47 0.111758 0.313576 1
g3 1 43 g3 1 47 0.120188 0.257709 1
g4 2 37 g4 2 31 0.104925 0.214003 1
g4 2 37 g4 2 42 0.105211 0.0776266 1
g4 2 44 g4 2 45 0.122769 0.166957 1
g4 2 44 g4 2 42 0.121891 0.168567 1
g4 2 41 g4 2 46 0.115041 0.126684 1
g4 2 42 g4 2 51 0.117229 0.146778 1
g4 2 50 g3 1 44 0.138223 0.269455 1
g4 2 42 g4 2 42 0.1176 0.171182 1
g4 2 49 g4 2 48 0.134681 0.160702 1
g4 2 47 g4 2 49 0.130336 0.169863 1
g4 2 46 g4 2 46 0.126765 0.137917 1
g4 2 48 g4 2 51 0.132519 0.118121 1
g4 2 52 g4 2 51 0.142041 0.0872918 1
g4 2 45 g4 2 31 0.124231 0.128089 1
g4 2 30 g4 2 43 0.086684 0.145188 1
g4 2 31 g4 2 30 0.089411 0.0783236 1
g4 2 30 g4 2 29 0.087279 0.0842569 1
g4 2 33 g4 2 34 0.095764 0.155891 1
g4 2 31 g4 2 33 0.09047 0.107021 1
g4 2 34 g4 2 34 0.098265 0.120714 1
g4 2 35 g4 2 40 0.100742 0.0921291 1
g4 2 36 g4 2 32 0.102643 0.107127 1
g4 2 40 g4 2 48 0.111829 0.157677 1
g4 2 30 g4 2 32 0.086788 0.11523 1
g4 2 37 g4 2 35 0.105044 0.0999789 1
g4 2 37 g4 2 37 0.105225 0.0565179 1
g4 2 41 g4 2 36 0.114486 0.0927801 1
g4 2 41 g4 2 43 0.114379 0.114147 1
g4 2 46 g4 2 32 0.127504 0.101447 1
g4 2 46 g4 2 34 0.1298 0.113267 1
g4 2 31 g4 2 37 0.089652 0.0959691 1
g4 2 31 g4 2 33 0.089903 0.104216 1
g4 2 33 g4 2 34 0.096635 0.089046 1
g4 2 34 g4 2 34 0.098138 0.140114 1
g4 2 45 g4 2 34 0.124456 0.10591 1
g4 2 42 g4 2 34 0.117209 0.195535 1
g4 2 46 g4 2 41 0.127253 0.155241 1
g4 2 33 g4 2 32 0.096376 0.0741323 1
g4 2 45 g4 2 41 0.124876 0.101616 1
g4 2 50 g4 2 41 0.13675 0.114166 1
g4 2 41 g4 2 42 0.115031 0.0754929 1
g4 2 45 g4 2 32 0.124089 0.102621 1
g5 2 43 g5 2 48 0.1205 0.0971744 1
g5 2 45 g5 2 44 0.124939 0.0816019 1
g5 2 44 g5 2 52 0.124129 0.109662 1
g5 2 42 g5 2 52 0.117808 0.124991 1
g5 2 36 g5 2 50 0.104737 0.17394 1
g5 2 42 g5 2 50 0.11871 0.10384 1
g5 2 41 g4 2 34 0.115928 0.196252 1
g5 2 46 g5 2 50 0.127594 0.189313 1
g5 2 40 g5 2 51 0.113203 0.211937 1
g5 2 33 g5 2 32 0.096359 0.123541 1
g5 2 35 g5 2 35 0.101184 0.127559 1
g5 2 41 g5 2 35 0.115312 0.116069 1
g5 2 34 g5 2 33 0.098925 0.167177 1
g5 2 36 g4 2 31 0.10383 0.194451 1
g5 2 43 g5 2 51 0.123199 0.16659 1
g5 2 39 g5 2 52 0.112039 0.223702 1
g5 2 38 g5 2 51 0.110748 0.17723 1
g5 2 35 g5 2 35 0.102999 0.193171 1
g5 2 38 g5 2 51 0.11072 0.171682 1
g5 2 38 g4 2 31 0.109035 0.179745 1
g5 2 39 g5 2 51 0.111366 0.145158 1
g5 2 38 g4 2 31 0.108038 0.182144 1
g5 2 39 g4 2 36 0.111092 0.223905 1
g5 2 38 g5 2 50 0.108508 0.172716 1
g5 2 41 g5 2 50 0.11627 0.134535 1
g5 2 41 g5 2 54 0.115975 0.156904 1
g5 2 39 g4 2 31 0.110706 0.154788 1
g5 2 39 g5 2 54 0.110597 0.169673 1
g5 2 40 g5 2 51 0.112605 0.220685 1
g5 2 40 g5 2 51 0.113778 0.173265 1
g5 2 38 g4 2 31 0.108576 0.184001 1
g5 2 39 g5 2 50 0.112411 0.134244 1
g5 2 37 g5 2 45 0.106213 0.133308 1
g5 2 39 g5 2 50 0.111622 0.152698 1
g5 2 39 g5 2 49 0.110696 0.14648 1
g5 2 43 g5 2 49 0.120998 0.105347 1
g5 2 55 g5 2 51 0.149751 0.123206 1
g5 2 40 g5 2 49 0.113843 0.0955829 1
g5 2 47 g5 2 52 0.129528 0.083783 1
g5 2 47 g5 2 49 0.132262 0.126546 1
g5 2 50 g5 2 59 0.138264 0.137976 1
g5 2 47 g5 2 55 0.13232 0.0960784 1
g5 2 47 g5 2 54 0.131519 0.106638 1
g5 2 50 g5 2 51 0.138084 0.100387 1
g5 2 47 g5 2 48 0.131332 0.0650965 1
g6 2 40 g6 2 38 0.11165 0.083175 1
g6 2 39 g6 2 38 0.109587 0.0953195 1
g6 2 42 g6 2 38 0.115927 0.0928561 1
g6 2 41 g6 2 34 0.114751 0.186681 1
g6 2 35 g6 2 38 0.100668 0.0746636 1
g6 2 34 g6 2 34 0.09807 0.133747 1
g6 2 37 g6 2 38 0.104705 0.0972487 1
g6 2 38 g6 2 38 0.106903 0.13291 1
g6 2 36 g6 2 38 0.102249 0.106651 1
g6 2 32 g6 2 38 0.092772 0.106965 1
g6 2 39 g6 2 37 0.110289 0.158648 1
g6 2 42 g6 2 59 0.116684 0.0806673 1
g6 2 41 g6 2 41 0.115337 0.0722909 1
g6 2 31 g6 2 38 0.089796 0.121881 1
g6 2 36 g6 2 41 0.102622 0.165956 1
g6 2 41 g6 2 39 0.11438 0.0874991 1
g6 2 35 g6 2 38 0.09997 0.0999042 1
g6 2 43 g6 2 39 0.119068 0.0893298 1
g6 2 36 g6 2 38 0.102637 0.0858735 1
g6 2 35 g6 2 38 0.100241 0.143103 1
g6 2 41 g6 2 38 0.11434 0.0953615 1
g6 2 56 g6 2 38 0.151266 0.112614 1
g6 2 38 g6 2 39 0.108535 0.102929 1
g6 2 34 g6 2 39 0.097967 0.12231 1
g6 2 36 g6 2 38 0.102363 0.120256 1
g6 2 35 g6 2 44 0.100326 0.250265 1
g6 2 44 g6 2 38 0.121521 0.115719 1
g6 2 35 g6 2 38 0.100408 0.0915789 1
g6 2 35 g6 2 38 0.100274 0.0938618 1
g6 2 29 g6 2 33 0.084673 0.102225 1
g6 2 32 g6 2 34 0.092198 0.0872025 1
g6 2 33 g6 2 34 0.096766 0.119237 1
g6 2 51 g6 2 49 0.139217 0.354557 1
g6 2 39 g1 2 25 0.110173 0.256252 1
g6 2 32 g6 2 33 0.09261 0.0489091 1
g6 2 33 g6 2 35 0.095325 0.0869931 1
g6 2 35 g6 2 35 0.100345 0.0761341 1
g6 2 33 g6 2 35 0.095345 0.0791336 1
g6 2 37 g6 2 36 0.105169 0.0803105 1
g6 2 39 g6 2 37 0.109654 0.0712027 1
g6 2 37 g6 2 44 0.105511 0.0961247 1
g7 1 37 g7 1 44 0.108192 0.284241 1
g7 1 34 g7 1 42 0.098467 0.224965 1
g7 1 37 g7 1 39 0.106063 0.323346 1
g7 1 38 g7 1 52 0.109016 0.162606 1
g7 1 40 g7 1 34 0.113122 0.290341 1
g7 1 41 g7 1 41 0.116749 0.267993 1
g7 1 34 g7 1 46 0.098778 0.307843 1
g7 1 35 g7 1 36 0.103837 0.13242 1
g7 1 27 g7 1 31 0.08091 0.229789 1
g7 1 32 g3 1 40 0.09604 0.432231 1
g7 1 34 g7 1 33 0.099464 0.228633 1
g7 1 36 g7 1 34 0.104595 0.171633 1
g7 1 36 g7 1 39 0.102519 0.221973 1
g7 1 34 g7 1 29 0.097042 0.191086 1
g7 1 29 g7 1 29 0.084653 0.22992 1
g7 1 33 g7 1 31 0.095451 0.183853 1
g7 1 33 g7 1 28 0.096435 0.179065 1
g7 1 30 g7 1 32 0.086865 0.223571 1
g7 1 31 g7 1 29 0.089279 0.24925 1
g7 1 31 g7 1 28 0.091181 0.164834 1
g7 1 31 g7 1 32 0.091448 0.209471 1
g7 1 27 g7 1 27 0.082809 0.0629575 1
g7 1 39 g1 2 17 0.109527 0.578516 0
g7 1 35 g7 1 35 0.099092 0.240379 1
g7 1 45 g7 1 28 0.124508 0.33521 1
g7 1 37 g7 1 48 0.104356 0.365188 1
g7 1 34 g2 2 23 0.097776 0.458612 1
g7 1 38 g7 1 37 0.107805 0.169295 1
g7 1 35 g1 2 17 0.10171 0.602471 0
g7 1 36 g7 1 38 0.102259 0.375783 1
g7 1 36 g7 1 36 0.102236 0.21929 1
g7 1 44 g7 1 47 0.12231 0.305902 1
g7 1 39 g7 1 43 0.111356 0.305301 1
g7 1 40 g7 1 35 0.113145 0.224363 1
g7 1 46 g7 1 33 0.127025 0.209283 1
g7 1 68 g7 1 43 0.173705 0.286404 1
g7 1 34 g7 1 51 0.098062 0.34738 1
g7 1 35 g7 1 46 0.099278 0.270879 1
g7 1 39 g7 1 50 0.111803 0.307819 1
g7 1 40 g7 1 39 0.114933 0.23487 1
g7 1 45 g7 1 41 0.124833 0.28276 1
g7 1 48 g7 1 45 0.135804 0.196207 1
g7 1 32 g7 1 34 0.092969 0.314379 1
g7 1 50 g7 1 40 0.138708 0.185094 1
g7 1 21 g7 1 36 0.06705 0.36312 1
g7 1 35 g7 1 51 0.102221 0.377438 1
g7 1 36 g7 1 34 0.104838 0.159756 1
g7 1 36 g7 1 31 0.104192 0.279676 1
g7 1 37 g7 1 31 0.105452 0.22345 1
g7 1 49 g7 1 41 0.13537 0.244665 1
g7 1 33 g7 1 29 0.095781 0.332379 1
g7 1 33 g7 1 33 0.097089 0.272874 1
g7 1 42 g7 1 45 0.118397 0.170913 1
g7 1 61 g7 1 45 0.166993 0.305385 1
g7 1 56 g7 1 52 0.153069 0.246406 1
g7 1 54 g7 1 37 0.147321 0.398754 1
g7 1 53 g7 1 52 0.145213 0.231176 1
g7 1 35 g7 1 35 0.11393 0.242307 1
g7 1 51 g7 1 48 0.139961 0.167855 1
g7 1 43 g7 1 47 0.118932 0.222068 1
g7 1 47 g7 1 48 0.128799 0.168317 1
g7 1 45 g7 1 45 0.124708 0.191058 1
g7 1 47 g7 1 48 0.130686 0.173907 1
