g1 2 24 g6 2 32 0.073423 0.177839 1
g1 2 23 g6 2 34 0.071943 0.194286 1
g1 2 27 g6 2 25 0.080327 0.156739 1
g1 2 42 g1 2 24 0.124984 0.124555 1
g1 2 33 g2 2 17 0.09568 0.186512 1
g1 2 29 g1 2 25 0.085321 0.155493 1
g1 2 31 g1 2 28 0.089713 0.130339 1
g1 2 20 g1 2 27 0.06513 0.114469 1
g1 2 24 g1 2 33 0.073678 0.163801 1
g1 2 28 g1 2 25 0.082546 0.160279 1
g1 2 21 g1 2 22 0.067505 0.138157 1
g1 2 26 g1 2 22 0.078224 0.114392 1
g1 2 25 g1 2 25 0.076017 0.0740715 1
g1 2 25 g1 2 25 0.076102 0.125773 1
g1 2 28 g1 2 25 0.082444 0.0863041 1
g1 2 54 g6 2 38 0.139727 0.204242 1
g1 2 26 g1 2 22 0.078298 0.0966976 1
g1 2 37 g6 2 36 0.105507 0.215399 1
g1 2 20 g6 2 31 0.065084 0.133138 1
g1 2 24 g6 2 34 0.073769 0.19971 1
g1 2 21 g6 2 32 0.067218 0.148979 1
g1 2 28 g6 2 30 0.082375 0.172967 1
g1 2 22 g2 2 17 0.069569 0.191713 1
g1 2 24 g1 2 19 0.073534 0.0886496 1
g1 2 23 g1 2 20 0.071259 0.0959363 1
g1 2 32 g1 2 29 0.092646 0.134286 1
g1 2 30 g1 2 26 0.086953 0.147948 1
g1 2 39 g1 2 26 0.10901 0.258994 1
g1 2 29 g1 2 24 0.084899 0.203157 1
g1 2 29 g1 2 37 0.085106 0.106014 1
g1 2 23 g1 2 25 0.072013 0.0902134 1
g1 2 23 g1 2 24 0.071407 0.174544 1
g1 2 19 g1 2 26 0.063201 0.0834176 1
g1 2 28 g1 2 28 0.082275 0.210743 1
g1 2 23 g1 2 29 0.071985 0.235269 1
g1 2 24 g1 2 24 0.073461 0.163654 1
g1 2 30 g1 2 24 0.08679 0.169157 1
g1 2 24 g1 2 26 0.073803 0.146512 1
g1 2 22 g1 2 23 0.069463 0.159734 1
g1 2 23 g1 2 24 0.071337 0.134771 1
g1 2 26 g1 2 26 0.07815 0.155951 1
g1 2 28 g1 2 28 0.082227 0.190776 1
g1 2 23 g1 2 25 0.071552 0.184149 1
g1 2 24 g1 2 24 0.073984 0.182284 1
g1 2 28 g1 2 24 0.082656 0.184123 1
g1 2 21 g1 2 28 0.067478 0.251477 0
g1 2 26 g6 2 36 0.078141 0.200737 1
g1 2 28 g6 2 34 0.082423 0.212294 1
g1 2 22 g6 2 37 0.069751 0.185805 1
g1 2 27 g6 2 34 0.080373 0.13539 1
g1 2 37 g2 2 17 0.105463 0.213727 1
g1 2 25 g6 2 25 0.076276 0.165599 1
g1 2 33 g2 2 17 0.094996 0.175089 1
g1 2 22 g1 2 18 0.070204 0.0769956 1
g1 2 20 g1 2 18 0.065319 0.0699969 1
g1 2 16 g1 2 17 0.056913 0.0972281 1
g1 2 16 g1 2 16 0.057313 0.0740709 1
g1 2 17 g1 2 17 0.058997 0.0754636 1
g1 2 17 g1 2 17 0.058691 0.060393 1
g1 2 19 g1 2 18 0.062776 0.0681503 1
g1 2 16 g1 2 17 0.056887 0.103612 1
g2 2 15 g2 2 14 0.055034 0.102294 1
g2 2 15 g2 2 14 0.054923 0.102069 1
g2 2 17 g2 2 17 0.058752 0.180842 1
g2 2 14 g2 2 14 0.052632 0.155019 1
g2 2 15 g2 2 14 0.055041 0.154699 1
g2 2 13 g2 2 17 0.050703 0.163711 1
g2 2 14 g2 2 14 0.052707 0.138865 1
g2 2 15 g2 2 14 0.055 0.109654 1
g2 2 15 g2 2 14 0.055053 0.179041 1
g2 2 29 g2 2 26 0.085293 0.13883 1
g2 2 16 g2 2 14 0.057077 0.109136 1
g2 2 15 g2 2 14 0.055034 0.0998811 1
g2 2 15 g2 2 14 0.055123 0.119302 1
g2 2 16 g2 2 14 0.057233 0.119978 1
g2 2 16 g2 2 14 0.057294 0.173492 1
g2 2 15 g2 2 14 0.054953 0.139512 1
g2 2 12 g2 2 17 0.048624 0.266786 1
g2 2 15 g2 2 14 0.055108 0.0909069 1
g2 2 16 g2 2 14 0.057278 0.0997465 1
g2 2 15 g2 2 14 0.055228 0.15704 1
g2 2 16 g2 2 14 0.057157 0.136554 1
g2 2 16 g2 2 14 0.056861 0.213739 1
g2 2 14 g2 2 14 0.052921 0.149036 1
g2 2 17 g2 2 14 0.058821 0.104702 1
g2 2 18 g2 2 17 0.060756 0.171124 1
g2 2 15 g2 2 14 0.054765 0.174244 1
g2 2 15 g2 2 17 0.054735 0.234601 1
g2 2 16 g2 2 14 0.056953 0.175422 1
g2 2 18 g2 2 14 0.060921 0.137632 1
g2 2 31 g2 2 28 0.090206 0.125996 1
g2 2 28 g2 2 27 0.0831 0.154531 1
g2 2 29 g2 2 26 0.085709 0.13868 1
g2 2 25 g2 2 26 0.076748 0.145046 1
g2 2 20 g2 2 21 0.065026 0.14081 1
g2 2 22 g2 2 21 0.069283 0.116275 1
g2 2 32 g2 2 29 0.095207 0.128344 1
g2 2 23 g2 2 24 0.071669 0.0911216 1
g2 2 20 g2 2 21 0.065645 0.0914759 1
g2 2 19 g2 2 21 0.065575 0.090553 1
g2 2 21 g2 2 23 0.067308 0.0802652 1
g2 2 20 g2 2 21 0.06804 0.0893105 1
g2 2 21 g2 2 21 0.067643 0.0697141 1
g2 2 19 g2 2 21 0.064783 0.111094 1
g2 2 22 g2 2 21 0.071839 0.0768108 1
g2 2 22 g2 2 21 0.071927 0.0935556 1
g2 2 25 g2 2 23 0.07853 0.151366 1
g2 2 17 g2 2 24 0.06039 0.136608 1
g2 2 22 g2 2 21 0.069198 0.0832263 1
g2 2 42 g2 2 28 0.117274 0.160527 1
g2 2 22 g2 2 22 0.069601 0.0972297 1
g2 2 27 g2 2 23 0.080286 0.0794278 1
g2 2 27 g1 2 31 0.080433 0.219084 1
g2 2 21 g2 2 21 0.067171 0.114951 1
g2 2 19 g2 2 21 0.064477 0.0968977 1
g2 2 24 g1 2 33 0.073876 0.126282 1
g2 2 22 g2 2 21 0.07176 0.112032 1
g2 2 26 g1 2 27 0.080758 0.201474 1
g2 2 24 g2 2 28 0.076779 0.127158 1
g2 2 21 g2 2 29 0.068532 0.124674 1
g2 2 29 g2 2 28 0.086174 0.115389 1
g2 2 19 g2 2 21 0.06515 0.102121 1
g2 2 21 g1 2 33 0.070113 0.311734 0
g2 2 30 g2 2 25 0.0899 0.163577 1
g2 2 16 g2 2 14 0.05876 0.148281 1
g2 2 14 g2 2 14 0.053632 0.130207 1
g2 2 15 g2 2 14 0.054964 0.0822884 1
g3 1 36 g3 1 46 0.106184 0.332445 1
g3 1 35 g3 1 43 0.107757 0.221407 1
g3 1 49 g3 1 42 0.136627 0.300641 1
g3 1 52 g3 1 37 0.145996 0.246244 1
g3 1 55 g1 2 30 0.148966 0.418895 0
g3 1 49 g3 1 37 0.138919 0.259543 1
g3 1 47 g3 1 42 0.131976 0.382585 0
g3 1 47 g3 1 41 0.135195 0.282248 0
g3 1 44 g3 1 45 0.124281 0.289176 0
g3 1 43 g3 1 46 0.126738 0.297155 1
g3 1 44 g3 1 57 0.128448 0.280456 0
g3 1 47 g3 1 46 0.15197 0.231488 1
g3 1 46 g3 1 43 0.130563 0.244426 1
g3 1 47 g3 1 64 0.134978 0.222005 1
g3 1 44 g3 1 47 0.130673 0.509912 0
g3 1 44 g3 1 40 0.130515 0.258925 1
g3 1 41 g3 1 42 0.132941 0.20938 1
g3 1 56 g1 2 26 0.161232 0.384839 0
g3 1 48 g3 1 41 0.140925 0.250921 1
g3 1 48 g3 1 42 0.142798 0.221797 1
g3 1 50 g3 1 47 0.144073 0.226461 1
g3 1 48 g3 1 57 0.138128 0.223474 1
g3 1 46 g3 1 41 0.128678 0.251364 1
g3 1 43 g3 1 37 0.125579 0.252658 1
g3 1 47 g3 1 42 0.137375 0.316269 0
g3 1 44 g3 1 38 0.134645 0.286164 0
g3 1 50 g3 1 53 0.145264 0.323461 0
g3 1 66 g3 1 42 0.182186 0.284546 0
g3 1 58 g1 2 35 0.1617 0.443586 0
g3 1 50 g3 1 39 0.154407 0.201097 1
g3 1 57 g3 1 60 0.168556 0.227756 1
g3 1 53 g3 1 41 0.147513 0.280176 1
g3 1 49 g3 1 40 0.167714 0.220275 1
g3 1 51 g3 1 42 0.144989 0.246952 1
g3 1 52 g3 1 47 0.152696 0.262663 1
g3 1 50 g3 1 59 0.15349 0.273023 1
g3 1 51 g3 1 32 0.150598 0.325366 1
g3 1 59 g3 1 69 0.190978 0.265281 1
g3 1 61 g3 1 69 0.180049 0.26054 1
g3 1 46 g3 1 43 0.130191 0.385156 0
g3 1 28 g3 1 47 0.097464 0.823018 0
g3 1 49 g3 1 44 0.136916 0.299366 0
g3 1 42 g3 1 40 0.120028 0.212053 1
g3 1 40 g3 1 41 0.112347 0.207229 1
g3 1 42 g3 1 42 0.117116 0.229532 1
g3 1 44 g3 1 47 0.122587 0.308689 0
g3 1 39 g3 1 38 0.110926 0.342506 0
g3 1 43 g3 1 42 0.121259 0.173607 1
g3 1 40 g3 1 37 0.115493 0.222603 1
g3 1 39 g3 1 47 0.112672 0.313106 0
g3 1 43 g3 1 47 0.12066 0.257062 0
g4 2 37 g4 2 31 0.134194 0.213731 1
g4 2 37 g4 2 42 0.113366 0.0770925 1
g4 2 44 g4 2 45 0.1259 0.166975 1
g4 2 44 g4 2 42 0.122937 0.168401 1
g4 2 41 g4 2 46 0.115939 0.126542 1
g4 2 42 g4 2 51 0.120527 0.146691 1
g4 2 50 g3 1 44 0.175944 0.268622 1
g4 2 42 g4 2 42 0.124941 0.170647 1
g4 2 49 g4 2 48 0.205144 0.16048 1
g4 2 47 g4 2 49 0.153382 0.169922 1
g4 2 46 g4 2 46 0.156213 0.137594 1
g4 2 48 g4 2 51 0.154786 0.117739 1
g4 2 52 g4 2 51 0.149307 0.0872674 1
g4 2 45 g4 2 31 0.138422 0.127746 1
g4 2 30 g4 2 43 0.094454 0.144586 1
g4 2 31 g4 2 30 0.097441 0.078087 1
g4 2 30 g4 2 29 0.08778 0.0841841 1
g4 2 33 g4 2 34 0.096593 0.155968 1
g4 2 31 g4 2 33 0.09507 0.106797 1
g4 2 34 g4 2 34 0.105772 0.120246 1
g4 2 35 g4 2 40 0.102231 0.0919232 1
g4 2 36 g4 2 32 0.124003 0.107242 1
g4 2 40 g4 2 48 0.126764 0.15742 1
g4 2 30 g4 2 32 0.090113 0.114933 1
g4 2 37 g4 2 35 0.117083 0.0999654 1
g4 2 37 g4 2 37 0.108954 0.0560005 1
g4 2 41 g4 2 36 0.11774 0.0923847 1
g4 2 41 g4 2 43 0.126253 0.113961 1
g4 2 46 g4 2 32 0.14427 0.101124 1
g4 2 46 g4 2 34 0.152155 0.113174 1
g4 2 31 g4 2 37 0.099432 0.0955719 1
g4 2 31 g4 2 33 0.097757 0.103906 1
g4 2 33 g4 2 34 0.104975 0.0887908 1
g4 2 34 g4 2 34 0.111952 0.140199 1
g4 2 45 g4 2 34 0.129049 0.105555 1
g4 2 42 g4 2 34 0.12839 0.195331 1
g4 2 46 g4 2 41 0.146805 0.154758 1
g4 2 33 g4 2 32 0.097112 0.0741617 1
g4 2 45 g4 2 41 0.127836 0.101517 1
g4 2 50 g4 2 41 0.139702 0.113763 1
g4 2 41 g4 2 42 0.1174 0.0753194 1
g4 2 45 g4 2 32 0.14663 0.102625 1
g5 2 43 g5 2 48 0.124287 0.096948 1
g5 2 45 g5 2 44 0.127563 0.0813948 1
g5 2 44 g5 2 52 0.133846 0.109526 1
g5 2 42 g5 2 52 0.118594 0.12298 1
g5 2 36 g5 2 50 0.110202 0.173685 1
g5 2 42 g5 2 50 0.127445 0.103629 1
g5 2 41 g4 2 34 0.134317 0.195062 1
g5 2 46 g5 2 50 0.141068 0.189381 1
g5 2 40 g5 2 51 0.119215 0.211785 1
g5 2 33 g5 2 32 0.096935 0.123193 1
g5 2 35 g5 2 35 0.113254 0.127778 1
g5 2 41 g5 2 35 0.120833 0.115549 1
g5 2 34 g5 2 33 0.107779 0.166843 1
g5 2 36 g4 2 31 0.13918 0.193424 1
g5 2 43 g5 2 51 0.164143 0.166174 1
g5 2 39 g5 2 51 0.125838 0.210268 1
g5 2 38 g5 2 51 0.11552 0.176763 1
g5 2 35 g5 2 35 0.112093 0.193344 1
g5 2 38 g5 2 51 0.10928 0.171544 1
g5 2 38 g4 2 31 0.108568 0.178412 1
g5 2 39 g5 2 51 0.113965 0.144814 1
g5 2 38 g4 2 31 0.116502 0.180962 1
g5 2 39 g4 2 36 0.115087 0.222326 1
g5 2 38 g5 2 50 0.111588 0.172357 1
g5 2 41 g5 2 50 0.119463 0.134481 1
g5 2 41 g5 2 54 0.117233 0.156583 1
g5 2 39 g4 2 31 0.113604 0.153731 1
g5 2 39 g5 2 54 0.127592 0.169357 1
g5 2 40 g5 2 51 0.156914 0.220687 1
g5 2 40 g5 2 51 0.152643 0.173148 1
g5 2 38 g4 2 31 0.109429 0.182182 1
g5 2 39 g5 2 50 0.113608 0.132382 1
g5 2 37 g5 2 45 0.107704 0.13262 1
g5 2 39 g5 2 50 0.113742 0.152406 1
g5 2 39 g5 2 49 0.111226 0.145824 1
g5 2 43 g5 2 49 0.122707 0.104819 1
g5 2 55 g5 2 51 0.152719 0.122428 1
g5 2 40 g5 2 49 0.114838 0.0949954 1
g5 2 47 g5 2 52 0.131709 0.0837979 1
g5 2 47 g5 2 49 0.134054 0.126398 1
g5 2 50 g5 2 59 0.14043 0.137652 1
g5 2 47 g5 2 55 0.134003 0.0960286 1
g5 2 47 g5 2 54 0.13296 0.106302 1
g5 2 50 g5 2 51 0.142529 0.100019 1
g5 2 47 g5 2 48 0.133342 0.0650633 1
g6 2 40 g6 2 38 0.11333 0.0831293 1
g6 2 39 g6 2 38 0.112865 0.0954732 1
g6 2 42 g6 2 38 0.116898 0.09279 1
g6 2 41 g6 2 34 0.115042 0.186611 1
g6 2 35 g6 2 38 0.101069 0.0741795 1
g6 2 34 g6 2 34 0.098355 0.13345 1
g6 2 37 g6 2 38 0.105173 0.0968774 1
g6 2 38 g6 2 38 0.113501 0.132625 1
g6 2 36 g6 2 38 0.108958 0.105043 1
g6 2 32 g6 2 38 0.099227 0.10631 1
g6 2 39 g6 2 37 0.114733 0.158528 1
g6 2 42 g6 2 59 0.118604 0.0806915 1
g6 2 41 g6 2 41 0.114967 0.07077 1
g6 2 31 g6 2 38 0.090116 0.12078 1
g6 2 36 g6 2 41 0.12332 0.164803 1
g6 2 41 g6 2 39 0.139405 0.0869633 1
g6 2 35 g6 2 38 0.103376 0.099564 1
g6 2 43 g6 2 39 0.12023 0.0888546 1
g6 2 36 g6 2 38 0.104274 0.0856295 1
g6 2 35 g6 2 38 0.104232 0.142454 1
g6 2 41 g6 2 38 0.119486 0.0950052 1
g6 2 56 g6 2 38 0.160645 0.112544 1
g6 2 38 g6 2 39 0.114353 0.102009 1
g6 2 34 g6 2 39 0.09933 0.12163 1
g6 2 36 g6 2 38 0.107877 0.119668 1
g6 2 35 g6 2 44 0.108343 0.249863 0
g6 2 44 g6 2 38 0.127617 0.115654 1
g6 2 35 g6 2 38 0.103117 0.0913838 1
g6 2 35 g6 2 38 0.101081 0.0932373 1
g6 2 29 g6 2 33 0.085526 0.101353 1
g6 2 32 g6 2 34 0.093132 0.0869118 1
g6 2 33 g6 2 34 0.099082 0.118859 1
g6 2 51 g6 2 49 0.144191 0.354284 0
g6 2 39 g1 2 25 0.118023 0.255429 1
g6 2 32 g6 2 33 0.098866 0.0479845 1
g6 2 33 g6 2 35 0.099344 0.0866037 1
g6 2 35 g6 2 35 0.101539 0.0756825 1
g6 2 33 g6 2 35 0.097273 0.0790453 1
g6 2 37 g6 2 36 0.122745 0.0800973 1
g6 2 39 g6 2 37 0.110249 0.0710931 1
g6 2 37 g6 2 44 0.105671 0.0960218 1
g7 1 37 g7 1 44 0.107926 0.283729 1
g7 1 34 g7 1 42 0.099416 0.224504 1
g7 1 37 g7 1 39 0.105718 0.322902 0
g7 1 38 g7 1 52 0.110362 0.161921 1
g7 1 40 g7 1 34 0.113641 0.289615 1
g7 1 41 g7 1 41 0.119134 0.267352 1
g7 1 34 g7 1 46 0.110355 0.306425 0
g7 1 35 g7 1 36 0.108188 0.132177 1
g7 1 27 g7 1 31 0.096519 0.224476 1
g7 1 32 g3 1 40 0.104478 0.431618 0
g7 1 34 g7 1 33 0.101726 0.226178 1
g7 1 36 g7 1 34 0.106474 0.171268 1
g7 1 36 g7 1 39 0.11126 0.221251 1
g7 1 34 g7 1 29 0.116231 0.190098 1
g7 1 29 g7 1 29 0.106515 0.229544 1
g7 1 33 g7 1 31 0.110354 0.183661 1
g7 1 33 g7 1 28 0.125237 0.178668 1
g7 1 30 g7 1 32 0.09769 0.223046 1
g7 1 31 g7 1 29 0.10383 0.248928 1
g7 1 31 g7 1 28 0.101853 0.164172 1
g7 1 31 g7 1 32 0.103753 0.208856 1
g7 1 27 g7 1 27 0.089785 0.0615644 1
g7 1 39 g1 2 17 0.115546 0.57738 0
g7 1 35 g7 1 35 0.102203 0.238792 1
g7 1 45 g7 1 28 0.130887 0.334334 1
g7 1 37 g7 1 48 0.110853 0.36491 0
g7 1 34 g2 2 23 0.104182 0.45804 0
g7 1 38 g7 1 37 0.116922 0.16894 1
g7 1 35 g1 2 17 0.112925 0.601892 0
g7 1 36 g7 1 38 0.104074 0.375958 0
g7 1 36 g7 1 36 0.105141 0.22344 1
g7 1 44 g7 1 47 0.124113 0.305023 1
g7 1 39 g7 1 43 0.112639 0.304891 0
g7 1 40 g7 1 35 0.117205 0.22377 1
g7 1 46 g7 1 33 0.12956 0.208856 1
g7 1 68 g7 1 43 0.18331 0.286301 1
g7 1 34 g7 1 51 0.099612 0.347542 0
g7 1 35 g7 1 46 0.104361 0.270526 1
g7 1 39 g7 1 50 0.12496 0.307484 1
g7 1 40 g7 1 39 0.113687 0.2346 1
g7 1 45 g7 1 41 0.127595 0.282181 1
g7 1 48 g7 1 45 0.145551 0.196393 1
g7 1 32 g7 1 34 0.107507 0.31424 1
g7 1 50 g7 1 40 0.156644 0.18407 1
g7 1 21 g7 1 36 0.084535 0.363603 1
g7 1 35 g7 1 51 0.116093 0.376813 0
g7 1 36 g7 1 34 0.11734 0.159465 1
g7 1 36 g7 1 31 0.110183 0.279683 1
g7 1 37 g7 1 31 0.143439 0.223388 1
g7 1 49 g7 1 41 0.152147 0.244423 1
g7 1 33 g7 1 29 0.100966 0.331907 1
g7 1 33 g7 1 33 0.099865 0.27306 1
g7 1 42 g7 1 45 0.133547 0.170613 1
g7 1 61 g7 1 45 0.178845 0.305014 1
g7 1 56 g7 1 52 0.154329 0.246199 1
g7 1 54 g7 1 37 0.158893 0.398423 0
g7 1 53 g7 1 52 0.149324 0.230603 1
g7 1 35 g7 1 35 0.115667 0.243094 1
g7 1 51 g7 1 48 0.142552 0.167706 1
g7 1 43 g7 1 47 0.121488 0.222166 1
g7 1 47 g7 1 48 0.131362 0.168155 1
g7 1 45 g7 1 45 0.12958 0.191072 1
g7 1 47 g7 1 48 0.135843 0.173402 1
