g1 2 24 g6 2 32 0.073865 0.177839 0
g1 2 23 g6 2 34 0.071637 0.194286 0
g1 2 27 g6 2 25 0.080521 0.156739 1
g1 2 42 g1 2 24 0.125084 0.124555 1
g1 2 33 g2 2 17 0.096111 0.186512 1
g1 2 29 g1 2 25 0.085132 0.155493 1
g1 2 31 g1 2 28 0.089955 0.130339 1
g1 2 20 g1 2 27 0.065403 0.114469 1
g1 2 24 g1 2 33 0.07365 0.163801 1
g1 2 28 g1 2 25 0.082599 0.160279 0
g1 2 21 g1 2 22 0.067513 0.138157 1
g1 2 26 g1 2 22 0.078128 0.114392 1
g1 2 25 g1 2 25 0.076096 0.0740715 1
g1 2 25 g1 2 25 0.076116 0.125773 1
g1 2 28 g1 2 25 0.083237 0.0863041 1
g1 2 54 g6 2 38 0.137065 0.204242 0
g1 2 26 g1 2 22 0.078323 0.0966976 1
g1 2 37 g6 2 36 0.105276 0.215399 0
g1 2 20 g6 2 31 0.068418 0.133138 1
g1 2 24 g6 2 34 0.073791 0.19971 0
g1 2 21 g6 2 32 0.067725 0.148979 1
g1 2 28 g6 2 30 0.082636 0.172967 1
g1 2 22 g2 2 17 0.069763 0.191713 1
g1 2 24 g1 2 19 0.073853 0.0886496 1
g1 2 23 g1 2 20 0.071484 0.0959363 1
g1 2 32 g1 2 29 0.092887 0.134286 1
g1 2 30 g1 2 26 0.087009 0.147948 1
g1 2 39 g1 2 26 0.109504 0.258994 0
g1 2 29 g1 2 24 0.085025 0.203157 0
g1 2 29 g1 2 37 0.085012 0.106014 1
g1 2 23 g1 2 25 0.071413 0.0902134 1
g1 2 23 g1 2 24 0.07175 0.174544 0
g1 2 19 g1 2 26 0.063282 0.0834176 1
g1 2 28 g1 2 28 0.082479 0.210743 0
g1 2 23 g1 2 29 0.071659 0.235269 0
g1 2 24 g1 2 24 0.073651 0.163654 1
g1 2 30 g1 2 24 0.087152 0.169157 1
g1 2 24 g1 2 26 0.073234 0.146512 1
g1 2 22 g1 2 23 0.069448 0.159734 1
g1 2 23 g1 2 24 0.071507 0.134771 1
g1 2 26 g1 2 26 0.07819 0.155951 1
g1 2 28 g1 2 28 0.082672 0.190776 1
g1 2 23 g1 2 25 0.07146 0.184149 0
g1 2 24 g1 2 24 0.073804 0.182284 0
g1 2 28 g1 2 24 0.082981 0.184123 1
g1 2 21 g1 2 28 0.067418 0.251477 0
g1 2 26 g6 2 36 0.078284 0.200737 0
g1 2 28 g6 2 34 0.08271 0.212294 0
g1 2 22 g6 2 37 0.069679 0.185805 1
g1 2 27 g6 2 34 0.080297 0.13539 1
g1 2 37 g2 2 17 0.105282 0.213727 0
g1 2 25 g6 2 25 0.076495 0.165599 1
g1 2 33 g2 2 17 0.095016 0.175089 0
g1 2 22 g1 2 18 0.069481 0.0769956 1
g1 2 20 g1 2 18 0.065109 0.0699969 1
g1 2 16 g1 2 17 0.05714 0.0972281 1
g1 2 16 g1 2 16 0.057239 0.0740709 1
g1 2 17 g1 2 17 0.058862 0.0754636 1
g1 2 17 g1 2 17 0.05889 0.060393 1
g1 2 19 g1 2 18 0.062854 0.0681503 1
g1 2 16 g1 2 17 0.05728 0.103612 1
g2 2 15 g2 2 14 0.055365 0.102294 1
g2 2 15 g2 2 14 0.055408 0.102069 1
g2 2 17 g2 2 17 0.059279 0.180842 1
g2 2 14 g2 2 14 0.052772 0.155019 1
g2 2 15 g2 2 14 0.055176 0.154699 1
g2 2 13 g2 2 17 0.050662 0.163711 1
g2 2 14 g2 2 14 0.052937 0.138865 1
g2 2 15 g2 2 14 0.055066 0.109654 1
g2 2 15 g2 2 14 0.055205 0.179041 1
g2 2 29 g2 2 26 0.085359 0.13883 0
g2 2 16 g2 2 14 0.057353 0.109136 1
g2 2 15 g2 2 14 0.055132 0.0998811 1
g2 2 15 g2 2 14 0.054758 0.119302 1
g2 2 16 g2 2 14 0.057056 0.119978 1
g2 2 16 g2 2 14 0.057089 0.173492 0
g2 2 15 g2 2 14 0.055098 0.139512 1
g2 2 12 g2 2 17 0.048562 0.266786 0
g2 2 15 g2 2 14 0.055146 0.0909069 1
g2 2 16 g2 2 14 0.056904 0.0997465 1
g2 2 15 g2 2 14 0.055218 0.15704 0
g2 2 16 g2 2 14 0.057137 0.136554 1
g2 2 16 g2 2 14 0.057147 0.213739 0
g2 2 14 g2 2 14 0.053068 0.149036 1
g2 2 17 g2 2 14 0.058922 0.104702 1
g2 2 18 g2 2 17 0.060973 0.171124 0
g2 2 15 g2 2 14 0.05498 0.174244 1
g2 2 15 g2 2 17 0.05477 0.234601 0
g2 2 16 g2 2 14 0.056871 0.175422 0
g2 2 18 g2 2 14 0.061322 0.137632 1
g2 2 31 g2 2 28 0.090952 0.125996 1
g2 2 28 g2 2 27 0.08326 0.154531 1
g2 2 29 g2 2 26 0.085763 0.13868 1
g2 2 25 g2 2 26 0.077013 0.145046 1
g2 2 20 g2 2 21 0.065076 0.14081 1
g2 2 22 g2 2 21 0.069496 0.116275 1
g2 2 32 g2 2 29 0.095234 0.128344 1
g2 2 23 g2 2 24 0.071899 0.0911216 1
g2 2 20 g2 2 21 0.065346 0.0914759 1
g2 2 19 g2 2 21 0.063074 0.090553 1
g2 2 21 g2 2 23 0.0658 0.0802652 1
g2 2 20 g2 2 21 0.067079 0.0893105 1
g2 2 21 g2 2 21 0.067112 0.0697141 1
g2 2 19 g2 2 21 0.065463 0.111094 1
g2 2 22 g2 2 21 0.069706 0.0768108 1
g2 2 22 g2 2 21 0.069484 0.0935556 1
g2 2 25 g2 2 23 0.075883 0.151366 1
g2 2 17 g2 2 24 0.058927 0.136608 1
g2 2 22 g2 2 21 0.069487 0.0832263 1
g2 2 42 g2 2 28 0.118304 0.160527 0
g2 2 22 g2 2 22 0.069858 0.0972297 1
g2 2 27 g2 2 23 0.080404 0.0794278 1
g2 2 27 g1 2 31 0.080263 0.219084 0
g2 2 21 g2 2 21 0.068569 0.114951 1
g2 2 19 g2 2 21 0.066109 0.0968977 1
g2 2 24 g1 2 33 0.073914 0.126282 1
g2 2 22 g2 2 21 0.069708 0.112032 1
g2 2 26 g1 2 27 0.077859 0.201474 0
g2 2 24 g2 2 28 0.073794 0.127158 1
g2 2 21 g2 2 29 0.067353 0.124674 1
g2 2 29 g2 2 28 0.085054 0.115389 1
g2 2 19 g2 2 21 0.063015 0.102121 1
g2 2 21 g1 2 33 0.067581 0.311734 0
g2 2 30 g2 2 25 0.087199 0.163577 0
g2 2 16 g2 2 14 0.057122 0.148281 1
g2 2 14 g2 2 14 0.05301 0.130207 1
g2 2 15 g2 2 14 0.054806 0.0822884 1
g3 1 36 g3 1 46 0.104895 0.332445 0
g3 1 35 g3 1 43 0.101748 0.221407 0
g3 1 49 g3 1 42 0.134602 0.300641 0
g3 1 52 g3 1 37 0.142143 0.246244 0
g3 1 55 g1 2 30 0.146283 0.418895 0
g3 1 49 g3 1 37 0.135935 0.259543 0
g3 1 47 g3 1 42 0.129567 0.382585 0
g3 1 47 g3 1 41 0.131194 0.282248 0
g3 1 44 g3 1 45 0.122934 0.289176 0
g3 1 43 g3 1 46 0.122409 0.297155 0
g3 1 44 g3 1 57 0.123464 0.280456 0
g3 1 47 g3 1 46 0.129391 0.231488 0
g3 1 46 g3 1 43 0.126893 0.244426 0
g3 1 47 g3 1 64 0.130476 0.222005 0
g3 1 44 g3 1 47 0.124554 0.509912 0
g3 1 44 g3 1 40 0.123169 0.258925 0
g3 1 41 g3 1 42 0.116609 0.20938 0
g3 1 56 g1 2 26 0.155947 0.384839 0
g3 1 48 g3 1 41 0.132968 0.250921 0
g3 1 48 g3 1 42 0.133765 0.221797 0
g3 1 50 g3 1 47 0.137992 0.226461 0
g3 1 48 g3 1 57 0.133778 0.223474 0
g3 1 46 g3 1 41 0.127983 0.251364 0
g3 1 43 g3 1 37 0.122201 0.252658 0
g3 1 47 g3 1 42 0.130652 0.316269 0
g3 1 44 g3 1 38 0.122316 0.286164 0
g3 1 50 g3 1 53 0.13921 0.323461 0
g3 1 66 g3 1 42 0.175994 0.284546 0
g3 1 58 g1 2 35 0.158327 0.443586 0
g3 1 50 g3 1 39 0.136117 0.201097 0
g3 1 57 g3 1 60 0.154169 0.227756 0
g3 1 53 g3 1 41 0.144885 0.280176 0
g3 1 49 g3 1 40 0.134736 0.220275 0
g3 1 51 g3 1 42 0.141246 0.246952 0
g3 1 52 g3 1 47 0.140877 0.262663 0
g3 1 50 g3 1 59 0.136574 0.273023 0
g3 1 51 g3 1 32 0.141684 0.325366 0
g3 1 59 g3 1 69 0.156932 0.265281 0
g3 1 61 g3 1 69 0.161901 0.26054 0
g3 1 46 g3 1 43 0.128271 0.385156 0
g3 1 28 g3 1 47 0.097267 0.823018 0
g3 1 49 g3 1 44 0.136283 0.299366 0
g3 1 42 g3 1 40 0.120138 0.212053 0
g3 1 40 g3 1 41 0.112379 0.207229 0
g3 1 42 g3 1 42 0.116324 0.229532 0
g3 1 44 g3 1 47 0.121086 0.308689 0
g3 1 39 g3 1 38 0.110138 0.342506 0
g3 1 43 g3 1 42 0.121527 0.173607 0
g3 1 40 g3 1 37 0.114247 0.222603 0
g3 1 39 g3 1 47 0.11246 0.313106 0
g3 1 43 g3 1 47 0.119937 0.257062 0
g4 2 37 g4 2 31 0.105027 0.213731 0
g4 2 37 g4 2 42 0.105414 0.0770925 1
g4 2 44 g4 2 45 0.122383 0.166975 1
g4 2 44 g4 2 42 0.122503 0.168401 1
g4 2 41 g4 2 46 0.115162 0.126542 1
g4 2 42 g4 2 51 0.118035 0.146691 1
g4 2 50 g3 1 44 0.139112 0.268622 0
g4 2 42 g4 2 42 0.11766 0.170647 0
g4 2 49 g4 2 48 0.13527 0.16048 1
g4 2 47 g4 2 49 0.130001 0.169922 1
g4 2 46 g4 2 46 0.128045 0.137594 0
g4 2 48 g4 2 51 0.132746 0.117739 1
g4 2 52 g4 2 51 0.142757 0.0872674 1
g4 2 45 g4 2 31 0.125091 0.127746 1
g4 2 30 g4 2 43 0.087099 0.144586 1
g4 2 31 g4 2 30 0.090018 0.078087 1
g4 2 30 g4 2 29 0.087178 0.0841841 1
g4 2 33 g4 2 34 0.095377 0.155968 1
g4 2 31 g4 2 33 0.089653 0.106797 1
g4 2 34 g4 2 34 0.098374 0.120246 1
g4 2 35 g4 2 40 0.100827 0.0919232 1
g4 2 36 g4 2 32 0.102698 0.107242 1
g4 2 40 g4 2 48 0.11231 0.15742 0
g4 2 30 g4 2 32 0.08708 0.114933 1
g4 2 37 g4 2 35 0.105405 0.0999654 1
g4 2 37 g4 2 37 0.105639 0.0560005 1
g4 2 41 g4 2 36 0.115008 0.0923847 1
g4 2 41 g4 2 43 0.114871 0.113961 1
g4 2 46 g4 2 32 0.126541 0.101124 1
g4 2 46 g4 2 34 0.126932 0.113174 1
g4 2 31 g4 2 37 0.089524 0.0955719 1
g4 2 31 g4 2 33 0.089846 0.103906 1
g4 2 33 g4 2 34 0.09593 0.0887908 1
g4 2 34 g4 2 34 0.098218 0.140199 1
g4 2 45 g4 2 34 0.124919 0.105555 1
g4 2 42 g4 2 34 0.117254 0.195331 0
g4 2 46 g4 2 41 0.127333 0.154758 0
g4 2 33 g4 2 32 0.096048 0.0741617 1
g4 2 45 g4 2 41 0.124918 0.101517 1
g4 2 50 g4 2 41 0.1377 0.113763 1
g4 2 41 g4 2 42 0.115027 0.0753194 1
g4 2 45 g4 2 32 0.12447 0.102625 1
g5 2 43 g5 2 48 0.12105 0.096948 1
g5 2 45 g5 2 44 0.125576 0.0813948 1
g5 2 44 g5 2 52 0.123837 0.109526 1
g5 2 42 g5 2 52 0.118517 0.12298 1
g5 2 36 g5 2 50 0.10409 0.173685 1
g5 2 42 g5 2 50 0.11906 0.103629 1
g5 2 41 g4 2 34 0.115839 0.195062 0
g5 2 46 g5 2 50 0.128586 0.189381 1
g5 2 40 g5 2 51 0.113291 0.211785 0
g5 2 33 g5 2 32 0.096658 0.123193 1
g5 2 35 g5 2 35 0.101642 0.127778 1
g5 2 41 g5 2 35 0.115915 0.115549 1
g5 2 34 g5 2 33 0.099112 0.166843 1
g5 2 36 g4 2 31 0.104005 0.193424 1
g5 2 43 g5 2 51 0.120863 0.166174 1
g5 2 39 g5 2 51 0.110616 0.210268 0
g5 2 38 g5 2 51 0.108595 0.176763 0
g5 2 35 g5 2 35 0.101273 0.193344 0
g5 2 38 g5 2 51 0.108882 0.171544 0
g5 2 38 g4 2 31 0.108736 0.178412 1
g5 2 39 g5 2 51 0.110719 0.144814 1
g5 2 38 g4 2 31 0.108037 0.180962 1
g5 2 39 g4 2 36 0.110847 0.222326 0
g5 2 38 g5 2 50 0.10906 0.172357 1
g5 2 41 g5 2 50 0.116139 0.134481 1
g5 2 41 g5 2 54 0.116403 0.156583 1
g5 2 39 g4 2 31 0.11097 0.153731 1
g5 2 39 g5 2 54 0.110838 0.169357 1
g5 2 40 g5 2 51 0.113287 0.220687 0
g5 2 40 g5 2 51 0.113281 0.173148 1
g5 2 38 g4 2 31 0.108277 0.182182 0
g5 2 39 g5 2 50 0.11134 0.132382 1
g5 2 37 g5 2 45 0.106521 0.13262 1
g5 2 39 g5 2 50 0.11206 0.152406 1
g5 2 39 g5 2 49 0.110886 0.145824 1
g5 2 43 g5 2 49 0.120809 0.104819 1
g5 2 55 g5 2 51 0.150156 0.122428 1
g5 2 40 g5 2 49 0.115144 0.0949954 1
g5 2 47 g5 2 52 0.130842 0.0837979 1
g5 2 47 g5 2 49 0.131914 0.126398 1
g5 2 50 g5 2 59 0.138539 0.137652 0
g5 2 47 g5 2 55 0.131749 0.0960286 1
g5 2 47 g5 2 54 0.131856 0.106302 1
g5 2 50 g5 2 51 0.137798 0.100019 1
g5 2 47 g5 2 48 0.131368 0.0650633 1
g6 2 40 g6 2 38 0.112483 0.0831293 1
g6 2 39 g6 2 38 0.109313 0.0954732 1
g6 2 42 g6 2 38 0.115811 0.09279 1
g6 2 41 g6 2 34 0.114521 0.186611 0
g6 2 35 g6 2 38 0.101396 0.0741795 1
g6 2 34 g6 2 34 0.098557 0.13345 1
g6 2 37 g6 2 38 0.105864 0.0968774 1
g6 2 38 g6 2 38 0.107398 0.132625 1
g6 2 36 g6 2 38 0.102405 0.105043 1
g6 2 32 g6 2 38 0.092983 0.10631 1
g6 2 39 g6 2 37 0.109792 0.158528 0
g6 2 42 g6 2 59 0.117258 0.0806915 1
g6 2 41 g6 2 41 0.114832 0.07077 1
g6 2 31 g6 2 38 0.089899 0.12078 1
g6 2 36 g6 2 41 0.102905 0.164803 1
g6 2 41 g6 2 39 0.115557 0.0869633 1
g6 2 35 g6 2 38 0.100303 0.099564 1
g6 2 43 g6 2 39 0.119203 0.0888546 1
g6 2 36 g6 2 38 0.10278 0.0856295 1
g6 2 35 g6 2 38 0.100759 0.142454 1
g6 2 41 g6 2 38 0.115472 0.0950052 1
g6 2 56 g6 2 38 0.151552 0.112544 1
g6 2 38 g6 2 39 0.107594 0.102009 1
g6 2 34 g6 2 39 0.097648 0.12163 1
g6 2 36 g6 2 38 0.102874 0.119668 1
g6 2 35 g6 2 44 0.100304 0.249863 0
g6 2 44 g6 2 38 0.121685 0.115654 1
g6 2 35 g6 2 38 0.10064 0.0913838 1
g6 2 35 g6 2 38 0.100625 0.0932373 1
g6 2 29 g6 2 33 0.084811 0.101353 1
g6 2 32 g6 2 34 0.092765 0.0869118 1
g6 2 33 g6 2 34 0.095763 0.118859 1
g6 2 51 g6 2 49 0.139939 0.354284 0
g6 2 39 g1 2 25 0.110866 0.255429 0
g6 2 32 g6 2 33 0.092577 0.0479845 1
g6 2 33 g6 2 35 0.095925 0.0866037 1
g6 2 35 g6 2 35 0.100452 0.0756825 1
g6 2 33 g6 2 35 0.096069 0.0790453 1
g6 2 37 g6 2 36 0.104959 0.0800973 1
g6 2 39 g6 2 37 0.109776 0.0710931 1
g6 2 37 g6 2 44 0.104821 0.0960218 1
g7 1 37 g7 1 44 0.107363 0.283729 0
g7 1 34 g7 1 42 0.098535 0.224504 0
g7 1 37 g7 1 39 0.105124 0.322902 0
g7 1 38 g7 1 52 0.108742 0.161921 1
g7 1 40 g7 1 34 0.112911 0.289615 0
g7 1 41 g7 1 41 0.116814 0.267352 0
g7 1 34 g7 1 46 0.099324 0.306425 0
g7 1 35 g7 1 36 0.103318 0.132177 1
g7 1 27 g7 1 31 0.080682 0.224476 0
g7 1 32 g3 1 40 0.095157 0.431618 0
g7 1 34 g7 1 33 0.099382 0.226178 0
g7 1 36 g7 1 34 0.104675 0.171268 1
g7 1 36 g7 1 39 0.103141 0.221251 0
g7 1 34 g7 1 29 0.097058 0.190098 0
g7 1 29 g7 1 29 0.084576 0.229544 0
g7 1 33 g7 1 31 0.095919 0.183661 0
g7 1 33 g7 1 28 0.095626 0.178668 0
g7 1 30 g7 1 32 0.087291 0.223046 0
g7 1 31 g7 1 29 0.089528 0.248928 0
g7 1 31 g7 1 28 0.091201 0.164172 0
g7 1 31 g7 1 32 0.091259 0.208856 0
g7 1 27 g7 1 27 0.082262 0.0615644 1
g7 1 39 g1 2 17 0.110369 0.57738 0
g7 1 35 g7 1 35 0.099276 0.238792 0
g7 1 45 g7 1 28 0.124554 0.334334 0
g7 1 37 g7 1 48 0.104168 0.36491 0
g7 1 34 g2 2 23 0.09777 0.45804 0
g7 1 38 g7 1 37 0.107911 0.16894 0
g7 1 35 g1 2 17 0.10224 0.601892 0
g7 1 36 g7 1 38 0.101505 0.375958 0
g7 1 36 g7 1 36 0.102252 0.22344 0
g7 1 44 g7 1 47 0.121949 0.305023 0
g7 1 39 g7 1 43 0.111364 0.304891 0
g7 1 40 g7 1 35 0.113294 0.22377 0
g7 1 46 g7 1 33 0.127209 0.208856 0
g7 1 68 g7 1 43 0.173467 0.286301 0
g7 1 34 g7 1 51 0.098642 0.347542 0
g7 1 35 g7 1 46 0.099961 0.270526 0
g7 1 39 g7 1 50 0.11408 0.307484 0
g7 1 40 g7 1 39 0.113101 0.2346 0
g7 1 45 g7 1 41 0.125377 0.282181 0
g7 1 48 g7 1 45 0.135922 0.196393 0
g7 1 32 g7 1 34 0.092873 0.31424 0
g7 1 50 g7 1 40 0.139107 0.18407 0
g7 1 21 g7 1 36 0.067232 0.363603 0
g7 1 35 g7 1 51 0.102616 0.376813 0
g7 1 36 g7 1 34 0.104646 0.159465 0
g7 1 36 g7 1 31 0.104667 0.279683 0
g7 1 37 g7 1 31 0.10594 0.223388 0
g7 1 49 g7 1 41 0.13595 0.244423 0
g7 1 33 g7 1 29 0.096277 0.331907 0
g7 1 33 g7 1 33 0.097001 0.27306 0
g7 1 42 g7 1 45 0.118863 0.170613 1
g7 1 61 g7 1 45 0.166078 0.305014 0
g7 1 56 g7 1 52 0.153184 0.246199 0
g7 1 54 g7 1 37 0.147324 0.398423 0
g7 1 53 g7 1 52 0.145439 0.230603 0
g7 1 35 g7 1 35 0.114935 0.243094 0
g7 1 51 g7 1 48 0.140225 0.167706 0
g7 1 43 g7 1 47 0.119498 0.222166 0
g7 1 47 g7 1 48 0.129029 0.168155 0
g7 1 45 g7 1 45 0.125137 0.191072 0
g7 1 47 g7 1 48 0.131985 0.173402 0
