g1 2 46 g6 2 78 0.271198 0.151288 1
g1 2 44 g6 2 66 0.241032 0.178759 1
g1 2 52 g6 2 50 0.272991 0.133322 1
g1 2 102 g1 2 45 0.517155 0.128455 1
g1 2 63 g2 2 32 0.323821 0.180064 1
g1 2 56 g1 2 48 0.31857 0.143843 1
g1 2 60 g1 2 54 0.323267 0.120497 1
g1 2 37 g1 2 52 0.213534 0.0984114 1
g1 2 46 g1 2 42 0.247634 0.124173 1
g1 2 54 g1 2 48 0.285154 0.15383 1
g1 2 39 g1 2 42 0.228197 0.119368 1
g1 2 50 g1 2 42 0.267603 0.0973216 1
g1 2 48 g1 2 48 0.274554 0.0664936 1
g1 2 47 g1 2 46 0.25148 0.0739914 1
g1 2 53 g1 2 48 0.290091 0.0760608 1
g1 2 111 g6 2 73 0.594679 0.200285 1
g1 2 49 g1 2 42 0.263045 0.0890284 1
g1 2 71 g6 2 70 0.352417 0.199234 1
g1 2 37 g6 2 60 0.206662 0.121699 1
g1 2 46 g6 2 66 0.257477 0.186203 1
g1 2 39 g6 2 51 0.221514 0.130479 1
g1 2 54 g6 2 57 0.275356 0.161004 1
g1 2 42 g2 2 32 0.230699 0.181831 1
g1 2 45 g1 2 38 0.237939 0.0752116 1
g1 2 43 g1 2 38 0.229864 0.076984 1
g1 2 61 g1 2 56 0.345703 0.126833 1
g1 2 58 g1 2 49 0.409311 0.139635 1
g1 2 75 g1 2 49 0.419414 0.246473 1
g1 2 55 g1 2 45 0.371674 0.194773 1
g1 2 56 g1 2 71 0.308943 0.100638 1
g1 2 43 g1 2 48 0.267448 0.0796961 1
g1 2 44 g1 2 45 0.234024 0.162744 1
g1 2 35 g1 2 50 0.2009 0.0640508 1
g1 2 53 g1 2 54 0.289508 0.197304 1
g1 2 43 g1 2 56 0.23464 0.225174 1
g1 2 46 g1 2 45 0.2469 0.149752 1
g1 2 57 g1 2 45 0.281838 0.158249 1
g1 2 46 g1 2 45 0.257927 0.153167 1
g1 2 41 g1 2 43 0.213346 0.154717 1
g1 2 43 g1 2 45 0.245097 0.120064 1
g1 2 49 g1 2 50 0.252736 0.147739 1
g1 2 53 g1 2 54 0.266684 0.204874 1
g1 2 44 g1 2 47 0.239919 0.16863 1
g1 2 46 g1 2 45 0.24882 0.172158 1
g1 2 53 g1 2 45 0.266885 0.161457 1
g1 2 40 g1 2 54 0.231675 0.234592 1
g1 2 50 g6 2 70 0.249868 0.185241 1
g1 2 53 g6 2 65 0.279621 0.195168 1
g1 2 41 g6 2 72 0.217823 0.170864 1
g1 2 52 g6 2 66 0.266219 0.126153 1
g1 2 72 g2 2 32 0.386103 0.2079 1
g1 2 48 g6 2 50 0.270455 0.147781 1
g1 2 64 g2 2 32 0.324817 0.161413 1
g1 2 42 g1 2 34 0.226921 0.0657474 1
g1 2 38 g1 2 34 0.207923 0.0576905 1
g1 2 29 g1 2 32 0.163508 0.0730474 1
g1 2 29 g1 2 29 0.180448 0.0591479 1
g1 2 31 g1 2 32 0.167216 0.0594514 1
g1 2 31 g1 2 31 0.166944 0.0512402 1
g1 2 36 g1 2 34 0.198817 0.0559701 1
g1 2 29 g1 2 29 0.160566 0.0584143 1
g2 2 28 g2 2 26 0.157501 0.0811795 1
g2 2 28 g2 2 26 0.156459 0.0851334 1
g2 2 31 g2 2 32 0.16792 0.152475 1
g2 2 26 g2 2 26 0.147307 0.15096 1
g2 2 27 g2 2 26 0.152074 0.134783 1
g2 2 23 g2 2 32 0.132996 0.14479 1
g2 2 26 g2 2 26 0.14782 0.128871 1
g2 2 27 g2 2 26 0.151252 0.0936361 1
g2 2 28 g2 2 26 0.15461 0.156916 1
g2 2 55 g2 2 50 0.273506 0.125751 1
g2 2 29 g2 2 26 0.158241 0.0853091 1
g2 2 28 g2 2 26 0.16189 0.083249 1
g2 2 28 g2 2 26 0.154875 0.105967 1
g2 2 29 g2 2 26 0.158318 0.106472 1
g2 2 30 g2 2 26 0.164259 0.165983 1
g2 2 27 g2 2 26 0.151169 0.128473 1
g2 2 21 g2 2 32 0.127026 0.237987 1
g2 2 27 g2 2 26 0.151068 0.0734326 1
g2 2 29 g2 2 26 0.160151 0.0851217 1
g2 2 27 g2 2 26 0.151727 0.132623 1
g2 2 30 g2 2 26 0.166734 0.125164 1
g2 2 30 g2 2 26 0.162789 0.203044 1
g2 2 26 g2 2 26 0.14812 0.144111 1
g2 2 31 g2 2 26 0.168945 0.0810045 1
g2 2 33 g2 2 32 0.17797 0.158366 1
g2 2 28 g2 2 26 0.156294 0.150752 1
g2 2 27 g2 2 32 0.152908 0.215898 1
g2 2 30 g2 2 26 0.164154 0.152333 1
g2 2 34 g2 2 26 0.182932 0.12261 1
g2 2 59 g2 2 53 0.286558 0.11708 1
g2 2 54 g2 2 45 0.268182 0.128014 1
g2 2 55 g2 2 50 0.273064 0.115755 1
g2 2 48 g1 2 43 0.241952 0.2597 1
g2 2 38 g2 2 42 0.200049 0.0980483 1
g2 2 42 g2 2 39 0.21815 0.102194 1
g2 2 64 g2 2 53 0.312019 0.107352 1
g2 2 43 g2 2 45 0.218989 0.08175 1
g2 2 37 g2 2 44 0.196564 0.0787427 1
g2 2 36 g2 2 39 0.190379 0.0732876 1
g2 2 39 g2 2 44 0.205113 0.0676211 1
g2 2 39 g2 2 39 0.202894 0.0572556 1
g2 2 41 g2 2 39 0.211952 0.058204 1
g2 2 39 g2 2 39 0.203264 0.0958255 1
g2 2 41 g2 2 39 0.212895 0.068372 1
g2 2 42 g2 2 44 0.216499 0.069749 1
g2 2 47 g2 2 44 0.236023 0.129113 1
g2 2 31 g2 2 41 0.167084 0.117848 1
g2 2 42 g2 2 39 0.21482 0.0603325 1
g2 2 84 g2 2 53 0.398211 0.158532 1
g2 2 41 g2 2 42 0.212353 0.0792109 1
g2 2 52 g2 2 44 0.255407 0.0678666 1
g2 2 52 g1 2 59 0.258337 0.214053 1
g2 2 40 g2 2 39 0.205887 0.100108 1
g2 2 37 g2 2 44 0.19618 0.0734798 1
g2 2 45 g1 2 64 0.23036 0.11533 1
g2 2 41 g2 2 44 0.211099 0.0894534 1
g2 2 49 g1 2 52 0.247916 0.192203 1
g2 2 46 g2 2 53 0.2326 0.113762 1
g2 2 40 g2 2 56 0.208048 0.109518 1
g2 2 56 g2 2 53 0.274138 0.108558 1
g2 2 35 g2 2 39 0.188372 0.0854126 1
g2 2 40 g1 2 57 0.20954 0.290744 1
g2 2 58 g2 2 48 0.284008 0.157088 1
g2 2 29 g2 2 26 0.159168 0.130603 1
g2 2 26 g2 2 26 0.146289 0.124375 1
g2 2 28 g2 2 26 0.155545 0.0648008 1
g3 1 71 g3 1 117 0.33964 0.324802 1
g3 1 68 g3 1 84 0.326229 0.195019 1
g3 1 95 g3 1 81 0.446133 0.297211 1
g3 1 102 g3 1 73 0.476828 0.238231 1
g3 1 107 g1 2 57 0.502001 0.435192 0
g3 1 96 g3 1 73 0.453316 0.256784 1
g3 1 91 g3 1 72 0.427738 0.283782 1
g3 1 93 g3 1 82 0.437074 0.278986 1
g3 1 86 g3 1 87 0.406381 0.278766 1
g3 1 87 g3 1 92 0.409837 0.286671 1
g3 1 88 g3 1 106 0.414455 0.25416 1
g3 1 92 g3 1 81 0.4323 0.213043 1
g3 1 92 g3 1 86 0.431932 0.243595 1
g3 1 92 g3 1 127 0.435419 0.215488 1
g3 1 90 g3 1 78 0.42253 0.48263 0
g3 1 86 g3 1 74 0.407249 0.250771 1
g3 1 80 g3 1 81 0.379844 0.197855 1
g3 1 113 g1 2 49 0.528041 0.365256 1
g3 1 95 g3 1 120 0.447724 0.277623 1
g3 1 95 g3 1 85 0.444879 0.214674 1
g3 1 99 g3 1 91 0.464287 0.21966 1
g3 1 93 g3 1 114 0.437346 0.216507 1
g3 1 92 g3 1 82 0.433222 0.243911 1
g3 1 85 g3 1 73 0.402179 0.253357 1
g3 1 91 g3 1 81 0.428144 0.303233 1
g3 1 88 g3 1 77 0.449536 0.279025 1
g3 1 99 g3 1 112 0.463531 0.301411 1
g3 1 132 g3 1 84 0.61406 0.282255 1
g3 1 114 g1 2 67 0.528603 0.433656 0
g3 1 97 g3 1 80 0.451288 0.194454 1
g3 1 111 g3 1 120 0.520851 0.219352 1
g3 1 104 g3 1 82 0.486765 0.272961 1
g3 1 97 g3 1 78 0.452972 0.214279 1
g3 1 100 g3 1 85 0.468294 0.238413 1
g3 1 101 g3 1 91 0.47104 0.246691 1
g3 1 98 g3 1 83 0.464817 0.266989 1
g3 1 102 g3 1 61 0.476805 0.319321 1
g3 1 115 g3 1 140 0.570648 0.259004 1
g3 1 120 g3 1 140 0.607173 0.257885 1
g3 1 92 g3 1 84 0.457573 0.376836 0
g3 1 76 g3 1 68 0.38514 0.838187 0
g3 1 97 g3 1 85 0.486526 0.281698 1
g3 1 85 g3 1 79 0.427464 0.211924 1
g3 1 77 g3 1 80 0.393636 0.193174 1
g3 1 81 g3 1 81 0.407664 0.214615 1
g3 1 86 g3 1 91 0.430787 0.293187 1
g3 1 77 g3 1 77 0.390101 0.329228 0
g3 1 85 g3 1 84 0.429201 0.171792 1
g3 1 79 g3 1 74 0.405259 0.219377 1
g3 1 78 g3 1 91 0.395759 0.301788 0
g3 1 84 g3 1 91 0.43399 0.249839 1
g4 2 71 g4 2 59 0.366407 0.197981 1
g4 2 71 g4 2 82 0.368022 0.0673577 1
g4 2 86 g4 2 87 0.43569 0.162387 1
g4 2 85 g4 2 82 0.426871 0.163094 1
g4 2 80 g4 2 90 0.41047 0.119479 1
g4 2 81 g4 2 99 0.416287 0.140361 1
g4 2 100 g3 1 89 0.498587 0.256963 1
g4 2 81 g4 2 82 0.419679 0.161404 1
g4 2 95 g4 2 94 0.488942 0.151724 1
g4 2 93 g4 2 95 0.466315 0.166845 1
g4 2 89 g4 2 90 0.45336 0.134421 1
g4 2 94 g4 2 99 0.477041 0.112284 1
g4 2 102 g4 2 101 0.513392 0.0792493 1
g4 2 89 g4 2 60 0.452213 0.120146 1
g4 2 57 g4 2 63 0.299664 0.127532 1
g4 2 60 g4 2 57 0.316085 0.0727951 1
g4 2 57 g4 2 55 0.307762 0.0765809 1
g4 2 63 g4 2 66 0.326699 0.145435 1
g4 2 59 g4 2 64 0.318788 0.103085 1
g4 2 65 g4 2 66 0.338179 0.109033 1
g4 2 67 g4 2 78 0.347499 0.0845207 1
g4 2 69 g4 2 78 0.355904 0.0992632 1
g4 2 77 g4 2 95 0.397987 0.150205 1
g4 2 57 g4 2 62 0.30496 0.105123 1
g4 2 72 g4 2 67 0.366674 0.0917946 1
g4 2 72 g4 2 72 0.368524 0.0487928 1
g4 2 80 g4 2 72 0.403264 0.096792 1
g4 2 79 g4 2 83 0.400045 0.110217 1
g4 2 92 g4 2 62 0.459242 0.0942064 1
g4 2 90 g4 2 66 0.449375 0.104487 1
g4 2 59 g4 2 72 0.305989 0.0842909 1
g4 2 59 g4 2 63 0.308953 0.0951817 1
g4 2 63 g4 2 66 0.328972 0.0775533 1
g4 2 66 g4 2 66 0.346969 0.130783 1
g4 2 87 g4 2 66 0.430245 0.0984169 1
g4 2 82 g4 2 66 0.393951 0.187906 1
g4 2 89 g4 2 79 0.479619 0.146783 1
g4 2 64 g4 2 62 0.395887 0.06811 1
g4 2 88 g4 2 79 0.456506 0.0983666 1
g4 2 100 g4 2 79 0.466551 0.107776 1
g4 2 80 g4 2 82 0.40393 0.0682101 1
g4 2 88 g4 2 62 0.442664 0.0951075 1
g5 2 84 g5 2 94 0.454273 0.0893276 1
g5 2 87 g5 2 85 0.428108 0.07674 1
g5 2 85 g5 2 101 0.419592 0.103887 1
g5 2 82 g5 2 101 0.394881 0.115029 1
g5 2 69 g5 2 98 0.340727 0.161708 1
g5 2 81 g5 2 98 0.38848 0.093637 1
g5 2 80 g4 2 65 0.381991 0.188495 1
g5 2 89 g5 2 98 0.42365 0.177104 1
g5 2 78 g5 2 100 0.380854 0.207057 1
g5 2 64 g5 2 62 0.318853 0.117363 1
g5 2 68 g5 2 68 0.326679 0.118527 1
g5 2 80 g5 2 68 0.378494 0.108617 1
g5 2 66 g5 2 82 0.317142 0.144767 1
g5 2 69 g4 2 60 0.331133 0.184893 1
g5 2 83 g5 2 100 0.391728 0.161194 1
g5 2 76 g5 2 68 0.359315 0.213484 1
g5 2 73 g5 2 100 0.347223 0.169533 1
g5 2 68 g5 2 68 0.326489 0.181235 1
g5 2 73 g5 2 100 0.347892 0.164479 1
g5 2 73 g4 2 59 0.349563 0.169954 1
g5 2 75 g5 2 99 0.35867 0.132889 1
g5 2 73 g4 2 59 0.347381 0.171729 1
g5 2 75 g4 2 70 0.357856 0.208315 1
g5 2 73 g5 2 98 0.347909 0.164008 1
g5 2 80 g5 2 98 0.381058 0.126467 1
g5 2 79 g5 2 106 0.375631 0.150373 1
g5 2 76 g4 2 59 0.363425 0.143915 1
g5 2 75 g5 2 106 0.358563 0.162088 1
g5 2 77 g5 2 100 0.366605 0.212821 1
g5 2 78 g5 2 88 0.370141 0.138219 1
g5 2 73 g4 2 65 0.349707 0.188444 1
g5 2 76 g5 2 98 0.365238 0.126548 1
g5 2 71 g5 2 88 0.341314 0.124091 1
g5 2 75 g5 2 98 0.360153 0.138346 1
g5 2 76 g5 2 98 0.360755 0.14134 1
g5 2 83 g5 2 96 0.39308 0.0967958 1
g5 2 110 g5 2 100 0.512942 0.117764 1
g5 2 77 g5 2 96 0.36653 0.0859853 1
g5 2 92 g5 2 101 0.432648 0.0756882 1
g5 2 92 g5 2 96 0.436529 0.121358 1
g5 2 98 g5 2 115 0.472721 0.128895 1
g5 2 92 g5 2 115 0.437074 0.0887364 1
g5 2 91 g5 2 105 0.430455 0.0983385 1
g5 2 98 g5 2 100 0.459888 0.0920366 1
g5 2 92 g5 2 98 0.43346 0.0726742 1
g6 2 78 g6 2 74 0.365488 0.0771508 1
g6 2 75 g6 2 74 0.353715 0.0886424 1
g6 2 81 g6 2 74 0.380843 0.0836842 1
g6 2 79 g6 2 65 0.372171 0.173104 1
g6 2 67 g6 2 74 0.320182 0.0672741 1
g6 2 66 g6 2 77 0.315539 0.118315 1
g6 2 71 g6 2 74 0.336591 0.0905255 1
g6 2 73 g6 2 74 0.344552 0.124846 1
g6 2 70 g6 2 74 0.332105 0.100239 1
g6 2 61 g6 2 74 0.294224 0.0983939 1
g6 2 76 g6 2 72 0.358728 0.148163 1
g6 2 82 g6 2 179 0.384234 0.0846958 1
g6 2 80 g6 2 79 0.377302 0.063838 1
g6 2 59 g6 2 74 0.285667 0.11493 1
g6 2 70 g6 2 79 0.333255 0.159495 1
g6 2 79 g6 2 75 0.372595 0.0817193 1
g6 2 67 g6 2 74 0.318679 0.091968 1
g6 2 84 g6 2 75 0.392752 0.0825079 1
g6 2 70 g6 2 74 0.335277 0.0787895 1
g6 2 68 g6 2 74 0.323942 0.138218 1
g6 2 80 g6 2 74 0.376116 0.0904658 1
g6 2 115 g6 2 74 0.528028 0.146904 1
g6 2 74 g6 2 75 0.34953 0.0920864 1
g6 2 66 g6 2 75 0.321632 0.116224 1
g6 2 70 g6 2 74 0.333284 0.116515 1
g6 2 68 g6 2 86 0.330792 0.238972 1
g6 2 86 g6 2 74 0.405997 0.111647 1
g6 2 68 g6 2 74 0.330236 0.0831092 1
g6 2 68 g6 2 74 0.328516 0.086832 1
g6 2 56 g6 2 64 0.275139 0.0933762 1
g6 2 61 g6 2 65 0.297512 0.0761368 1
g6 2 63 g6 2 65 0.306382 0.105658 1
g6 2 99 g6 2 94 0.464958 0.363476 1
g6 2 75 g1 2 48 0.356001 0.249605 1
g6 2 61 g6 2 62 0.302656 0.0327492 1
g6 2 63 g6 2 63 0.307692 0.0631679 1
g6 2 67 g6 2 63 0.328729 0.05762 1
g6 2 64 g6 2 67 0.315146 0.0627893 1
g6 2 71 g6 2 70 0.337142 0.0710151 1
g6 2 76 g6 2 72 0.361074 0.0616743 1
g6 2 71 g6 2 86 0.341943 0.0880207 1
g7 1 73 g7 1 87 0.353357 0.276653 1
g7 1 65 g7 1 83 0.311275 0.214454 1
g7 1 71 g7 1 67 0.33826 0.282719 1
g7 1 73 g7 1 102 0.349924 0.152302 1
g7 1 78 g7 1 66 0.369916 0.281868 1
g7 1 82 g7 1 79 0.385885 0.254095 1
g7 1 66 g7 1 90 0.318159 0.298982 1
g7 1 72 g7 1 73 0.341087 0.12482 1
g7 1 52 g7 1 60 0.256127 0.216389 1
g7 1 63 g3 1 83 0.303726 0.402751 0
g7 1 67 g7 1 65 0.324664 0.216339 1
g7 1 72 g7 1 66 0.34232 0.16338 1
g7 1 69 g7 1 76 0.328061 0.217292 1
g7 1 65 g7 1 56 0.310616 0.176963 1
g7 1 56 g7 1 55 0.271203 0.216631 1
g7 1 64 g7 1 60 0.310468 0.174255 1
g7 1 63 g7 1 55 0.302065 0.159184 1
g7 1 58 g7 1 62 0.280338 0.214683 1
g7 1 60 g7 1 89 0.288641 0.287003 1
g7 1 61 g7 1 54 0.293625 0.1594 1
g7 1 61 g7 1 62 0.294031 0.197077 1
g7 1 54 g7 1 51 0.265018 0.0359672 1
g7 1 75 g1 2 31 0.354532 0.531559 0
g7 1 68 g7 1 69 0.324479 0.227489 1
g7 1 88 g7 1 54 0.412981 0.322716 1
g7 1 72 g7 1 94 0.341704 0.355573 1
g7 1 67 g2 2 44 0.319362 0.433212 0
g7 1 74 g7 1 73 0.349224 0.162263 1
g7 1 70 g1 2 31 0.33503 0.556073 0
g7 1 70 g3 1 130 0.331926 0.527538 0
g7 1 72 g7 1 69 0.33997 0.213634 1
g7 1 85 g7 1 93 0.409133 0.297133 1
g7 1 77 g7 1 88 0.366119 0.299293 1
g7 1 79 g7 1 67 0.369801 0.217543 1
g7 1 90 g7 1 66 0.42342 0.204809 1
g7 1 136 g7 1 88 0.67436 0.278841 1
g7 1 66 g7 1 75 0.347129 0.243261 1
g7 1 67 g7 1 97 0.350736 0.255342 1
g7 1 78 g7 1 97 0.39058 0.302368 1
g7 1 78 g7 1 75 0.372001 0.2283 1
g7 1 88 g7 1 79 0.410651 0.267838 1
g7 1 97 g7 1 91 0.452184 0.194214 1
g7 1 62 g7 1 67 0.298325 0.300022 1
g7 1 101 g7 1 77 0.468741 0.175852 1
g7 1 39 g7 1 67 0.200473 0.363805 1
g7 1 70 g7 1 100 0.331556 0.366107 1
g7 1 72 g7 1 66 0.341357 0.154116 1
g7 1 71 g7 1 60 0.337396 0.27246 1
g7 1 72 g7 1 73 0.340759 0.167207 1
g7 1 96 g7 1 79 0.448341 0.237336 1
g7 1 63 g7 1 57 0.302479 0.30922 1
g7 1 66 g7 1 65 0.314741 0.258674 1
g7 1 84 g7 1 89 0.392911 0.162882 1
g7 1 119 g7 1 91 0.553176 0.298131 1
g7 1 110 g7 1 103 0.510226 0.245886 1
g7 1 105 g7 1 72 0.486627 0.384203 1
g7 1 104 g7 1 103 0.48272 0.223071 1
g7 1 91 g7 1 71 0.423876 0.238848 1
g7 1 99 g7 1 94 0.460065 0.159645 1
g7 1 83 g7 1 93 0.389813 0.211323 1
g7 1 92 g7 1 94 0.429299 0.157543 1
g7 1 88 g7 1 91 0.411108 0.186894 1
g7 1 93 g7 1 94 0.43493 0.166753 1
