g1 2 46 g6 2 78 0.230069 0.151271 1
g1 2 44 g6 2 66 0.221526 0.17884 1
g1 2 52 g6 2 50 0.255267 0.133323 1
g1 2 102 g1 2 45 0.471386 0.128344 1
g1 2 63 g2 2 32 0.304745 0.180019 1
g1 2 56 g1 2 48 0.270823 0.143851 1
g1 2 60 g1 2 54 0.289631 0.120546 1
g1 2 37 g1 2 52 0.194445 0.0984748 1
g1 2 46 g1 2 42 0.229952 0.124197 1
g1 2 54 g1 2 48 0.262538 0.153851 1
g1 2 39 g1 2 42 0.201631 0.11936 1
g1 2 50 g1 2 42 0.246029 0.0973088 1
g1 2 48 g1 2 48 0.238431 0.0665379 1
g1 2 47 g1 2 46 0.233885 0.0739496 1
g1 2 53 g1 2 48 0.259452 0.0760421 1
g1 2 111 g6 2 73 0.510138 0.20023 1
g1 2 49 g1 2 42 0.241484 0.0889367 1
g1 2 71 g6 2 70 0.334816 0.199175 1
g1 2 37 g6 2 60 0.194267 0.12168 1
g1 2 46 g6 2 66 0.232013 0.186226 1
g1 2 39 g6 2 51 0.201032 0.130296 1
g1 2 54 g6 2 57 0.263101 0.160935 1
g1 2 42 g2 2 32 0.214261 0.181488 1
g1 2 45 g1 2 38 0.224782 0.0751975 1
g1 2 43 g1 2 38 0.21755 0.0769938 1
g1 2 61 g1 2 56 0.292262 0.126871 1
g1 2 58 g1 2 49 0.280503 0.139487 1
g1 2 75 g1 2 49 0.352573 0.246594 1
g1 2 55 g1 2 45 0.267149 0.194769 1
g1 2 56 g1 2 71 0.271394 0.100618 1
g1 2 43 g1 2 48 0.217598 0.0795973 1
g1 2 44 g1 2 45 0.221892 0.162819 1
g1 2 35 g1 2 50 0.185271 0.0640499 1
g1 2 53 g1 2 54 0.257648 0.197292 1
g1 2 43 g1 2 56 0.218136 0.225186 1
g1 2 46 g1 2 45 0.229892 0.149562 1
g1 2 57 g1 2 45 0.276874 0.158168 1
g1 2 46 g1 2 45 0.229281 0.153119 1
g1 2 41 g1 2 43 0.210019 0.154605 1
g1 2 43 g1 2 45 0.217641 0.119913 1
g1 2 49 g1 2 50 0.242027 0.147619 1
g1 2 53 g1 2 54 0.258136 0.204712 1
g1 2 44 g1 2 47 0.222417 0.168578 1
g1 2 46 g1 2 45 0.23008 0.172272 1
g1 2 53 g1 2 45 0.259191 0.161407 1
g1 2 40 g1 2 54 0.205607 0.23451 1
g1 2 50 g6 2 70 0.245944 0.185257 1
g1 2 53 g6 2 65 0.258532 0.19522 1
g1 2 41 g6 2 72 0.210196 0.170714 1
g1 2 52 g6 2 66 0.255425 0.125926 1
g1 2 72 g2 2 32 0.340793 0.207837 1
g1 2 48 g6 2 50 0.238896 0.147822 1
g1 2 64 g2 2 32 0.307773 0.161244 1
g1 2 42 g1 2 34 0.212963 0.0657652 1
g1 2 38 g1 2 34 0.19661 0.0576872 1
g1 2 29 g1 2 32 0.157832 0.0730236 1
g1 2 29 g1 2 29 0.157442 0.0591343 1
g1 2 31 g1 2 32 0.16594 0.0594803 1
g1 2 31 g1 2 31 0.165774 0.0511753 1
g1 2 36 g1 2 34 0.188724 0.0559827 1
g1 2 29 g1 2 29 0.157238 0.0583123 1
g2 2 28 g2 2 26 0.153491 0.081189 1
g2 2 28 g2 2 26 0.153258 0.0852107 1
g2 2 31 g2 2 32 0.165768 0.152605 1
g2 2 26 g2 2 26 0.144671 0.150999 1
g2 2 27 g2 2 26 0.148808 0.134901 1
g2 2 23 g2 2 32 0.131561 0.144775 1
g2 2 26 g2 2 26 0.144769 0.128892 1
g2 2 27 g2 2 26 0.149027 0.0937242 1
g2 2 28 g2 2 26 0.153417 0.156895 1
g2 2 55 g2 2 50 0.267523 0.125755 1
g2 2 29 g2 2 26 0.156933 0.0853226 1
g2 2 28 g2 2 26 0.153026 0.0831557 1
g2 2 28 g2 2 26 0.153291 0.10591 1
g2 2 29 g2 2 26 0.157258 0.106393 1
g2 2 30 g2 2 26 0.161285 0.165876 1
g2 2 27 g2 2 26 0.150847 0.128428 1
g2 2 21 g2 2 32 0.12587 0.237872 1
g2 2 27 g2 2 26 0.149008 0.0733698 1
g2 2 29 g2 2 26 0.158219 0.0850396 1
g2 2 27 g2 2 26 0.148989 0.132614 1
g2 2 30 g2 2 26 0.162017 0.125009 1
g2 2 30 g2 2 26 0.160806 0.202935 1
g2 2 26 g2 2 26 0.144992 0.144234 1
g2 2 31 g2 2 26 0.165563 0.0809107 1
g2 2 33 g2 2 32 0.176819 0.158391 1
g2 2 28 g2 2 26 0.153005 0.150766 1
g2 2 27 g2 2 32 0.149007 0.215902 1
g2 2 30 g2 2 26 0.161026 0.15229 1
g2 2 34 g2 2 26 0.181571 0.122504 1
g2 2 59 g2 2 53 0.285008 0.11708 1
g2 2 54 g2 2 45 0.263738 0.128094 1
g2 2 55 g2 2 50 0.269558 0.115822 1
g2 2 48 g1 2 43 0.239525 0.259655 1
g2 2 38 g2 2 42 0.197088 0.0980393 1
g2 2 42 g2 2 39 0.215841 0.102152 1
g2 2 64 g2 2 53 0.306903 0.107338 1
g2 2 43 g2 2 45 0.217838 0.0816044 1
g2 2 37 g2 2 44 0.194286 0.0787732 1
g2 2 36 g2 2 39 0.188808 0.0732656 1
g2 2 39 g2 2 44 0.200962 0.0675561 1
g2 2 39 g2 2 39 0.201583 0.0572417 1
g2 2 41 g2 2 39 0.209629 0.0581594 1
g2 2 39 g2 2 39 0.201159 0.0957513 1
g2 2 41 g2 2 39 0.209531 0.0682864 1
g2 2 42 g2 2 44 0.21359 0.0697143 1
g2 2 47 g2 2 44 0.234224 0.129158 1
g2 2 31 g2 2 41 0.166406 0.117849 1
g2 2 42 g2 2 39 0.21355 0.06024 1
g2 2 84 g2 2 53 0.395172 0.158477 1
g2 2 41 g2 2 42 0.210297 0.0790936 1
g2 2 52 g2 2 44 0.255086 0.0678578 1
g2 2 52 g1 2 59 0.255148 0.213745 1
g2 2 40 g2 2 39 0.204827 0.0999793 1
g2 2 37 g2 2 44 0.193548 0.0734563 1
g2 2 45 g1 2 64 0.22621 0.115191 1
g2 2 41 g2 2 44 0.209738 0.0894141 1
g2 2 49 g1 2 52 0.241409 0.192012 1
g2 2 46 g2 2 53 0.229701 0.113792 1
g2 2 40 g2 2 56 0.206675 0.10944 1
g2 2 56 g2 2 53 0.273576 0.108505 1
g2 2 35 g2 2 39 0.185023 0.0852977 1
g2 2 40 g1 2 57 0.20564 0.290824 1
g2 2 58 g2 2 48 0.280445 0.156959 1
g2 2 29 g2 2 26 0.157835 0.130546 1
g2 2 26 g2 2 26 0.144386 0.124454 1
g2 2 28 g2 2 26 0.152919 0.0648465 1
g3 1 71 g3 1 117 0.337094 0.324805 1
g3 1 68 g3 1 84 0.324784 0.194898 1
g3 1 95 g3 1 81 0.441143 0.296964 1
g3 1 102 g3 1 73 0.471978 0.238218 1
g3 1 107 g1 2 57 0.497109 0.434995 1
g3 1 96 g3 1 73 0.449358 0.256818 1
g3 1 91 g3 1 72 0.424355 0.283774 1
g3 1 93 g3 1 82 0.434778 0.278866 1
g3 1 86 g3 1 87 0.402848 0.278667 1
g3 1 87 g3 1 92 0.405338 0.286612 1
g3 1 88 g3 1 106 0.410825 0.254138 1
g3 1 92 g3 1 81 0.430096 0.212962 1
g3 1 92 g3 1 86 0.43051 0.243562 1
g3 1 92 g3 1 127 0.434637 0.2154 1
g3 1 90 g3 1 78 0.418108 0.482702 0
g3 1 86 g3 1 74 0.403064 0.25076 1
g3 1 80 g3 1 81 0.377058 0.197892 1
g3 1 113 g1 2 49 0.530861 0.365086 1
g3 1 95 g3 1 120 0.445885 0.277557 1
g3 1 95 g3 1 85 0.454167 0.214709 1
g3 1 99 g3 1 91 0.474604 0.219722 1
g3 1 93 g3 1 114 0.447786 0.216527 1
g3 1 92 g3 1 82 0.441493 0.243935 1
g3 1 85 g3 1 73 0.397705 0.253225 1
g3 1 91 g3 1 81 0.426049 0.303278 1
g3 1 88 g3 1 77 0.41189 0.278852 1
g3 1 99 g3 1 112 0.45952 0.301397 1
g3 1 132 g3 1 84 0.606491 0.28222 1
g3 1 114 g1 2 67 0.526464 0.43458 1
g3 1 97 g3 1 80 0.450693 0.1944 1
g3 1 111 g3 1 120 0.51465 0.219216 1
g3 1 104 g3 1 82 0.483671 0.27285 1
g3 1 97 g3 1 78 0.450239 0.214257 1
g3 1 100 g3 1 85 0.464055 0.238382 1
g3 1 101 g3 1 91 0.469682 0.246652 1
g3 1 98 g3 1 83 0.457459 0.267061 1
g3 1 102 g3 1 61 0.472847 0.319308 1
g3 1 115 g3 1 140 0.530747 0.258955 1
g3 1 120 g3 1 140 0.554102 0.257891 1
g3 1 92 g3 1 84 0.428104 0.376797 0
g3 1 76 g3 1 68 0.357089 0.838181 0
g3 1 97 g3 1 85 0.449927 0.281636 1
g3 1 85 g3 1 79 0.397537 0.211361 1
g3 1 77 g3 1 80 0.362013 0.193194 1
g3 1 81 g3 1 81 0.380094 0.214477 1
g3 1 86 g3 1 91 0.401029 0.293181 1
g3 1 77 g3 1 77 0.360558 0.329231 1
g3 1 85 g3 1 84 0.395876 0.171705 1
g3 1 79 g3 1 74 0.370561 0.219266 1
g3 1 78 g3 1 91 0.367216 0.301789 1
g3 1 84 g3 1 91 0.392494 0.249773 1
g4 2 71 g4 2 59 0.334787 0.198089 1
g4 2 71 g4 2 82 0.335329 0.0673423 1
g4 2 86 g4 2 87 0.407943 0.162398 1
g4 2 85 g4 2 82 0.397265 0.163126 1
g4 2 80 g4 2 90 0.375026 0.119477 1
g4 2 81 g4 2 99 0.379076 0.14039 1
g4 2 100 g3 1 89 0.4618 0.25683 1
g4 2 81 g4 2 82 0.379682 0.161355 1
g4 2 95 g4 2 94 0.442754 0.151698 1
g4 2 93 g4 2 95 0.432768 0.166844 1
g4 2 89 g4 2 90 0.416317 0.134392 1
g4 2 94 g4 2 99 0.437425 0.112256 1
g4 2 102 g4 2 101 0.470925 0.0792638 1
g4 2 89 g4 2 60 0.418897 0.120179 1
g4 2 57 g4 2 63 0.275116 0.127509 1
g4 2 60 g4 2 57 0.287611 0.0727742 1
g4 2 57 g4 2 55 0.275409 0.0766083 1
g4 2 63 g4 2 66 0.300636 0.145464 1
g4 2 59 g4 2 64 0.284175 0.103054 1
g4 2 65 g4 2 66 0.311252 0.109011 1
g4 2 67 g4 2 78 0.318507 0.0844505 1
g4 2 69 g4 2 78 0.327094 0.0992722 1
g4 2 77 g4 2 95 0.36096 0.150197 1
g4 2 57 g4 2 62 0.274641 0.105125 1
g4 2 72 g4 2 67 0.340414 0.0918328 1
g4 2 72 g4 2 72 0.340503 0.048741 1
g4 2 80 g4 2 70 0.374944 0.0862969 1
g4 2 79 g4 2 83 0.370666 0.110199 1
g4 2 92 g4 2 62 0.427145 0.0941647 1
g4 2 90 g4 2 66 0.417734 0.104492 1
g4 2 59 g4 2 72 0.283636 0.0842472 1
g4 2 59 g4 2 63 0.284528 0.0951659 1
g4 2 63 g4 2 66 0.30129 0.0775823 1
g4 2 66 g4 2 66 0.314384 0.130808 1
g4 2 87 g4 2 66 0.405435 0.0984353 1
g4 2 82 g4 2 66 0.383606 0.18796 1
g4 2 89 g4 2 79 0.415492 0.146736 1
g4 2 64 g4 2 62 0.305669 0.0681309 1
g4 2 88 g4 2 79 0.410094 0.0983634 1
g4 2 100 g4 2 79 0.462173 0.107761 1
g4 2 80 g4 2 82 0.374852 0.0681987 1
g4 2 88 g4 2 62 0.409204 0.0951218 1
g5 2 84 g5 2 94 0.394933 0.0893176 1
g5 2 87 g5 2 85 0.407016 0.0767305 1
g5 2 85 g5 2 101 0.399745 0.103886 1
g5 2 82 g5 2 101 0.384927 0.114987 1
g5 2 69 g5 2 98 0.330225 0.161727 1
g5 2 81 g5 2 98 0.384707 0.0936171 1
g5 2 80 g4 2 65 0.392707 0.188285 1
g5 2 89 g5 2 98 0.430625 0.177105 1
g5 2 78 g5 2 100 0.376462 0.207032 1
g5 2 64 g5 2 62 0.310854 0.117299 1
g5 2 68 g5 2 68 0.328905 0.118591 1
g5 2 80 g5 2 68 0.379991 0.108626 1
g5 2 66 g5 2 82 0.319255 0.144768 1
g5 2 69 g4 2 60 0.331371 0.184751 1
g5 2 83 g5 2 100 0.396172 0.161175 1
g5 2 76 g5 2 68 0.363341 0.213618 1
g5 2 73 g5 2 100 0.35178 0.169501 1
g5 2 68 g5 2 68 0.328158 0.181356 1
g5 2 73 g5 2 100 0.34934 0.164501 1
g5 2 73 g4 2 59 0.348322 0.169759 1
g5 2 75 g5 2 99 0.357301 0.132945 1
g5 2 73 g4 2 59 0.361013 0.171532 1
g5 2 75 g4 2 70 0.36478 0.207991 1
g5 2 73 g5 2 98 0.357217 0.164006 1
g5 2 80 g5 2 98 0.400471 0.126513 1
g5 2 79 g5 2 106 0.379866 0.15038 1
g5 2 76 g4 2 59 0.363646 0.143869 1
g5 2 75 g5 2 106 0.361203 0.162105 1
g5 2 77 g5 2 100 0.366099 0.211992 1
g5 2 78 g5 2 88 0.373693 0.138184 1
g5 2 73 g4 2 65 0.35477 0.188222 1
g5 2 76 g5 2 98 0.371827 0.126581 1
g5 2 71 g5 2 88 0.359315 0.124045 1
g5 2 75 g5 2 98 0.363987 0.138354 1
g5 2 76 g5 2 98 0.37199 0.141297 1
g5 2 83 g5 2 96 0.391612 0.0967482 1
g5 2 110 g5 2 100 0.519912 0.117647 1
g5 2 77 g5 2 96 0.374068 0.0859701 1
g5 2 92 g5 2 101 0.439075 0.0756917 1
g5 2 92 g5 2 96 0.437552 0.121381 1
g5 2 98 g5 2 115 0.462651 0.128892 1
g5 2 92 g5 2 115 0.437008 0.0887555 1
g5 2 91 g5 2 105 0.428683 0.0983107 1
g5 2 98 g5 2 100 0.461065 0.0919861 1
g5 2 92 g5 2 98 0.434105 0.0726379 1
g6 2 78 g6 2 74 0.367059 0.077136 1
g6 2 75 g6 2 74 0.35459 0.0886381 1
g6 2 81 g6 2 74 0.400682 0.0837195 1
g6 2 79 g6 2 65 0.373471 0.173163 1
g6 2 67 g6 2 74 0.329652 0.0672097 1
g6 2 66 g6 2 77 0.319847 0.118371 1
g6 2 71 g6 2 74 0.335207 0.0905135 1
g6 2 73 g6 2 74 0.344363 0.124847 1
g6 2 70 g6 2 74 0.330457 0.100268 1
g6 2 61 g6 2 74 0.293072 0.0983134 1
g6 2 76 g6 2 72 0.35933 0.148182 1
g6 2 82 g6 2 179 0.382886 0.0846512 1
g6 2 80 g6 2 79 0.374283 0.0637393 1
g6 2 59 g6 2 74 0.287093 0.114933 1
g6 2 70 g6 2 79 0.332303 0.159355 1
g6 2 79 g6 2 75 0.369565 0.0816378 1
g6 2 67 g6 2 74 0.318319 0.0919602 1
g6 2 84 g6 2 75 0.390651 0.0824738 1
g6 2 70 g6 2 74 0.330337 0.078759 1
g6 2 68 g6 2 74 0.322992 0.13811 1
g6 2 80 g6 2 74 0.37399 0.0903619 1
g6 2 115 g6 2 74 0.52675 0.146872 1
g6 2 74 g6 2 75 0.347906 0.0920368 1
g6 2 66 g6 2 75 0.313564 0.116205 1
g6 2 70 g6 2 74 0.331559 0.116409 1
g6 2 68 g6 2 86 0.321796 0.238989 1
g6 2 86 g6 2 74 0.399473 0.111651 1
g6 2 68 g6 2 74 0.322804 0.0831518 1
g6 2 68 g6 2 74 0.321281 0.0867334 1
g6 2 56 g6 2 64 0.270684 0.0932688 1
g6 2 61 g6 2 65 0.292461 0.0761259 1
g6 2 63 g6 2 65 0.302444 0.105697 1
g6 2 99 g6 2 94 0.457951 0.363459 1
g6 2 75 g1 2 48 0.352908 0.249492 1
g6 2 61 g6 2 62 0.292062 0.0327055 1
g6 2 63 g6 2 63 0.300593 0.0631527 1
g6 2 67 g6 2 63 0.318033 0.0575263 1
g6 2 64 g6 2 67 0.305918 0.0628013 1
g6 2 71 g6 2 70 0.334171 0.0709974 1
g6 2 76 g6 2 72 0.356349 0.0616879 1
g6 2 71 g6 2 86 0.337579 0.0880182 1
g7 1 73 g7 1 87 0.346428 0.276636 1
g7 1 65 g7 1 83 0.310952 0.214486 1
g7 1 71 g7 1 67 0.336148 0.282669 1
g7 1 73 g7 1 102 0.345986 0.151537 1
g7 1 78 g7 1 66 0.366366 0.281787 1
g7 1 82 g7 1 79 0.384033 0.25401 1
g7 1 66 g7 1 90 0.315308 0.298672 1
g7 1 72 g7 1 73 0.342109 0.124732 1
g7 1 52 g7 1 60 0.255972 0.216303 1
g7 1 63 g3 1 83 0.302118 0.402604 1
g7 1 67 g7 1 65 0.318161 0.217361 1
g7 1 72 g7 1 66 0.34005 0.16331 1
g7 1 69 g7 1 76 0.326749 0.217129 1
g7 1 65 g7 1 56 0.309477 0.176833 1
g7 1 56 g7 1 55 0.270843 0.21659 1
g7 1 64 g7 1 60 0.305284 0.174301 1
g7 1 63 g7 1 55 0.300818 0.15924 1
g7 1 58 g7 1 62 0.281003 0.214666 1
g7 1 60 g7 1 89 0.288502 0.286894 1
g7 1 61 g7 1 54 0.291672 0.15933 1
g7 1 61 g7 1 62 0.292114 0.197059 1
g7 1 54 g7 1 51 0.264235 0.0359619 1
g7 1 75 g1 2 31 0.352363 0.53179 0
g7 1 68 g7 1 69 0.321525 0.227333 1
g7 1 88 g7 1 54 0.409315 0.322597 1
g7 1 72 g7 1 94 0.339582 0.355519 1
g7 1 67 g2 2 44 0.318108 0.433152 0
g7 1 74 g7 1 73 0.348923 0.16219 1
g7 1 70 g1 2 31 0.330903 0.556157 0
g7 1 70 g3 1 130 0.330528 0.527425 0
g7 1 72 g7 1 69 0.339056 0.213426 1
g7 1 85 g7 1 93 0.395492 0.29699 1
g7 1 77 g7 1 88 0.361162 0.299224 1
g7 1 79 g7 1 67 0.369783 0.217459 1
g7 1 90 g7 1 66 0.417142 0.204742 1
g7 1 136 g7 1 88 0.625454 0.27874 1
g7 1 66 g7 1 75 0.314111 0.243244 1
g7 1 67 g7 1 97 0.319111 0.255224 1
g7 1 78 g7 1 97 0.366852 0.302307 1
g7 1 78 g7 1 75 0.366139 0.228199 1
g7 1 88 g7 1 79 0.411114 0.267728 1
g7 1 97 g7 1 91 0.453807 0.194254 1
g7 1 62 g7 1 67 0.297793 0.300008 1
g7 1 101 g7 1 77 0.468884 0.175766 1
g7 1 39 g7 1 67 0.201389 0.364027 1
g7 1 70 g7 1 100 0.332824 0.366034 1
g7 1 72 g7 1 66 0.340654 0.154061 1
g7 1 71 g7 1 60 0.336131 0.270987 1
g7 1 72 g7 1 73 0.341029 0.167195 1
g7 1 96 g7 1 79 0.447761 0.237295 1
g7 1 63 g7 1 57 0.301662 0.309275 1
g7 1 66 g7 1 65 0.314063 0.260375 1
g7 1 84 g7 1 89 0.393519 0.162851 1
g7 1 119 g7 1 91 0.550673 0.298056 1
g7 1 110 g7 1 103 0.508594 0.245831 1
g7 1 105 g7 1 72 0.485899 0.384197 1
g7 1 104 g7 1 103 0.48328 0.22302 1
g7 1 91 g7 1 71 0.422403 0.238911 1
g7 1 99 g7 1 94 0.460723 0.159631 1
g7 1 83 g7 1 93 0.389484 0.211386 1
g7 1 92 g7 1 94 0.429042 0.157546 1
g7 1 88 g7 1 91 0.41006 0.186825 1
g7 1 93 g7 1 94 0.43446 0.166665 1
