g1 2 24 g6 2 32 0.073609 0.17794 1
g1 2 23 g6 2 34 0.071736 0.194198 1
g1 2 27 g6 2 25 0.080797 0.15724 1
g1 2 42 g1 2 24 0.124646 0.123816 1
g1 2 33 g2 2 17 0.095951 0.187198 1
g1 2 29 g1 2 25 0.084674 0.155603 1
g1 2 31 g1 2 28 0.090438 0.130341 1
g1 2 20 g1 2 27 0.065879 0.114622 1
g1 2 24 g1 2 33 0.074496 0.163865 1
g1 2 28 g1 2 25 0.082648 0.160339 1
g1 2 21 g1 2 31 0.067547 0.14073 1
g1 2 26 g1 2 22 0.077992 0.114373 1
g1 2 25 g1 2 25 0.075846 0.0740661 1
g1 2 25 g1 2 25 0.076097 0.125881 1
g1 2 28 g1 2 25 0.082493 0.0868187 1
g1 2 54 g6 2 38 0.138109 0.204369 1
g1 2 26 g1 2 22 0.078016 0.0972668 1
g1 2 37 g6 2 36 0.107004 0.215971 1
g1 2 20 g6 2 31 0.065732 0.134031 1
g1 2 24 g6 2 34 0.073609 0.199984 1
g1 2 21 g6 2 32 0.067869 0.150999 1
g1 2 28 g6 2 30 0.082488 0.173621 1
g1 2 22 g2 2 17 0.070038 0.193526 1
g1 2 24 g1 2 19 0.073431 0.0891945 1
g1 2 23 g1 2 20 0.071122 0.0969903 1
g1 2 32 g1 2 29 0.092479 0.134032 1
g1 2 30 g1 2 26 0.08671 0.148789 1
g1 2 39 g1 2 26 0.108347 0.259161 1
g1 2 29 g1 2 24 0.085119 0.203512 1
g1 2 29 g1 2 37 0.085161 0.106583 1
g1 2 23 g1 2 25 0.072301 0.0915781 1
g1 2 23 g1 2 24 0.071426 0.174426 1
g1 2 19 g1 2 26 0.063471 0.085179 1
g1 2 28 g1 2 28 0.082035 0.210505 1
g1 2 23 g1 2 29 0.072504 0.236403 1
g1 2 24 g1 2 24 0.073551 0.164906 1
g1 2 30 g1 2 24 0.08691 0.170312 1
g1 2 24 g1 2 26 0.073276 0.146705 1
g1 2 22 g1 2 23 0.069585 0.160308 1
g1 2 23 g1 2 24 0.071592 0.136293 1
g1 2 26 g1 2 26 0.078274 0.157024 1
g1 2 28 g1 2 28 0.082494 0.208836 1
g1 2 23 g1 2 25 0.071925 0.184867 1
g1 2 24 g1 2 24 0.073857 0.181988 1
g1 2 28 g1 2 24 0.082897 0.185135 1
g1 2 21 g1 2 28 0.068516 0.252151 1
g1 2 26 g6 2 36 0.077987 0.200933 1
g1 2 28 g6 2 34 0.083395 0.212761 1
g1 2 22 g6 2 37 0.069505 0.187049 1
g1 2 27 g6 2 34 0.080682 0.136433 1
g1 2 37 g2 2 17 0.105278 0.214004 1
g1 2 25 g6 2 25 0.076241 0.166234 1
g1 2 33 g2 2 17 0.095107 0.175786 1
g1 2 22 g1 2 18 0.069557 0.0772465 1
g1 2 20 g1 2 18 0.064892 0.0702443 1
g1 2 16 g1 2 17 0.057201 0.0958116 1
g1 2 16 g1 2 16 0.057023 0.0742667 1
g1 2 17 g1 2 17 0.059485 0.0748685 1
g1 2 17 g1 2 17 0.059184 0.0620692 1
g1 2 19 g1 2 18 0.06268 0.0683333 1
g1 2 16 g1 2 17 0.056853 0.105744 1
g2 2 15 g2 2 14 0.055862 0.102187 1
g2 2 15 g2 2 14 0.055274 0.10185 1
g2 2 17 g2 2 17 0.05877 0.181372 1
g2 2 14 g2 2 14 0.052808 0.155059 1
g2 2 15 g2 2 14 0.05493 0.154887 1
g2 2 13 g2 2 17 0.050723 0.164817 1
g2 2 14 g2 2 14 0.052896 0.13909 1
g2 2 15 g2 2 14 0.054737 0.110691 1
g2 2 15 g2 2 14 0.054987 0.179236 1
g2 2 29 g2 2 26 0.084989 0.139318 1
g2 2 16 g2 2 14 0.057476 0.110161 1
g2 2 15 g2 2 14 0.055078 0.100015 1
g2 2 15 g2 2 14 0.055139 0.119707 1
g2 2 16 g2 2 14 0.057528 0.121027 1
g2 2 16 g2 2 14 0.056823 0.173813 1
g2 2 15 g2 2 14 0.055404 0.140784 1
g2 2 12 g2 2 17 0.048916 0.269356 1
g2 2 15 g2 2 14 0.055081 0.092682 1
g2 2 16 g2 2 14 0.056961 0.101305 1
g2 2 15 g2 2 14 0.055379 0.158697 1
g2 2 16 g2 2 14 0.057225 0.13721 1
g2 2 16 g2 2 14 0.057035 0.214676 1
g2 2 14 g2 2 14 0.052422 0.148629 1
g2 2 17 g2 2 14 0.058687 0.10577 1
g2 2 18 g2 2 17 0.060761 0.169768 1
g2 2 15 g2 2 14 0.05479 0.174605 1
g2 2 15 g2 2 17 0.055059 0.236373 1
g2 2 16 g2 2 14 0.056771 0.175869 1
g2 2 18 g2 2 14 0.06094 0.137793 1
g2 2 31 g2 2 28 0.090411 0.126317 1
g2 2 28 g2 2 27 0.083412 0.154631 1
g2 2 29 g2 2 26 0.085745 0.139835 1
g2 2 25 g2 2 26 0.076913 0.145608 1
g2 2 20 g2 2 21 0.065919 0.141188 1
g2 2 22 g2 2 21 0.069805 0.116212 1
g2 2 32 g2 2 29 0.095039 0.128335 1
g2 2 23 g2 2 21 0.071641 0.096611 1
g2 2 20 g2 2 21 0.065407 0.0919244 1
g2 2 19 g2 2 21 0.062981 0.0917693 1
g2 2 21 g2 2 21 0.065902 0.0850921 1
g2 2 20 g2 2 21 0.067255 0.0905802 1
g2 2 21 g2 2 21 0.066993 0.0696447 1
g2 2 19 g2 2 21 0.065251 0.111867 1
g2 2 22 g2 2 21 0.069528 0.0774176 1
g2 2 22 g2 2 21 0.069692 0.0948557 1
g2 2 25 g2 2 23 0.076244 0.152061 1
g2 2 17 g2 2 24 0.0591 0.137865 1
g2 2 22 g2 2 21 0.069407 0.0837894 1
g2 2 42 g2 2 28 0.117539 0.160804 1
g2 2 22 g2 2 22 0.069351 0.0964792 1
g2 2 27 g2 2 23 0.080177 0.0798759 1
g2 2 27 g1 2 31 0.080171 0.219936 1
g2 2 21 g2 2 21 0.0671 0.115142 1
g2 2 19 g2 2 21 0.06468 0.0974426 1
g2 2 24 g1 2 33 0.073232 0.127458 1
g2 2 22 g2 2 21 0.06988 0.112631 1
g2 2 26 g1 2 27 0.077465 0.202682 1
g2 2 24 g2 2 28 0.073543 0.128112 1
g2 2 21 g2 2 29 0.067893 0.125182 1
g2 2 29 g2 2 28 0.085037 0.116633 1
g2 2 19 g2 2 21 0.063835 0.102651 1
g2 2 21 g1 2 33 0.067407 0.312074 1
g2 2 30 g2 2 25 0.087126 0.164235 1
g2 2 16 g2 2 14 0.057608 0.14913 1
g2 2 14 g2 2 14 0.05282 0.130177 1
g2 2 15 g2 2 14 0.0553 0.0820335 1
g3 1 36 g3 1 46 0.10485 0.333223 1
g3 1 35 g3 1 43 0.101352 0.221946 1
g3 1 49 g3 1 42 0.13399 0.30178 1
g3 1 52 g3 1 37 0.142269 0.246502 1
g3 1 55 g1 2 30 0.146727 0.418822 1
g3 1 49 g3 1 37 0.135493 0.259881 1
g3 1 47 g3 1 42 0.129633 0.382952 1
g3 1 47 g3 1 41 0.131212 0.282962 1
g3 1 44 g3 1 45 0.122621 0.289696 1
g3 1 43 g3 1 46 0.122151 0.297558 1
g3 1 44 g3 1 57 0.122529 0.28128 1
g3 1 47 g3 1 46 0.129254 0.232351 1
g3 1 46 g3 1 43 0.127328 0.247889 1
g3 1 47 g3 1 64 0.130791 0.222787 1
g3 1 44 g3 1 47 0.122931 0.51036 0
g3 1 44 g3 1 40 0.122455 0.258832 1
g3 1 41 g3 1 42 0.116417 0.209816 1
g3 1 56 g1 2 26 0.15531 0.386249 1
g3 1 48 g3 1 41 0.131373 0.251072 1
g3 1 48 g3 1 42 0.133506 0.221803 1
g3 1 50 g3 1 47 0.13801 0.226277 1
g3 1 48 g3 1 57 0.13356 0.221905 1
g3 1 46 g3 1 41 0.128023 0.25135 1
g3 1 43 g3 1 37 0.121665 0.253234 1
g3 1 47 g3 1 42 0.130689 0.316508 1
g3 1 44 g3 1 38 0.122526 0.28715 1
g3 1 50 g3 1 53 0.13811 0.32382 1
g3 1 66 g3 1 42 0.176962 0.284562 1
g3 1 58 g1 2 35 0.159364 0.4447 1
g3 1 50 g3 1 39 0.135708 0.201403 1
g3 1 57 g3 1 60 0.154264 0.228523 1
g3 1 53 g3 1 41 0.144222 0.280706 1
g3 1 49 g3 1 40 0.134762 0.220627 1
g3 1 51 g3 1 42 0.140362 0.247319 1
g3 1 52 g3 1 47 0.14107 0.263802 1
g3 1 50 g3 1 59 0.136726 0.273868 1
g3 1 51 g3 1 32 0.14063 0.32566 1
g3 1 59 g3 1 69 0.157021 0.265699 1
g3 1 61 g3 1 69 0.16151 0.260838 1
g3 1 46 g3 1 43 0.128159 0.385294 0
g3 1 28 g3 1 47 0.096742 0.823248 0
g3 1 49 g3 1 44 0.136427 0.300426 1
g3 1 42 g3 1 40 0.11976 0.212795 1
g3 1 40 g3 1 41 0.111765 0.20749 1
g3 1 42 g3 1 42 0.115893 0.230677 1
g3 1 44 g3 1 47 0.120317 0.308949 1
g3 1 39 g3 1 38 0.109924 0.342217 1
g3 1 43 g3 1 42 0.121042 0.173902 1
g3 1 40 g3 1 37 0.113726 0.222896 1
g3 1 39 g3 1 47 0.111706 0.313576 1
g3 1 43 g3 1 47 0.120463 0.257709 1
g4 2 37 g4 2 31 0.105514 0.214003 1
g4 2 37 g4 2 42 0.105247 0.0776266 1
g4 2 44 g4 2 45 0.122672 0.166957 1
g4 2 44 g4 2 42 0.122105 0.168567 1
g4 2 41 g4 2 46 0.114851 0.126684 1
g4 2 42 g4 2 51 0.117151 0.146778 1
g4 2 50 g3 1 44 0.138001 0.269455 1
g4 2 42 g4 2 42 0.117511 0.171182 1
g4 2 49 g4 2 48 0.135722 0.160702 1
g4 2 47 g4 2 49 0.130163 0.169863 1
g4 2 46 g4 2 46 0.126913 0.137917 1
g4 2 48 g4 2 51 0.132609 0.118121 1
g4 2 52 g4 2 51 0.142092 0.0872918 1
g4 2 45 g4 2 31 0.124807 0.128089 1
g4 2 30 g4 2 43 0.086772 0.145188 1
g4 2 31 g4 2 30 0.089232 0.0783236 1
g4 2 30 g4 2 29 0.087409 0.0842569 1
g4 2 33 g4 2 34 0.096048 0.155891 1
g4 2 31 g4 2 33 0.08968 0.107021 1
g4 2 34 g4 2 34 0.098293 0.120714 1
g4 2 35 g4 2 40 0.100466 0.0921291 1
g4 2 36 g4 2 32 0.102594 0.107127 1
g4 2 40 g4 2 48 0.112141 0.157677 1
g4 2 30 g4 2 32 0.086854 0.11523 1
g4 2 37 g4 2 35 0.105295 0.0999789 1
g4 2 37 g4 2 37 0.104858 0.0565179 1
g4 2 41 g4 2 36 0.115481 0.0927801 1
g4 2 41 g4 2 43 0.115716 0.114147 1
g4 2 46 g4 2 32 0.127071 0.101447 1
g4 2 46 g4 2 34 0.127151 0.113267 1
g4 2 31 g4 2 37 0.089347 0.0959691 1
g4 2 31 g4 2 33 0.089674 0.104216 1
g4 2 33 g4 2 34 0.095943 0.089046 1
g4 2 34 g4 2 34 0.097778 0.140114 1
g4 2 45 g4 2 34 0.124346 0.10591 1
g4 2 42 g4 2 34 0.117388 0.195535 1
g4 2 46 g4 2 41 0.127605 0.155241 1
g4 2 33 g4 2 32 0.095999 0.0741323 1
g4 2 45 g4 2 41 0.12425 0.101616 1
g4 2 50 g4 2 41 0.136688 0.114166 1
g4 2 41 g4 2 42 0.115094 0.0754929 1
g4 2 45 g4 2 32 0.124302 0.102621 1
g5 2 43 g5 2 48 0.12107 0.0971744 1
g5 2 45 g5 2 44 0.124953 0.0816019 1
g5 2 44 g5 2 52 0.124505 0.109662 1
g5 2 42 g5 2 52 0.117835 0.124991 1
g5 2 36 g5 2 50 0.104297 0.17394 1
g5 2 42 g5 2 50 0.118644 0.10384 1
g5 2 41 g4 2 34 0.11588 0.196252 1
g5 2 46 g5 2 50 0.127726 0.189313 1
g5 2 40 g5 2 51 0.113221 0.211937 1
g5 2 33 g5 2 32 0.096528 0.123541 1
g5 2 35 g5 2 35 0.100814 0.127559 1
g5 2 41 g5 2 35 0.116577 0.116069 1
g5 2 34 g5 2 33 0.098658 0.167177 1
g5 2 36 g4 2 31 0.103055 0.194451 1
g5 2 43 g5 2 51 0.120803 0.16659 1
g5 2 39 g5 2 52 0.110709 0.223702 1
g5 2 38 g5 2 51 0.108493 0.17723 1
g5 2 35 g5 2 35 0.10101 0.193171 1
g5 2 38 g5 2 51 0.108491 0.171682 1
g5 2 38 g4 2 31 0.108127 0.179745 1
g5 2 39 g5 2 51 0.111382 0.145158 1
g5 2 38 g4 2 31 0.10813 0.182144 1
g5 2 39 g4 2 36 0.110879 0.223905 1
g5 2 38 g5 2 50 0.108028 0.172716 1
g5 2 41 g5 2 50 0.116088 0.134535 1
g5 2 41 g5 2 54 0.116005 0.156904 1
g5 2 39 g4 2 31 0.110746 0.154788 1
g5 2 39 g5 2 54 0.110268 0.169673 1
g5 2 40 g5 2 51 0.112629 0.220685 1
g5 2 40 g5 2 51 0.113463 0.173265 1
g5 2 38 g4 2 31 0.108715 0.184001 1
g5 2 39 g5 2 50 0.110975 0.134244 1
g5 2 37 g5 2 45 0.106219 0.133308 1
g5 2 39 g5 2 50 0.111332 0.152698 1
g5 2 39 g5 2 49 0.110533 0.14648 1
g5 2 43 g5 2 49 0.120626 0.105347 1
g5 2 55 g5 2 51 0.149724 0.123206 1
g5 2 40 g5 2 49 0.114266 0.0955829 1
g5 2 47 g5 2 52 0.130494 0.083783 1
g5 2 47 g5 2 49 0.132376 0.126546 1
g5 2 50 g5 2 59 0.138014 0.137976 1
g5 2 47 g5 2 55 0.13195 0.0960784 1
g5 2 47 g5 2 54 0.131657 0.106638 1
g5 2 50 g5 2 51 0.13792 0.100387 1
g5 2 47 g5 2 48 0.130924 0.0650965 1
g6 2 40 g6 2 38 0.112206 0.083175 1
g6 2 39 g6 2 38 0.109921 0.0953195 1
g6 2 42 g6 2 38 0.115578 0.0928561 1
g6 2 41 g6 2 34 0.114209 0.186681 1
g6 2 35 g6 2 38 0.100201 0.0746636 1
g6 2 34 g6 2 34 0.09784 0.133747 1
g6 2 37 g6 2 38 0.104729 0.0972487 1
g6 2 38 g6 2 38 0.106754 0.13291 1
g6 2 36 g6 2 38 0.102245 0.106651 1
g6 2 32 g6 2 38 0.092381 0.106965 1
g6 2 39 g6 2 37 0.10987 0.158648 1
g6 2 42 g6 2 59 0.117302 0.0806673 1
g6 2 41 g6 2 41 0.114594 0.0722909 1
g6 2 31 g6 2 38 0.089552 0.121881 1
g6 2 36 g6 2 41 0.102978 0.165956 1
g6 2 41 g6 2 39 0.11536 0.0874991 1
g6 2 35 g6 2 38 0.100123 0.0999042 1
g6 2 43 g6 2 39 0.118948 0.0893298 1
g6 2 36 g6 2 38 0.102103 0.0858735 1
g6 2 35 g6 2 38 0.100387 0.143103 1
g6 2 41 g6 2 38 0.114727 0.0953615 1
g6 2 56 g6 2 38 0.153879 0.112614 1
g6 2 38 g6 2 39 0.107745 0.102929 1
g6 2 34 g6 2 39 0.098244 0.12231 1
g6 2 36 g6 2 38 0.102471 0.120256 1
g6 2 35 g6 2 44 0.100598 0.250265 1
g6 2 44 g6 2 38 0.121764 0.115719 1
g6 2 35 g6 2 38 0.100352 0.0915789 1
g6 2 35 g6 2 38 0.100838 0.0938618 1
g6 2 29 g6 2 33 0.085346 0.102225 1
g6 2 32 g6 2 34 0.092556 0.0872025 1
g6 2 33 g6 2 34 0.095171 0.119237 1
g6 2 51 g6 2 49 0.13929 0.354557 1
g6 2 39 g1 2 25 0.110369 0.256252 1
g6 2 32 g6 2 33 0.091998 0.0489091 1
g6 2 33 g6 2 35 0.095249 0.0869931 1
g6 2 35 g6 2 35 0.100112 0.0761341 1
g6 2 33 g6 2 35 0.095091 0.0791336 1
g6 2 37 g6 2 36 0.104735 0.0803105 1
g6 2 39 g6 2 37 0.109562 0.0712027 1
g6 2 37 g6 2 44 0.105416 0.0961247 1
g7 1 37 g7 1 44 0.107471 0.284241 1
g7 1 34 g7 1 42 0.098545 0.224965 1
g7 1 37 g7 1 39 0.10508 0.323346 1
g7 1 38 g7 1 52 0.108807 0.162606 1
g7 1 40 g7 1 34 0.112708 0.290341 1
g7 1 41 g7 1 41 0.116668 0.267993 1
g7 1 34 g7 1 46 0.09962 0.307843 1
g7 1 35 g7 1 36 0.102841 0.13242 1
g7 1 27 g7 1 31 0.080393 0.229789 1
g7 1 32 g3 1 40 0.095986 0.432231 0
g7 1 34 g7 1 33 0.09919 0.228633 1
g7 1 36 g7 1 34 0.104354 0.171633 1
g7 1 36 g7 1 39 0.102235 0.221973 1
g7 1 34 g7 1 29 0.096741 0.191086 1
g7 1 29 g7 1 29 0.084725 0.22992 1
g7 1 33 g7 1 31 0.095705 0.183853 1
g7 1 33 g7 1 28 0.095627 0.179065 1
g7 1 30 g7 1 32 0.087006 0.223571 1
g7 1 31 g7 1 29 0.089849 0.24925 1
g7 1 31 g7 1 28 0.091091 0.164834 1
g7 1 31 g7 1 32 0.091349 0.209471 1
g7 1 27 g7 1 27 0.082448 0.0629575 1
g7 1 39 g1 2 17 0.110187 0.578516 0
g7 1 35 g7 1 35 0.099288 0.240379 1
g7 1 45 g7 1 28 0.124602 0.33521 1
g7 1 37 g7 1 48 0.103831 0.365188 1
g7 1 34 g2 2 23 0.097959 0.458612 0
g7 1 38 g7 1 37 0.10771 0.169295 1
g7 1 35 g1 2 17 0.101652 0.602471 0
g7 1 36 g7 1 38 0.101284 0.375783 1
g7 1 36 g7 1 36 0.102975 0.21929 1
g7 1 44 g7 1 47 0.121926 0.305902 1
g7 1 39 g7 1 43 0.111173 0.305301 1
g7 1 40 g7 1 35 0.113826 0.224363 1
g7 1 46 g7 1 33 0.126299 0.209283 1
g7 1 68 g7 1 43 0.173677 0.286404 1
g7 1 34 g7 1 51 0.098375 0.34738 1
g7 1 35 g7 1 46 0.099813 0.270879 1
g7 1 39 g7 1 50 0.114463 0.307819 1
g7 1 40 g7 1 39 0.113077 0.23487 1
g7 1 45 g7 1 41 0.125168 0.28276 1
g7 1 48 g7 1 45 0.134816 0.196207 1
g7 1 32 g7 1 34 0.092427 0.314379 1
g7 1 50 g7 1 40 0.138449 0.185094 1
g7 1 21 g7 1 36 0.067539 0.36312 1
g7 1 35 g7 1 51 0.101966 0.377438 1
g7 1 36 g7 1 34 0.104542 0.159756 1
g7 1 36 g7 1 31 0.104933 0.279676 1
g7 1 37 g7 1 31 0.105632 0.22345 1
g7 1 49 g7 1 41 0.13473 0.244665 1
g7 1 33 g7 1 29 0.095917 0.332379 1
g7 1 33 g7 1 33 0.0965 0.272874 1
g7 1 42 g7 1 45 0.11838 0.170913 1
g7 1 61 g7 1 45 0.165861 0.305385 1
g7 1 56 g7 1 52 0.152639 0.246406 1
g7 1 54 g7 1 37 0.147843 0.398754 1
g7 1 53 g7 1 52 0.14483 0.231176 1
g7 1 35 g7 1 35 0.114462 0.242307 1
g7 1 51 g7 1 48 0.139804 0.167855 1
g7 1 43 g7 1 47 0.119215 0.222068 1
g7 1 47 g7 1 48 0.129622 0.168317 1
g7 1 45 g7 1 45 0.125708 0.191058 1
g7 1 47 g7 1 48 0.130929 0.173907 1
