g1 2 46 g6 2 78 0.231725 0.151288 1
g1 2 44 g6 2 66 0.222312 0.178759 1
g1 2 52 g6 2 50 0.258036 0.133322 1
g1 2 102 g1 2 45 0.477802 0.128455 1
g1 2 63 g2 2 32 0.303375 0.180064 1
g1 2 56 g1 2 48 0.275975 0.143843 1
g1 2 60 g1 2 54 0.289682 0.120497 1
g1 2 37 g1 2 52 0.195299 0.0984114 1
g1 2 46 g1 2 42 0.230531 0.124173 1
g1 2 54 g1 2 48 0.264359 0.15383 1
g1 2 39 g1 2 42 0.200972 0.119368 1
g1 2 50 g1 2 42 0.247802 0.0973216 1
g1 2 48 g1 2 48 0.239542 0.0664936 1
g1 2 47 g1 2 46 0.235662 0.0739914 1
g1 2 53 g1 2 48 0.259744 0.0760608 1
g1 2 111 g6 2 73 0.516766 0.200285 1
g1 2 49 g1 2 42 0.243409 0.0890284 1
g1 2 71 g6 2 70 0.335135 0.199234 1
g1 2 37 g6 2 60 0.195172 0.121699 1
g1 2 46 g6 2 66 0.230941 0.186203 1
g1 2 39 g6 2 51 0.20176 0.130479 1
g1 2 54 g6 2 57 0.26478 0.161004 1
g1 2 42 g2 2 32 0.213797 0.181831 1
g1 2 45 g1 2 38 0.226766 0.0752116 1
g1 2 43 g1 2 38 0.217842 0.076984 1
g1 2 61 g1 2 56 0.294983 0.126833 1
g1 2 58 g1 2 49 0.280818 0.139635 1
g1 2 75 g1 2 49 0.355338 0.246473 1
g1 2 55 g1 2 45 0.271995 0.194773 1
g1 2 56 g1 2 71 0.27137 0.100638 1
g1 2 43 g1 2 48 0.218115 0.0796961 1
g1 2 44 g1 2 45 0.223773 0.162744 1
g1 2 35 g1 2 50 0.186011 0.0640508 1
g1 2 53 g1 2 54 0.259564 0.197304 1
g1 2 43 g1 2 56 0.217856 0.225174 1
g1 2 46 g1 2 45 0.231163 0.149752 1
g1 2 57 g1 2 45 0.276094 0.158249 1
g1 2 46 g1 2 45 0.231577 0.153167 1
g1 2 41 g1 2 43 0.20939 0.154717 1
g1 2 43 g1 2 45 0.217886 0.120064 1
g1 2 49 g1 2 50 0.244711 0.147739 1
g1 2 53 g1 2 54 0.258739 0.204874 1
g1 2 44 g1 2 47 0.223147 0.16863 1
g1 2 46 g1 2 45 0.233252 0.172158 1
g1 2 53 g1 2 45 0.259537 0.161457 1
g1 2 40 g1 2 54 0.207748 0.234592 1
g1 2 50 g6 2 70 0.246704 0.185241 1
g1 2 53 g6 2 65 0.260438 0.195168 1
g1 2 41 g6 2 72 0.209905 0.170864 1
g1 2 52 g6 2 66 0.257748 0.126153 1
g1 2 72 g2 2 32 0.340431 0.2079 1
g1 2 48 g6 2 50 0.240587 0.147781 1
g1 2 64 g2 2 32 0.308348 0.161413 1
g1 2 42 g1 2 34 0.215178 0.0657474 1
g1 2 38 g1 2 34 0.196984 0.0576905 1
g1 2 29 g1 2 32 0.157382 0.0730474 1
g1 2 29 g1 2 29 0.159635 0.0591479 1
g1 2 31 g1 2 32 0.165906 0.0594514 1
g1 2 31 g1 2 31 0.167212 0.0512402 1
g1 2 36 g1 2 34 0.188814 0.0559701 1
g1 2 29 g1 2 29 0.162566 0.0584143 1
g2 2 28 g2 2 26 0.154583 0.0811795 1
g2 2 28 g2 2 26 0.153489 0.0851334 1
g2 2 31 g2 2 32 0.1672 0.152475 1
g2 2 26 g2 2 26 0.144847 0.15096 1
g2 2 27 g2 2 26 0.148962 0.134783 1
g2 2 23 g2 2 32 0.131959 0.14479 1
g2 2 26 g2 2 26 0.146215 0.128871 1
g2 2 27 g2 2 26 0.148965 0.0936361 1
g2 2 28 g2 2 26 0.153276 0.156916 1
g2 2 55 g2 2 50 0.270314 0.125751 1
g2 2 29 g2 2 26 0.157218 0.0853091 1
g2 2 28 g2 2 26 0.153601 0.083249 1
g2 2 28 g2 2 26 0.154871 0.105967 1
g2 2 29 g2 2 26 0.157301 0.106472 1
g2 2 30 g2 2 26 0.160982 0.165983 1
g2 2 27 g2 2 26 0.148843 0.128473 1
g2 2 21 g2 2 32 0.126703 0.237987 1
g2 2 27 g2 2 26 0.148769 0.0734326 1
g2 2 29 g2 2 26 0.157149 0.0851217 1
g2 2 27 g2 2 26 0.148974 0.132623 1
g2 2 30 g2 2 26 0.16286 0.125164 1
g2 2 30 g2 2 26 0.161239 0.203044 1
g2 2 26 g2 2 26 0.144675 0.144111 1
g2 2 31 g2 2 26 0.169233 0.0810045 1
g2 2 33 g2 2 32 0.178654 0.158366 1
g2 2 28 g2 2 26 0.153308 0.150752 1
g2 2 27 g2 2 32 0.148881 0.215898 1
g2 2 30 g2 2 26 0.162583 0.152333 1
g2 2 34 g2 2 26 0.181433 0.12261 1
g2 2 59 g2 2 53 0.28715 0.11708 1
g2 2 54 g2 2 45 0.264301 0.128014 1
g2 2 55 g2 2 50 0.271161 0.115755 1
g2 2 48 g1 2 43 0.238881 0.2597 1
g2 2 38 g2 2 42 0.19791 0.0980483 1
g2 2 42 g2 2 39 0.215009 0.102194 1
g2 2 64 g2 2 53 0.30638 0.107352 1
g2 2 43 g2 2 45 0.22009 0.08175 1
g2 2 37 g2 2 44 0.193702 0.0787427 1
g2 2 36 g2 2 39 0.190897 0.0732876 1
g2 2 39 g2 2 44 0.201347 0.0676211 1
g2 2 39 g2 2 39 0.201227 0.0572556 1
g2 2 41 g2 2 39 0.2131 0.058204 1
g2 2 39 g2 2 39 0.203971 0.0958255 1
g2 2 41 g2 2 39 0.210927 0.068372 1
g2 2 42 g2 2 44 0.215395 0.069749 1
g2 2 47 g2 2 44 0.23399 0.129113 1
g2 2 31 g2 2 41 0.168968 0.117848 1
g2 2 42 g2 2 39 0.214681 0.0603325 1
g2 2 84 g2 2 53 0.396649 0.158532 1
g2 2 41 g2 2 42 0.209682 0.0792109 1
g2 2 52 g2 2 44 0.255224 0.0678666 1
g2 2 52 g1 2 59 0.257031 0.214053 1
g2 2 40 g2 2 39 0.208686 0.100108 1
g2 2 37 g2 2 44 0.194485 0.0734798 1
g2 2 45 g1 2 64 0.226121 0.11533 1
g2 2 41 g2 2 44 0.211552 0.0894534 1
g2 2 49 g1 2 52 0.243323 0.192203 1
g2 2 46 g2 2 53 0.229594 0.113762 1
g2 2 40 g2 2 56 0.209526 0.109518 1
g2 2 56 g2 2 53 0.273062 0.108558 1
g2 2 35 g2 2 39 0.18749 0.0854126 1
g2 2 40 g1 2 57 0.206426 0.290744 1
g2 2 58 g2 2 48 0.282158 0.157088 1
g2 2 29 g2 2 26 0.157474 0.130603 1
g2 2 26 g2 2 26 0.144626 0.124375 1
g2 2 28 g2 2 26 0.153307 0.0648008 1
g3 1 71 g3 1 117 0.338811 0.324802 1
g3 1 68 g3 1 84 0.326918 0.195019 1
g3 1 95 g3 1 81 0.444122 0.297211 1
g3 1 102 g3 1 73 0.471667 0.238231 1
g3 1 107 g1 2 57 0.499043 0.435192 1
g3 1 96 g3 1 73 0.454002 0.256784 1
g3 1 91 g3 1 72 0.427574 0.283782 1
g3 1 93 g3 1 82 0.437441 0.278986 1
g3 1 86 g3 1 87 0.404766 0.278766 1
g3 1 87 g3 1 92 0.406505 0.286671 1
g3 1 88 g3 1 106 0.414293 0.25416 1
g3 1 92 g3 1 81 0.432214 0.213043 1
g3 1 92 g3 1 86 0.431981 0.243595 1
g3 1 92 g3 1 127 0.433736 0.215488 1
g3 1 90 g3 1 78 0.423029 0.48263 1
g3 1 86 g3 1 74 0.407726 0.250771 1
g3 1 80 g3 1 81 0.379957 0.197855 1
g3 1 113 g1 2 49 0.524738 0.365256 1
g3 1 95 g3 1 120 0.44529 0.277623 1
g3 1 95 g3 1 85 0.444876 0.214674 1
g3 1 99 g3 1 91 0.460129 0.21966 1
g3 1 93 g3 1 114 0.437013 0.216507 1
g3 1 92 g3 1 82 0.435363 0.243911 1
g3 1 85 g3 1 73 0.402293 0.253357 1
g3 1 91 g3 1 81 0.425677 0.303233 1
g3 1 88 g3 1 77 0.411118 0.279025 1
g3 1 99 g3 1 112 0.460632 0.301411 1
g3 1 132 g3 1 84 0.609207 0.282255 1
g3 1 114 g1 2 67 0.528109 0.433656 1
g3 1 97 g3 1 80 0.454094 0.194454 1
g3 1 111 g3 1 120 0.517538 0.219352 1
g3 1 104 g3 1 82 0.484988 0.272961 1
g3 1 97 g3 1 78 0.45221 0.214279 1
g3 1 100 g3 1 85 0.464074 0.238413 1
g3 1 101 g3 1 91 0.471419 0.246691 1
g3 1 98 g3 1 83 0.458499 0.266989 1
g3 1 102 g3 1 61 0.476655 0.319321 1
g3 1 115 g3 1 140 0.532166 0.259004 1
g3 1 120 g3 1 140 0.559302 0.257885 1
g3 1 92 g3 1 84 0.429993 0.376836 1
g3 1 76 g3 1 68 0.358221 0.838187 0
g3 1 97 g3 1 85 0.451913 0.281698 1
g3 1 85 g3 1 79 0.399884 0.211924 1
g3 1 77 g3 1 80 0.365756 0.193174 1
g3 1 81 g3 1 81 0.380161 0.214615 1
g3 1 86 g3 1 91 0.402352 0.293187 1
g3 1 77 g3 1 77 0.363305 0.329228 1
g3 1 85 g3 1 84 0.399512 0.171792 1
g3 1 79 g3 1 74 0.374554 0.219377 1
g3 1 78 g3 1 91 0.369991 0.301788 1
g3 1 84 g3 1 91 0.394503 0.249839 1
g4 2 71 g4 2 59 0.335138 0.197981 1
g4 2 71 g4 2 82 0.338021 0.0673577 1
g4 2 86 g4 2 87 0.403705 0.162387 1
g4 2 85 g4 2 82 0.396371 0.163094 1
g4 2 80 g4 2 90 0.37809 0.119479 1
g4 2 81 g4 2 99 0.381259 0.140361 1
g4 2 100 g3 1 89 0.463487 0.256963 1
g4 2 81 g4 2 82 0.385483 0.161404 1
g4 2 95 g4 2 94 0.443705 0.151724 1
g4 2 93 g4 2 95 0.433946 0.166845 1
g4 2 89 g4 2 90 0.416072 0.134421 1
g4 2 94 g4 2 99 0.43598 0.112284 1
g4 2 102 g4 2 101 0.477016 0.0792493 1
g4 2 89 g4 2 60 0.415923 0.120146 1
g4 2 57 g4 2 63 0.276747 0.127532 1
g4 2 60 g4 2 57 0.29216 0.0727951 1
g4 2 57 g4 2 55 0.277503 0.0765809 1
g4 2 63 g4 2 66 0.301061 0.145435 1
g4 2 59 g4 2 64 0.285914 0.103085 1
g4 2 65 g4 2 66 0.310484 0.109033 1
g4 2 67 g4 2 78 0.319853 0.0845207 1
g4 2 69 g4 2 78 0.327893 0.0992632 1
g4 2 77 g4 2 95 0.363127 0.150205 1
g4 2 57 g4 2 62 0.276322 0.105123 1
g4 2 72 g4 2 67 0.341706 0.0917946 1
g4 2 72 g4 2 72 0.341792 0.0487928 1
g4 2 80 g4 2 72 0.374721 0.096792 1
g4 2 79 g4 2 83 0.375216 0.110217 1
g4 2 92 g4 2 62 0.430808 0.0942064 1
g4 2 90 g4 2 66 0.420198 0.104487 1
g4 2 59 g4 2 72 0.283975 0.0842909 1
g4 2 59 g4 2 63 0.286167 0.0951817 1
g4 2 63 g4 2 66 0.303521 0.0775533 1
g4 2 66 g4 2 66 0.316197 0.130783 1
g4 2 87 g4 2 66 0.40804 0.0984169 1
g4 2 82 g4 2 66 0.383629 0.187906 1
g4 2 89 g4 2 79 0.420211 0.146783 1
g4 2 64 g4 2 62 0.30767 0.06811 1
g4 2 88 g4 2 79 0.409826 0.0983666 1
g4 2 100 g4 2 79 0.464065 0.107776 1
g4 2 80 g4 2 82 0.37753 0.0682101 1
g4 2 88 g4 2 62 0.411496 0.0951075 1
g5 2 84 g5 2 94 0.395184 0.0893276 1
g5 2 87 g5 2 85 0.408243 0.07674 1
g5 2 85 g5 2 101 0.401613 0.103887 1
g5 2 82 g5 2 101 0.387813 0.115029 1
g5 2 69 g5 2 98 0.33276 0.161708 1
g5 2 81 g5 2 98 0.391597 0.093637 1
g5 2 80 g4 2 65 0.379654 0.188495 1
g5 2 89 g5 2 98 0.417559 0.177104 1
g5 2 78 g5 2 100 0.369498 0.207057 1
g5 2 64 g5 2 62 0.308698 0.117363 1
g5 2 68 g5 2 68 0.324694 0.118527 1
g5 2 80 g5 2 68 0.378172 0.108617 1
g5 2 66 g5 2 82 0.317042 0.144767 1
g5 2 69 g4 2 60 0.32883 0.184893 1
g5 2 83 g5 2 100 0.393576 0.161194 1
g5 2 76 g5 2 68 0.361871 0.213484 1
g5 2 73 g5 2 100 0.347059 0.169533 1
g5 2 68 g5 2 68 0.325737 0.181235 1
g5 2 73 g5 2 100 0.349439 0.164479 1
g5 2 73 g4 2 59 0.346431 0.169954 1
g5 2 75 g5 2 99 0.357272 0.132889 1
g5 2 73 g4 2 59 0.347941 0.171729 1
g5 2 75 g4 2 70 0.357533 0.208315 1
g5 2 73 g5 2 98 0.346485 0.164008 1
g5 2 80 g5 2 98 0.380359 0.126467 1
g5 2 79 g5 2 106 0.379547 0.150373 1
g5 2 76 g4 2 59 0.35912 0.143915 1
g5 2 75 g5 2 106 0.356303 0.162088 1
g5 2 77 g5 2 100 0.364028 0.212821 1
g5 2 78 g5 2 88 0.36829 0.138219 1
g5 2 73 g4 2 65 0.347981 0.188444 1
g5 2 76 g5 2 98 0.361563 0.126548 1
g5 2 71 g5 2 88 0.338969 0.124091 1
g5 2 75 g5 2 98 0.359934 0.138346 1
g5 2 76 g5 2 98 0.36095 0.14134 1
g5 2 83 g5 2 96 0.394038 0.0967958 1
g5 2 110 g5 2 100 0.510033 0.117764 1
g5 2 77 g5 2 96 0.36666 0.0859853 1
g5 2 92 g5 2 101 0.431675 0.0756882 1
g5 2 92 g5 2 96 0.435496 0.121358 1
g5 2 98 g5 2 115 0.460717 0.128895 1
g5 2 92 g5 2 115 0.434381 0.0887364 1
g5 2 91 g5 2 105 0.429316 0.0983385 1
g5 2 98 g5 2 100 0.461181 0.0920366 1
g5 2 92 g5 2 98 0.435024 0.0726742 1
g6 2 78 g6 2 74 0.365246 0.0771508 1
g6 2 75 g6 2 74 0.354268 0.0886424 1
g6 2 81 g6 2 74 0.379547 0.0836842 1
g6 2 79 g6 2 65 0.371024 0.173104 1
g6 2 67 g6 2 74 0.317763 0.0672741 1
g6 2 66 g6 2 77 0.315484 0.118315 1
g6 2 71 g6 2 74 0.338001 0.0905255 1
g6 2 73 g6 2 74 0.344873 0.124846 1
g6 2 70 g6 2 74 0.33068 0.100239 1
g6 2 61 g6 2 74 0.298241 0.0983939 1
g6 2 76 g6 2 72 0.359415 0.148163 1
g6 2 82 g6 2 179 0.382631 0.0846958 1
g6 2 80 g6 2 79 0.376207 0.063838 1
g6 2 59 g6 2 74 0.283667 0.11493 1
g6 2 70 g6 2 79 0.333503 0.159495 1
g6 2 79 g6 2 75 0.371335 0.0817193 1
g6 2 67 g6 2 74 0.318102 0.091968 1
g6 2 84 g6 2 75 0.393152 0.0825079 1
g6 2 70 g6 2 74 0.334315 0.0787895 1
g6 2 68 g6 2 74 0.323884 0.138218 1
g6 2 80 g6 2 74 0.379736 0.0904658 1
g6 2 115 g6 2 74 0.527658 0.146904 1
g6 2 74 g6 2 75 0.349515 0.0920864 1
g6 2 66 g6 2 75 0.314286 0.116224 1
g6 2 70 g6 2 74 0.333107 0.116515 1
g6 2 68 g6 2 86 0.321987 0.238972 1
g6 2 86 g6 2 74 0.402075 0.111647 1
g6 2 68 g6 2 74 0.325547 0.0831092 1
g6 2 68 g6 2 74 0.322664 0.086832 1
g6 2 56 g6 2 64 0.273371 0.0933762 1
g6 2 61 g6 2 65 0.292804 0.0761368 1
g6 2 63 g6 2 65 0.30491 0.105658 1
g6 2 99 g6 2 94 0.46179 0.363476 1
g6 2 75 g1 2 48 0.355235 0.249605 1
g6 2 61 g6 2 62 0.292327 0.0327492 1
g6 2 63 g6 2 63 0.302616 0.0631679 1
g6 2 67 g6 2 63 0.320415 0.05762 1
g6 2 64 g6 2 67 0.307953 0.0627893 1
g6 2 71 g6 2 70 0.335003 0.0710151 1
g6 2 76 g6 2 72 0.358868 0.0616743 1
g6 2 71 g6 2 86 0.336741 0.0880207 1
g7 1 73 g7 1 87 0.347994 0.276653 1
g7 1 65 g7 1 83 0.316714 0.214454 1
g7 1 71 g7 1 67 0.33719 0.282719 1
g7 1 73 g7 1 102 0.348605 0.152302 1
g7 1 78 g7 1 66 0.368923 0.281868 1
g7 1 82 g7 1 79 0.385359 0.254095 1
g7 1 66 g7 1 90 0.318051 0.298982 1
g7 1 72 g7 1 73 0.343032 0.12482 1
g7 1 52 g7 1 60 0.255528 0.216389 1
g7 1 63 g3 1 83 0.304085 0.402751 1
g7 1 67 g7 1 65 0.318992 0.216339 1
g7 1 72 g7 1 66 0.34443 0.16338 1
g7 1 69 g7 1 76 0.32792 0.217292 1
g7 1 65 g7 1 56 0.311446 0.176963 1
g7 1 56 g7 1 55 0.271833 0.216631 1
g7 1 64 g7 1 60 0.307833 0.174255 1
g7 1 63 g7 1 55 0.302597 0.159184 1
g7 1 58 g7 1 62 0.280516 0.214683 1
g7 1 60 g7 1 89 0.290011 0.287003 1
g7 1 61 g7 1 54 0.292246 0.1594 1
g7 1 61 g7 1 62 0.294656 0.197077 1
g7 1 54 g7 1 51 0.264163 0.0359672 1
g7 1 75 g1 2 31 0.355729 0.531559 1
g7 1 68 g7 1 69 0.32348 0.227489 1
g7 1 88 g7 1 54 0.414944 0.322716 1
g7 1 72 g7 1 94 0.342223 0.355573 1
g7 1 67 g2 2 44 0.319553 0.433212 1
g7 1 74 g7 1 73 0.34859 0.162263 1
g7 1 70 g1 2 31 0.333366 0.556073 1
g7 1 70 g3 1 130 0.331239 0.527538 1
g7 1 72 g7 1 69 0.340585 0.213634 1
g7 1 85 g7 1 93 0.397569 0.297133 1
g7 1 77 g7 1 88 0.361408 0.299293 1
g7 1 79 g7 1 67 0.372201 0.217543 1
g7 1 90 g7 1 66 0.42243 0.204809 1
g7 1 136 g7 1 88 0.62823 0.278841 1
g7 1 66 g7 1 75 0.315386 0.243261 1
g7 1 67 g7 1 97 0.321123 0.255342 1
g7 1 78 g7 1 97 0.368859 0.302368 1
g7 1 78 g7 1 75 0.366366 0.2283 1
g7 1 88 g7 1 79 0.413284 0.267838 1
g7 1 97 g7 1 91 0.453918 0.194214 1
g7 1 62 g7 1 67 0.299737 0.300022 1
g7 1 101 g7 1 77 0.46844 0.175852 1
g7 1 39 g7 1 67 0.205951 0.363805 1
g7 1 70 g7 1 100 0.334072 0.366107 1
g7 1 72 g7 1 66 0.341024 0.154116 1
g7 1 71 g7 1 60 0.338089 0.27246 1
g7 1 72 g7 1 73 0.341395 0.167207 1
g7 1 96 g7 1 79 0.449431 0.237336 1
g7 1 63 g7 1 57 0.305019 0.30922 1
g7 1 66 g7 1 65 0.315067 0.258674 1
g7 1 84 g7 1 89 0.394852 0.162882 1
g7 1 119 g7 1 91 0.554999 0.298131 1
g7 1 110 g7 1 103 0.513444 0.245886 1
g7 1 105 g7 1 72 0.488806 0.384203 1
g7 1 104 g7 1 103 0.485389 0.223071 1
g7 1 91 g7 1 71 0.425531 0.238848 1
g7 1 99 g7 1 94 0.460719 0.159645 1
g7 1 83 g7 1 93 0.391161 0.211323 1
g7 1 92 g7 1 94 0.431582 0.157543 1
g7 1 88 g7 1 91 0.411941 0.186894 1
g7 1 93 g7 1 94 0.43453 0.166753 1
