g1 2 44 g6 2 60 0.215701 0.160914 1
g1 2 42 g6 2 64 0.209452 0.172727 1
g1 2 50 g6 2 48 0.240078 0.125289 1
g1 2 100 g1 2 43 0.450433 0.129417 1
g1 2 61 g2 2 30 0.28834 0.183151 1
g1 2 54 g1 2 46 0.2585 0.142534 1
g1 2 58 g1 2 46 0.274369 0.113158 1
g1 2 35 g1 2 50 0.182149 0.0970448 1
g1 2 44 g1 2 40 0.215527 0.122193 1
g1 2 52 g1 2 46 0.250181 0.153201 1
g1 2 37 g1 2 40 0.191639 0.117398 1
g1 2 48 g1 2 40 0.234528 0.0942005 1
g1 2 46 g1 2 46 0.225843 0.0653767 1
g1 2 45 g1 2 44 0.220331 0.0742529 1
g1 2 51 g1 2 46 0.245655 0.0742867 1
g1 2 109 g6 2 71 0.48959 0.199637 1
g1 2 47 g1 2 40 0.228349 0.0893916 1
g1 2 69 g6 2 68 0.32103 0.192761 1
g1 2 35 g6 2 69 0.180022 0.134836 1
g1 2 44 g6 2 64 0.217111 0.180735 1
g1 2 37 g6 2 49 0.188444 0.127242 1
g1 2 52 g6 2 55 0.250467 0.15502 1
g1 2 40 g2 2 45 0.200336 0.175992 1
g1 2 43 g1 2 36 0.211028 0.0701902 1
g1 2 41 g1 2 36 0.2102 0.0729246 1
g1 2 59 g1 2 54 0.27679 0.125942 1
g1 2 56 g1 2 47 0.265794 0.139616 1
g1 2 73 g1 2 47 0.337292 0.242762 1
g1 2 53 g1 2 43 0.252032 0.194021 1
g1 2 54 g1 2 69 0.260683 0.100994 1
g1 2 41 g1 2 46 0.204511 0.0782365 1
g1 2 42 g1 2 43 0.207755 0.156364 1
g1 2 33 g1 2 48 0.174643 0.0612619 1
g1 2 51 g1 2 52 0.243376 0.197634 1
g1 2 41 g1 2 54 0.2059 0.226619 1
g1 2 44 g1 2 43 0.215367 0.145674 1
g1 2 55 g1 2 43 0.261152 0.154799 1
g1 2 44 g1 2 43 0.215572 0.14882 1
g1 2 39 g1 2 41 0.198777 0.156408 1
g1 2 41 g1 2 43 0.205573 0.113863 1
g1 2 47 g1 2 48 0.22846 0.148519 1
g1 2 51 g1 2 52 0.243669 0.204624 1
g1 2 42 g1 2 43 0.209446 0.206752 1
g1 2 44 g1 2 43 0.216137 0.166897 1
g1 2 51 g1 2 43 0.247544 0.152267 1
g1 2 38 g1 2 52 0.192522 0.225632 1
g1 2 48 g6 2 67 0.232034 0.191866 1
g1 2 51 g6 2 63 0.245205 0.186925 1
g1 2 39 g6 2 70 0.196269 0.163582 1
g1 2 50 g6 2 64 0.241204 0.123351 1
g1 2 70 g2 2 30 0.323211 0.211961 1
g1 2 46 g6 2 48 0.225786 0.140177 1
g1 2 62 g2 2 30 0.291259 0.158839 1
g1 2 40 g1 2 30 0.204181 0.104996 1
g1 2 36 g1 2 32 0.184937 0.0552752 1
g1 2 27 g1 2 30 0.145532 0.0717766 1
g1 2 27 g1 2 27 0.144363 0.0584145 1
g1 2 29 g1 2 30 0.155097 0.0570191 1
g1 2 29 g1 2 29 0.152953 0.0497548 1
g1 2 34 g1 2 32 0.177093 0.0552609 1
g1 2 27 g1 2 27 0.147282 0.0585002 1
g2 2 26 g2 2 24 0.140747 0.080774 1
g2 2 26 g2 2 24 0.140702 0.0829627 1
g2 2 29 g2 2 30 0.152603 0.150494 1
g2 2 24 g2 2 24 0.135843 0.147788 1
g2 2 25 g2 2 24 0.136932 0.131777 1
g2 2 21 g2 2 30 0.119888 0.144918 1
g2 2 24 g2 2 24 0.133051 0.121557 1
g2 2 25 g2 2 24 0.1387 0.0897749 1
g2 2 26 g2 2 24 0.140815 0.147597 1
g2 2 53 g2 2 48 0.252596 0.12162 1
g2 2 27 g2 2 24 0.146634 0.0821964 1
g2 2 26 g2 2 24 0.140805 0.0848221 1
g2 2 26 g2 2 24 0.140927 0.105094 1
g2 2 27 g2 2 24 0.145651 0.108519 1
g2 2 28 g2 2 24 0.149893 0.168705 1
g2 2 25 g2 2 24 0.137153 0.128441 1
g2 2 19 g2 2 30 0.113216 0.230905 1
g2 2 25 g2 2 24 0.137768 0.0748435 1
g2 2 27 g2 2 24 0.149561 0.0862481 1
g2 2 25 g2 2 24 0.138659 0.132325 1
g2 2 28 g2 2 24 0.149784 0.127187 1
g2 2 28 g2 2 24 0.150593 0.202375 1
g2 2 24 g2 2 24 0.134173 0.140708 1
g2 2 29 g2 2 24 0.153035 0.0773327 1
g2 2 31 g2 2 30 0.16232 0.157309 1
g2 2 26 g2 2 24 0.142457 0.142029 1
g2 2 25 g2 2 30 0.136466 0.218193 1
g2 2 28 g2 2 24 0.148585 0.144577 1
g2 2 32 g2 2 24 0.166622 0.120105 1
g2 2 57 g2 2 51 0.27158 0.113447 1
g2 2 52 g1 2 29 0.249477 0.207128 1
g2 2 53 g2 2 48 0.254718 0.113228 1
g2 2 46 g1 2 41 0.224104 0.255285 1
g2 2 36 g2 2 40 0.185982 0.0945646 1
g2 2 40 g2 2 37 0.200074 0.0997305 1
g2 2 62 g2 2 51 0.291092 0.105391 1
g2 2 41 g2 2 37 0.206386 0.0860249 1
g2 2 35 g2 2 42 0.180512 0.0785681 1
g2 2 34 g2 2 37 0.177565 0.0735559 1
g2 2 37 g2 2 42 0.190986 0.0676064 1
g2 2 37 g2 2 37 0.18952 0.0543996 1
g2 2 39 g2 2 37 0.197832 0.0563116 1
g2 2 37 g2 2 37 0.188442 0.0944887 1
g2 2 39 g2 2 37 0.196382 0.0661056 1
g2 2 40 g2 2 42 0.201093 0.0699725 1
g2 2 45 g2 2 42 0.220089 0.125056 1
g2 2 29 g2 2 40 0.15478 0.117702 1
g2 2 40 g2 2 37 0.199811 0.0587943 1
g2 2 82 g2 2 51 0.377729 0.159875 1
g2 2 39 g2 2 40 0.197091 0.0776896 1
g2 2 50 g2 2 42 0.242015 0.0686868 1
g2 2 50 g1 2 48 0.239333 0.208267 1
g2 2 38 g2 2 37 0.191978 0.097143 1
g2 2 35 g2 2 42 0.181972 0.0715669 1
g2 2 43 g1 2 62 0.213225 0.112596 1
g2 2 39 g2 2 42 0.195611 0.0883543 1
g2 2 47 g1 2 50 0.231044 0.190312 1
g2 2 44 g2 2 51 0.21791 0.108911 1
g2 2 38 g2 2 54 0.19384 0.10608 1
g2 2 54 g2 2 51 0.256681 0.109573 1
g2 2 33 g2 2 37 0.172872 0.083846 1
g2 2 38 g1 2 55 0.19425 0.278588 1
g2 2 56 g2 2 46 0.264168 0.160661 1
g2 2 27 g2 2 24 0.147648 0.129458 1
g2 2 24 g2 2 24 0.133951 0.118578 1
g2 2 26 g2 2 24 0.140924 0.0644475 1
g3 1 69 g3 1 72 0.321817 0.316273 1
g3 1 66 g3 1 82 0.307702 0.190213 1
g3 1 93 g3 1 79 0.424481 0.296692 1
g3 1 100 g3 1 71 0.453517 0.236355 1
g3 1 105 g1 2 55 0.47897 0.423074 1
g3 1 94 g3 1 71 0.431009 0.254154 1
g3 1 89 g3 1 70 0.406671 0.276936 1
g3 1 91 g3 1 80 0.417085 0.273393 1
g3 1 84 g3 1 85 0.385012 0.278647 1
g3 1 85 g3 1 90 0.388691 0.283675 1
g3 1 86 g3 1 104 0.39154 0.250977 1
g3 1 90 g3 1 79 0.410807 0.20536 1
g3 1 90 g3 1 84 0.412058 0.23957 1
g3 1 90 g3 1 125 0.413184 0.213121 1
g3 1 88 g3 1 76 0.403976 0.475727 1
g3 1 84 g3 1 72 0.38727 0.242721 1
g3 1 78 g3 1 79 0.360113 0.195477 1
g3 1 111 g1 2 47 0.502773 0.354061 1
g3 1 93 g3 1 80 0.423771 0.243617 1
g3 1 93 g3 1 83 0.427011 0.208777 1
g3 1 97 g3 1 89 0.441169 0.214353 1
g3 1 91 g3 1 112 0.416822 0.215496 1
g3 1 90 g3 1 80 0.412463 0.237226 1
g3 1 83 g3 1 71 0.381758 0.250708 1
g3 1 89 g3 1 79 0.407975 0.300822 1
g3 1 86 g3 1 75 0.392419 0.281679 1
g3 1 97 g3 1 110 0.438956 0.295255 1
g3 1 130 g3 1 82 0.584783 0.284261 1
g3 1 112 g3 1 87 0.508769 0.287481 1
g3 1 95 g3 1 78 0.432223 0.19328 1
g3 1 109 g3 1 118 0.493924 0.217483 1
g3 1 102 g3 1 80 0.466301 0.268437 1
g3 1 95 g3 1 76 0.432237 0.211657 1
g3 1 98 g3 1 83 0.444414 0.232041 1
g3 1 99 g3 1 89 0.450143 0.239975 1
g3 1 96 g3 1 81 0.439387 0.262869 1
g3 1 100 g7 1 75 0.455529 0.43396 1
g3 1 113 g3 1 138 0.510078 0.259061 1
g3 1 118 g3 1 138 0.53467 0.252984 1
g3 1 90 g3 1 82 0.410885 0.368885 1
g3 1 74 g3 1 66 0.340597 0.834601 0
g3 1 95 g3 1 83 0.431892 0.274813 1
g3 1 83 g3 1 77 0.380792 0.211947 1
g3 1 75 g3 1 78 0.345581 0.188616 1
g3 1 79 g3 1 79 0.362887 0.209933 1
g3 1 84 g3 1 89 0.38512 0.288825 1
g3 1 75 g3 1 75 0.343658 0.323432 1
g3 1 83 g3 1 82 0.380665 0.167859 1
g3 1 77 g3 1 72 0.356205 0.214258 1
g3 1 76 g3 1 89 0.350912 0.294233 1
g3 1 82 g3 1 89 0.376176 0.248577 1
g4 2 69 g4 2 57 0.318463 0.191123 1
g4 2 69 g4 2 80 0.320597 0.0660167 1
g4 2 84 g4 2 85 0.384734 0.161414 1
g4 2 83 g4 2 80 0.378005 0.161243 1
g4 2 78 g4 2 88 0.358928 0.117795 1
g4 2 79 g4 2 97 0.363363 0.13937 1
g4 2 98 g3 1 87 0.452967 0.254056 1
g4 2 79 g4 2 80 0.365073 0.157149 1
g4 2 93 g4 2 92 0.425455 0.149584 1
g4 2 91 g4 2 93 0.41385 0.163987 1
g4 2 87 g4 2 88 0.396435 0.135221 1
g4 2 92 g4 2 97 0.417479 0.111199 1
g4 2 100 g4 2 99 0.453306 0.0772027 1
g4 2 87 g4 2 53 0.39591 0.0994266 1
g4 2 55 g4 2 65 0.258621 0.116808 1
g4 2 58 g4 2 55 0.27478 0.0715552 1
g4 2 55 g4 2 53 0.263175 0.0751592 1
g4 2 61 g4 2 64 0.288562 0.142849 1
g4 2 57 g4 2 62 0.27065 0.0996441 1
g4 2 63 g4 2 64 0.294786 0.105019 1
g4 2 65 g4 2 76 0.303523 0.0836168 1
g4 2 67 g4 2 76 0.310651 0.0981991 1
g4 2 75 g4 2 93 0.345787 0.148781 1
g4 2 55 g4 2 60 0.258879 0.103583 1
g4 2 70 g4 2 65 0.326391 0.0884289 1
g4 2 70 g4 2 70 0.322552 0.0475186 1
g4 2 78 g4 2 68 0.358934 0.0850483 1
g4 2 77 g4 2 81 0.353754 0.108874 1
g4 2 90 g4 2 60 0.40609 0.0948221 1
g4 2 88 g4 2 64 0.404976 0.103041 1
g4 2 57 g4 2 70 0.26973 0.0813742 1
g4 2 57 g4 2 61 0.268639 0.0911389 1
g4 2 61 g4 2 64 0.287338 0.0745925 1
g4 2 64 g4 2 64 0.297982 0.125211 1
g4 2 85 g4 2 64 0.387848 0.0978542 1
g4 2 80 g4 2 64 0.368219 0.184858 1
g4 2 87 g4 2 77 0.396946 0.144483 1
g4 2 62 g4 2 60 0.291547 0.0668608 1
g4 2 86 g4 2 77 0.395523 0.0981559 1
g4 2 98 g4 2 77 0.447741 0.10866 1
g4 2 78 g4 2 80 0.368594 0.0673156 1
g4 2 86 g4 2 60 0.392545 0.0945725 1
g5 2 82 g5 2 92 0.411464 0.0888844 1
g5 2 85 g5 2 83 0.392099 0.0766654 1
g5 2 83 g5 2 99 0.383004 0.104034 1
g5 2 80 g5 2 99 0.370242 0.115317 1
g5 2 67 g5 2 96 0.313761 0.158796 1
g5 2 79 g5 2 96 0.366117 0.0914223 1
g5 2 78 g4 2 63 0.361815 0.186761 1
g5 2 87 g5 2 96 0.39887 0.173141 1
g5 2 76 g5 2 98 0.351701 0.205094 1
g5 2 62 g5 2 60 0.293465 0.115852 1
g5 2 66 g5 2 66 0.308116 0.116191 1
g5 2 78 g5 2 66 0.358982 0.107979 1
g5 2 64 g5 2 80 0.300089 0.141213 1
g5 2 67 g4 2 58 0.313039 0.184074 1
g5 2 81 g5 2 98 0.37289 0.160284 1
g5 2 74 g5 2 66 0.342175 0.202666 1
g5 2 71 g5 2 98 0.331479 0.170467 1
g5 2 66 g5 2 66 0.307705 0.177696 1
g5 2 71 g5 2 98 0.33417 0.163221 1
g5 2 71 g4 2 57 0.33063 0.167461 1
g5 2 73 g5 2 97 0.33685 0.132334 1
g5 2 71 g5 2 63 0.329301 0.154023 1
g5 2 73 g4 2 68 0.348983 0.206301 1
g5 2 71 g5 2 96 0.327854 0.164192 1
g5 2 78 g5 2 96 0.360599 0.126072 1
g5 2 77 g5 2 104 0.35415 0.149785 1
g5 2 74 g4 2 57 0.342624 0.14223 1
g5 2 73 g5 2 104 0.339219 0.163228 1
g5 2 75 g5 2 98 0.345526 0.211005 1
g5 2 76 g5 2 86 0.354449 0.135157 1
g5 2 71 g4 2 63 0.330243 0.186927 1
g5 2 74 g5 2 96 0.341943 0.126245 1
g5 2 69 g5 2 94 0.323917 0.133138 1
g5 2 73 g5 2 96 0.339545 0.133423 1
g5 2 74 g5 2 96 0.343918 0.142666 1
g5 2 81 g5 2 94 0.372897 0.0961288 1
g5 2 108 g5 2 98 0.48947 0.116844 1
g5 2 75 g5 2 94 0.34745 0.08502 1
g5 2 90 g5 2 99 0.410411 0.0742962 1
g5 2 90 g5 2 94 0.416192 0.118403 1
g5 2 96 g5 2 113 0.441814 0.126379 1
g5 2 90 g5 2 113 0.41419 0.0856127 1
g5 2 89 g5 2 103 0.408205 0.0963033 1
g5 2 96 g5 2 98 0.439953 0.089658 1
g5 2 90 g5 2 96 0.413829 0.0717028 1
g6 2 76 g6 2 72 0.346536 0.0771459 1
g6 2 73 g6 2 72 0.336781 0.0880276 1
g6 2 79 g6 2 72 0.362627 0.0822419 1
g6 2 77 g6 2 63 0.350135 0.168577 1
g6 2 65 g6 2 72 0.305583 0.0669014 1
g6 2 64 g6 2 75 0.299717 0.114614 1
g6 2 69 g6 2 72 0.319965 0.0890006 1
g6 2 71 g6 2 72 0.32907 0.123143 1
g6 2 68 g6 2 72 0.31347 0.0985805 1
g6 2 59 g6 2 72 0.278383 0.0973569 1
g6 2 74 g6 2 70 0.33919 0.143305 1
g6 2 80 g6 2 177 0.368283 0.0852704 1
g6 2 78 g6 2 77 0.356935 0.0643359 1
g6 2 57 g6 2 72 0.268706 0.116345 1
g6 2 68 g6 2 77 0.317162 0.158649 1
g6 2 77 g6 2 73 0.353115 0.0807775 1
g6 2 65 g6 2 72 0.305889 0.0915207 1
g6 2 82 g6 2 73 0.37556 0.0823714 1
g6 2 68 g6 2 72 0.313122 0.0777317 1
g6 2 66 g6 2 72 0.307279 0.137876 1
g6 2 78 g6 2 72 0.355945 0.0898468 1
g6 2 113 g6 2 72 0.503986 0.147326 1
g6 2 72 g6 2 73 0.333269 0.0916119 1
g6 2 64 g6 2 69 0.299115 0.111254 1
g6 2 68 g6 2 72 0.313678 0.116217 1
g6 2 66 g6 2 84 0.307334 0.235259 1
g6 2 84 g6 2 72 0.382235 0.11065 1
g6 2 66 g6 2 72 0.310831 0.0817849 1
g6 2 66 g6 2 72 0.30763 0.0878122 1
g6 2 54 g6 2 62 0.256741 0.0951049 1
g6 2 59 g6 2 63 0.278248 0.0737205 1
g6 2 61 g6 2 63 0.28512 0.101849 1
g6 2 97 g6 2 92 0.440957 0.361166 1
g6 2 73 g1 2 54 0.335062 0.242303 1
g6 2 59 g6 2 60 0.278057 0.0325585 1
g6 2 61 g6 2 66 0.286387 0.0781043 1
g6 2 65 g6 2 61 0.302027 0.0581284 1
g6 2 62 g6 2 65 0.290956 0.0600247 1
g6 2 69 g6 2 68 0.317808 0.0699748 1
g6 2 74 g6 2 70 0.342377 0.0584366 1
g6 2 69 g6 2 84 0.319969 0.0875334 1
g7 1 71 g7 1 85 0.331913 0.27168 1
g7 1 63 g7 1 81 0.296397 0.212809 1
g7 1 69 g7 1 73 0.319423 0.308133 1
g7 1 71 g7 1 100 0.330812 0.149006 1
g7 1 76 g7 1 64 0.349896 0.278388 1
g7 1 80 g7 1 77 0.368234 0.250562 1
g7 1 64 g7 1 78 0.302229 0.263044 1
g7 1 70 g7 1 71 0.323798 0.12257 1
g7 1 50 g7 1 58 0.241211 0.217144 1
g7 1 61 g3 1 81 0.286368 0.38893 1
g7 1 65 g7 1 63 0.304883 0.214304 1
g7 1 70 g7 1 64 0.325169 0.160001 1
g7 1 67 g7 1 74 0.311265 0.212843 1
g7 1 63 g7 1 54 0.295798 0.169549 1
g7 1 54 g7 1 53 0.256392 0.213141 1
g7 1 62 g7 1 58 0.289681 0.169683 1
g7 1 61 g7 1 53 0.286163 0.152039 1
g7 1 56 g7 1 60 0.265376 0.210975 1
g7 1 58 g7 1 87 0.273584 0.284984 1
g7 1 59 g7 1 52 0.278755 0.157445 1
g7 1 59 g7 1 60 0.278682 0.193492 1
g7 1 52 g7 1 49 0.250434 0.0354893 1
g7 1 73 g1 2 29 0.334994 0.506446 1
g7 1 66 g7 1 67 0.309537 0.225156 1
g7 1 86 g7 1 52 0.392095 0.317661 1
g7 1 70 g7 1 92 0.325124 0.347275 1
g7 1 65 g2 2 42 0.303949 0.414207 1
g7 1 72 g7 1 71 0.331263 0.161306 1
g7 1 68 g1 2 29 0.317491 0.529818 1
g7 1 68 g3 1 128 0.313867 0.522324 1
g7 1 70 g7 1 67 0.323294 0.215648 1
g7 1 83 g7 1 91 0.378845 0.294133 1
g7 1 75 g7 1 86 0.34365 0.294575 1
g7 1 77 g7 1 65 0.354936 0.213428 1
g7 1 88 g7 1 64 0.402194 0.204561 1
g7 1 134 g7 1 86 0.603013 0.276689 1
g7 1 64 g7 1 73 0.298917 0.24136 1
g7 1 65 g7 1 95 0.304304 0.247475 1
g7 1 76 g7 1 81 0.350383 0.260509 1
g7 1 76 g7 1 73 0.348484 0.23138 1
g7 1 86 g7 1 77 0.39354 0.257496 1
g7 1 95 g7 1 89 0.433819 0.189599 1
g7 1 60 g7 1 63 0.281615 0.262553 1
g7 1 99 g7 1 75 0.450826 0.172561 1
g7 1 37 g7 1 71 0.189512 0.356486 1
g7 1 68 g7 1 98 0.319069 0.358518 1
g7 1 70 g7 1 64 0.326119 0.151632 1
g7 1 69 g7 1 58 0.319773 0.27366 1
g7 1 70 g7 1 71 0.325011 0.163192 1
g7 1 94 g7 1 77 0.427817 0.234385 1
g7 1 61 g7 1 55 0.286798 0.305223 1
g7 1 64 g7 1 63 0.300331 0.253362 1
g7 1 82 g7 1 87 0.374929 0.161789 1
g7 1 117 g7 1 88 0.530123 0.307909 1
g7 1 108 g7 1 101 0.488815 0.245434 1
g7 1 103 g7 1 70 0.47079 0.375397 1
g7 1 102 g7 1 101 0.460651 0.222327 1
g7 1 89 g7 1 69 0.405105 0.232672 1
g7 1 97 g7 1 92 0.442799 0.157676 1
g7 1 81 g7 1 91 0.37301 0.204566 1
g7 1 90 g7 1 92 0.409341 0.152347 1
g7 1 86 g7 1 89 0.392321 0.186012 1
g7 1 91 g7 1 92 0.416187 0.167741 1
