g1 2 46 g6 2 78 0.233098 0.151271 1
g1 2 44 g6 2 66 0.222385 0.17884 1
g1 2 52 g6 2 50 0.257747 0.133323 1
g1 2 102 g1 2 45 0.472475 0.128344 1
g1 2 63 g2 2 32 0.305611 0.180019 1
g1 2 56 g1 2 48 0.273033 0.143851 1
g1 2 60 g1 2 54 0.289181 0.120546 1
g1 2 37 g1 2 52 0.195203 0.0984748 1
g1 2 46 g1 2 42 0.229447 0.124197 1
g1 2 54 g1 2 48 0.2647 0.153851 1
g1 2 39 g1 2 42 0.201285 0.11936 1
g1 2 50 g1 2 42 0.246907 0.0973088 1
g1 2 48 g1 2 48 0.243455 0.0665379 1
g1 2 47 g1 2 46 0.23546 0.0739496 1
g1 2 53 g1 2 48 0.260801 0.0760421 1
g1 2 111 g6 2 73 0.512294 0.20023 1
g1 2 49 g1 2 42 0.241833 0.0889367 1
g1 2 71 g6 2 70 0.336346 0.199175 1
g1 2 37 g6 2 60 0.193754 0.12168 1
g1 2 46 g6 2 66 0.232265 0.186226 1
g1 2 39 g6 2 51 0.20111 0.130296 1
g1 2 54 g6 2 57 0.264861 0.160935 1
g1 2 42 g2 2 32 0.213741 0.181488 1
g1 2 45 g1 2 38 0.226869 0.0751975 1
g1 2 43 g1 2 38 0.218485 0.0769938 1
g1 2 61 g1 2 56 0.298396 0.126871 1
g1 2 58 g1 2 49 0.281328 0.139487 1
g1 2 75 g1 2 49 0.354255 0.246594 1
g1 2 55 g1 2 45 0.26882 0.194769 1
g1 2 56 g1 2 71 0.272677 0.100618 1
g1 2 43 g1 2 48 0.22027 0.0795973 1
g1 2 44 g1 2 45 0.222745 0.162819 1
g1 2 35 g1 2 50 0.185988 0.0640499 1
g1 2 53 g1 2 54 0.259752 0.197292 1
g1 2 43 g1 2 56 0.218093 0.225186 1
g1 2 46 g1 2 45 0.232324 0.149562 1
g1 2 57 g1 2 45 0.275924 0.158168 1
g1 2 46 g1 2 45 0.230865 0.153119 1
g1 2 41 g1 2 43 0.212222 0.154605 1
g1 2 43 g1 2 45 0.220747 0.119913 1
g1 2 49 g1 2 50 0.242674 0.147619 1
g1 2 53 g1 2 54 0.260382 0.204712 1
g1 2 44 g1 2 47 0.221685 0.168578 1
g1 2 46 g1 2 45 0.23074 0.172272 1
g1 2 53 g1 2 45 0.261239 0.161407 1
g1 2 40 g1 2 54 0.205265 0.23451 1
g1 2 50 g6 2 70 0.247762 0.185257 1
g1 2 53 g6 2 65 0.259419 0.19522 1
g1 2 41 g6 2 72 0.213002 0.170714 1
g1 2 52 g6 2 66 0.255693 0.125926 1
g1 2 72 g2 2 32 0.341887 0.207837 1
g1 2 48 g6 2 50 0.239131 0.147822 1
g1 2 64 g2 2 32 0.312338 0.161244 1
g1 2 42 g1 2 34 0.21449 0.0657652 1
g1 2 38 g1 2 34 0.197371 0.0576872 1
g1 2 29 g1 2 32 0.160381 0.0730236 1
g1 2 29 g1 2 29 0.157557 0.0591343 1
g1 2 31 g1 2 32 0.165544 0.0594803 1
g1 2 31 g1 2 31 0.165709 0.0511753 1
g1 2 36 g1 2 34 0.191211 0.0559827 1
g1 2 29 g1 2 29 0.157286 0.0583123 1
g2 2 28 g2 2 26 0.153876 0.081189 1
g2 2 28 g2 2 26 0.155745 0.0852107 1
g2 2 31 g2 2 32 0.166429 0.152605 1
g2 2 26 g2 2 26 0.144763 0.150999 1
g2 2 27 g2 2 26 0.150784 0.134901 1
g2 2 23 g2 2 32 0.132345 0.144775 1
g2 2 26 g2 2 26 0.144765 0.128892 1
g2 2 27 g2 2 26 0.149519 0.0937242 1
g2 2 28 g2 2 26 0.155384 0.156895 1
g2 2 55 g2 2 50 0.268351 0.125755 1
g2 2 29 g2 2 26 0.159074 0.0853226 1
g2 2 28 g2 2 26 0.155512 0.0831557 1
g2 2 28 g2 2 26 0.155897 0.10591 1
g2 2 29 g2 2 26 0.157645 0.106393 1
g2 2 30 g2 2 26 0.162838 0.165876 1
g2 2 27 g2 2 26 0.14917 0.128428 1
g2 2 21 g2 2 32 0.12459 0.237872 1
g2 2 27 g2 2 26 0.148886 0.0733698 1
g2 2 29 g2 2 26 0.159331 0.0850396 1
g2 2 27 g2 2 26 0.149646 0.132614 1
g2 2 30 g2 2 26 0.160955 0.125009 1
g2 2 30 g2 2 26 0.162363 0.202935 1
g2 2 26 g2 2 26 0.145779 0.144234 1
g2 2 31 g2 2 26 0.165303 0.0809107 1
g2 2 33 g2 2 32 0.176821 0.158391 1
g2 2 28 g2 2 26 0.154777 0.150766 1
g2 2 27 g2 2 32 0.148953 0.215902 1
g2 2 30 g2 2 26 0.160768 0.15229 1
g2 2 34 g2 2 26 0.183378 0.122504 1
g2 2 59 g2 2 53 0.285672 0.11708 1
g2 2 54 g2 2 45 0.265343 0.128094 1
g2 2 55 g2 2 50 0.268636 0.115822 1
g2 2 48 g1 2 43 0.242224 0.259655 1
g2 2 38 g2 2 42 0.19966 0.0980393 1
g2 2 42 g2 2 39 0.213523 0.102152 1
g2 2 64 g2 2 53 0.309389 0.107338 1
g2 2 43 g2 2 45 0.217912 0.0816044 1
g2 2 37 g2 2 44 0.195793 0.0787732 1
g2 2 36 g2 2 39 0.189692 0.0732656 1
g2 2 39 g2 2 44 0.201085 0.0675561 1
g2 2 39 g2 2 39 0.203551 0.0572417 1
g2 2 41 g2 2 39 0.210039 0.0581594 1
g2 2 39 g2 2 39 0.204026 0.0957513 1
g2 2 41 g2 2 39 0.209671 0.0682864 1
g2 2 42 g2 2 44 0.213673 0.0697143 1
g2 2 47 g2 2 44 0.23579 0.129158 1
g2 2 31 g2 2 41 0.165863 0.117849 1
g2 2 42 g2 2 39 0.215146 0.06024 1
g2 2 84 g2 2 53 0.395645 0.158477 1
g2 2 41 g2 2 42 0.211871 0.0790936 1
g2 2 52 g2 2 44 0.258927 0.0678578 1
g2 2 52 g1 2 59 0.256505 0.213745 1
g2 2 40 g2 2 39 0.206351 0.0999793 1
g2 2 37 g2 2 44 0.195755 0.0734563 1
g2 2 45 g1 2 64 0.228569 0.115191 1
g2 2 41 g2 2 44 0.210025 0.0894141 1
g2 2 49 g1 2 52 0.242105 0.192012 1
g2 2 46 g2 2 53 0.231812 0.113792 1
g2 2 40 g2 2 56 0.206712 0.10944 1
g2 2 56 g2 2 53 0.273781 0.108505 1
g2 2 35 g2 2 39 0.185593 0.0852977 1
g2 2 40 g1 2 57 0.207843 0.290824 1
g2 2 58 g2 2 48 0.281739 0.156959 1
g2 2 29 g2 2 26 0.157051 0.130546 1
g2 2 26 g2 2 26 0.147153 0.124454 1
g2 2 28 g2 2 26 0.153602 0.0648465 1
g3 1 71 g3 1 117 0.33707 0.324805 1
g3 1 68 g3 1 84 0.329849 0.194898 1
g3 1 95 g3 1 81 0.444289 0.296964 1
g3 1 102 g3 1 73 0.473935 0.238218 1
g3 1 107 g1 2 57 0.497914 0.434995 1
g3 1 96 g3 1 73 0.448406 0.256818 1
g3 1 91 g3 1 72 0.427519 0.283774 1
g3 1 93 g3 1 82 0.4373 0.278866 1
g3 1 86 g3 1 87 0.404645 0.278667 1
g3 1 87 g3 1 92 0.405618 0.286612 1
g3 1 88 g3 1 106 0.417517 0.254138 1
g3 1 92 g3 1 81 0.431507 0.212962 1
g3 1 92 g3 1 86 0.431993 0.243562 1
g3 1 92 g3 1 127 0.434158 0.2154 1
g3 1 90 g3 1 78 0.421733 0.482702 1
g3 1 86 g3 1 74 0.405071 0.25076 1
g3 1 80 g3 1 81 0.379136 0.197892 1
g3 1 113 g1 2 49 0.525164 0.365086 1
g3 1 95 g3 1 120 0.444616 0.277557 1
g3 1 95 g3 1 85 0.446578 0.214709 1
g3 1 99 g3 1 91 0.463058 0.219722 1
g3 1 93 g3 1 114 0.437119 0.216527 1
g3 1 92 g3 1 82 0.431535 0.243935 1
g3 1 85 g3 1 73 0.399869 0.253225 1
g3 1 91 g3 1 81 0.427478 0.303278 1
g3 1 88 g3 1 77 0.410575 0.278852 1
g3 1 99 g3 1 112 0.460427 0.301397 1
g3 1 132 g3 1 84 0.613064 0.28222 1
g3 1 114 g1 2 67 0.5292 0.43458 1
g3 1 97 g3 1 80 0.452963 0.1944 1
g3 1 111 g3 1 120 0.51667 0.219216 1
g3 1 104 g3 1 82 0.484255 0.27285 1
g3 1 97 g3 1 78 0.45225 0.214257 1
g3 1 100 g3 1 85 0.467411 0.238382 1
g3 1 101 g3 1 91 0.470204 0.246652 1
g3 1 98 g3 1 83 0.462071 0.267061 1
g3 1 102 g3 1 61 0.474985 0.319308 1
g3 1 115 g3 1 140 0.532351 0.258955 1
g3 1 120 g3 1 140 0.555857 0.257891 1
g3 1 92 g3 1 84 0.43043 0.376797 1
g3 1 76 g3 1 68 0.359797 0.838181 0
g3 1 97 g3 1 85 0.450463 0.281636 1
g3 1 85 g3 1 79 0.400005 0.211361 1
g3 1 77 g3 1 80 0.366316 0.193194 1
g3 1 81 g3 1 81 0.380914 0.214477 1
g3 1 86 g3 1 91 0.401441 0.293181 1
g3 1 77 g3 1 77 0.366615 0.329231 1
g3 1 85 g3 1 84 0.399708 0.171705 1
g3 1 79 g3 1 74 0.37146 0.219266 1
g3 1 78 g3 1 91 0.367811 0.301789 1
g3 1 84 g3 1 91 0.394452 0.249773 1
g4 2 71 g4 2 59 0.334285 0.198089 1
g4 2 71 g4 2 82 0.337635 0.0673423 1
g4 2 86 g4 2 87 0.402215 0.162398 1
g4 2 85 g4 2 82 0.397148 0.163126 1
g4 2 80 g4 2 90 0.377444 0.119477 1
g4 2 81 g4 2 99 0.383661 0.14039 1
g4 2 100 g3 1 89 0.464732 0.25683 1
g4 2 81 g4 2 82 0.381884 0.161355 1
g4 2 95 g4 2 94 0.44463 0.151698 1
g4 2 93 g4 2 95 0.434903 0.166844 1
g4 2 89 g4 2 90 0.414282 0.134392 1
g4 2 94 g4 2 99 0.438918 0.112256 1
g4 2 102 g4 2 101 0.477727 0.0792638 1
g4 2 89 g4 2 60 0.416966 0.120179 1
g4 2 57 g4 2 63 0.274825 0.127509 1
g4 2 60 g4 2 57 0.292882 0.0727742 1
g4 2 57 g4 2 55 0.276025 0.0766083 1
g4 2 63 g4 2 66 0.303047 0.145464 1
g4 2 59 g4 2 64 0.285342 0.103054 1
g4 2 65 g4 2 66 0.31089 0.109011 1
g4 2 67 g4 2 78 0.320721 0.0844505 1
g4 2 69 g4 2 78 0.32781 0.0992722 1
g4 2 77 g4 2 95 0.363132 0.150197 1
g4 2 57 g4 2 62 0.27471 0.105125 1
g4 2 72 g4 2 67 0.342134 0.0918328 1
g4 2 72 g4 2 72 0.340872 0.048741 1
g4 2 80 g4 2 70 0.37455 0.0862969 1
g4 2 79 g4 2 83 0.375251 0.110199 1
g4 2 92 g4 2 62 0.428639 0.0941647 1
g4 2 90 g4 2 66 0.419975 0.104492 1
g4 2 59 g4 2 72 0.284867 0.0842472 1
g4 2 59 g4 2 63 0.285621 0.0951659 1
g4 2 63 g4 2 66 0.302432 0.0775823 1
g4 2 66 g4 2 66 0.315617 0.130808 1
g4 2 87 g4 2 66 0.405077 0.0984353 1
g4 2 82 g4 2 66 0.385531 0.18796 1
g4 2 89 g4 2 79 0.416308 0.146736 1
g4 2 64 g4 2 62 0.306094 0.0681309 1
g4 2 88 g4 2 79 0.416708 0.0983634 1
g4 2 100 g4 2 79 0.464562 0.107761 1
g4 2 80 g4 2 82 0.377218 0.0681987 1
g4 2 88 g4 2 62 0.41049 0.0951218 1
g5 2 84 g5 2 94 0.396172 0.0893176 1
g5 2 87 g5 2 85 0.40891 0.0767305 1
g5 2 85 g5 2 101 0.401298 0.103886 1
g5 2 82 g5 2 101 0.385524 0.114987 1
g5 2 69 g5 2 98 0.333859 0.161727 1
g5 2 81 g5 2 98 0.386248 0.0936171 1
g5 2 80 g4 2 65 0.383405 0.188285 1
g5 2 89 g5 2 98 0.418742 0.177105 1
g5 2 78 g5 2 100 0.37012 0.207032 1
g5 2 64 g5 2 62 0.308796 0.117299 1
g5 2 68 g5 2 68 0.325966 0.118591 1
g5 2 80 g5 2 68 0.378956 0.108626 1
g5 2 66 g5 2 82 0.316102 0.144768 1
g5 2 69 g4 2 60 0.330685 0.184751 1
g5 2 83 g5 2 100 0.391898 0.161175 1
g5 2 76 g5 2 68 0.358986 0.213618 1
g5 2 73 g5 2 100 0.351038 0.169501 1
g5 2 68 g5 2 68 0.326112 0.181356 1
g5 2 73 g5 2 100 0.346754 0.164501 1
g5 2 73 g4 2 59 0.34748 0.169759 1
g5 2 75 g5 2 99 0.355031 0.132945 1
g5 2 73 g4 2 59 0.347924 0.171532 1
g5 2 75 g4 2 70 0.355438 0.207991 1
g5 2 73 g5 2 98 0.34607 0.164006 1
g5 2 80 g5 2 98 0.37934 0.126513 1
g5 2 79 g5 2 106 0.375345 0.15038 1
g5 2 76 g4 2 59 0.361106 0.143869 1
g5 2 75 g5 2 106 0.357556 0.162105 1
g5 2 77 g5 2 100 0.364424 0.211992 1
g5 2 78 g5 2 88 0.368224 0.138184 1
g5 2 73 g4 2 65 0.347912 0.188222 1
g5 2 76 g5 2 98 0.362305 0.126581 1
g5 2 71 g5 2 88 0.338343 0.124045 1
g5 2 75 g5 2 98 0.359258 0.138354 1
g5 2 76 g5 2 98 0.361714 0.141297 1
g5 2 83 g5 2 96 0.391376 0.0967482 1
g5 2 110 g5 2 100 0.512051 0.117647 1
g5 2 77 g5 2 96 0.369994 0.0859701 1
g5 2 92 g5 2 101 0.432134 0.0756917 1
g5 2 92 g5 2 96 0.434979 0.121381 1
g5 2 98 g5 2 115 0.460235 0.128892 1
g5 2 92 g5 2 115 0.433368 0.0887555 1
g5 2 91 g5 2 105 0.429818 0.0983107 1
g5 2 98 g5 2 100 0.45999 0.0919861 1
g5 2 92 g5 2 98 0.434732 0.0726379 1
g6 2 78 g6 2 74 0.365033 0.077136 1
g6 2 75 g6 2 74 0.353791 0.0886381 1
g6 2 81 g6 2 74 0.382346 0.0837195 1
g6 2 79 g6 2 65 0.371537 0.173163 1
g6 2 67 g6 2 74 0.319268 0.0672097 1
g6 2 66 g6 2 77 0.315822 0.118371 1
g6 2 71 g6 2 74 0.334829 0.0905135 1
g6 2 73 g6 2 74 0.347918 0.124847 1
g6 2 70 g6 2 74 0.335687 0.100268 1
g6 2 61 g6 2 74 0.295673 0.0983134 1
g6 2 76 g6 2 72 0.359105 0.148182 1
g6 2 82 g6 2 179 0.385744 0.0846512 1
g6 2 80 g6 2 79 0.374369 0.0637393 1
g6 2 59 g6 2 74 0.28661 0.114933 1
g6 2 70 g6 2 79 0.335245 0.159355 1
g6 2 79 g6 2 75 0.371961 0.0816378 1
g6 2 67 g6 2 74 0.318908 0.0919602 1
g6 2 84 g6 2 75 0.39241 0.0824738 1
g6 2 70 g6 2 74 0.33189 0.078759 1
g6 2 68 g6 2 74 0.323378 0.13811 1
g6 2 80 g6 2 74 0.373898 0.0903619 1
g6 2 115 g6 2 74 0.526391 0.146872 1
g6 2 74 g6 2 75 0.350136 0.0920368 1
g6 2 66 g6 2 75 0.316136 0.116205 1
g6 2 70 g6 2 74 0.334296 0.116409 1
g6 2 68 g6 2 86 0.324564 0.238989 1
g6 2 86 g6 2 74 0.402525 0.111651 1
g6 2 68 g6 2 74 0.322735 0.0831518 1
g6 2 68 g6 2 74 0.324037 0.0867334 1
g6 2 56 g6 2 64 0.271183 0.0932688 1
g6 2 61 g6 2 65 0.294343 0.0761259 1
g6 2 63 g6 2 65 0.302574 0.105697 1
g6 2 99 g6 2 94 0.460835 0.363459 1
g6 2 75 g1 2 48 0.355192 0.249492 1
g6 2 61 g6 2 62 0.294784 0.0327055 1
g6 2 63 g6 2 63 0.304528 0.0631527 1
g6 2 67 g6 2 63 0.320082 0.0575263 1
g6 2 64 g6 2 67 0.305433 0.0628013 1
g6 2 71 g6 2 70 0.336323 0.0709974 1
g6 2 76 g6 2 72 0.358228 0.0616879 1
g6 2 71 g6 2 86 0.335708 0.0880182 1
g7 1 73 g7 1 87 0.348441 0.276636 1
g7 1 65 g7 1 83 0.310922 0.214486 1
g7 1 71 g7 1 67 0.338607 0.282669 1
g7 1 73 g7 1 102 0.347546 0.151537 1
g7 1 78 g7 1 66 0.3665 0.281787 1
g7 1 82 g7 1 79 0.389902 0.25401 1
g7 1 66 g7 1 90 0.316215 0.298672 1
g7 1 72 g7 1 73 0.341281 0.124732 1
g7 1 52 g7 1 60 0.257183 0.216303 1
g7 1 63 g3 1 83 0.303041 0.402604 1
g7 1 67 g7 1 65 0.319608 0.217361 1
g7 1 72 g7 1 66 0.340783 0.16331 1
g7 1 69 g7 1 76 0.329232 0.217129 1
g7 1 65 g7 1 56 0.309574 0.176833 1
g7 1 56 g7 1 55 0.272577 0.21659 1
g7 1 64 g7 1 60 0.307985 0.174301 1
g7 1 63 g7 1 55 0.301336 0.15924 1
g7 1 58 g7 1 62 0.284557 0.214666 1
g7 1 60 g7 1 89 0.290663 0.286894 1
g7 1 61 g7 1 54 0.295459 0.15933 1
g7 1 61 g7 1 62 0.29272 0.197059 1
g7 1 54 g7 1 51 0.266321 0.0359619 1
g7 1 75 g1 2 31 0.35428 0.53179 1
g7 1 68 g7 1 69 0.323764 0.227333 1
g7 1 88 g7 1 54 0.412176 0.322597 1
g7 1 72 g7 1 94 0.340297 0.355519 1
g7 1 67 g2 2 44 0.320299 0.433152 1
g7 1 74 g7 1 73 0.347276 0.16219 1
g7 1 70 g1 2 31 0.334799 0.556157 1
g7 1 70 g3 1 130 0.336381 0.527425 1
g7 1 72 g7 1 69 0.34012 0.213426 1
g7 1 85 g7 1 93 0.398766 0.29699 1
g7 1 77 g7 1 88 0.361988 0.299224 1
g7 1 79 g7 1 67 0.370149 0.217459 1
g7 1 90 g7 1 66 0.421084 0.204742 1
g7 1 136 g7 1 88 0.627769 0.27874 1
g7 1 66 g7 1 75 0.316826 0.243244 1
g7 1 67 g7 1 97 0.318207 0.255224 1
g7 1 78 g7 1 97 0.373835 0.302307 1
g7 1 78 g7 1 75 0.368493 0.228199 1
g7 1 88 g7 1 79 0.413563 0.267728 1
g7 1 97 g7 1 91 0.452587 0.194254 1
g7 1 62 g7 1 67 0.299989 0.300008 1
g7 1 101 g7 1 77 0.467747 0.175766 1
g7 1 39 g7 1 67 0.202596 0.364027 1
g7 1 70 g7 1 100 0.333523 0.366034 1
g7 1 72 g7 1 66 0.341613 0.154061 1
g7 1 71 g7 1 60 0.341146 0.270987 1
g7 1 72 g7 1 73 0.342603 0.167195 1
g7 1 96 g7 1 79 0.448276 0.237295 1
g7 1 63 g7 1 57 0.304552 0.309275 1
g7 1 66 g7 1 65 0.313327 0.260375 1
g7 1 84 g7 1 89 0.394176 0.162851 1
g7 1 119 g7 1 91 0.554952 0.298056 1
g7 1 110 g7 1 103 0.51197 0.245831 1
g7 1 105 g7 1 72 0.48769 0.384197 1
g7 1 104 g7 1 103 0.488158 0.22302 1
g7 1 91 g7 1 71 0.423475 0.238911 1
g7 1 99 g7 1 94 0.461664 0.159631 1
g7 1 83 g7 1 93 0.39131 0.211386 1
g7 1 92 g7 1 94 0.432415 0.157546 1
g7 1 88 g7 1 91 0.413427 0.186825 1
g7 1 93 g7 1 94 0.435467 0.166665 1
