g1 2 46 g6 2 78 0.229464 0.151271 0
g1 2 44 g6 2 66 0.221996 0.17884 0
g1 2 52 g6 2 50 0.255686 0.133323 0
g1 2 102 g1 2 45 0.469712 0.128344 0
g1 2 63 g2 2 32 0.303101 0.180019 0
g1 2 56 g1 2 48 0.274135 0.143851 0
g1 2 60 g1 2 54 0.288938 0.120546 0
g1 2 37 g1 2 52 0.19347 0.0984748 1
g1 2 46 g1 2 42 0.230173 0.124197 1
g1 2 54 g1 2 48 0.262769 0.153851 0
g1 2 39 g1 2 42 0.2007 0.11936 1
g1 2 50 g1 2 42 0.246353 0.0973088 1
g1 2 48 g1 2 48 0.238992 0.0665379 1
g1 2 47 g1 2 46 0.234381 0.0739496 1
g1 2 53 g1 2 48 0.258754 0.0760421 1
g1 2 111 g6 2 73 0.509589 0.20023 0
g1 2 49 g1 2 42 0.242292 0.0889367 1
g1 2 71 g6 2 70 0.334604 0.199175 0
g1 2 37 g6 2 60 0.194366 0.12168 1
g1 2 46 g6 2 66 0.230237 0.186226 0
g1 2 39 g6 2 51 0.201354 0.130296 1
g1 2 54 g6 2 57 0.262835 0.160935 0
g1 2 42 g2 2 32 0.213368 0.181488 0
g1 2 45 g1 2 38 0.225448 0.0751975 1
g1 2 43 g1 2 38 0.217525 0.0769938 1
g1 2 61 g1 2 56 0.292593 0.126871 0
g1 2 58 g1 2 49 0.279901 0.139487 0
g1 2 75 g1 2 49 0.35266 0.246594 0
g1 2 55 g1 2 45 0.267375 0.194769 0
g1 2 56 g1 2 71 0.271108 0.100618 1
g1 2 43 g1 2 48 0.217719 0.0795973 1
g1 2 44 g1 2 45 0.22157 0.162819 0
g1 2 35 g1 2 50 0.185795 0.0640499 1
g1 2 53 g1 2 54 0.25784 0.197292 0
g1 2 43 g1 2 56 0.217679 0.225186 0
g1 2 46 g1 2 45 0.229918 0.149562 0
g1 2 57 g1 2 45 0.275706 0.158168 0
g1 2 46 g1 2 45 0.229346 0.153119 0
g1 2 41 g1 2 43 0.209416 0.154605 0
g1 2 43 g1 2 45 0.216953 0.119913 1
g1 2 49 g1 2 50 0.242006 0.147619 0
g1 2 53 g1 2 54 0.258855 0.204712 0
g1 2 44 g1 2 47 0.221757 0.168578 0
g1 2 46 g1 2 45 0.230262 0.172272 0
g1 2 53 g1 2 45 0.258824 0.161407 0
g1 2 40 g1 2 54 0.205755 0.23451 0
g1 2 50 g6 2 70 0.246272 0.185257 0
g1 2 53 g6 2 65 0.258125 0.19522 0
g1 2 41 g6 2 72 0.209748 0.170714 0
g1 2 52 g6 2 66 0.255721 0.125926 1
g1 2 72 g2 2 32 0.341427 0.207837 0
g1 2 48 g6 2 50 0.239165 0.147822 0
g1 2 64 g2 2 32 0.306496 0.161244 0
g1 2 42 g1 2 34 0.212992 0.0657652 1
g1 2 38 g1 2 34 0.196629 0.0576872 1
g1 2 29 g1 2 32 0.159674 0.0730236 1
g1 2 29 g1 2 29 0.157506 0.0591343 1
g1 2 31 g1 2 32 0.16551 0.0594803 1
g1 2 31 g1 2 31 0.165607 0.0511753 1
g1 2 36 g1 2 34 0.1893 0.0559827 1
g1 2 29 g1 2 29 0.157327 0.0583123 1
g2 2 28 g2 2 26 0.153322 0.081189 1
g2 2 28 g2 2 26 0.153555 0.0852107 1
g2 2 31 g2 2 32 0.165405 0.152605 0
g2 2 26 g2 2 26 0.144756 0.150999 0
g2 2 27 g2 2 26 0.149464 0.134901 0
g2 2 23 g2 2 32 0.131877 0.144775 0
g2 2 26 g2 2 26 0.14478 0.128892 0
g2 2 27 g2 2 26 0.148699 0.0937242 1
g2 2 28 g2 2 26 0.153327 0.156895 0
g2 2 55 g2 2 50 0.267939 0.125755 0
g2 2 29 g2 2 26 0.157685 0.0853226 1
g2 2 28 g2 2 26 0.152848 0.0831557 1
g2 2 28 g2 2 26 0.15321 0.10591 0
g2 2 29 g2 2 26 0.156823 0.106393 1
g2 2 30 g2 2 26 0.160848 0.165876 0
g2 2 27 g2 2 26 0.148525 0.128428 0
g2 2 21 g2 2 32 0.124759 0.237872 0
g2 2 27 g2 2 26 0.149052 0.0733698 1
g2 2 29 g2 2 26 0.157346 0.0850396 1
g2 2 27 g2 2 26 0.149037 0.132614 0
g2 2 30 g2 2 26 0.160856 0.125009 1
g2 2 30 g2 2 26 0.160229 0.202935 0
g2 2 26 g2 2 26 0.144645 0.144234 0
g2 2 31 g2 2 26 0.16624 0.0809107 1
g2 2 33 g2 2 32 0.176794 0.158391 0
g2 2 28 g2 2 26 0.152898 0.150766 0
g2 2 27 g2 2 32 0.148379 0.215902 0
g2 2 30 g2 2 26 0.161488 0.15229 0
g2 2 34 g2 2 26 0.180539 0.122504 1
g2 2 59 g2 2 53 0.285747 0.11708 1
g2 2 54 g2 2 45 0.267416 0.128094 0
g2 2 55 g2 2 50 0.268211 0.115822 1
g2 2 48 g1 2 43 0.23905 0.259655 0
g2 2 38 g2 2 42 0.197243 0.0980393 1
g2 2 42 g2 2 39 0.213301 0.102152 1
g2 2 64 g2 2 53 0.307538 0.107338 1
g2 2 43 g2 2 45 0.217749 0.0816044 1
g2 2 37 g2 2 44 0.193728 0.0787732 1
g2 2 36 g2 2 39 0.189406 0.0732656 1
g2 2 39 g2 2 44 0.201017 0.0675561 1
g2 2 39 g2 2 39 0.201206 0.0572417 1
g2 2 41 g2 2 39 0.209422 0.0581594 1
g2 2 39 g2 2 39 0.20171 0.0957513 1
g2 2 41 g2 2 39 0.209919 0.0682864 1
g2 2 42 g2 2 44 0.213448 0.0697143 1
g2 2 47 g2 2 44 0.234285 0.129158 1
g2 2 31 g2 2 41 0.165384 0.117849 1
g2 2 42 g2 2 39 0.213972 0.06024 1
g2 2 84 g2 2 53 0.395464 0.158477 0
g2 2 41 g2 2 42 0.209367 0.0790936 1
g2 2 52 g2 2 44 0.255351 0.0678578 1
g2 2 52 g1 2 59 0.255701 0.213745 0
g2 2 40 g2 2 39 0.205111 0.0999793 1
g2 2 37 g2 2 44 0.194203 0.0734563 1
g2 2 45 g1 2 64 0.225276 0.115191 0
g2 2 41 g2 2 44 0.209427 0.0894141 1
g2 2 49 g1 2 52 0.242109 0.192012 0
g2 2 46 g2 2 53 0.229658 0.113792 1
g2 2 40 g2 2 56 0.205916 0.10944 1
g2 2 56 g2 2 53 0.27119 0.108505 0
g2 2 35 g2 2 39 0.185088 0.0852977 1
g2 2 40 g1 2 57 0.205941 0.290824 0
g2 2 58 g2 2 48 0.280529 0.156959 0
g2 2 29 g2 2 26 0.156803 0.130546 1
g2 2 26 g2 2 26 0.145624 0.124454 1
g2 2 28 g2 2 26 0.153322 0.0648465 1
g3 1 71 g3 1 117 0.338018 0.324805 0
g3 1 68 g3 1 84 0.324323 0.194898 0
g3 1 95 g3 1 81 0.442077 0.296964 0
g3 1 102 g3 1 73 0.472358 0.238218 0
g3 1 107 g1 2 57 0.497134 0.434995 0
g3 1 96 g3 1 73 0.448834 0.256818 0
g3 1 91 g3 1 72 0.424077 0.283774 0
g3 1 93 g3 1 82 0.435643 0.278866 0
g3 1 86 g3 1 87 0.402982 0.278667 0
g3 1 87 g3 1 92 0.405496 0.286612 0
g3 1 88 g3 1 106 0.410411 0.254138 0
g3 1 92 g3 1 81 0.429254 0.212962 0
g3 1 92 g3 1 86 0.430643 0.243562 0
g3 1 92 g3 1 127 0.431789 0.2154 0
g3 1 90 g3 1 78 0.418928 0.482702 0
g3 1 86 g3 1 74 0.405419 0.25076 0
g3 1 80 g3 1 81 0.3773 0.197892 0
g3 1 113 g1 2 49 0.524281 0.365086 0
g3 1 95 g3 1 120 0.443009 0.277557 0
g3 1 95 g3 1 85 0.443634 0.214709 0
g3 1 99 g3 1 91 0.459573 0.219722 0
g3 1 93 g3 1 114 0.435858 0.216527 0
g3 1 92 g3 1 82 0.429383 0.243935 0
g3 1 85 g3 1 73 0.397472 0.253225 0
g3 1 91 g3 1 81 0.424949 0.303278 0
g3 1 88 g3 1 77 0.409741 0.278852 0
g3 1 99 g3 1 112 0.458473 0.301397 0
g3 1 132 g3 1 84 0.606524 0.28222 0
g3 1 114 g1 2 67 0.527161 0.43458 0
g3 1 97 g3 1 80 0.450374 0.1944 0
g3 1 111 g3 1 120 0.514581 0.219216 0
g3 1 104 g3 1 82 0.480941 0.27285 0
g3 1 97 g3 1 78 0.450777 0.214257 0
g3 1 100 g3 1 85 0.464007 0.238382 0
g3 1 101 g3 1 91 0.470729 0.246652 0
g3 1 98 g3 1 83 0.456692 0.267061 0
g3 1 102 g3 1 61 0.475724 0.319308 0
g3 1 115 g3 1 140 0.530256 0.258955 0
g3 1 120 g3 1 140 0.55412 0.257891 0
g3 1 92 g3 1 84 0.427167 0.376797 0
g3 1 76 g3 1 68 0.357459 0.838181 0
g3 1 97 g3 1 85 0.450745 0.281636 0
g3 1 85 g3 1 79 0.396702 0.211361 0
g3 1 77 g3 1 80 0.363292 0.193194 0
g3 1 81 g3 1 81 0.378656 0.214477 0
g3 1 86 g3 1 91 0.400641 0.293181 0
g3 1 77 g3 1 77 0.361395 0.329231 0
g3 1 85 g3 1 84 0.396133 0.171705 0
g3 1 79 g3 1 74 0.371061 0.219266 0
g3 1 78 g3 1 91 0.367194 0.301789 0
g3 1 84 g3 1 91 0.392342 0.249773 0
g4 2 71 g4 2 59 0.334322 0.198089 0
g4 2 71 g4 2 82 0.335187 0.0673423 1
g4 2 86 g4 2 87 0.40091 0.162398 0
g4 2 85 g4 2 82 0.39797 0.163126 0
g4 2 80 g4 2 90 0.374588 0.119477 1
g4 2 81 g4 2 99 0.37996 0.14039 0
g4 2 100 g3 1 89 0.462721 0.25683 0
g4 2 81 g4 2 82 0.379197 0.161355 0
g4 2 95 g4 2 94 0.442415 0.151698 0
g4 2 93 g4 2 95 0.432102 0.166844 0
g4 2 89 g4 2 90 0.413944 0.134392 0
g4 2 94 g4 2 99 0.435983 0.112256 0
g4 2 102 g4 2 101 0.472141 0.0792638 1
g4 2 89 g4 2 60 0.414389 0.120179 1
g4 2 57 g4 2 63 0.274244 0.127509 0
g4 2 60 g4 2 57 0.287691 0.0727742 1
g4 2 57 g4 2 55 0.276625 0.0766083 1
g4 2 63 g4 2 66 0.300544 0.145464 0
g4 2 59 g4 2 64 0.283527 0.103054 1
g4 2 65 g4 2 66 0.310013 0.109011 1
g4 2 67 g4 2 78 0.318756 0.0844505 1
g4 2 69 g4 2 78 0.327263 0.0992722 1
g4 2 77 g4 2 95 0.361801 0.150197 0
g4 2 57 g4 2 62 0.276466 0.105125 1
g4 2 72 g4 2 67 0.340358 0.0918328 1
g4 2 72 g4 2 72 0.339683 0.048741 1
g4 2 80 g4 2 70 0.37514 0.0862969 1
g4 2 79 g4 2 83 0.369379 0.110199 1
g4 2 92 g4 2 62 0.426776 0.0941647 1
g4 2 90 g4 2 66 0.418287 0.104492 1
g4 2 59 g4 2 72 0.283536 0.0842472 1
g4 2 59 g4 2 63 0.285615 0.0951659 1
g4 2 63 g4 2 66 0.302114 0.0775823 1
g4 2 66 g4 2 66 0.313715 0.130808 0
g4 2 87 g4 2 66 0.404535 0.0984353 1
g4 2 82 g4 2 66 0.383904 0.18796 0
g4 2 89 g4 2 79 0.415101 0.146736 0
g4 2 64 g4 2 62 0.306366 0.0681309 1
g4 2 88 g4 2 79 0.409336 0.0983634 1
g4 2 100 g4 2 79 0.462789 0.107761 1
g4 2 80 g4 2 82 0.375802 0.0681987 1
g4 2 88 g4 2 62 0.409259 0.0951218 1
g5 2 84 g5 2 94 0.396103 0.0893176 1
g5 2 87 g5 2 85 0.406424 0.0767305 1
g5 2 85 g5 2 101 0.399565 0.103886 1
g5 2 82 g5 2 101 0.385105 0.114987 1
g5 2 69 g5 2 98 0.3296 0.161727 0
g5 2 81 g5 2 98 0.383512 0.0936171 1
g5 2 80 g4 2 65 0.3766 0.188285 0
g5 2 89 g5 2 98 0.416818 0.177105 0
g5 2 78 g5 2 100 0.36795 0.207032 0
g5 2 64 g5 2 62 0.306795 0.117299 1
g5 2 68 g5 2 68 0.3245 0.118591 1
g5 2 80 g5 2 68 0.376371 0.108626 1
g5 2 66 g5 2 82 0.315354 0.144768 1
g5 2 69 g4 2 60 0.328 0.184751 0
g5 2 83 g5 2 100 0.390406 0.161175 0
g5 2 76 g5 2 68 0.357301 0.213618 0
g5 2 73 g5 2 100 0.346067 0.169501 0
g5 2 68 g5 2 68 0.324003 0.181356 0
g5 2 73 g5 2 100 0.345808 0.164501 0
g5 2 73 g4 2 59 0.346173 0.169759 0
g5 2 75 g5 2 99 0.355033 0.132945 0
g5 2 73 g4 2 59 0.344731 0.171532 0
g5 2 75 g4 2 70 0.355297 0.207991 0
g5 2 73 g5 2 98 0.345826 0.164006 0
g5 2 80 g5 2 98 0.379519 0.126513 1
g5 2 79 g5 2 106 0.372579 0.15038 0
g5 2 76 g4 2 59 0.359355 0.143869 1
g5 2 75 g5 2 106 0.354453 0.162105 0
g5 2 77 g5 2 100 0.362037 0.211992 0
g5 2 78 g5 2 88 0.368267 0.138184 0
g5 2 73 g4 2 65 0.346649 0.188222 0
g5 2 76 g5 2 98 0.359375 0.126581 0
g5 2 71 g5 2 88 0.338041 0.124045 1
g5 2 75 g5 2 98 0.35679 0.138354 1
g5 2 76 g5 2 98 0.360657 0.141297 0
g5 2 83 g5 2 96 0.39 0.0967482 1
g5 2 110 g5 2 100 0.508127 0.117647 1
g5 2 77 g5 2 96 0.365133 0.0859701 1
g5 2 92 g5 2 101 0.429311 0.0756917 1
g5 2 92 g5 2 96 0.437378 0.121381 1
g5 2 98 g5 2 115 0.461561 0.128892 0
g5 2 92 g5 2 115 0.432285 0.0887555 1
g5 2 91 g5 2 105 0.427844 0.0983107 1
g5 2 98 g5 2 100 0.456595 0.0919861 1
g5 2 92 g5 2 98 0.431842 0.0726379 1
g6 2 78 g6 2 74 0.364561 0.077136 1
g6 2 75 g6 2 74 0.352551 0.0886381 1
g6 2 81 g6 2 74 0.37826 0.0837195 1
g6 2 79 g6 2 65 0.368799 0.173163 0
g6 2 67 g6 2 74 0.317926 0.0672097 1
g6 2 66 g6 2 77 0.313774 0.118371 1
g6 2 71 g6 2 74 0.334056 0.0905135 1
g6 2 73 g6 2 74 0.343222 0.124847 1
g6 2 70 g6 2 74 0.330639 0.100268 1
g6 2 61 g6 2 74 0.292307 0.0983134 1
g6 2 76 g6 2 72 0.356523 0.148182 0
g6 2 82 g6 2 179 0.383149 0.0846512 1
g6 2 80 g6 2 79 0.373823 0.0637393 1
g6 2 59 g6 2 74 0.283481 0.114933 1
g6 2 70 g6 2 79 0.332288 0.159355 0
g6 2 79 g6 2 75 0.370128 0.0816378 1
g6 2 67 g6 2 74 0.317009 0.0919602 1
g6 2 84 g6 2 75 0.391105 0.0824738 1
g6 2 70 g6 2 74 0.331133 0.078759 1
g6 2 68 g6 2 74 0.322262 0.13811 1
g6 2 80 g6 2 74 0.374141 0.0903619 1
g6 2 115 g6 2 74 0.52533 0.146872 0
g6 2 74 g6 2 75 0.348011 0.0920368 1
g6 2 66 g6 2 75 0.31356 0.116205 1
g6 2 70 g6 2 74 0.330688 0.116409 1
g6 2 68 g6 2 86 0.323054 0.238989 0
g6 2 86 g6 2 74 0.399049 0.111651 0
g6 2 68 g6 2 74 0.322474 0.0831518 1
g6 2 68 g6 2 74 0.32172 0.0867334 1
g6 2 56 g6 2 64 0.271075 0.0932688 1
g6 2 61 g6 2 65 0.292018 0.0761259 1
g6 2 63 g6 2 65 0.30131 0.105697 1
g6 2 99 g6 2 94 0.458962 0.363459 0
g6 2 75 g1 2 48 0.352843 0.249492 0
g6 2 61 g6 2 62 0.292276 0.0327055 1
g6 2 63 g6 2 63 0.300357 0.0631527 1
g6 2 67 g6 2 63 0.317404 0.0575263 1
g6 2 64 g6 2 67 0.305597 0.0628013 1
g6 2 71 g6 2 70 0.335105 0.0709974 1
g6 2 76 g6 2 72 0.356236 0.0616879 1
g6 2 71 g6 2 86 0.335146 0.0880182 1
g7 1 73 g7 1 87 0.346201 0.276636 0
g7 1 65 g7 1 83 0.310952 0.214486 0
g7 1 71 g7 1 67 0.335622 0.282669 0
g7 1 73 g7 1 102 0.346473 0.151537 0
g7 1 78 g7 1 66 0.367001 0.281787 0
g7 1 82 g7 1 79 0.384783 0.25401 0
g7 1 66 g7 1 90 0.315233 0.298672 0
g7 1 72 g7 1 73 0.340443 0.124732 0
g7 1 52 g7 1 60 0.254987 0.216303 0
g7 1 63 g3 1 83 0.303773 0.402604 0
g7 1 67 g7 1 65 0.317771 0.217361 0
g7 1 72 g7 1 66 0.340152 0.16331 0
g7 1 69 g7 1 76 0.327389 0.217129 0
g7 1 65 g7 1 56 0.309189 0.176833 0
g7 1 56 g7 1 55 0.271184 0.21659 0
g7 1 64 g7 1 60 0.305842 0.174301 0
g7 1 63 g7 1 55 0.301603 0.15924 0
g7 1 58 g7 1 62 0.279764 0.214666 0
g7 1 60 g7 1 89 0.287843 0.286894 0
g7 1 61 g7 1 54 0.29208 0.15933 0
g7 1 61 g7 1 62 0.292057 0.197059 0
g7 1 54 g7 1 51 0.263677 0.0359619 1
g7 1 75 g1 2 31 0.352976 0.53179 0
g7 1 68 g7 1 69 0.321671 0.227333 0
g7 1 88 g7 1 54 0.411096 0.322597 0
g7 1 72 g7 1 94 0.340965 0.355519 0
g7 1 67 g2 2 44 0.31744 0.433152 0
g7 1 74 g7 1 73 0.348527 0.16219 0
g7 1 70 g1 2 31 0.331664 0.556157 0
g7 1 70 g3 1 130 0.330509 0.527425 0
g7 1 72 g7 1 69 0.338205 0.213426 0
g7 1 85 g7 1 93 0.396147 0.29699 0
g7 1 77 g7 1 88 0.360972 0.299224 0
g7 1 79 g7 1 67 0.369767 0.217459 0
g7 1 90 g7 1 66 0.418325 0.204742 0
g7 1 136 g7 1 88 0.625157 0.27874 0
g7 1 66 g7 1 75 0.315049 0.243244 0
g7 1 67 g7 1 97 0.318535 0.255224 0
g7 1 78 g7 1 97 0.367559 0.302307 0
g7 1 78 g7 1 75 0.366748 0.228199 0
g7 1 88 g7 1 79 0.411175 0.267728 0
g7 1 97 g7 1 91 0.451364 0.194254 0
g7 1 62 g7 1 67 0.297975 0.300008 0
g7 1 101 g7 1 77 0.467508 0.175766 0
g7 1 39 g7 1 67 0.20026 0.364027 0
g7 1 70 g7 1 100 0.332325 0.366034 0
g7 1 72 g7 1 66 0.340639 0.154061 0
g7 1 71 g7 1 60 0.336585 0.270987 0
g7 1 72 g7 1 73 0.340598 0.167195 0
g7 1 96 g7 1 79 0.447635 0.237295 0
g7 1 63 g7 1 57 0.302258 0.309275 0
g7 1 66 g7 1 65 0.314046 0.260375 0
g7 1 84 g7 1 89 0.392313 0.162851 0
g7 1 119 g7 1 91 0.551442 0.298056 0
g7 1 110 g7 1 103 0.509249 0.245831 0
g7 1 105 g7 1 72 0.486504 0.384197 0
g7 1 104 g7 1 103 0.484128 0.22302 0
g7 1 91 g7 1 71 0.423293 0.238911 0
g7 1 99 g7 1 94 0.460169 0.159631 0
g7 1 83 g7 1 93 0.389364 0.211386 0
g7 1 92 g7 1 94 0.428972 0.157546 0
g7 1 88 g7 1 91 0.409944 0.186825 0
g7 1 93 g7 1 94 0.434958 0.166665 0
