g1 2 24 g6 2 32 0.073408 0.17794 1
g1 2 23 g6 2 34 0.071806 0.194198 1
g1 2 27 g6 2 25 0.080617 0.15724 1
g1 2 42 g1 2 24 0.12457 0.123816 1
g1 2 33 g2 2 17 0.09541 0.187198 1
g1 2 29 g1 2 25 0.084991 0.155603 1
g1 2 31 g1 2 28 0.089986 0.130341 1
g1 2 20 g1 2 27 0.065114 0.114622 1
g1 2 24 g1 2 33 0.074024 0.163865 1
g1 2 28 g1 2 25 0.082915 0.160339 1
g1 2 21 g1 2 31 0.06764 0.14073 1
g1 2 26 g1 2 22 0.078113 0.114373 1
g1 2 25 g1 2 25 0.076006 0.0740661 1
g1 2 25 g1 2 25 0.07571 0.125881 1
g1 2 28 g1 2 25 0.082742 0.0868187 1
g1 2 54 g6 2 38 0.139529 0.204369 1
g1 2 26 g1 2 22 0.077942 0.0972668 1
g1 2 37 g6 2 36 0.105226 0.215971 1
g1 2 20 g6 2 31 0.065288 0.134031 1
g1 2 24 g6 2 34 0.073766 0.199984 1
g1 2 21 g6 2 32 0.067797 0.150999 1
g1 2 28 g6 2 30 0.082787 0.173621 1
g1 2 22 g2 2 17 0.069327 0.193526 1
g1 2 24 g1 2 19 0.073265 0.0891945 1
g1 2 23 g1 2 20 0.071485 0.0969903 1
g1 2 32 g1 2 29 0.092366 0.134032 1
g1 2 30 g1 2 26 0.087184 0.148789 1
g1 2 39 g1 2 26 0.109692 0.259161 1
g1 2 29 g1 2 24 0.08621 0.203512 1
g1 2 29 g1 2 37 0.084667 0.106583 1
g1 2 23 g1 2 25 0.071233 0.0915781 1
g1 2 23 g1 2 24 0.071762 0.174426 1
g1 2 19 g1 2 26 0.063391 0.085179 1
g1 2 28 g1 2 28 0.082215 0.210505 1
g1 2 23 g1 2 29 0.071974 0.236403 1
g1 2 24 g1 2 24 0.073365 0.164906 1
g1 2 30 g1 2 24 0.087086 0.170312 1
g1 2 24 g1 2 26 0.073689 0.146705 1
g1 2 22 g1 2 23 0.069685 0.160308 1
g1 2 23 g1 2 24 0.071543 0.136293 1
g1 2 26 g1 2 26 0.078146 0.157024 1
g1 2 28 g1 2 28 0.082357 0.208836 1
g1 2 23 g1 2 25 0.071728 0.184867 1
g1 2 24 g1 2 24 0.073769 0.181988 1
g1 2 28 g1 2 24 0.082888 0.185135 1
g1 2 21 g1 2 28 0.067702 0.252151 1
g1 2 26 g6 2 36 0.078554 0.200933 1
g1 2 28 g6 2 34 0.082689 0.212761 1
g1 2 22 g6 2 37 0.069704 0.187049 1
g1 2 27 g6 2 34 0.080613 0.136433 1
g1 2 37 g2 2 17 0.105516 0.214004 1
g1 2 25 g6 2 25 0.076567 0.166234 1
g1 2 33 g2 2 17 0.095041 0.175786 1
g1 2 22 g1 2 18 0.069165 0.0772465 1
g1 2 20 g1 2 18 0.065094 0.0702443 1
g1 2 16 g1 2 17 0.057272 0.0958116 1
g1 2 16 g1 2 16 0.05712 0.0742667 1
g1 2 17 g1 2 17 0.058794 0.0748685 1
g1 2 17 g1 2 17 0.058848 0.0620692 1
g1 2 19 g1 2 18 0.063083 0.0683333 1
g1 2 16 g1 2 17 0.057294 0.105744 1
g2 2 15 g2 2 14 0.055137 0.102187 1
g2 2 15 g2 2 14 0.05539 0.10185 1
g2 2 17 g2 2 17 0.059078 0.181372 1
g2 2 14 g2 2 14 0.052702 0.155059 1
g2 2 15 g2 2 14 0.055038 0.154887 1
g2 2 13 g2 2 17 0.050879 0.164817 1
g2 2 14 g2 2 14 0.052675 0.13909 1
g2 2 15 g2 2 14 0.055678 0.110691 1
g2 2 15 g2 2 14 0.055237 0.179236 1
g2 2 29 g2 2 26 0.085294 0.139318 1
g2 2 16 g2 2 14 0.057078 0.110161 1
g2 2 15 g2 2 14 0.054787 0.100015 1
g2 2 15 g2 2 14 0.054996 0.119707 1
g2 2 16 g2 2 14 0.056671 0.121027 1
g2 2 16 g2 2 14 0.056927 0.173813 1
g2 2 15 g2 2 14 0.055076 0.140784 1
g2 2 12 g2 2 17 0.048697 0.269356 1
g2 2 15 g2 2 14 0.055498 0.092682 1
g2 2 16 g2 2 14 0.057062 0.101305 1
g2 2 15 g2 2 14 0.055661 0.158697 1
g2 2 16 g2 2 14 0.057288 0.13721 1
g2 2 16 g2 2 14 0.057219 0.214676 1
g2 2 14 g2 2 14 0.052691 0.148629 1
g2 2 17 g2 2 14 0.059282 0.10577 1
g2 2 18 g2 2 17 0.061024 0.169768 1
g2 2 15 g2 2 14 0.055401 0.174605 1
g2 2 15 g2 2 17 0.0551 0.236373 1
g2 2 16 g2 2 14 0.056888 0.175869 1
g2 2 18 g2 2 14 0.060855 0.137793 1
g2 2 31 g2 2 28 0.090525 0.126317 1
g2 2 28 g2 2 27 0.082898 0.154631 1
g2 2 29 g2 2 26 0.085993 0.139835 1
g2 2 25 g2 2 26 0.076747 0.145608 1
g2 2 20 g2 2 21 0.065137 0.141188 1
g2 2 22 g2 2 21 0.069565 0.116212 1
g2 2 32 g2 2 29 0.095709 0.128335 1
g2 2 23 g2 2 21 0.071817 0.096611 1
g2 2 20 g2 2 21 0.06558 0.0919244 1
g2 2 19 g2 2 21 0.063518 0.0917693 1
g2 2 21 g2 2 21 0.066381 0.0850921 1
g2 2 20 g2 2 21 0.066988 0.0905802 1
g2 2 21 g2 2 21 0.067387 0.0696447 1
g2 2 19 g2 2 21 0.064587 0.111867 1
g2 2 22 g2 2 21 0.069599 0.0774176 1
g2 2 22 g2 2 21 0.069402 0.0948557 1
g2 2 25 g2 2 23 0.075893 0.152061 1
g2 2 17 g2 2 24 0.059938 0.137865 1
g2 2 22 g2 2 21 0.070715 0.0837894 1
g2 2 42 g2 2 28 0.117966 0.160804 1
g2 2 22 g2 2 22 0.069844 0.0964792 1
g2 2 27 g2 2 23 0.080268 0.0798759 1
g2 2 27 g1 2 31 0.080311 0.219936 1
g2 2 21 g2 2 21 0.067986 0.115142 1
g2 2 19 g2 2 21 0.064735 0.0974426 1
g2 2 24 g1 2 33 0.073193 0.127458 1
g2 2 22 g2 2 21 0.069644 0.112631 1
g2 2 26 g1 2 27 0.077637 0.202682 1
g2 2 24 g2 2 28 0.073724 0.128112 1
g2 2 21 g2 2 29 0.067585 0.125182 1
g2 2 29 g2 2 28 0.085141 0.116633 1
g2 2 19 g2 2 21 0.063493 0.102651 1
g2 2 21 g1 2 33 0.067885 0.312074 1
g2 2 30 g2 2 25 0.087198 0.164235 1
g2 2 16 g2 2 14 0.057428 0.14913 1
g2 2 14 g2 2 14 0.052998 0.130177 1
g2 2 15 g2 2 14 0.054865 0.0820335 1
g3 1 36 g3 1 46 0.105029 0.333223 1
g3 1 35 g3 1 43 0.101794 0.221946 1
g3 1 49 g3 1 42 0.134118 0.30178 1
g3 1 52 g3 1 37 0.142249 0.246502 1
g3 1 55 g1 2 30 0.146357 0.418822 1
g3 1 49 g3 1 37 0.135616 0.259881 1
g3 1 47 g3 1 42 0.130376 0.382952 1
g3 1 47 g3 1 41 0.13095 0.282962 1
g3 1 44 g3 1 45 0.122999 0.289696 1
g3 1 43 g3 1 46 0.122769 0.297558 1
g3 1 44 g3 1 57 0.122833 0.28128 1
g3 1 47 g3 1 46 0.129268 0.232351 1
g3 1 46 g3 1 43 0.126701 0.247889 1
g3 1 47 g3 1 64 0.130128 0.222787 1
g3 1 44 g3 1 47 0.123738 0.51036 0
g3 1 44 g3 1 40 0.122294 0.258832 1
g3 1 41 g3 1 42 0.116584 0.209816 1
g3 1 56 g1 2 26 0.155524 0.386249 1
g3 1 48 g3 1 41 0.131862 0.251072 1
g3 1 48 g3 1 42 0.133273 0.221803 1
g3 1 50 g3 1 47 0.138051 0.226277 1
g3 1 48 g3 1 57 0.133671 0.221905 1
g3 1 46 g3 1 41 0.128378 0.25135 1
g3 1 43 g3 1 37 0.121937 0.253234 1
g3 1 47 g3 1 42 0.130783 0.316508 1
g3 1 44 g3 1 38 0.122099 0.28715 1
g3 1 50 g3 1 53 0.138171 0.32382 1
g3 1 66 g3 1 42 0.175731 0.284562 1
g3 1 58 g1 2 35 0.158298 0.4447 1
g3 1 50 g3 1 39 0.136582 0.201403 1
g3 1 57 g3 1 60 0.154269 0.228523 1
g3 1 53 g3 1 41 0.144413 0.280706 1
g3 1 49 g3 1 40 0.13544 0.220627 1
g3 1 51 g3 1 42 0.140195 0.247319 1
g3 1 52 g3 1 47 0.14127 0.263802 1
g3 1 50 g3 1 59 0.137 0.273868 1
g3 1 51 g3 1 32 0.140635 0.32566 1
g3 1 59 g3 1 69 0.156837 0.265699 1
g3 1 61 g3 1 69 0.161768 0.260838 1
g3 1 46 g3 1 43 0.12836 0.385294 1
g3 1 28 g3 1 47 0.097008 0.823248 0
g3 1 49 g3 1 44 0.13582 0.300426 1
g3 1 42 g3 1 40 0.119335 0.212795 1
g3 1 40 g3 1 41 0.111851 0.20749 1
g3 1 42 g3 1 42 0.116564 0.230677 1
g3 1 44 g3 1 47 0.120739 0.308949 1
g3 1 39 g3 1 38 0.109828 0.342217 1
g3 1 43 g3 1 42 0.121299 0.173902 1
g3 1 40 g3 1 37 0.114328 0.222896 1
g3 1 39 g3 1 47 0.111329 0.313576 1
g3 1 43 g3 1 47 0.119988 0.257709 1
g4 2 37 g4 2 31 0.104636 0.214003 1
g4 2 37 g4 2 42 0.104776 0.0776266 1
g4 2 44 g4 2 45 0.122392 0.166957 1
g4 2 44 g4 2 42 0.122074 0.168567 1
g4 2 41 g4 2 46 0.115037 0.126684 1
g4 2 42 g4 2 51 0.117678 0.146778 1
g4 2 50 g3 1 44 0.139782 0.269455 1
g4 2 42 g4 2 42 0.117517 0.171182 1
g4 2 49 g4 2 48 0.134893 0.160702 1
g4 2 47 g4 2 49 0.129828 0.169863 1
g4 2 46 g4 2 46 0.127284 0.137917 1
g4 2 48 g4 2 51 0.132216 0.118121 1
g4 2 52 g4 2 51 0.142959 0.0872918 1
g4 2 45 g4 2 31 0.125291 0.128089 1
g4 2 30 g4 2 43 0.08678 0.145188 1
g4 2 31 g4 2 30 0.089411 0.0783236 1
g4 2 30 g4 2 29 0.08727 0.0842569 1
g4 2 33 g4 2 34 0.09498 0.155891 1
g4 2 31 g4 2 33 0.089594 0.107021 1
g4 2 34 g4 2 34 0.098103 0.120714 1
g4 2 35 g4 2 40 0.100784 0.0921291 1
g4 2 36 g4 2 32 0.102532 0.107127 1
g4 2 40 g4 2 48 0.114217 0.157677 1
g4 2 30 g4 2 32 0.086956 0.11523 1
g4 2 37 g4 2 35 0.10537 0.0999789 1
g4 2 37 g4 2 37 0.105137 0.0565179 1
g4 2 41 g4 2 36 0.115228 0.0927801 1
g4 2 41 g4 2 43 0.115119 0.114147 1
g4 2 46 g4 2 32 0.126473 0.101447 1
g4 2 46 g4 2 34 0.127236 0.113267 1
g4 2 31 g4 2 37 0.089294 0.0959691 1
g4 2 31 g4 2 33 0.089711 0.104216 1
g4 2 33 g4 2 34 0.096298 0.089046 1
g4 2 34 g4 2 34 0.098161 0.140114 1
g4 2 45 g4 2 34 0.124512 0.10591 1
g4 2 42 g4 2 34 0.117654 0.195535 1
g4 2 46 g4 2 41 0.127668 0.155241 1
g4 2 33 g4 2 32 0.095949 0.0741323 1
g4 2 45 g4 2 41 0.12451 0.101616 1
g4 2 50 g4 2 41 0.137714 0.114166 1
g4 2 41 g4 2 42 0.116545 0.0754929 1
g4 2 45 g4 2 32 0.124149 0.102621 1
g5 2 43 g5 2 48 0.120645 0.0971744 1
g5 2 45 g5 2 44 0.124888 0.0816019 1
g5 2 44 g5 2 52 0.124855 0.109662 1
g5 2 42 g5 2 52 0.117778 0.124991 1
g5 2 36 g5 2 50 0.104284 0.17394 1
g5 2 42 g5 2 50 0.119403 0.10384 1
g5 2 41 g4 2 34 0.116445 0.196252 1
g5 2 46 g5 2 50 0.127789 0.189313 1
g5 2 40 g5 2 51 0.113341 0.211937 1
g5 2 33 g5 2 32 0.095936 0.123541 1
g5 2 35 g5 2 35 0.10163 0.127559 1
g5 2 41 g5 2 35 0.115675 0.116069 1
g5 2 34 g5 2 33 0.098793 0.167177 1
g5 2 36 g4 2 31 0.10328 0.194451 1
g5 2 43 g5 2 51 0.12111 0.16659 1
g5 2 39 g5 2 52 0.110078 0.223702 1
g5 2 38 g5 2 51 0.108534 0.17723 1
g5 2 35 g5 2 35 0.101608 0.193171 1
g5 2 38 g5 2 51 0.108455 0.171682 1
g5 2 38 g4 2 31 0.10813 0.179745 1
g5 2 39 g5 2 51 0.111487 0.145158 1
g5 2 38 g4 2 31 0.108024 0.182144 1
g5 2 39 g4 2 36 0.111126 0.223905 1
g5 2 38 g5 2 50 0.108374 0.172716 1
g5 2 41 g5 2 50 0.116397 0.134535 1
g5 2 41 g5 2 54 0.11613 0.156904 1
g5 2 39 g4 2 31 0.1122 0.154788 1
g5 2 39 g5 2 54 0.111303 0.169673 1
g5 2 40 g5 2 51 0.114148 0.220685 1
g5 2 40 g5 2 51 0.113464 0.173265 1
g5 2 38 g4 2 31 0.108385 0.184001 1
g5 2 39 g5 2 50 0.111555 0.134244 1
g5 2 37 g5 2 45 0.106338 0.133308 1
g5 2 39 g5 2 50 0.11222 0.152698 1
g5 2 39 g5 2 49 0.110755 0.14648 1
g5 2 43 g5 2 49 0.1204 0.105347 1
g5 2 55 g5 2 51 0.149967 0.123206 1
g5 2 40 g5 2 49 0.113903 0.0955829 1
g5 2 47 g5 2 52 0.129483 0.083783 1
g5 2 47 g5 2 49 0.131616 0.126546 1
g5 2 50 g5 2 59 0.138364 0.137976 1
g5 2 47 g5 2 55 0.132276 0.0960784 1
g5 2 47 g5 2 54 0.131593 0.106638 1
g5 2 50 g5 2 51 0.138221 0.100387 1
g5 2 47 g5 2 48 0.131542 0.0650965 1
g6 2 40 g6 2 38 0.111825 0.083175 1
g6 2 39 g6 2 38 0.109611 0.0953195 1
g6 2 42 g6 2 38 0.116406 0.0928561 1
g6 2 41 g6 2 34 0.114316 0.186681 1
g6 2 35 g6 2 38 0.100807 0.0746636 1
g6 2 34 g6 2 34 0.098769 0.133747 1
g6 2 37 g6 2 38 0.105016 0.0972487 1
g6 2 38 g6 2 38 0.107693 0.13291 1
g6 2 36 g6 2 38 0.102058 0.106651 1
g6 2 32 g6 2 38 0.092004 0.106965 1
g6 2 39 g6 2 37 0.109518 0.158648 1
g6 2 42 g6 2 59 0.11674 0.0806673 1
g6 2 41 g6 2 41 0.11504 0.0722909 1
g6 2 31 g6 2 38 0.089602 0.121881 1
g6 2 36 g6 2 41 0.103385 0.165956 1
g6 2 41 g6 2 39 0.114895 0.0874991 1
g6 2 35 g6 2 38 0.099763 0.0999042 1
g6 2 43 g6 2 39 0.119253 0.0893298 1
g6 2 36 g6 2 38 0.102756 0.0858735 1
g6 2 35 g6 2 38 0.100494 0.143103 1
g6 2 41 g6 2 38 0.114357 0.0953615 1
g6 2 56 g6 2 38 0.150788 0.112614 1
g6 2 38 g6 2 39 0.107459 0.102929 1
g6 2 34 g6 2 39 0.098655 0.12231 1
g6 2 36 g6 2 38 0.102751 0.120256 1
g6 2 35 g6 2 44 0.100193 0.250265 1
g6 2 44 g6 2 38 0.122667 0.115719 1
g6 2 35 g6 2 38 0.100328 0.0915789 1
g6 2 35 g6 2 38 0.100373 0.0938618 1
g6 2 29 g6 2 33 0.085014 0.102225 1
g6 2 32 g6 2 34 0.092867 0.0872025 1
g6 2 33 g6 2 34 0.095274 0.119237 1
g6 2 51 g6 2 49 0.139348 0.354557 1
g6 2 39 g1 2 25 0.110926 0.256252 1
g6 2 32 g6 2 33 0.092383 0.0489091 1
g6 2 33 g6 2 35 0.095373 0.0869931 1
g6 2 35 g6 2 35 0.101165 0.0761341 1
g6 2 33 g6 2 35 0.095564 0.0791336 1
g6 2 37 g6 2 36 0.104704 0.0803105 1
g6 2 39 g6 2 37 0.109403 0.0712027 1
g6 2 37 g6 2 44 0.10506 0.0961247 1
g7 1 37 g7 1 44 0.10757 0.284241 1
g7 1 34 g7 1 42 0.098566 0.224965 1
g7 1 37 g7 1 39 0.10609 0.323346 1
g7 1 38 g7 1 52 0.108774 0.162606 1
g7 1 40 g7 1 34 0.112751 0.290341 1
g7 1 41 g7 1 41 0.116761 0.267993 1
g7 1 34 g7 1 46 0.098928 0.307843 1
g7 1 35 g7 1 36 0.103327 0.13242 1
g7 1 27 g7 1 31 0.080563 0.229789 1
g7 1 32 g3 1 40 0.094723 0.432231 1
g7 1 34 g7 1 33 0.099176 0.228633 1
g7 1 36 g7 1 34 0.10433 0.171633 1
g7 1 36 g7 1 39 0.102821 0.221973 1
g7 1 34 g7 1 29 0.096499 0.191086 1
g7 1 29 g7 1 29 0.084541 0.22992 1
g7 1 33 g7 1 31 0.096203 0.183853 1
g7 1 33 g7 1 28 0.095863 0.179065 1
g7 1 30 g7 1 32 0.087063 0.223571 1
g7 1 31 g7 1 29 0.08953 0.24925 1
g7 1 31 g7 1 28 0.091477 0.164834 1
g7 1 31 g7 1 32 0.091089 0.209471 1
g7 1 27 g7 1 27 0.082318 0.0629575 1
g7 1 39 g1 2 17 0.109984 0.578516 0
g7 1 35 g7 1 35 0.100002 0.240379 1
g7 1 45 g7 1 28 0.124285 0.33521 1
g7 1 37 g7 1 48 0.104261 0.365188 1
g7 1 34 g2 2 23 0.097975 0.458612 0
g7 1 38 g7 1 37 0.10721 0.169295 1
g7 1 35 g1 2 17 0.101557 0.602471 0
g7 1 36 g7 1 38 0.101185 0.375783 1
g7 1 36 g7 1 36 0.102349 0.21929 1
g7 1 44 g7 1 47 0.12212 0.305902 1
g7 1 39 g7 1 43 0.111099 0.305301 1
g7 1 40 g7 1 35 0.113691 0.224363 1
g7 1 46 g7 1 33 0.126869 0.209283 1
g7 1 68 g7 1 43 0.17411 0.286404 1
g7 1 34 g7 1 51 0.100625 0.34738 1
g7 1 35 g7 1 46 0.099608 0.270879 1
g7 1 39 g7 1 50 0.111823 0.307819 1
g7 1 40 g7 1 39 0.112437 0.23487 1
g7 1 45 g7 1 41 0.125155 0.28276 1
g7 1 48 g7 1 45 0.134869 0.196207 1
g7 1 32 g7 1 34 0.092565 0.314379 1
g7 1 50 g7 1 40 0.138385 0.185094 1
g7 1 21 g7 1 36 0.06759 0.36312 1
g7 1 35 g7 1 51 0.102114 0.377438 1
g7 1 36 g7 1 34 0.104193 0.159756 1
g7 1 36 g7 1 31 0.10484 0.279676 1
g7 1 37 g7 1 31 0.105277 0.22345 1
g7 1 49 g7 1 41 0.135043 0.244665 1
g7 1 33 g7 1 29 0.097214 0.332379 1
g7 1 33 g7 1 33 0.096861 0.272874 1
g7 1 42 g7 1 45 0.119164 0.170913 1
g7 1 61 g7 1 45 0.166111 0.305385 1
g7 1 56 g7 1 52 0.152351 0.246406 1
g7 1 54 g7 1 37 0.146925 0.398754 1
g7 1 53 g7 1 52 0.144979 0.231176 1
g7 1 35 g7 1 35 0.11448 0.242307 1
g7 1 51 g7 1 48 0.140338 0.167855 1
g7 1 43 g7 1 47 0.11915 0.222068 1
g7 1 47 g7 1 48 0.129183 0.168317 1
g7 1 45 g7 1 45 0.124529 0.191058 1
g7 1 47 g7 1 48 0.1312 0.173907 1
