g1 2 24 g6 2 32 0.073544 0.17794 1
g1 2 23 g6 2 34 0.072293 0.194198 1
g1 2 27 g6 2 25 0.080467 0.15724 1
g1 2 42 g1 2 24 0.12473 0.123816 1
g1 2 33 g2 2 17 0.09638 0.187198 1
g1 2 29 g1 2 25 0.085019 0.155603 1
g1 2 31 g1 2 28 0.090355 0.130341 1
g1 2 20 g1 2 27 0.065394 0.114622 1
g1 2 24 g1 2 33 0.073863 0.163865 1
g1 2 28 g1 2 25 0.082439 0.160339 1
g1 2 21 g1 2 31 0.06784 0.14073 1
g1 2 26 g1 2 22 0.077987 0.114373 1
g1 2 25 g1 2 25 0.076121 0.0740661 1
g1 2 25 g1 2 25 0.076346 0.125881 1
g1 2 28 g1 2 25 0.082768 0.0868187 1
g1 2 54 g6 2 38 0.13987 0.204369 1
g1 2 26 g1 2 22 0.078095 0.0972668 1
g1 2 37 g6 2 36 0.104743 0.215971 1
g1 2 20 g6 2 31 0.065047 0.134031 1
g1 2 24 g6 2 34 0.074273 0.199984 1
g1 2 21 g6 2 32 0.067467 0.150999 1
g1 2 28 g6 2 30 0.082598 0.173621 1
g1 2 22 g2 2 17 0.069495 0.193526 1
g1 2 24 g1 2 19 0.073678 0.0891945 1
g1 2 23 g1 2 20 0.071501 0.0969903 1
g1 2 32 g1 2 29 0.093124 0.134032 1
g1 2 30 g1 2 26 0.087589 0.148789 1
g1 2 39 g1 2 26 0.109082 0.259161 1
g1 2 29 g1 2 24 0.084631 0.203512 1
g1 2 29 g1 2 37 0.084877 0.106583 1
g1 2 23 g1 2 25 0.071505 0.0915781 1
g1 2 23 g1 2 24 0.071673 0.174426 1
g1 2 19 g1 2 26 0.063105 0.085179 1
g1 2 28 g1 2 28 0.082281 0.210505 1
g1 2 23 g1 2 29 0.071644 0.236403 1
g1 2 24 g1 2 24 0.073932 0.164906 1
g1 2 30 g1 2 24 0.086874 0.170312 1
g1 2 24 g1 2 26 0.073494 0.146705 1
g1 2 22 g1 2 23 0.070049 0.160308 1
g1 2 23 g1 2 24 0.071584 0.136293 1
g1 2 26 g1 2 26 0.078155 0.157024 1
g1 2 28 g1 2 28 0.082728 0.208836 1
g1 2 23 g1 2 25 0.071763 0.184867 1
g1 2 24 g1 2 24 0.073812 0.181988 1
g1 2 28 g1 2 24 0.082659 0.185135 1
g1 2 21 g1 2 28 0.067671 0.252151 1
g1 2 26 g6 2 36 0.077993 0.200933 1
g1 2 28 g6 2 34 0.082793 0.212761 1
g1 2 22 g6 2 37 0.069502 0.187049 1
g1 2 27 g6 2 34 0.080558 0.136433 1
g1 2 37 g2 2 17 0.105463 0.214004 1
g1 2 25 g6 2 25 0.076966 0.166234 1
g1 2 33 g2 2 17 0.095314 0.175786 1
g1 2 22 g1 2 18 0.069232 0.0772465 1
g1 2 20 g1 2 18 0.064843 0.0702443 1
g1 2 16 g1 2 17 0.057286 0.0958116 1
g1 2 16 g1 2 16 0.057131 0.0742667 1
g1 2 17 g1 2 17 0.058776 0.0748685 1
g1 2 17 g1 2 17 0.058779 0.0620692 1
g1 2 19 g1 2 18 0.062876 0.0683333 1
g1 2 16 g1 2 17 0.05733 0.105744 1
g2 2 15 g2 2 14 0.0549 0.102187 1
g2 2 15 g2 2 14 0.055079 0.10185 1
g2 2 17 g2 2 17 0.058638 0.181372 1
g2 2 14 g2 2 14 0.053004 0.155059 1
g2 2 15 g2 2 14 0.055071 0.154887 1
g2 2 13 g2 2 17 0.050875 0.164817 1
g2 2 14 g2 2 14 0.053061 0.13909 1
g2 2 15 g2 2 14 0.055399 0.110691 1
g2 2 15 g2 2 14 0.055022 0.179236 1
g2 2 29 g2 2 26 0.085509 0.139318 1
g2 2 16 g2 2 14 0.057248 0.110161 1
g2 2 15 g2 2 14 0.054976 0.100015 1
g2 2 15 g2 2 14 0.055073 0.119707 1
g2 2 16 g2 2 14 0.056982 0.121027 1
g2 2 16 g2 2 14 0.057311 0.173813 1
g2 2 15 g2 2 14 0.055119 0.140784 1
g2 2 12 g2 2 17 0.04868 0.269356 1
g2 2 15 g2 2 14 0.05488 0.092682 1
g2 2 16 g2 2 14 0.057196 0.101305 1
g2 2 15 g2 2 14 0.055174 0.158697 1
g2 2 16 g2 2 14 0.057228 0.13721 1
g2 2 16 g2 2 14 0.057362 0.214676 1
g2 2 14 g2 2 14 0.052635 0.148629 1
g2 2 17 g2 2 14 0.059156 0.10577 1
g2 2 18 g2 2 17 0.060791 0.169768 1
g2 2 15 g2 2 14 0.055571 0.174605 1
g2 2 15 g2 2 17 0.054704 0.236373 1
g2 2 16 g2 2 14 0.057308 0.175869 1
g2 2 18 g2 2 14 0.061 0.137793 1
g2 2 31 g2 2 28 0.090285 0.126317 1
g2 2 28 g2 2 27 0.083293 0.154631 1
g2 2 29 g2 2 26 0.085852 0.139835 1
g2 2 25 g2 2 26 0.076431 0.145608 1
g2 2 20 g2 2 21 0.064962 0.141188 1
g2 2 22 g2 2 21 0.069443 0.116212 1
g2 2 32 g2 2 29 0.094774 0.128335 1
g2 2 23 g2 2 21 0.071944 0.096611 1
g2 2 20 g2 2 21 0.065336 0.0919244 1
g2 2 19 g2 2 21 0.063064 0.0917693 1
g2 2 21 g2 2 21 0.066171 0.0850921 1
g2 2 20 g2 2 21 0.067028 0.0905802 1
g2 2 21 g2 2 21 0.067532 0.0696447 1
g2 2 19 g2 2 21 0.064657 0.111867 1
g2 2 22 g2 2 21 0.06946 0.0774176 1
g2 2 22 g2 2 21 0.069654 0.0948557 1
g2 2 25 g2 2 23 0.07676 0.152061 1
g2 2 17 g2 2 24 0.059297 0.137865 1
g2 2 22 g2 2 21 0.069341 0.0837894 1
g2 2 42 g2 2 28 0.117934 0.160804 1
g2 2 22 g2 2 22 0.069589 0.0964792 1
g2 2 27 g2 2 23 0.080391 0.0798759 1
g2 2 27 g1 2 31 0.080529 0.219936 1
g2 2 21 g2 2 21 0.06757 0.115142 1
g2 2 19 g2 2 21 0.06532 0.0974426 1
g2 2 24 g1 2 33 0.073104 0.127458 1
g2 2 22 g2 2 21 0.069517 0.112631 1
g2 2 26 g1 2 27 0.077632 0.202682 1
g2 2 24 g2 2 28 0.073917 0.128112 1
g2 2 21 g2 2 29 0.067281 0.125182 1
g2 2 29 g2 2 28 0.085314 0.116633 1
g2 2 19 g2 2 21 0.063156 0.102651 1
g2 2 21 g1 2 33 0.0676 0.312074 1
g2 2 30 g2 2 25 0.087317 0.164235 1
g2 2 16 g2 2 14 0.057297 0.14913 1
g2 2 14 g2 2 14 0.052928 0.130177 1
g2 2 15 g2 2 14 0.055277 0.0820335 1
g3 1 36 g3 1 46 0.104874 0.333223 1
g3 1 35 g3 1 43 0.102132 0.221946 1
g3 1 49 g3 1 42 0.134236 0.30178 1
g3 1 52 g3 1 37 0.142301 0.246502 1
g3 1 55 g1 2 30 0.145958 0.418822 0
g3 1 49 g3 1 37 0.135305 0.259881 1
g3 1 47 g3 1 42 0.129342 0.382952 0
g3 1 47 g3 1 41 0.130561 0.282962 1
g3 1 44 g3 1 45 0.122843 0.289696 1
g3 1 43 g3 1 46 0.123206 0.297558 1
g3 1 44 g3 1 57 0.123055 0.28128 1
g3 1 47 g3 1 46 0.129545 0.232351 1
g3 1 46 g3 1 43 0.127206 0.247889 1
g3 1 47 g3 1 64 0.130512 0.222787 1
g3 1 44 g3 1 47 0.123565 0.51036 0
g3 1 44 g3 1 40 0.122699 0.258832 1
g3 1 41 g3 1 42 0.116045 0.209816 1
g3 1 56 g1 2 26 0.156128 0.386249 0
g3 1 48 g3 1 41 0.132311 0.251072 1
g3 1 48 g3 1 42 0.133657 0.221803 1
g3 1 50 g3 1 47 0.13794 0.226277 1
g3 1 48 g3 1 57 0.134159 0.221905 1
g3 1 46 g3 1 41 0.128064 0.25135 1
g3 1 43 g3 1 37 0.12187 0.253234 1
g3 1 47 g3 1 42 0.131527 0.316508 0
g3 1 44 g3 1 38 0.122567 0.28715 1
g3 1 50 g3 1 53 0.138799 0.32382 1
g3 1 66 g3 1 42 0.175945 0.284562 1
g3 1 58 g1 2 35 0.15807 0.4447 0
g3 1 50 g3 1 39 0.135976 0.201403 1
g3 1 57 g3 1 60 0.154454 0.228523 1
g3 1 53 g3 1 41 0.144681 0.280706 1
g3 1 49 g3 1 40 0.134967 0.220627 1
g3 1 51 g3 1 42 0.140048 0.247319 1
g3 1 52 g3 1 47 0.140482 0.263802 1
g3 1 50 g3 1 59 0.136577 0.273868 1
g3 1 51 g3 1 32 0.141179 0.32566 1
g3 1 59 g3 1 69 0.15666 0.265699 1
g3 1 61 g3 1 69 0.161944 0.260838 1
g3 1 46 g3 1 43 0.128535 0.385294 0
g3 1 28 g3 1 47 0.097155 0.823248 0
g3 1 49 g3 1 44 0.136084 0.300426 1
g3 1 42 g3 1 40 0.119334 0.212795 1
g3 1 40 g3 1 41 0.111801 0.20749 1
g3 1 42 g3 1 42 0.116165 0.230677 1
g3 1 44 g3 1 47 0.120874 0.308949 0
g3 1 39 g3 1 38 0.109842 0.342217 0
g3 1 43 g3 1 42 0.122091 0.173902 1
g3 1 40 g3 1 37 0.114472 0.222896 1
g3 1 39 g3 1 47 0.112204 0.313576 0
g3 1 43 g3 1 47 0.119458 0.257709 1
g4 2 37 g4 2 31 0.104717 0.214003 1
g4 2 37 g4 2 42 0.105203 0.0776266 1
g4 2 44 g4 2 45 0.12203 0.166957 1
g4 2 44 g4 2 42 0.122145 0.168567 1
g4 2 41 g4 2 46 0.114924 0.126684 1
g4 2 42 g4 2 51 0.117988 0.146778 1
g4 2 50 g3 1 44 0.138238 0.269455 1
g4 2 42 g4 2 42 0.117578 0.171182 1
g4 2 49 g4 2 48 0.13522 0.160702 1
g4 2 47 g4 2 49 0.129806 0.169863 1
g4 2 46 g4 2 46 0.127392 0.137917 1
g4 2 48 g4 2 51 0.132834 0.118121 1
g4 2 52 g4 2 51 0.143065 0.0872918 1
g4 2 45 g4 2 31 0.125336 0.128089 1
g4 2 30 g4 2 43 0.08662 0.145188 1
g4 2 31 g4 2 30 0.089749 0.0783236 1
g4 2 30 g4 2 29 0.087062 0.0842569 1
g4 2 33 g4 2 34 0.095427 0.155891 1
g4 2 31 g4 2 33 0.089525 0.107021 1
g4 2 34 g4 2 34 0.098301 0.120714 1
g4 2 35 g4 2 40 0.100498 0.0921291 1
g4 2 36 g4 2 32 0.103573 0.107127 1
g4 2 40 g4 2 48 0.112447 0.157677 1
g4 2 30 g4 2 32 0.087271 0.11523 1
g4 2 37 g4 2 35 0.106314 0.0999789 1
g4 2 37 g4 2 37 0.105333 0.0565179 1
g4 2 41 g4 2 36 0.114668 0.0927801 1
g4 2 41 g4 2 43 0.115148 0.114147 1
g4 2 46 g4 2 32 0.126583 0.101447 1
g4 2 46 g4 2 34 0.1265 0.113267 1
g4 2 31 g4 2 37 0.089491 0.0959691 1
g4 2 31 g4 2 33 0.089964 0.104216 1
g4 2 33 g4 2 34 0.096131 0.089046 1
g4 2 34 g4 2 34 0.098629 0.140114 1
g4 2 45 g4 2 34 0.12445 0.10591 1
g4 2 42 g4 2 34 0.117168 0.195535 1
g4 2 46 g4 2 41 0.1272 0.155241 1
g4 2 33 g4 2 32 0.095811 0.0741323 1
g4 2 45 g4 2 41 0.124598 0.101616 1
g4 2 50 g4 2 41 0.136771 0.114166 1
g4 2 41 g4 2 42 0.11482 0.0754929 1
g4 2 45 g4 2 32 0.124773 0.102621 1
g5 2 43 g5 2 48 0.12128 0.0971744 1
g5 2 45 g5 2 44 0.125112 0.0816019 1
g5 2 44 g5 2 52 0.123699 0.109662 1
g5 2 42 g5 2 52 0.117792 0.124991 1
g5 2 36 g5 2 50 0.104087 0.17394 1
g5 2 42 g5 2 50 0.118881 0.10384 1
g5 2 41 g4 2 34 0.115798 0.196252 1
g5 2 46 g5 2 50 0.128212 0.189313 1
g5 2 40 g5 2 51 0.11395 0.211937 1
g5 2 33 g5 2 32 0.096233 0.123541 1
g5 2 35 g5 2 35 0.101214 0.127559 1
g5 2 41 g5 2 35 0.115672 0.116069 1
g5 2 34 g5 2 33 0.099648 0.167177 1
g5 2 36 g4 2 31 0.103074 0.194451 1
g5 2 43 g5 2 51 0.120772 0.16659 1
g5 2 39 g5 2 52 0.110309 0.223702 1
g5 2 38 g5 2 51 0.108223 0.17723 1
g5 2 35 g5 2 35 0.101503 0.193171 1
g5 2 38 g5 2 51 0.108513 0.171682 1
g5 2 38 g4 2 31 0.108362 0.179745 1
g5 2 39 g5 2 51 0.111076 0.145158 1
g5 2 38 g4 2 31 0.108266 0.182144 1
g5 2 39 g4 2 36 0.110958 0.223905 1
g5 2 38 g5 2 50 0.108738 0.172716 1
g5 2 41 g5 2 50 0.116348 0.134535 1
g5 2 41 g5 2 54 0.115556 0.156904 1
g5 2 39 g4 2 31 0.110897 0.154788 1
g5 2 39 g5 2 54 0.110984 0.169673 1
g5 2 40 g5 2 51 0.113068 0.220685 1
g5 2 40 g5 2 51 0.113891 0.173265 1
g5 2 38 g4 2 31 0.108283 0.184001 1
g5 2 39 g5 2 50 0.111201 0.134244 1
g5 2 37 g5 2 45 0.106724 0.133308 1
g5 2 39 g5 2 50 0.112151 0.152698 1
g5 2 39 g5 2 49 0.110844 0.14648 1
g5 2 43 g5 2 49 0.120949 0.105347 1
g5 2 55 g5 2 51 0.1506 0.123206 1
g5 2 40 g5 2 49 0.114233 0.0955829 1
g5 2 47 g5 2 52 0.129599 0.083783 1
g5 2 47 g5 2 49 0.131682 0.126546 1
g5 2 50 g5 2 59 0.138484 0.137976 1
g5 2 47 g5 2 55 0.131551 0.0960784 1
g5 2 47 g5 2 54 0.132031 0.106638 1
g5 2 50 g5 2 51 0.138924 0.100387 1
g5 2 47 g5 2 48 0.131209 0.0650965 1
g6 2 40 g6 2 38 0.111606 0.083175 1
g6 2 39 g6 2 38 0.110055 0.0953195 1
g6 2 42 g6 2 38 0.115806 0.0928561 1
g6 2 41 g6 2 34 0.114513 0.186681 1
g6 2 35 g6 2 38 0.100343 0.0746636 1
g6 2 34 g6 2 34 0.098016 0.133747 1
g6 2 37 g6 2 38 0.105226 0.0972487 1
g6 2 38 g6 2 38 0.107242 0.13291 1
g6 2 36 g6 2 38 0.102489 0.106651 1
g6 2 32 g6 2 38 0.092187 0.106965 1
g6 2 39 g6 2 37 0.109874 0.158648 1
g6 2 42 g6 2 59 0.116744 0.0806673 1
g6 2 41 g6 2 41 0.114553 0.0722909 1
g6 2 31 g6 2 38 0.089529 0.121881 1
g6 2 36 g6 2 41 0.102527 0.165956 1
g6 2 41 g6 2 39 0.114494 0.0874991 1
g6 2 35 g6 2 38 0.099848 0.0999042 1
g6 2 43 g6 2 39 0.120223 0.0893298 1
g6 2 36 g6 2 38 0.102289 0.0858735 1
g6 2 35 g6 2 38 0.100088 0.143103 1
g6 2 41 g6 2 38 0.114799 0.0953615 1
g6 2 56 g6 2 38 0.151241 0.112614 1
g6 2 38 g6 2 39 0.109946 0.102929 1
g6 2 34 g6 2 39 0.097768 0.12231 1
g6 2 36 g6 2 38 0.1028 0.120256 1
g6 2 35 g6 2 44 0.100381 0.250265 1
g6 2 44 g6 2 38 0.121783 0.115719 1
g6 2 35 g6 2 38 0.100209 0.0915789 1
g6 2 35 g6 2 38 0.099949 0.0938618 1
g6 2 29 g6 2 33 0.084906 0.102225 1
g6 2 32 g6 2 34 0.092588 0.0872025 1
g6 2 33 g6 2 34 0.095784 0.119237 1
g6 2 51 g6 2 49 0.139416 0.354557 1
g6 2 39 g1 2 25 0.109907 0.256252 1
g6 2 32 g6 2 33 0.091984 0.0489091 1
g6 2 33 g6 2 35 0.095798 0.0869931 1
g6 2 35 g6 2 35 0.100399 0.0761341 1
g6 2 33 g6 2 35 0.095136 0.0791336 1
g6 2 37 g6 2 36 0.104951 0.0803105 1
g6 2 39 g6 2 37 0.109709 0.0712027 1
g6 2 37 g6 2 44 0.10498 0.0961247 1
g7 1 37 g7 1 44 0.107762 0.284241 1
g7 1 34 g7 1 42 0.098751 0.224965 1
g7 1 37 g7 1 39 0.105507 0.323346 0
g7 1 38 g7 1 52 0.109239 0.162606 1
g7 1 40 g7 1 34 0.113009 0.290341 1
g7 1 41 g7 1 41 0.117444 0.267993 1
g7 1 34 g7 1 46 0.098977 0.307843 1
g7 1 35 g7 1 36 0.103437 0.13242 1
g7 1 27 g7 1 31 0.080444 0.229789 1
g7 1 32 g3 1 40 0.094728 0.432231 0
g7 1 34 g7 1 33 0.099326 0.228633 1
g7 1 36 g7 1 34 0.104492 0.171633 1
g7 1 36 g7 1 39 0.102704 0.221973 1
g7 1 34 g7 1 29 0.096782 0.191086 1
g7 1 29 g7 1 29 0.08481 0.22992 1
g7 1 33 g7 1 31 0.096249 0.183853 1
g7 1 33 g7 1 28 0.095796 0.179065 1
g7 1 30 g7 1 32 0.086917 0.223571 1
g7 1 31 g7 1 29 0.089644 0.24925 1
g7 1 31 g7 1 28 0.091047 0.164834 1
g7 1 31 g7 1 32 0.091764 0.209471 1
g7 1 27 g7 1 27 0.082733 0.0629575 1
g7 1 39 g1 2 17 0.109663 0.578516 0
g7 1 35 g7 1 35 0.098995 0.240379 1
g7 1 45 g7 1 28 0.124611 0.33521 1
g7 1 37 g7 1 48 0.104073 0.365188 0
g7 1 34 g2 2 23 0.098702 0.458612 0
g7 1 38 g7 1 37 0.107513 0.169295 1
g7 1 35 g1 2 17 0.102077 0.602471 0
g7 1 36 g7 1 38 0.10124 0.375783 1
g7 1 36 g7 1 36 0.102477 0.21929 1
g7 1 44 g7 1 47 0.121666 0.305902 1
g7 1 39 g7 1 43 0.110837 0.305301 1
g7 1 40 g7 1 35 0.113367 0.224363 1
g7 1 46 g7 1 33 0.126767 0.209283 1
g7 1 68 g7 1 43 0.174776 0.286404 1
g7 1 34 g7 1 51 0.098134 0.34738 0
g7 1 35 g7 1 46 0.099565 0.270879 1
g7 1 39 g7 1 50 0.111981 0.307819 1
g7 1 40 g7 1 39 0.114847 0.23487 1
g7 1 45 g7 1 41 0.125403 0.28276 1
g7 1 48 g7 1 45 0.134775 0.196207 1
g7 1 32 g7 1 34 0.092678 0.314379 1
g7 1 50 g7 1 40 0.139257 0.185094 1
g7 1 21 g7 1 36 0.067356 0.36312 1
g7 1 35 g7 1 51 0.102259 0.377438 0
g7 1 36 g7 1 34 0.104379 0.159756 1
g7 1 36 g7 1 31 0.104305 0.279676 1
g7 1 37 g7 1 31 0.1055 0.22345 1
g7 1 49 g7 1 41 0.134864 0.244665 1
g7 1 33 g7 1 29 0.095809 0.332379 1
g7 1 33 g7 1 33 0.096748 0.272874 1
g7 1 42 g7 1 45 0.118859 0.170913 1
g7 1 61 g7 1 45 0.166524 0.305385 1
g7 1 56 g7 1 52 0.152385 0.246406 1
g7 1 54 g7 1 37 0.147526 0.398754 1
g7 1 53 g7 1 52 0.145498 0.231176 1
g7 1 35 g7 1 35 0.113976 0.242307 1
g7 1 51 g7 1 48 0.139988 0.167855 1
g7 1 43 g7 1 47 0.119409 0.222068 1
g7 1 47 g7 1 48 0.130379 0.168317 1
g7 1 45 g7 1 45 0.124951 0.191058 1
g7 1 47 g7 1 48 0.13088 0.173907 1
