g1 2 46 g6 2 78 0.230105 0.151271 1
g1 2 44 g6 2 66 0.221639 0.17884 1
g1 2 52 g6 2 50 0.255421 0.133323 1
g1 2 102 g1 2 45 0.470024 0.128344 1
g1 2 63 g2 2 32 0.302617 0.180019 1
g1 2 56 g1 2 48 0.275043 0.143851 1
g1 2 60 g1 2 54 0.289105 0.120546 1
g1 2 37 g1 2 52 0.193744 0.0984748 1
g1 2 46 g1 2 42 0.230717 0.124197 1
g1 2 54 g1 2 48 0.262803 0.153851 1
g1 2 39 g1 2 42 0.201127 0.11936 1
g1 2 50 g1 2 42 0.246447 0.0973088 1
g1 2 48 g1 2 48 0.239363 0.0665379 1
g1 2 47 g1 2 46 0.233911 0.0739496 1
g1 2 53 g1 2 48 0.258555 0.0760421 1
g1 2 111 g6 2 73 0.51176 0.20023 1
g1 2 49 g1 2 42 0.241962 0.0889367 1
g1 2 71 g6 2 70 0.335065 0.199175 1
g1 2 37 g6 2 60 0.193346 0.12168 1
g1 2 46 g6 2 66 0.233286 0.186226 1
g1 2 39 g6 2 51 0.201347 0.130296 1
g1 2 54 g6 2 57 0.263011 0.160935 1
g1 2 42 g2 2 32 0.213678 0.181488 1
g1 2 45 g1 2 38 0.22599 0.0751975 1
g1 2 43 g1 2 38 0.21781 0.0769938 1
g1 2 61 g1 2 56 0.29275 0.126871 1
g1 2 58 g1 2 49 0.280777 0.139487 1
g1 2 75 g1 2 49 0.353853 0.246594 0
g1 2 55 g1 2 45 0.268011 0.194769 1
g1 2 56 g1 2 71 0.27227 0.100618 1
g1 2 43 g1 2 48 0.217703 0.0795973 1
g1 2 44 g1 2 45 0.222661 0.162819 1
g1 2 35 g1 2 50 0.185279 0.0640499 1
g1 2 53 g1 2 54 0.258325 0.197292 0
g1 2 43 g1 2 56 0.217495 0.225186 0
g1 2 46 g1 2 45 0.230415 0.149562 1
g1 2 57 g1 2 45 0.276022 0.158168 1
g1 2 46 g1 2 45 0.229494 0.153119 1
g1 2 41 g1 2 43 0.210038 0.154605 1
g1 2 43 g1 2 45 0.217672 0.119913 1
g1 2 49 g1 2 50 0.242719 0.147619 1
g1 2 53 g1 2 54 0.259079 0.204712 1
g1 2 44 g1 2 47 0.222208 0.168578 1
g1 2 46 g1 2 45 0.230106 0.172272 1
g1 2 53 g1 2 45 0.260201 0.161407 1
g1 2 40 g1 2 54 0.205802 0.23451 0
g1 2 50 g6 2 70 0.246463 0.185257 1
g1 2 53 g6 2 65 0.258638 0.19522 1
g1 2 41 g6 2 72 0.210172 0.170714 1
g1 2 52 g6 2 66 0.255941 0.125926 1
g1 2 72 g2 2 32 0.340337 0.207837 1
g1 2 48 g6 2 50 0.23918 0.147822 1
g1 2 64 g2 2 32 0.307907 0.161244 1
g1 2 42 g1 2 34 0.213091 0.0657652 1
g1 2 38 g1 2 34 0.197204 0.0576872 1
g1 2 29 g1 2 32 0.157779 0.0730236 1
g1 2 29 g1 2 29 0.157357 0.0591343 1
g1 2 31 g1 2 32 0.167135 0.0594803 1
g1 2 31 g1 2 31 0.166124 0.0511753 1
g1 2 36 g1 2 34 0.189979 0.0559827 1
g1 2 29 g1 2 29 0.157809 0.0583123 1
g2 2 28 g2 2 26 0.153085 0.081189 1
g2 2 28 g2 2 26 0.153952 0.0852107 1
g2 2 31 g2 2 32 0.165588 0.152605 1
g2 2 26 g2 2 26 0.145295 0.150999 1
g2 2 27 g2 2 26 0.14915 0.134901 1
g2 2 23 g2 2 32 0.131783 0.144775 1
g2 2 26 g2 2 26 0.144784 0.128892 1
g2 2 27 g2 2 26 0.149151 0.0937242 1
g2 2 28 g2 2 26 0.153056 0.156895 1
g2 2 55 g2 2 50 0.268708 0.125755 1
g2 2 29 g2 2 26 0.157169 0.0853226 1
g2 2 28 g2 2 26 0.153342 0.0831557 1
g2 2 28 g2 2 26 0.153564 0.10591 1
g2 2 29 g2 2 26 0.157419 0.106393 1
g2 2 30 g2 2 26 0.161272 0.165876 1
g2 2 27 g2 2 26 0.149122 0.128428 1
g2 2 21 g2 2 32 0.12483 0.237872 0
g2 2 27 g2 2 26 0.150245 0.0733698 1
g2 2 29 g2 2 26 0.157303 0.0850396 1
g2 2 27 g2 2 26 0.149146 0.132614 1
g2 2 30 g2 2 26 0.161127 0.125009 1
g2 2 30 g2 2 26 0.160948 0.202935 1
g2 2 26 g2 2 26 0.145082 0.144234 1
g2 2 31 g2 2 26 0.165528 0.0809107 1
g2 2 33 g2 2 32 0.177074 0.158391 1
g2 2 28 g2 2 26 0.15326 0.150766 1
g2 2 27 g2 2 32 0.148688 0.215902 0
g2 2 30 g2 2 26 0.160688 0.15229 1
g2 2 34 g2 2 26 0.181151 0.122504 1
g2 2 59 g2 2 53 0.285903 0.11708 1
g2 2 54 g2 2 45 0.264919 0.128094 1
g2 2 55 g2 2 50 0.26883 0.115822 1
g2 2 48 g1 2 43 0.239501 0.259655 0
g2 2 38 g2 2 42 0.197609 0.0980393 1
g2 2 42 g2 2 39 0.213548 0.102152 1
g2 2 64 g2 2 53 0.306355 0.107338 1
g2 2 43 g2 2 45 0.218802 0.0816044 1
g2 2 37 g2 2 44 0.196226 0.0787732 1
g2 2 36 g2 2 39 0.191728 0.0732656 1
g2 2 39 g2 2 44 0.201318 0.0675561 1
g2 2 39 g2 2 39 0.201316 0.0572417 1
g2 2 41 g2 2 39 0.21047 0.0581594 1
g2 2 39 g2 2 39 0.201826 0.0957513 1
g2 2 41 g2 2 39 0.209999 0.0682864 1
g2 2 42 g2 2 44 0.213987 0.0697143 1
g2 2 47 g2 2 44 0.235895 0.129158 1
g2 2 31 g2 2 41 0.165711 0.117849 1
g2 2 42 g2 2 39 0.213855 0.06024 1
g2 2 84 g2 2 53 0.396495 0.158477 1
g2 2 41 g2 2 42 0.21032 0.0790936 1
g2 2 52 g2 2 44 0.255566 0.0678578 1
g2 2 52 g1 2 59 0.254897 0.213745 1
g2 2 40 g2 2 39 0.207417 0.0999793 1
g2 2 37 g2 2 44 0.19427 0.0734563 1
g2 2 45 g1 2 64 0.225985 0.115191 1
g2 2 41 g2 2 44 0.210662 0.0894141 1
g2 2 49 g1 2 52 0.242387 0.192012 1
g2 2 46 g2 2 53 0.230749 0.113792 1
g2 2 40 g2 2 56 0.207611 0.10944 1
g2 2 56 g2 2 53 0.272582 0.108505 1
g2 2 35 g2 2 39 0.185584 0.0852977 1
g2 2 40 g1 2 57 0.206314 0.290824 0
g2 2 58 g2 2 48 0.281149 0.156959 1
g2 2 29 g2 2 26 0.157114 0.130546 1
g2 2 26 g2 2 26 0.144993 0.124454 1
g2 2 28 g2 2 26 0.153921 0.0648465 1
g3 1 71 g3 1 117 0.337017 0.324805 0
g3 1 68 g3 1 84 0.325194 0.194898 0
g3 1 95 g3 1 81 0.443172 0.296964 0
g3 1 102 g3 1 73 0.47204 0.238218 1
g3 1 107 g1 2 57 0.497482 0.434995 0
g3 1 96 g3 1 73 0.448539 0.256818 0
g3 1 91 g3 1 72 0.424882 0.283774 0
g3 1 93 g3 1 82 0.435156 0.278866 0
g3 1 86 g3 1 87 0.402286 0.278667 0
g3 1 87 g3 1 92 0.406765 0.286612 0
g3 1 88 g3 1 106 0.411888 0.254138 0
g3 1 92 g3 1 81 0.430568 0.212962 0
g3 1 92 g3 1 86 0.430696 0.243562 0
g3 1 92 g3 1 127 0.432255 0.2154 1
g3 1 90 g3 1 78 0.419316 0.482702 0
g3 1 86 g3 1 74 0.404355 0.25076 0
g3 1 80 g3 1 81 0.377871 0.197892 1
g3 1 113 g1 2 49 0.523618 0.365086 0
g3 1 95 g3 1 120 0.444104 0.277557 0
g3 1 95 g3 1 85 0.443667 0.214709 1
g3 1 99 g3 1 91 0.460632 0.219722 1
g3 1 93 g3 1 114 0.435322 0.216527 1
g3 1 92 g3 1 82 0.430294 0.243935 0
g3 1 85 g3 1 73 0.398527 0.253225 0
g3 1 91 g3 1 81 0.425395 0.303278 0
g3 1 88 g3 1 77 0.4108 0.278852 0
g3 1 99 g3 1 112 0.458805 0.301397 0
g3 1 132 g3 1 84 0.607067 0.28222 0
g3 1 114 g1 2 67 0.526651 0.43458 0
g3 1 97 g3 1 80 0.452214 0.1944 1
g3 1 111 g3 1 120 0.515005 0.219216 0
g3 1 104 g3 1 82 0.482243 0.27285 0
g3 1 97 g3 1 78 0.450816 0.214257 1
g3 1 100 g3 1 85 0.464935 0.238382 0
g3 1 101 g3 1 91 0.469784 0.246652 0
g3 1 98 g3 1 83 0.456789 0.267061 1
g3 1 102 g3 1 61 0.473929 0.319308 0
g3 1 115 g3 1 140 0.531976 0.258955 0
g3 1 120 g3 1 140 0.555103 0.257891 0
g3 1 92 g3 1 84 0.42799 0.376797 0
g3 1 76 g3 1 68 0.35887 0.838181 0
g3 1 97 g3 1 85 0.450345 0.281636 0
g3 1 85 g3 1 79 0.397759 0.211361 0
g3 1 77 g3 1 80 0.363424 0.193194 0
g3 1 81 g3 1 81 0.380101 0.214477 0
g3 1 86 g3 1 91 0.400965 0.293181 0
g3 1 77 g3 1 77 0.361786 0.329231 0
g3 1 85 g3 1 84 0.396599 0.171705 1
g3 1 79 g3 1 74 0.371636 0.219266 0
g3 1 78 g3 1 91 0.366989 0.301789 0
g3 1 84 g3 1 91 0.393252 0.249773 0
g4 2 71 g4 2 59 0.335108 0.198089 1
g4 2 71 g4 2 82 0.336013 0.0673423 1
g4 2 86 g4 2 87 0.401161 0.162398 1
g4 2 85 g4 2 82 0.39707 0.163126 1
g4 2 80 g4 2 90 0.377728 0.119477 1
g4 2 81 g4 2 99 0.381396 0.14039 1
g4 2 100 g3 1 89 0.462623 0.25683 0
g4 2 81 g4 2 82 0.379937 0.161355 1
g4 2 95 g4 2 94 0.442763 0.151698 1
g4 2 93 g4 2 95 0.433002 0.166844 1
g4 2 89 g4 2 90 0.415707 0.134392 1
g4 2 94 g4 2 99 0.437161 0.112256 1
g4 2 102 g4 2 101 0.47263 0.0792638 1
g4 2 89 g4 2 60 0.414494 0.120179 1
g4 2 57 g4 2 63 0.274775 0.127509 1
g4 2 60 g4 2 57 0.288632 0.0727742 1
g4 2 57 g4 2 55 0.275833 0.0766083 1
g4 2 63 g4 2 66 0.301653 0.145464 1
g4 2 59 g4 2 64 0.284562 0.103054 1
g4 2 65 g4 2 66 0.310978 0.109011 1
g4 2 67 g4 2 78 0.319133 0.0844505 1
g4 2 69 g4 2 78 0.327265 0.0992722 1
g4 2 77 g4 2 95 0.362114 0.150197 1
g4 2 57 g4 2 62 0.275316 0.105125 1
g4 2 72 g4 2 67 0.340385 0.0918328 1
g4 2 72 g4 2 72 0.339918 0.048741 1
g4 2 80 g4 2 70 0.376831 0.0862969 1
g4 2 79 g4 2 83 0.371328 0.110199 1
g4 2 92 g4 2 62 0.427528 0.0941647 1
g4 2 90 g4 2 66 0.417478 0.104492 1
g4 2 59 g4 2 72 0.284188 0.0842472 1
g4 2 59 g4 2 63 0.285473 0.0951659 1
g4 2 63 g4 2 66 0.301694 0.0775823 1
g4 2 66 g4 2 66 0.313688 0.130808 1
g4 2 87 g4 2 66 0.405412 0.0984353 1
g4 2 82 g4 2 66 0.38407 0.18796 1
g4 2 89 g4 2 79 0.415209 0.146736 1
g4 2 64 g4 2 62 0.306668 0.0681309 1
g4 2 88 g4 2 79 0.409796 0.0983634 1
g4 2 100 g4 2 79 0.463158 0.107761 1
g4 2 80 g4 2 82 0.374983 0.0681987 1
g4 2 88 g4 2 62 0.409063 0.0951218 1
g5 2 84 g5 2 94 0.396007 0.0893176 1
g5 2 87 g5 2 85 0.407218 0.0767305 1
g5 2 85 g5 2 101 0.400053 0.103886 1
g5 2 82 g5 2 101 0.38462 0.114987 1
g5 2 69 g5 2 98 0.330113 0.161727 1
g5 2 81 g5 2 98 0.384008 0.0936171 1
g5 2 80 g4 2 65 0.376694 0.188285 1
g5 2 89 g5 2 98 0.416659 0.177105 1
g5 2 78 g5 2 100 0.368608 0.207032 1
g5 2 64 g5 2 62 0.307072 0.117299 1
g5 2 68 g5 2 68 0.324264 0.118591 1
g5 2 80 g5 2 68 0.377345 0.108626 1
g5 2 66 g5 2 82 0.315644 0.144768 1
g5 2 69 g4 2 60 0.328046 0.184751 1
g5 2 83 g5 2 100 0.389783 0.161175 1
g5 2 76 g5 2 68 0.357579 0.213618 1
g5 2 73 g5 2 100 0.346444 0.169501 1
g5 2 68 g5 2 68 0.324295 0.181356 1
g5 2 73 g5 2 100 0.346344 0.164501 1
g5 2 73 g4 2 59 0.345623 0.169759 1
g5 2 75 g5 2 99 0.35505 0.132945 1
g5 2 73 g4 2 59 0.345843 0.171532 1
g5 2 75 g4 2 70 0.354814 0.207991 1
g5 2 73 g5 2 98 0.345782 0.164006 1
g5 2 80 g5 2 98 0.377532 0.126513 1
g5 2 79 g5 2 106 0.372756 0.15038 1
g5 2 76 g4 2 59 0.36035 0.143869 1
g5 2 75 g5 2 106 0.355 0.162105 1
g5 2 77 g5 2 100 0.363078 0.211992 1
g5 2 78 g5 2 88 0.368003 0.138184 1
g5 2 73 g4 2 65 0.346263 0.188222 1
g5 2 76 g5 2 98 0.359757 0.126581 1
g5 2 71 g5 2 88 0.337954 0.124045 1
g5 2 75 g5 2 98 0.357457 0.138354 1
g5 2 76 g5 2 98 0.360297 0.141297 1
g5 2 83 g5 2 96 0.389904 0.0967482 1
g5 2 110 g5 2 100 0.508579 0.117647 1
g5 2 77 g5 2 96 0.3647 0.0859701 1
g5 2 92 g5 2 101 0.429842 0.0756917 1
g5 2 92 g5 2 96 0.432999 0.121381 1
g5 2 98 g5 2 115 0.458458 0.128892 1
g5 2 92 g5 2 115 0.43289 0.0887555 1
g5 2 91 g5 2 105 0.428571 0.0983107 1
g5 2 98 g5 2 100 0.45936 0.0919861 1
g5 2 92 g5 2 98 0.431722 0.0726379 1
g6 2 78 g6 2 74 0.36472 0.077136 1
g6 2 75 g6 2 74 0.352721 0.0886381 1
g6 2 81 g6 2 74 0.378531 0.0837195 1
g6 2 79 g6 2 65 0.369093 0.173163 1
g6 2 67 g6 2 74 0.318506 0.0672097 1
g6 2 66 g6 2 77 0.315683 0.118371 1
g6 2 71 g6 2 74 0.334475 0.0905135 1
g6 2 73 g6 2 74 0.343529 0.124847 1
g6 2 70 g6 2 74 0.33092 0.100268 1
g6 2 61 g6 2 74 0.292565 0.0983134 1
g6 2 76 g6 2 72 0.357425 0.148182 1
g6 2 82 g6 2 179 0.382955 0.0846512 1
g6 2 80 g6 2 79 0.373883 0.0637393 1
g6 2 59 g6 2 74 0.284208 0.114933 1
g6 2 70 g6 2 79 0.332296 0.159355 1
g6 2 79 g6 2 75 0.370599 0.0816378 1
g6 2 67 g6 2 74 0.318115 0.0919602 1
g6 2 84 g6 2 75 0.390707 0.0824738 1
g6 2 70 g6 2 74 0.330863 0.078759 1
g6 2 68 g6 2 74 0.322194 0.13811 1
g6 2 80 g6 2 74 0.373905 0.0903619 1
g6 2 115 g6 2 74 0.527406 0.146872 1
g6 2 74 g6 2 75 0.348505 0.0920368 1
g6 2 66 g6 2 75 0.313497 0.116205 1
g6 2 70 g6 2 74 0.331215 0.116409 1
g6 2 68 g6 2 86 0.322104 0.238989 0
g6 2 86 g6 2 74 0.400089 0.111651 1
g6 2 68 g6 2 74 0.323109 0.0831518 1
g6 2 68 g6 2 74 0.32147 0.0867334 1
g6 2 56 g6 2 64 0.270967 0.0932688 1
g6 2 61 g6 2 65 0.294062 0.0761259 1
g6 2 63 g6 2 65 0.301949 0.105697 1
g6 2 99 g6 2 94 0.45851 0.363459 0
g6 2 75 g1 2 48 0.353313 0.249492 1
g6 2 61 g6 2 62 0.292439 0.0327055 1
g6 2 63 g6 2 63 0.300993 0.0631527 1
g6 2 67 g6 2 63 0.318455 0.0575263 1
g6 2 64 g6 2 67 0.305013 0.0628013 1
g6 2 71 g6 2 70 0.334308 0.0709974 1
g6 2 76 g6 2 72 0.357936 0.0616879 1
g6 2 71 g6 2 86 0.335301 0.0880182 1
g7 1 73 g7 1 87 0.346865 0.276636 1
g7 1 65 g7 1 83 0.311749 0.214486 1
g7 1 71 g7 1 67 0.336949 0.282669 0
g7 1 73 g7 1 102 0.346273 0.151537 1
g7 1 78 g7 1 66 0.367884 0.281787 1
g7 1 82 g7 1 79 0.384688 0.25401 1
g7 1 66 g7 1 90 0.315526 0.298672 0
g7 1 72 g7 1 73 0.340843 0.124732 1
g7 1 52 g7 1 60 0.255937 0.216303 1
g7 1 63 g3 1 83 0.302641 0.402604 0
g7 1 67 g7 1 65 0.318366 0.217361 1
g7 1 72 g7 1 66 0.341121 0.16331 1
g7 1 69 g7 1 76 0.326974 0.217129 1
g7 1 65 g7 1 56 0.31531 0.176833 1
g7 1 56 g7 1 55 0.271011 0.21659 1
g7 1 64 g7 1 60 0.305639 0.174301 1
g7 1 63 g7 1 55 0.301409 0.15924 1
g7 1 58 g7 1 62 0.280358 0.214666 0
g7 1 60 g7 1 89 0.292907 0.286894 0
g7 1 61 g7 1 54 0.295209 0.15933 1
g7 1 61 g7 1 62 0.293375 0.197059 0
g7 1 54 g7 1 51 0.264964 0.0359619 1
g7 1 75 g1 2 31 0.352161 0.53179 0
g7 1 68 g7 1 69 0.321792 0.227333 1
g7 1 88 g7 1 54 0.410865 0.322597 0
g7 1 72 g7 1 94 0.340283 0.355519 0
g7 1 67 g2 2 44 0.318445 0.433152 0
g7 1 74 g7 1 73 0.348007 0.16219 1
g7 1 70 g1 2 31 0.332877 0.556157 0
g7 1 70 g3 1 130 0.330766 0.527425 0
g7 1 72 g7 1 69 0.339222 0.213426 0
g7 1 85 g7 1 93 0.395321 0.29699 0
g7 1 77 g7 1 88 0.361111 0.299224 0
g7 1 79 g7 1 67 0.369846 0.217459 1
g7 1 90 g7 1 66 0.418463 0.204742 1
g7 1 136 g7 1 88 0.625282 0.27874 0
g7 1 66 g7 1 75 0.314811 0.243244 0
g7 1 67 g7 1 97 0.31876 0.255224 0
g7 1 78 g7 1 97 0.367582 0.302307 0
g7 1 78 g7 1 75 0.367165 0.228199 1
g7 1 88 g7 1 79 0.411121 0.267728 1
g7 1 97 g7 1 91 0.450481 0.194254 1
g7 1 62 g7 1 67 0.297598 0.300008 0
g7 1 101 g7 1 77 0.469081 0.175766 1
g7 1 39 g7 1 67 0.202233 0.364027 0
g7 1 70 g7 1 100 0.333601 0.366034 0
g7 1 72 g7 1 66 0.3407 0.154061 1
g7 1 71 g7 1 60 0.336305 0.270987 0
g7 1 72 g7 1 73 0.341116 0.167195 1
g7 1 96 g7 1 79 0.448361 0.237295 1
g7 1 63 g7 1 57 0.302349 0.309275 0
g7 1 66 g7 1 65 0.313848 0.260375 1
g7 1 84 g7 1 89 0.3932 0.162851 1
g7 1 119 g7 1 91 0.551153 0.298056 0
g7 1 110 g7 1 103 0.509333 0.245831 1
g7 1 105 g7 1 72 0.486414 0.384197 0
g7 1 104 g7 1 103 0.484081 0.22302 0
g7 1 91 g7 1 71 0.423568 0.238911 1
g7 1 99 g7 1 94 0.461235 0.159631 1
g7 1 83 g7 1 93 0.415314 0.211386 1
g7 1 92 g7 1 94 0.437015 0.157546 1
g7 1 88 g7 1 91 0.410859 0.186825 1
g7 1 93 g7 1 94 0.435321 0.166665 1
