g1 2 44 g6 2 60 0.217415 0.160914 1
g1 2 42 g6 2 64 0.209535 0.172727 1
g1 2 50 g6 2 48 0.243249 0.125289 1
g1 2 100 g1 2 43 0.453534 0.129417 1
g1 2 61 g2 2 30 0.288346 0.183151 1
g1 2 54 g1 2 46 0.257836 0.142534 1
g1 2 58 g1 2 46 0.275725 0.113158 1
g1 2 35 g1 2 50 0.181182 0.0970448 1
g1 2 44 g1 2 40 0.222324 0.122193 1
g1 2 52 g1 2 46 0.250222 0.153201 1
g1 2 37 g1 2 40 0.189065 0.117398 1
g1 2 48 g1 2 40 0.234239 0.0942005 1
g1 2 46 g1 2 46 0.226981 0.0653767 1
g1 2 45 g1 2 44 0.219841 0.0742529 1
g1 2 51 g1 2 46 0.244687 0.0742867 1
g1 2 109 g6 2 71 0.487512 0.199637 1
g1 2 47 g1 2 40 0.229115 0.0893916 1
g1 2 69 g6 2 68 0.31965 0.192761 1
g1 2 35 g6 2 69 0.180902 0.134836 1
g1 2 44 g6 2 64 0.216275 0.180735 1
g1 2 37 g6 2 49 0.1888 0.127242 1
g1 2 52 g6 2 55 0.248579 0.15502 1
g1 2 40 g2 2 45 0.199955 0.175992 1
g1 2 43 g1 2 36 0.211719 0.0701902 1
g1 2 41 g1 2 36 0.20361 0.0729246 1
g1 2 59 g1 2 54 0.28091 0.125942 1
g1 2 56 g1 2 47 0.272753 0.139616 1
g1 2 73 g1 2 47 0.340302 0.242762 1
g1 2 53 g1 2 43 0.254181 0.194021 1
g1 2 54 g1 2 69 0.268641 0.100994 1
g1 2 41 g1 2 46 0.206438 0.0782365 1
g1 2 42 g1 2 43 0.208794 0.156364 1
g1 2 33 g1 2 48 0.1731 0.0612619 1
g1 2 51 g1 2 52 0.250959 0.197634 1
g1 2 41 g1 2 54 0.246037 0.226619 1
g1 2 44 g1 2 43 0.259204 0.145674 1
g1 2 55 g1 2 43 0.320674 0.154799 1
g1 2 44 g1 2 43 0.297827 0.14882 1
g1 2 39 g1 2 41 0.245787 0.156408 1
g1 2 41 g1 2 43 0.249887 0.113863 1
g1 2 47 g1 2 48 0.245826 0.148519 1
g1 2 51 g1 2 52 0.306235 0.204624 1
g1 2 42 g1 2 43 0.237079 0.206752 1
g1 2 44 g1 2 43 0.266276 0.166897 1
g1 2 51 g1 2 43 0.292493 0.152267 1
g1 2 38 g1 2 52 0.259651 0.225632 1
g1 2 48 g6 2 67 0.266382 0.191866 1
g1 2 51 g6 2 63 0.261403 0.186925 1
g1 2 39 g6 2 70 0.216081 0.163582 1
g1 2 50 g6 2 64 0.253053 0.123351 1
g1 2 70 g2 2 30 0.337315 0.211961 1
g1 2 46 g6 2 48 0.245255 0.140177 1
g1 2 62 g2 2 30 0.300054 0.158839 1
g1 2 40 g1 2 30 0.212259 0.104996 1
g1 2 36 g1 2 32 0.204293 0.0552752 1
g1 2 27 g1 2 30 0.151378 0.0717766 1
g1 2 27 g1 2 27 0.151598 0.0584145 1
g1 2 29 g1 2 30 0.165216 0.0570191 1
g1 2 29 g1 2 29 0.166525 0.0497548 1
g1 2 34 g1 2 32 0.198593 0.0552609 1
g1 2 27 g1 2 27 0.156922 0.0585002 1
g2 2 26 g2 2 24 0.14857 0.080774 1
g2 2 26 g2 2 24 0.159096 0.0829627 1
g2 2 29 g2 2 30 0.205229 0.150494 1
g2 2 24 g2 2 24 0.177158 0.147788 1
g2 2 25 g2 2 24 0.16817 0.131777 1
g2 2 21 g2 2 30 0.127566 0.144918 1
g2 2 24 g2 2 24 0.150893 0.121557 1
g2 2 25 g2 2 24 0.198172 0.0897749 1
g2 2 26 g2 2 24 0.196762 0.147597 1
g2 2 53 g2 2 48 0.320139 0.12162 1
g2 2 27 g2 2 24 0.178301 0.0821964 1
g2 2 26 g2 2 24 0.163087 0.0848221 1
g2 2 26 g2 2 24 0.160615 0.105094 1
g2 2 27 g2 2 24 0.162396 0.108519 1
g2 2 28 g2 2 24 0.21776 0.168705 1
g2 2 25 g2 2 24 0.180463 0.128441 1
g2 2 19 g2 2 30 0.127395 0.230905 1
g2 2 25 g2 2 24 0.160599 0.0748435 1
g2 2 27 g2 2 24 0.182815 0.0862481 1
g2 2 25 g2 2 24 0.164066 0.132325 1
g2 2 28 g2 2 24 0.173391 0.127187 1
g2 2 28 g2 2 24 0.170441 0.202375 1
g2 2 24 g2 2 24 0.159631 0.140708 1
g2 2 29 g2 2 24 0.183558 0.0773327 1
g2 2 31 g2 2 30 0.194069 0.157309 1
g2 2 26 g2 2 24 0.166309 0.142029 1
g2 2 25 g2 2 30 0.149958 0.218193 1
g2 2 28 g2 2 24 0.160875 0.144577 1
g2 2 32 g2 2 24 0.184561 0.120105 1
g2 2 57 g2 2 51 0.303584 0.113447 1
g2 2 52 g1 2 29 0.286039 0.207128 1
g2 2 53 g2 2 48 0.273458 0.113228 1
g2 2 46 g1 2 41 0.250827 0.255285 1
g2 2 36 g2 2 40 0.211496 0.0945646 1
g2 2 40 g2 2 37 0.220282 0.0997305 1
g2 2 62 g2 2 51 0.306476 0.105391 1
g2 2 41 g2 2 37 0.224423 0.0860249 1
g2 2 35 g2 2 42 0.199798 0.0785681 1
g2 2 34 g2 2 37 0.19944 0.0735559 1
g2 2 37 g2 2 42 0.205804 0.0676064 1
g2 2 37 g2 2 37 0.20638 0.0543996 1
g2 2 39 g2 2 37 0.216751 0.0563116 1
g2 2 37 g2 2 37 0.213366 0.0944887 1
g2 2 39 g2 2 37 0.212763 0.0661056 1
g2 2 40 g2 2 42 0.216947 0.0699725 1
g2 2 45 g2 2 42 0.234916 0.125056 1
g2 2 29 g2 2 40 0.165491 0.117702 1
g2 2 40 g2 2 37 0.217133 0.0587943 1
g2 2 82 g2 2 51 0.405324 0.159875 1
g2 2 39 g2 2 40 0.208883 0.0776896 1
g2 2 50 g2 2 42 0.26625 0.0686868 1
g2 2 50 g1 2 48 0.268246 0.208267 1
g2 2 38 g2 2 37 0.208246 0.097143 1
g2 2 35 g2 2 42 0.194878 0.0715669 1
g2 2 43 g1 2 62 0.235227 0.112596 1
g2 2 39 g2 2 42 0.234893 0.0883543 1
g2 2 47 g1 2 50 0.254502 0.190312 1
g2 2 44 g2 2 51 0.232209 0.108911 1
g2 2 38 g2 2 54 0.212219 0.10608 1
g2 2 54 g2 2 51 0.27432 0.109573 1
g2 2 33 g2 2 37 0.183478 0.083846 1
g2 2 38 g1 2 55 0.204086 0.278588 1
g2 2 56 g2 2 46 0.278975 0.160661 1
g2 2 27 g2 2 24 0.153281 0.129458 1
g2 2 24 g2 2 24 0.142889 0.118578 1
g2 2 26 g2 2 24 0.150521 0.0644475 1
g3 1 69 g3 1 72 0.347294 0.316273 1
g3 1 66 g3 1 82 0.332373 0.190213 1
g3 1 93 g3 1 79 0.488397 0.296692 1
g3 1 100 g3 1 71 0.512107 0.236355 1
g3 1 105 g1 2 55 0.521453 0.423074 1
g3 1 94 g3 1 71 0.452492 0.254154 1
g3 1 89 g3 1 70 0.436008 0.276936 1
g3 1 91 g3 1 80 0.448722 0.273393 1
g3 1 84 g3 1 85 0.439404 0.278647 1
g3 1 85 g3 1 90 0.461433 0.283675 1
g3 1 86 g3 1 104 0.43581 0.250977 1
g3 1 90 g3 1 79 0.451064 0.20536 1
g3 1 90 g3 1 84 0.437017 0.23957 1
g3 1 90 g3 1 125 0.457897 0.213121 1
g3 1 88 g3 1 76 0.438214 0.475727 0
g3 1 84 g3 1 72 0.434526 0.242721 1
g3 1 78 g3 1 79 0.408408 0.195477 1
g3 1 111 g1 2 47 0.558087 0.354061 1
g3 1 93 g3 1 80 0.474621 0.243617 1
g3 1 93 g3 1 83 0.516411 0.208777 1
g3 1 97 g3 1 89 0.469479 0.214353 1
g3 1 91 g3 1 112 0.442745 0.215496 1
g3 1 90 g3 1 80 0.44572 0.237226 1
g3 1 83 g3 1 71 0.385298 0.250708 1
g3 1 89 g3 1 79 0.427881 0.300822 1
g3 1 86 g3 1 75 0.401373 0.281679 1
g3 1 97 g3 1 110 0.457434 0.295255 1
g3 1 130 g3 1 82 0.610007 0.284261 1
g3 1 112 g3 1 87 0.520876 0.287481 1
g3 1 95 g3 1 78 0.451346 0.19328 1
g3 1 109 g3 1 118 0.517733 0.217483 1
g3 1 102 g3 1 80 0.469363 0.268437 1
g3 1 95 g3 1 76 0.436645 0.211657 1
g3 1 98 g3 1 83 0.461314 0.232041 1
g3 1 99 g3 1 89 0.491773 0.239975 1
g3 1 96 g3 1 81 0.555949 0.262869 1
g3 1 100 g7 1 75 0.58086 0.43396 1
g3 1 113 g3 1 138 0.551982 0.259061 1
g3 1 118 g3 1 138 0.55161 0.252984 1
g3 1 90 g3 1 82 0.447559 0.368885 0
g3 1 74 g3 1 66 0.346778 0.834601 0
g3 1 95 g3 1 83 0.460579 0.274813 1
g3 1 83 g3 1 77 0.411434 0.211947 1
g3 1 75 g3 1 78 0.38761 0.188616 1
g3 1 79 g3 1 79 0.455444 0.209933 1
g3 1 84 g3 1 89 0.485768 0.288825 1
g3 1 75 g3 1 75 0.354221 0.323432 1
g3 1 83 g3 1 82 0.417136 0.167859 1
g3 1 77 g3 1 72 0.398025 0.214258 1
g3 1 76 g3 1 89 0.354944 0.294233 1
g3 1 82 g3 1 89 0.417886 0.248577 1
g4 2 69 g4 2 57 0.349981 0.191123 1
g4 2 69 g4 2 80 0.337484 0.0660167 1
g4 2 84 g4 2 85 0.385667 0.161414 1
g4 2 83 g4 2 80 0.384971 0.161243 1
g4 2 78 g4 2 88 0.363692 0.117795 1
g4 2 79 g4 2 97 0.364864 0.13937 1
g4 2 98 g3 1 87 0.447316 0.254056 1
g4 2 79 g4 2 80 0.364608 0.157149 1
g4 2 93 g4 2 92 0.424337 0.149584 1
g4 2 91 g4 2 93 0.416459 0.163987 1
g4 2 87 g4 2 88 0.397039 0.135221 1
g4 2 92 g4 2 97 0.419234 0.111199 1
g4 2 100 g4 2 99 0.45957 0.0772027 1
g4 2 87 g4 2 53 0.3967 0.0994266 1
g4 2 55 g4 2 65 0.259436 0.116808 1
g4 2 58 g4 2 55 0.274583 0.0715552 1
g4 2 55 g4 2 53 0.260404 0.0751592 1
g4 2 61 g4 2 64 0.285879 0.142849 1
g4 2 57 g4 2 62 0.272277 0.0996441 1
g4 2 63 g4 2 64 0.299174 0.105019 1
g4 2 65 g4 2 76 0.30542 0.0836168 1
g4 2 67 g4 2 76 0.312466 0.0981991 1
g4 2 75 g4 2 93 0.346511 0.148781 1
g4 2 55 g4 2 60 0.260405 0.103583 1
g4 2 70 g4 2 65 0.325479 0.0884289 1
g4 2 70 g4 2 70 0.324285 0.0475186 1
g4 2 78 g4 2 68 0.358341 0.0850483 1
g4 2 77 g4 2 81 0.369549 0.108874 1
g4 2 90 g4 2 60 0.414132 0.0948221 1
g4 2 88 g4 2 64 0.416025 0.103041 1
g4 2 57 g4 2 70 0.279741 0.0813742 1
g4 2 57 g4 2 61 0.272639 0.0911389 1
g4 2 61 g4 2 64 0.286614 0.0745925 1
g4 2 64 g4 2 64 0.32665 0.125211 1
g4 2 85 g4 2 64 0.401393 0.0978542 1
g4 2 80 g4 2 64 0.377206 0.184858 1
g4 2 87 g4 2 77 0.400457 0.144483 1
g4 2 62 g4 2 60 0.302337 0.0668608 1
g4 2 86 g4 2 77 0.394972 0.0981559 1
g4 2 98 g4 2 77 0.451709 0.10866 1
g4 2 78 g4 2 80 0.372335 0.0673156 1
g4 2 86 g4 2 60 0.406114 0.0945725 1
g5 2 82 g5 2 92 0.384526 0.0888844 1
g5 2 85 g5 2 83 0.396011 0.0766654 1
g5 2 83 g5 2 99 0.391115 0.104034 1
g5 2 80 g5 2 99 0.371289 0.115317 1
g5 2 67 g5 2 96 0.319598 0.158796 1
g5 2 79 g5 2 96 0.375344 0.0914223 1
g5 2 78 g4 2 63 0.364965 0.186761 1
g5 2 87 g5 2 96 0.405923 0.173141 1
g5 2 76 g5 2 98 0.371131 0.205094 1
g5 2 62 g5 2 60 0.30252 0.115852 1
g5 2 66 g5 2 66 0.338701 0.116191 1
g5 2 78 g5 2 66 0.367516 0.107979 1
g5 2 64 g5 2 80 0.30081 0.141213 1
g5 2 67 g4 2 58 0.312381 0.184074 1
g5 2 81 g5 2 98 0.382275 0.160284 1
g5 2 74 g5 2 66 0.342237 0.202666 1
g5 2 71 g5 2 98 0.329899 0.170467 1
g5 2 66 g5 2 66 0.307777 0.177696 1
g5 2 71 g5 2 98 0.329418 0.163221 1
g5 2 71 g4 2 57 0.328825 0.167461 1
g5 2 73 g5 2 97 0.338225 0.132334 1
g5 2 71 g5 2 63 0.329472 0.154023 1
g5 2 73 g4 2 68 0.338515 0.206301 1
g5 2 71 g5 2 96 0.328823 0.164192 1
g5 2 78 g5 2 96 0.359355 0.126072 1
g5 2 77 g5 2 104 0.355075 0.149785 1
g5 2 74 g4 2 57 0.341491 0.14223 1
g5 2 73 g5 2 104 0.337328 0.163228 1
g5 2 75 g5 2 98 0.345273 0.211005 1
g5 2 76 g5 2 86 0.351334 0.135157 1
g5 2 71 g4 2 63 0.329267 0.186927 1
g5 2 74 g5 2 96 0.342192 0.126245 1
g5 2 69 g5 2 94 0.321578 0.133138 1
g5 2 73 g5 2 96 0.340028 0.133423 1
g5 2 74 g5 2 96 0.341219 0.142666 1
g5 2 81 g5 2 94 0.372148 0.0961288 1
g5 2 108 g5 2 98 0.489203 0.116844 1
g5 2 75 g5 2 94 0.347842 0.08502 1
g5 2 90 g5 2 99 0.412237 0.0742962 1
g5 2 90 g5 2 94 0.412213 0.118403 1
g5 2 96 g5 2 113 0.439666 0.126379 1
g5 2 90 g5 2 113 0.412876 0.0856127 1
g5 2 89 g5 2 103 0.409096 0.0963033 1
g5 2 96 g5 2 98 0.437735 0.089658 1
g5 2 90 g5 2 96 0.411953 0.0717028 1
g6 2 76 g6 2 72 0.348742 0.0771459 1
g6 2 73 g6 2 72 0.336576 0.0880276 1
g6 2 79 g6 2 72 0.359741 0.0822419 1
g6 2 77 g6 2 63 0.352148 0.168577 1
g6 2 65 g6 2 72 0.301557 0.0669014 1
g6 2 64 g6 2 75 0.297464 0.114614 1
g6 2 69 g6 2 72 0.318178 0.0890006 1
g6 2 71 g6 2 72 0.325533 0.123143 1
g6 2 68 g6 2 72 0.313007 0.0985805 1
g6 2 59 g6 2 72 0.277435 0.0973569 1
g6 2 74 g6 2 70 0.338974 0.143305 1
g6 2 80 g6 2 177 0.367906 0.0852704 1
g6 2 78 g6 2 77 0.362827 0.0643359 1
g6 2 57 g6 2 72 0.270252 0.116345 1
g6 2 68 g6 2 77 0.314013 0.158649 1
g6 2 77 g6 2 73 0.356393 0.0807775 1
g6 2 65 g6 2 72 0.302336 0.0915207 1
g6 2 82 g6 2 73 0.380555 0.0823714 1
g6 2 68 g6 2 72 0.322748 0.0777317 1
g6 2 66 g6 2 72 0.315823 0.137876 1
g6 2 78 g6 2 72 0.355799 0.0898468 1
g6 2 113 g6 2 72 0.502522 0.147326 1
g6 2 72 g6 2 73 0.33214 0.0916119 1
g6 2 64 g6 2 69 0.30724 0.111254 1
g6 2 68 g6 2 72 0.31493 0.116217 1
g6 2 66 g6 2 84 0.316999 0.235259 1
g6 2 84 g6 2 72 0.389038 0.11065 1
g6 2 66 g6 2 72 0.306791 0.0817849 1
g6 2 66 g6 2 72 0.307153 0.0878122 1
g6 2 54 g6 2 62 0.260704 0.0951049 1
g6 2 59 g6 2 63 0.280107 0.0737205 1
g6 2 61 g6 2 63 0.290959 0.101849 1
g6 2 97 g6 2 92 0.438625 0.361166 1
g6 2 73 g1 2 54 0.335675 0.242303 1
g6 2 59 g6 2 60 0.277014 0.0325585 1
g6 2 61 g6 2 66 0.284978 0.0781043 1
g6 2 65 g6 2 61 0.30203 0.0581284 1
g6 2 62 g6 2 65 0.289879 0.0600247 1
g6 2 69 g6 2 68 0.318802 0.0699748 1
g6 2 74 g6 2 70 0.338686 0.0584366 1
g6 2 69 g6 2 84 0.321445 0.0875334 1
g7 1 71 g7 1 85 0.329172 0.27168 1
g7 1 63 g7 1 81 0.296383 0.212809 1
g7 1 69 g7 1 73 0.31991 0.308133 1
g7 1 71 g7 1 100 0.328817 0.149006 1
g7 1 76 g7 1 64 0.348918 0.278388 1
g7 1 80 g7 1 77 0.366988 0.250562 1
g7 1 64 g7 1 78 0.30015 0.263044 1
g7 1 70 g7 1 71 0.323738 0.12257 1
g7 1 50 g7 1 58 0.239192 0.217144 1
g7 1 61 g3 1 81 0.28665 0.38893 0
g7 1 65 g7 1 63 0.302103 0.214304 1
g7 1 70 g7 1 64 0.32314 0.160001 1
g7 1 67 g7 1 74 0.310363 0.212843 1
g7 1 63 g7 1 54 0.293637 0.169549 1
g7 1 54 g7 1 53 0.255731 0.213141 1
g7 1 62 g7 1 58 0.28948 0.169683 1
g7 1 61 g7 1 53 0.284897 0.152039 1
g7 1 56 g7 1 60 0.26405 0.210975 1
g7 1 58 g7 1 87 0.27224 0.284984 1
g7 1 59 g7 1 52 0.276718 0.157445 1
g7 1 59 g7 1 60 0.277797 0.193492 1
g7 1 52 g7 1 49 0.249778 0.0354893 1
g7 1 73 g1 2 29 0.334937 0.506446 0
g7 1 66 g7 1 67 0.306352 0.225156 1
g7 1 86 g7 1 52 0.390229 0.317661 1
g7 1 70 g7 1 92 0.322698 0.347275 1
g7 1 65 g2 2 42 0.303339 0.414207 0
g7 1 72 g7 1 71 0.334472 0.161306 1
g7 1 68 g1 2 29 0.320552 0.529818 0
g7 1 68 g3 1 128 0.32288 0.522324 0
g7 1 70 g7 1 67 0.321987 0.215648 1
g7 1 83 g7 1 91 0.377328 0.294133 1
g7 1 75 g7 1 86 0.344726 0.294575 1
g7 1 77 g7 1 65 0.351896 0.213428 1
g7 1 88 g7 1 64 0.399956 0.204561 1
g7 1 134 g7 1 86 0.59958 0.276689 1
g7 1 64 g7 1 73 0.298705 0.24136 1
g7 1 65 g7 1 95 0.302988 0.247475 1
g7 1 76 g7 1 81 0.349814 0.260509 1
g7 1 76 g7 1 73 0.349257 0.23138 1
g7 1 86 g7 1 77 0.391914 0.257496 1
g7 1 95 g7 1 89 0.430187 0.189599 1
g7 1 60 g7 1 63 0.282382 0.262553 1
g7 1 99 g7 1 75 0.449645 0.172561 1
g7 1 37 g7 1 71 0.188215 0.356486 1
g7 1 68 g7 1 98 0.314689 0.358518 1
g7 1 70 g7 1 64 0.324386 0.151632 1
g7 1 69 g7 1 58 0.319514 0.27366 1
g7 1 70 g7 1 71 0.323505 0.163192 1
g7 1 94 g7 1 77 0.426807 0.234385 1
g7 1 61 g7 1 55 0.285743 0.305223 1
g7 1 64 g7 1 63 0.297747 0.253362 1
g7 1 82 g7 1 87 0.374728 0.161789 1
g7 1 117 g7 1 88 0.528626 0.307909 1
g7 1 108 g7 1 101 0.48836 0.245434 1
g7 1 103 g7 1 70 0.465108 0.375397 1
g7 1 102 g7 1 101 0.461379 0.222327 1
g7 1 89 g7 1 69 0.403302 0.232672 1
g7 1 97 g7 1 92 0.439558 0.157676 1
g7 1 81 g7 1 91 0.371771 0.204566 1
g7 1 90 g7 1 92 0.409017 0.152347 1
g7 1 86 g7 1 89 0.390826 0.186012 1
g7 1 91 g7 1 92 0.414071 0.167741 1
