g1 2 22 g6 2 30 0.06626 0.169768 1
g1 2 21 g6 2 32 0.064333 0.182766 0
g1 2 25 g6 2 23 0.072623 0.142628 1
g1 2 40 g1 2 22 0.114566 0.122917 1
g1 2 31 g2 2 15 0.085848 0.192795 1
g1 2 27 g1 2 23 0.076554 0.153719 1
g1 2 29 g1 2 26 0.081201 0.127131 1
g1 2 18 g1 2 25 0.058248 0.11378 1
g1 2 22 g1 2 25 0.066916 0.13298 1
g1 2 26 g1 2 23 0.074323 0.159024 1
g1 2 19 g1 2 20 0.059992 0.140108 1
g1 2 24 g1 2 20 0.070141 0.1084 1
g1 2 23 g1 2 23 0.068137 0.0709912 1
g1 2 23 g1 2 23 0.067951 0.124063 1
g1 2 26 g1 2 26 0.07438 0.0804248 1
g1 2 52 g6 2 36 0.128925 0.200435 1
g1 2 24 g1 2 20 0.070589 0.0998263 1
g1 2 35 g6 2 34 0.095767 0.203915 0
g1 2 18 g6 2 29 0.057749 0.130181 1
g1 2 22 g6 2 32 0.066396 0.189666 0
g1 2 19 g6 2 30 0.05981 0.141693 1
g1 2 26 g6 2 28 0.074502 0.162342 1
g1 2 20 g2 2 15 0.062133 0.191332 1
g1 2 22 g1 2 17 0.065879 0.0826369 1
g1 2 21 g1 2 18 0.063819 0.0905276 1
g1 2 30 g1 2 27 0.083101 0.133558 1
g1 2 28 g1 2 24 0.078725 0.151798 1
g1 2 37 g1 2 24 0.099761 0.252167 0
g1 2 27 g1 2 22 0.0764 0.202364 1
g1 2 27 g1 2 35 0.076882 0.106825 1
g1 2 21 g1 2 23 0.064146 0.0890126 1
g1 2 21 g1 2 22 0.064001 0.16291 1
g1 2 17 g1 2 24 0.056246 0.0803424 1
g1 2 26 g1 2 23 0.074201 0.224511 0
g1 2 21 g1 2 27 0.064104 0.239584 0
g1 2 22 g1 2 22 0.066188 0.156561 1
g1 2 28 g1 2 22 0.078885 0.164012 1
g1 2 22 g1 2 22 0.066251 0.158704 1
g1 2 20 g1 2 21 0.062151 0.163986 1
g1 2 21 g1 2 22 0.063924 0.127 1
g1 2 24 g1 2 24 0.070586 0.157281 1
g1 2 26 g1 2 26 0.074563 0.208272 1
g1 2 21 g1 2 23 0.064263 0.184014 0
g1 2 22 g1 2 22 0.066181 0.171721 0
g1 2 26 g1 2 22 0.074937 0.166915 1
g1 2 19 g1 2 26 0.060456 0.235 0
g1 2 24 g6 2 34 0.069984 0.18875 0
g1 2 26 g6 2 32 0.07512 0.197104 0
g1 2 20 g6 2 35 0.062202 0.172626 1
g1 2 25 g6 2 37 0.072581 0.129048 1
g1 2 35 g2 2 15 0.096112 0.221742 1
g1 2 23 g6 2 23 0.069168 0.151302 1
g1 2 31 g2 2 15 0.085351 0.17079 1
g1 2 20 g1 2 16 0.061578 0.074766 1
g1 2 18 g1 2 16 0.057727 0.0666175 1
g1 2 14 g1 2 16 0.049984 0.097091 1
g1 2 14 g1 2 14 0.050006 0.0732514 1
g1 2 15 g1 2 15 0.052181 0.0769861 1
g1 2 15 g1 2 15 0.052236 0.0601426 1
g1 2 17 g1 2 16 0.055779 0.0660645 1
g1 2 14 g1 2 15 0.050581 0.111548 1
g2 2 13 g2 2 12 0.048881 0.104895 1
g2 2 13 g2 2 12 0.048828 0.100152 1
g2 2 15 g2 2 15 0.052066 0.181384 1
g2 2 12 g2 2 12 0.046229 0.149102 1
g2 2 13 g2 2 12 0.048626 0.151942 1
g2 2 11 g2 2 15 0.043776 0.165786 1
g2 2 12 g2 2 12 0.045963 0.125499 1
g2 2 13 g2 2 12 0.048878 0.10506 1
g2 2 13 g2 2 12 0.04874 0.16345 1
g2 2 27 g2 2 24 0.077168 0.131999 1
g2 2 14 g2 2 12 0.050174 0.107382 1
g2 2 13 g2 2 12 0.048955 0.106109 1
g2 2 13 g2 2 12 0.048677 0.120002 1
g2 2 14 g2 2 12 0.05117 0.127057 1
g2 2 14 g2 2 12 0.050228 0.180586 1
g2 2 13 g2 2 12 0.048988 0.142003 1
g2 2 10 g2 2 15 0.041617 0.257722 0
g2 2 13 g2 2 12 0.049166 0.0980197 1
g2 2 14 g2 2 12 0.050328 0.105194 1
g2 2 13 g2 2 12 0.049188 0.161468 1
g2 2 14 g2 2 12 0.050433 0.143054 1
g2 2 14 g2 2 12 0.050441 0.214652 1
g2 2 12 g2 2 12 0.046291 0.142436 1
g2 2 15 g2 2 12 0.052586 0.101405 1
g2 2 16 g2 2 15 0.05395 0.171857 0
g2 2 13 g2 2 12 0.048736 0.160181 1
g2 2 13 g2 2 15 0.048232 0.242999 0
g2 2 14 g2 2 12 0.050354 0.163168 1
g2 2 16 g2 2 12 0.054342 0.134649 1
g2 2 29 g2 2 26 0.082018 0.119545 1
g2 2 26 g2 2 25 0.074796 0.152066 1
g2 2 27 g2 2 24 0.077095 0.135915 1
g2 2 23 g1 2 21 0.068687 0.27101 0
g2 2 18 g2 2 20 0.058154 0.108109 1
g2 2 20 g2 2 19 0.061667 0.111781 1
g2 2 30 g2 2 27 0.085442 0.124809 1
g2 2 21 g2 2 22 0.064534 0.0915402 1
g2 2 18 g2 2 21 0.058374 0.09341 1
g2 2 17 g2 2 19 0.056117 0.0936848 1
g2 2 19 g2 2 19 0.058557 0.0877324 1
g2 2 18 g2 2 19 0.059964 0.0914348 1
g2 2 19 g2 2 19 0.060052 0.0712885 1
g2 2 17 g2 2 19 0.057365 0.114198 1
g2 2 20 g2 2 19 0.062225 0.073588 1
g2 2 20 g2 2 19 0.06198 0.0967156 1
g2 2 23 g2 2 21 0.068138 0.144163 1
g2 2 15 g2 2 20 0.052606 0.130696 1
g2 2 20 g2 2 19 0.061887 0.0832217 1
g2 2 40 g2 2 26 0.107754 0.163425 1
g2 2 20 g2 2 20 0.062362 0.0960384 1
g2 2 25 g2 2 21 0.073029 0.0813563 1
g2 2 25 g1 2 29 0.072265 0.220425 0
g2 2 19 g2 2 19 0.060388 0.112486 1
g2 2 17 g2 2 21 0.057793 0.097333 1
g2 2 22 g1 2 31 0.065983 0.122122 1
g2 2 20 g2 2 21 0.062298 0.107351 1
g2 2 24 g1 2 25 0.069411 0.197976 0
g2 2 22 g2 2 26 0.066191 0.120047 1
g2 2 19 g2 2 27 0.060129 0.119208 1
g2 2 27 g2 2 26 0.076916 0.118647 1
g2 2 17 g2 2 19 0.056373 0.100057 1
g2 2 19 g1 2 28 0.060142 0.292518 0
g2 2 28 g2 2 23 0.079146 0.166886 1
g2 2 14 g2 2 12 0.050225 0.14921 1
g2 2 12 g2 2 12 0.046287 0.119037 1
g2 2 13 g2 2 12 0.048676 0.0842657 1
g3 1 34 g3 1 44 0.095515 0.317284 0
g3 1 33 g3 1 46 0.092218 0.219336 0
g3 1 47 g3 1 40 0.124994 0.300735 0
g3 1 50 g3 1 38 0.131177 0.292126 0
g3 1 53 g1 2 28 0.134606 0.394027 0
g3 1 47 g3 1 35 0.125521 0.254261 0
g3 1 45 g3 1 35 0.118827 0.283474 0
g3 1 45 g3 1 39 0.120417 0.271269 0
g3 1 42 g3 1 62 0.112584 0.270819 0
g3 1 41 g3 1 44 0.112229 0.289394 0
g3 1 42 g3 1 55 0.113117 0.278039 0
g3 1 45 g3 1 46 0.118684 0.244614 0
g3 1 44 g3 1 41 0.116806 0.235877 0
g3 1 45 g3 1 58 0.119615 0.252537 0
g3 1 42 g3 1 38 0.113255 0.493665 0
g3 1 42 g3 1 40 0.112146 0.203043 0
g3 1 39 g3 1 40 0.106515 0.203044 0
g3 1 54 g1 2 24 0.144019 0.362888 0
g3 1 46 g3 1 39 0.121422 0.241867 0
g3 1 46 g3 1 40 0.122951 0.209648 0
g3 1 48 g3 1 45 0.128018 0.216754 1
g3 1 46 g3 1 55 0.12263 0.223339 0
g3 1 44 g3 1 39 0.117472 0.239907 0
g3 1 41 g3 1 35 0.11198 0.247535 0
g3 1 45 g3 1 40 0.120285 0.311268 0
g3 1 42 g3 1 36 0.112443 0.292783 0
g3 1 48 g3 1 55 0.127776 0.300204 0
g3 1 64 g3 1 40 0.163818 0.285783 0
g3 1 56 g3 1 36 0.145938 0.289882 0
g3 1 48 g3 1 37 0.125154 0.198829 0
g3 1 55 g3 1 58 0.142688 0.224211 0
g3 1 51 g3 1 39 0.13365 0.271578 0
g3 1 47 g3 1 38 0.12456 0.215558 1
g3 1 49 g3 1 40 0.129769 0.234342 0
g3 1 50 g3 1 45 0.130482 0.252466 0
g3 1 48 g3 1 57 0.125963 0.27381 0
g3 1 49 g3 1 30 0.129864 0.323088 0
g3 1 57 g3 1 67 0.145056 0.266969 0
g3 1 59 g3 1 67 0.149239 0.253434 0
g3 1 44 g3 1 41 0.117768 0.369473 0
g3 1 26 g3 1 45 0.088026 0.815193 0
g3 1 47 g3 1 42 0.125377 0.286109 0
g3 1 40 g3 1 37 0.109999 0.220951 0
g3 1 38 g3 1 39 0.103214 0.198995 0
g3 1 40 g3 1 40 0.106072 0.222099 0
g3 1 42 g3 1 45 0.110592 0.299045 0
g3 1 37 g3 1 36 0.100389 0.333865 0
g3 1 41 g3 1 40 0.111091 0.166086 0
g3 1 38 g3 1 35 0.104149 0.213044 0
g3 1 37 g3 1 45 0.10289 0.298428 0
g3 1 41 g3 1 45 0.110071 0.255173 0
g4 2 35 g4 2 29 0.095842 0.200981 1
g4 2 35 g4 2 40 0.096351 0.074868 1
g4 2 42 g4 2 43 0.112291 0.165537 1
g4 2 42 g4 2 40 0.112135 0.165293 1
g4 2 39 g4 2 44 0.107411 0.123519 1
g4 2 40 g4 2 49 0.108046 0.144795 1
g4 2 48 g3 1 42 0.127346 0.263518 0
g4 2 40 g4 2 40 0.110439 0.163291 1
g4 2 47 g4 2 46 0.126201 0.155578 1
g4 2 45 g4 2 47 0.12192 0.164294 1
g4 2 44 g4 2 44 0.118498 0.139688 1
g4 2 46 g4 2 49 0.129253 0.115756 1
g4 2 50 g4 2 49 0.133424 0.0830325 1
g4 2 43 g4 2 29 0.115914 0.121298 1
g4 2 28 g4 2 31 0.081534 0.135106 1
g4 2 29 g4 2 28 0.08337 0.0741795 1
g4 2 28 g4 2 27 0.079295 0.0812595 1
g4 2 31 g4 2 32 0.085875 0.148538 1
g4 2 29 g4 2 31 0.080853 0.10039 1
g4 2 32 g4 2 32 0.088485 0.113248 1
g4 2 33 g4 2 38 0.091649 0.0895119 1
g4 2 34 g4 2 30 0.094253 0.105078 1
g4 2 38 g4 2 46 0.102749 0.154445 1
g4 2 28 g4 2 30 0.078426 0.111214 1
g4 2 35 g4 2 33 0.096347 0.0928454 1
g4 2 35 g4 2 35 0.096057 0.054118 1
g4 2 39 g4 2 34 0.104709 0.0895005 1
g4 2 39 g4 2 41 0.105428 0.110703 1
g4 2 44 g4 2 30 0.116324 0.100345 1
g4 2 44 g4 2 32 0.116358 0.109677 1
g4 2 29 g4 2 35 0.080793 0.0896642 1
g4 2 29 g4 2 31 0.081437 0.0966102 1
g4 2 31 g4 2 32 0.0861 0.0844094 1
g4 2 32 g4 2 32 0.088267 0.129553 1
g4 2 43 g4 2 32 0.114699 0.104682 1
g4 2 40 g4 2 32 0.108155 0.189227 1
g4 2 44 g4 2 39 0.116527 0.150614 1
g4 2 31 g4 2 30 0.086236 0.0719758 1
g4 2 43 g4 2 39 0.114328 0.100572 1
g4 2 48 g4 2 39 0.126275 0.11545 1
g4 2 39 g4 2 40 0.105092 0.0739062 1
g4 2 43 g4 2 30 0.113989 0.099075 1
g5 2 41 g5 2 48 0.110985 0.0936454 1
g5 2 43 g5 2 42 0.114826 0.0802734 1
g5 2 42 g5 2 50 0.113631 0.110121 1
g5 2 40 g5 2 50 0.108359 0.126498 1
g5 2 34 g5 2 48 0.094747 0.167191 1
g5 2 40 g5 2 48 0.108876 0.10047 1
g5 2 39 g4 2 32 0.105966 0.19223 1
g5 2 44 g5 2 48 0.118369 0.179595 1
g5 2 38 g5 2 49 0.104827 0.208098 1
g5 2 31 g5 2 30 0.086428 0.119656 1
g5 2 33 g5 2 33 0.091884 0.123368 1
g5 2 39 g5 2 33 0.106005 0.114927 1
g5 2 32 g5 2 40 0.089304 0.147538 1
g5 2 34 g4 2 29 0.095207 0.192093 1
g5 2 41 g5 2 49 0.111547 0.168088 1
g5 2 37 g5 2 33 0.10095 0.206707 1
g5 2 36 g5 2 49 0.098581 0.176142 1
g5 2 33 g5 2 33 0.092219 0.183825 1
g5 2 36 g5 2 49 0.099799 0.169152 1
g5 2 36 g4 2 29 0.099791 0.176426 1
g5 2 37 g5 2 49 0.101705 0.142442 1
g5 2 36 g4 2 29 0.09888 0.174111 1
g5 2 37 g4 2 29 0.101276 0.209175 1
g5 2 36 g5 2 48 0.098668 0.172507 1
g5 2 39 g5 2 48 0.106226 0.13397 1
g5 2 39 g5 2 52 0.106102 0.154602 1
g5 2 37 g4 2 29 0.101227 0.149926 1
g5 2 37 g5 2 52 0.101298 0.168346 1
g5 2 38 g5 2 49 0.10364 0.216505 1
g5 2 38 g5 2 48 0.104007 0.163797 1
g5 2 36 g4 2 32 0.099001 0.192569 1
g5 2 37 g5 2 48 0.101785 0.131962 1
g5 2 35 g5 2 47 0.097026 0.142198 1
g5 2 37 g5 2 48 0.102902 0.14226 1
g5 2 37 g5 2 47 0.101431 0.144625 1
g5 2 41 g5 2 47 0.110661 0.101672 1
g5 2 53 g5 2 49 0.13798 0.12125 1
g5 2 38 g5 2 47 0.104584 0.0936596 1
g5 2 45 g5 2 50 0.119672 0.0808529 1
g5 2 45 g5 2 47 0.121285 0.120769 1
g5 2 48 g5 2 57 0.128115 0.133671 1
g5 2 45 g5 2 57 0.121346 0.0969753 1
g5 2 45 g5 2 52 0.121751 0.102699 1
g5 2 48 g5 2 49 0.12826 0.0952967 1
g5 2 45 g5 2 50 0.121085 0.0759647 1
g6 2 38 g6 2 36 0.102376 0.0832649 1
g6 2 37 g6 2 36 0.100383 0.0919877 1
g6 2 40 g6 2 32 0.106317 0.104036 1
g6 2 39 g6 2 32 0.104406 0.177701 0
g6 2 33 g6 2 36 0.091281 0.0739164 1
g6 2 32 g6 2 38 0.088853 0.121687 1
g6 2 35 g6 2 36 0.095425 0.0944504 1
g6 2 36 g6 2 36 0.097949 0.131658 1
g6 2 34 g6 2 36 0.093201 0.102656 1
g6 2 30 g6 2 36 0.083136 0.105279 1
g6 2 37 g6 2 35 0.101247 0.14888 1
g6 2 40 g6 2 57 0.10768 0.0781961 1
g6 2 39 g6 2 39 0.107275 0.0718683 1
g6 2 29 g6 2 36 0.082538 0.12352 1
g6 2 34 g6 2 39 0.093971 0.164024 1
g6 2 39 g6 2 37 0.106138 0.0867312 1
g6 2 33 g6 2 36 0.091512 0.0986273 1
g6 2 41 g6 2 37 0.109323 0.0893568 1
g6 2 34 g6 2 36 0.093557 0.0844872 1
g6 2 33 g6 2 36 0.091401 0.141988 1
g6 2 39 g6 2 36 0.104782 0.0943078 1
g6 2 54 g6 2 36 0.138858 0.153552 1
g6 2 36 g6 2 37 0.098646 0.100885 1
g6 2 32 g6 2 37 0.088467 0.123474 1
g6 2 34 g6 2 36 0.093815 0.119653 1
g6 2 33 g6 2 32 0.091489 0.235521 0
g6 2 42 g6 2 36 0.111683 0.113696 1
g6 2 33 g6 2 36 0.091814 0.0889257 1
g6 2 33 g6 2 36 0.091302 0.0953035 1
g6 2 27 g6 2 31 0.076576 0.105149 1
g6 2 30 g6 2 32 0.083306 0.0827278 1
g6 2 31 g6 2 32 0.08586 0.112569 1
g6 2 49 g6 2 45 0.128539 0.369142 0
g6 2 37 g1 2 27 0.10123 0.24954 0
g6 2 30 g6 2 31 0.082725 0.0481761 1
g6 2 31 g6 2 33 0.085494 0.0835578 1
g6 2 33 g6 2 33 0.091836 0.0749726 1
g6 2 31 g6 2 33 0.085713 0.0741513 1
g6 2 35 g6 2 34 0.09576 0.0786984 1
g6 2 37 g6 2 35 0.100373 0.0650936 1
g6 2 35 g6 2 42 0.095928 0.094644 1
g7 1 35 g7 1 42 0.098326 0.274072 0
g7 1 32 g7 1 40 0.088992 0.213871 1
g7 1 35 g7 1 37 0.096577 0.314541 0
g7 1 36 g7 1 50 0.09952 0.156651 1
g7 1 38 g7 1 32 0.103827 0.283299 0
g7 1 39 g7 1 50 0.106878 0.199292 0
g7 1 32 g7 1 39 0.089476 0.269915 0
g7 1 33 g7 1 34 0.094296 0.128595 1
g7 1 25 g7 1 29 0.072485 0.23025 0
g7 1 30 g3 1 38 0.085424 0.404612 0
g7 1 32 g7 1 31 0.090511 0.224395 0
g7 1 34 g7 1 32 0.095344 0.163102 1
g7 1 34 g7 1 37 0.093663 0.212897 1
g7 1 32 g7 1 27 0.08734 0.175722 0
g7 1 27 g7 1 27 0.076633 0.223942 0
g7 1 31 g7 1 29 0.085824 0.174304 1
g7 1 31 g7 1 26 0.085859 0.169538 1
g7 1 28 g7 1 30 0.07879 0.216126 0
g7 1 29 g7 1 27 0.081268 0.234621 0
g7 1 29 g7 1 26 0.082361 0.163887 1
g7 1 29 g7 1 30 0.082797 0.201632 0
g7 1 25 g7 1 25 0.074331 0.0634586 1
g7 1 37 g1 2 15 0.100811 0.530052 0
g7 1 33 g7 1 33 0.090621 0.236254 0
g7 1 43 g7 1 26 0.114611 0.325197 0
g7 1 35 g7 1 46 0.095583 0.348845 0
g7 1 32 g2 2 21 0.08872 0.420181 0
g7 1 36 g7 1 35 0.0984 0.16725 1
g7 1 33 g1 2 15 0.09355 0.551134 0
g7 1 34 g7 1 36 0.092575 0.358404 0
g7 1 34 g7 1 34 0.093133 0.230783 0
g7 1 42 g7 1 45 0.112117 0.299935 0
g7 1 37 g7 1 41 0.101755 0.295442 0
g7 1 38 g7 1 33 0.103881 0.215944 1
g7 1 44 g7 1 31 0.117056 0.208828 1
g7 1 66 g7 1 41 0.161088 0.282145 0
g7 1 32 g7 1 37 0.088928 0.24747 0
g7 1 33 g7 1 48 0.09071 0.259356 0
g7 1 37 g7 1 41 0.104772 0.258088 0
g7 1 38 g7 1 37 0.103387 0.234551 1
g7 1 43 g7 1 39 0.115346 0.261738 0
g7 1 46 g7 1 43 0.124222 0.186543 1
g7 1 30 g7 1 31 0.083739 0.263501 0
g7 1 48 g7 1 38 0.127662 0.179544 1
g7 1 19 g7 1 34 0.060666 0.362941 0
g7 1 33 g7 1 49 0.093628 0.362298 0
g7 1 34 g7 1 32 0.095644 0.154278 1
g7 1 34 g7 1 29 0.095534 0.281279 0
g7 1 35 g7 1 29 0.096529 0.218815 0
g7 1 47 g7 1 39 0.124144 0.239458 1
g7 1 31 g7 1 27 0.086368 0.320248 0
g7 1 31 g7 1 31 0.087456 0.258225 0
g7 1 40 g7 1 43 0.109295 0.168175 1
g7 1 59 g7 1 43 0.153989 0.298299 0
g7 1 54 g7 1 50 0.141852 0.245747 0
g7 1 52 g7 1 35 0.13716 0.381369 0
g7 1 51 g7 1 50 0.134722 0.22973 0
g7 1 33 g7 1 33 0.105077 0.226786 0
g7 1 49 g7 1 46 0.129494 0.164696 1
g7 1 41 g7 1 45 0.109866 0.208928 0
g7 1 45 g7 1 46 0.118505 0.158187 0
g7 1 43 g7 1 43 0.114698 0.191376 1
g7 1 45 g7 1 46 0.120462 0.173496 1
