g1 2 46 g6 2 78 0.231634 0.151288 0
g1 2 44 g6 2 66 0.222741 0.178759 0
g1 2 52 g6 2 50 0.2562 0.133322 0
g1 2 102 g1 2 45 0.471663 0.128455 0
g1 2 63 g2 2 32 0.30258 0.180064 0
g1 2 56 g1 2 48 0.276372 0.143843 0
g1 2 60 g1 2 54 0.288631 0.120497 0
g1 2 37 g1 2 52 0.194883 0.0984114 1
g1 2 46 g1 2 42 0.229916 0.124173 1
g1 2 54 g1 2 48 0.263242 0.15383 0
g1 2 39 g1 2 42 0.201882 0.119368 1
g1 2 50 g1 2 42 0.248194 0.0973216 1
g1 2 48 g1 2 48 0.23938 0.0664936 1
g1 2 47 g1 2 46 0.235268 0.0739914 1
g1 2 53 g1 2 48 0.258734 0.0760608 1
g1 2 111 g6 2 73 0.512546 0.200285 0
g1 2 49 g1 2 42 0.245502 0.0890284 1
g1 2 71 g6 2 70 0.336657 0.199234 0
g1 2 37 g6 2 60 0.194814 0.121699 1
g1 2 46 g6 2 66 0.229681 0.186203 0
g1 2 39 g6 2 51 0.202211 0.130479 1
g1 2 54 g6 2 57 0.264589 0.161004 0
g1 2 42 g2 2 32 0.214641 0.181831 0
g1 2 45 g1 2 38 0.226105 0.0752116 1
g1 2 43 g1 2 38 0.217408 0.076984 1
g1 2 61 g1 2 56 0.295627 0.126833 0
g1 2 58 g1 2 49 0.281313 0.139635 0
g1 2 75 g1 2 49 0.354004 0.246473 0
g1 2 55 g1 2 45 0.268072 0.194773 0
g1 2 56 g1 2 71 0.271617 0.100638 1
g1 2 43 g1 2 48 0.217326 0.0796961 1
g1 2 44 g1 2 45 0.222244 0.162744 0
g1 2 35 g1 2 50 0.185981 0.0640508 1
g1 2 53 g1 2 54 0.260652 0.197304 0
g1 2 43 g1 2 56 0.219262 0.225174 0
g1 2 46 g1 2 45 0.230961 0.149752 0
g1 2 57 g1 2 45 0.275546 0.158249 0
g1 2 46 g1 2 45 0.231429 0.153167 0
g1 2 41 g1 2 43 0.210886 0.154717 0
g1 2 43 g1 2 45 0.21711 0.120064 1
g1 2 49 g1 2 50 0.244035 0.147739 0
g1 2 53 g1 2 54 0.259818 0.204874 0
g1 2 44 g1 2 47 0.221525 0.16863 0
g1 2 46 g1 2 45 0.229818 0.172158 0
g1 2 53 g1 2 45 0.260207 0.161457 0
g1 2 40 g1 2 54 0.207204 0.234592 0
g1 2 50 g6 2 70 0.246445 0.185241 0
g1 2 53 g6 2 65 0.259239 0.195168 0
g1 2 41 g6 2 72 0.209664 0.170864 0
g1 2 52 g6 2 66 0.256465 0.126153 1
g1 2 72 g2 2 32 0.342696 0.2079 0
g1 2 48 g6 2 50 0.23851 0.147781 0
g1 2 64 g2 2 32 0.311005 0.161413 0
g1 2 42 g1 2 34 0.214678 0.0657474 1
g1 2 38 g1 2 34 0.198112 0.0576905 1
g1 2 29 g1 2 32 0.157354 0.0730474 1
g1 2 29 g1 2 29 0.157436 0.0591479 1
g1 2 31 g1 2 32 0.167121 0.0594514 1
g1 2 31 g1 2 31 0.167436 0.0512402 1
g1 2 36 g1 2 34 0.190435 0.0559701 1
g1 2 29 g1 2 29 0.157939 0.0584143 1
g2 2 28 g2 2 26 0.153374 0.0811795 1
g2 2 28 g2 2 26 0.153956 0.0851334 1
g2 2 31 g2 2 32 0.165593 0.152475 0
g2 2 26 g2 2 26 0.145228 0.15096 0
g2 2 27 g2 2 26 0.148922 0.134783 1
g2 2 23 g2 2 32 0.132022 0.14479 0
g2 2 26 g2 2 26 0.144943 0.128871 0
g2 2 27 g2 2 26 0.148959 0.0936361 1
g2 2 28 g2 2 26 0.153683 0.156916 0
g2 2 55 g2 2 50 0.270079 0.125751 0
g2 2 29 g2 2 26 0.15783 0.0853091 1
g2 2 28 g2 2 26 0.153572 0.083249 1
g2 2 28 g2 2 26 0.153653 0.105967 0
g2 2 29 g2 2 26 0.156912 0.106472 1
g2 2 30 g2 2 26 0.161319 0.165983 0
g2 2 27 g2 2 26 0.149485 0.128473 0
g2 2 21 g2 2 32 0.124714 0.237987 0
g2 2 27 g2 2 26 0.148859 0.0734326 1
g2 2 29 g2 2 26 0.157253 0.0851217 1
g2 2 27 g2 2 26 0.149085 0.132623 0
g2 2 30 g2 2 26 0.161189 0.125164 1
g2 2 30 g2 2 26 0.160843 0.203044 0
g2 2 26 g2 2 26 0.146007 0.144111 0
g2 2 31 g2 2 26 0.166131 0.0810045 1
g2 2 33 g2 2 32 0.177337 0.158366 0
g2 2 28 g2 2 26 0.152954 0.150752 0
g2 2 27 g2 2 32 0.149194 0.215898 0
g2 2 30 g2 2 26 0.164395 0.152333 0
g2 2 34 g2 2 26 0.181884 0.12261 1
g2 2 59 g2 2 53 0.286096 0.11708 1
g2 2 54 g2 2 45 0.265071 0.128014 0
g2 2 55 g2 2 50 0.269495 0.115755 1
g2 2 48 g1 2 43 0.240159 0.2597 0
g2 2 38 g2 2 42 0.198701 0.0980483 1
g2 2 42 g2 2 39 0.213514 0.102194 1
g2 2 64 g2 2 53 0.307673 0.107352 1
g2 2 43 g2 2 45 0.220142 0.08175 1
g2 2 37 g2 2 44 0.193236 0.0787427 1
g2 2 36 g2 2 39 0.190928 0.0732876 1
g2 2 39 g2 2 44 0.201018 0.0676211 1
g2 2 39 g2 2 39 0.201834 0.0572556 1
g2 2 41 g2 2 39 0.210875 0.058204 1
g2 2 39 g2 2 39 0.202836 0.0958255 1
g2 2 41 g2 2 39 0.210642 0.068372 1
g2 2 42 g2 2 44 0.215476 0.069749 1
g2 2 47 g2 2 44 0.234679 0.129113 1
g2 2 31 g2 2 41 0.16657 0.117848 1
g2 2 42 g2 2 39 0.214856 0.0603325 1
g2 2 84 g2 2 53 0.396234 0.158532 0
g2 2 41 g2 2 42 0.209833 0.0792109 1
g2 2 52 g2 2 44 0.258033 0.0678666 1
g2 2 52 g1 2 59 0.254865 0.214053 0
g2 2 40 g2 2 39 0.205633 0.100108 1
g2 2 37 g2 2 44 0.194702 0.0734798 1
g2 2 45 g1 2 64 0.226983 0.11533 0
g2 2 41 g2 2 44 0.211043 0.0894534 1
g2 2 49 g1 2 52 0.244183 0.192203 0
g2 2 46 g2 2 53 0.232101 0.113762 1
g2 2 40 g2 2 56 0.207163 0.109518 1
g2 2 56 g2 2 53 0.27251 0.108558 0
g2 2 35 g2 2 39 0.186808 0.0854126 1
g2 2 40 g1 2 57 0.205964 0.290744 0
g2 2 58 g2 2 48 0.282664 0.157088 0
g2 2 29 g2 2 26 0.158131 0.130603 1
g2 2 26 g2 2 26 0.145632 0.124375 1
g2 2 28 g2 2 26 0.154405 0.0648008 1
g3 1 71 g3 1 117 0.33992 0.324802 0
g3 1 68 g3 1 84 0.325955 0.195019 0
g3 1 95 g3 1 81 0.446502 0.297211 0
g3 1 102 g3 1 73 0.471405 0.238231 0
g3 1 107 g1 2 57 0.498368 0.435192 0
g3 1 96 g3 1 73 0.45012 0.256784 0
g3 1 91 g3 1 72 0.425141 0.283782 0
g3 1 93 g3 1 82 0.437303 0.278986 0
g3 1 86 g3 1 87 0.405323 0.278766 0
g3 1 87 g3 1 92 0.407498 0.286671 0
g3 1 88 g3 1 106 0.412111 0.25416 0
g3 1 92 g3 1 81 0.432358 0.213043 0
g3 1 92 g3 1 86 0.431311 0.243595 0
g3 1 92 g3 1 127 0.433063 0.215488 0
g3 1 90 g3 1 78 0.419607 0.48263 0
g3 1 86 g3 1 74 0.406862 0.250771 0
g3 1 80 g3 1 81 0.379413 0.197855 0
g3 1 113 g1 2 49 0.523524 0.365256 0
g3 1 95 g3 1 120 0.445798 0.277623 0
g3 1 95 g3 1 85 0.444293 0.214674 0
g3 1 99 g3 1 91 0.4603 0.21966 0
g3 1 93 g3 1 114 0.437751 0.216507 0
g3 1 92 g3 1 82 0.431444 0.243911 0
g3 1 85 g3 1 73 0.398603 0.253357 0
g3 1 91 g3 1 81 0.42672 0.303233 0
g3 1 88 g3 1 77 0.410145 0.279025 0
g3 1 99 g3 1 112 0.461589 0.301411 0
g3 1 132 g3 1 84 0.606533 0.282255 0
g3 1 114 g1 2 67 0.528656 0.433656 0
g3 1 97 g3 1 80 0.453293 0.194454 0
g3 1 111 g3 1 120 0.514941 0.219352 0
g3 1 104 g3 1 82 0.481404 0.272961 0
g3 1 97 g3 1 78 0.452212 0.214279 0
g3 1 100 g3 1 85 0.468116 0.238413 0
g3 1 101 g3 1 91 0.471352 0.246691 0
g3 1 98 g3 1 83 0.458976 0.266989 0
g3 1 102 g3 1 61 0.474205 0.319321 0
g3 1 115 g3 1 140 0.533407 0.259004 0
g3 1 120 g3 1 140 0.556827 0.257885 0
g3 1 92 g3 1 84 0.428775 0.376836 0
g3 1 76 g3 1 68 0.360302 0.838187 0
g3 1 97 g3 1 85 0.452955 0.281698 0
g3 1 85 g3 1 79 0.399234 0.211924 0
g3 1 77 g3 1 80 0.366537 0.193174 0
g3 1 81 g3 1 81 0.380753 0.214615 0
g3 1 86 g3 1 91 0.403205 0.293187 0
g3 1 77 g3 1 77 0.363295 0.329228 0
g3 1 85 g3 1 84 0.396258 0.171792 0
g3 1 79 g3 1 74 0.374024 0.219377 0
g3 1 78 g3 1 91 0.368124 0.301788 0
g3 1 84 g3 1 91 0.392752 0.249839 0
g4 2 71 g4 2 59 0.336677 0.197981 0
g4 2 71 g4 2 82 0.335463 0.0673577 1
g4 2 86 g4 2 87 0.403601 0.162387 0
g4 2 85 g4 2 82 0.396641 0.163094 0
g4 2 80 g4 2 90 0.377594 0.119479 1
g4 2 81 g4 2 99 0.381144 0.140361 0
g4 2 100 g3 1 89 0.463172 0.256963 0
g4 2 81 g4 2 82 0.381998 0.161404 0
g4 2 95 g4 2 94 0.44525 0.151724 0
g4 2 93 g4 2 95 0.43258 0.166845 0
g4 2 89 g4 2 90 0.415824 0.134421 0
g4 2 94 g4 2 99 0.43827 0.112284 0
g4 2 102 g4 2 101 0.474841 0.0792493 1
g4 2 89 g4 2 60 0.416197 0.120146 1
g4 2 57 g4 2 63 0.275642 0.127532 0
g4 2 60 g4 2 57 0.290001 0.0727951 1
g4 2 57 g4 2 55 0.278245 0.0765809 1
g4 2 63 g4 2 66 0.300449 0.145435 0
g4 2 59 g4 2 64 0.283903 0.103085 1
g4 2 65 g4 2 66 0.310021 0.109033 1
g4 2 67 g4 2 78 0.320563 0.0845207 1
g4 2 69 g4 2 78 0.328703 0.0992632 1
g4 2 77 g4 2 95 0.363482 0.150205 0
g4 2 57 g4 2 62 0.276632 0.105123 1
g4 2 72 g4 2 67 0.34259 0.0917946 1
g4 2 72 g4 2 72 0.340032 0.0487928 1
g4 2 80 g4 2 72 0.376917 0.096792 1
g4 2 79 g4 2 83 0.372446 0.110217 1
g4 2 92 g4 2 62 0.427095 0.0942064 1
g4 2 90 g4 2 66 0.41831 0.104487 1
g4 2 59 g4 2 72 0.285595 0.0842909 1
g4 2 59 g4 2 63 0.284623 0.0951817 1
g4 2 63 g4 2 66 0.302419 0.0775533 1
g4 2 66 g4 2 66 0.316855 0.130783 0
g4 2 87 g4 2 66 0.405793 0.0984169 1
g4 2 82 g4 2 66 0.38519 0.187906 0
g4 2 89 g4 2 79 0.41697 0.146783 0
g4 2 64 g4 2 62 0.30834 0.06811 1
g4 2 88 g4 2 79 0.409561 0.0983666 1
g4 2 100 g4 2 79 0.466292 0.107776 1
g4 2 80 g4 2 82 0.375936 0.0682101 1
g4 2 88 g4 2 62 0.410092 0.0951075 1
g5 2 84 g5 2 94 0.396735 0.0893276 1
g5 2 87 g5 2 85 0.408215 0.07674 1
g5 2 85 g5 2 101 0.400755 0.103887 1
g5 2 82 g5 2 101 0.386098 0.115029 1
g5 2 69 g5 2 98 0.332369 0.161708 0
g5 2 81 g5 2 98 0.382923 0.093637 1
g5 2 80 g4 2 65 0.379259 0.188495 0
g5 2 89 g5 2 98 0.41858 0.177104 0
g5 2 78 g5 2 100 0.368093 0.207057 0
g5 2 64 g5 2 62 0.307809 0.117363 1
g5 2 68 g5 2 68 0.324834 0.118527 1
g5 2 80 g5 2 68 0.376142 0.108617 1
g5 2 66 g5 2 82 0.316731 0.144767 1
g5 2 69 g4 2 60 0.331188 0.184893 0
g5 2 83 g5 2 100 0.389868 0.161194 0
g5 2 76 g5 2 68 0.359047 0.213484 0
g5 2 73 g5 2 100 0.34537 0.169533 0
g5 2 68 g5 2 68 0.326762 0.181235 0
g5 2 73 g5 2 100 0.346816 0.164479 0
g5 2 73 g4 2 59 0.349169 0.169954 0
g5 2 75 g5 2 99 0.357553 0.132889 0
g5 2 73 g4 2 59 0.344961 0.171729 0
g5 2 75 g4 2 70 0.358292 0.208315 0
g5 2 73 g5 2 98 0.345548 0.164008 0
g5 2 80 g5 2 98 0.377923 0.126467 1
g5 2 79 g5 2 106 0.373701 0.150373 0
g5 2 76 g4 2 59 0.36231 0.143915 1
g5 2 75 g5 2 106 0.354913 0.162088 0
g5 2 77 g5 2 100 0.362651 0.212821 0
g5 2 78 g5 2 88 0.368223 0.138219 0
g5 2 73 g4 2 65 0.346049 0.188444 0
g5 2 76 g5 2 98 0.360501 0.126548 0
g5 2 71 g5 2 88 0.339069 0.124091 1
g5 2 75 g5 2 98 0.359886 0.138346 1
g5 2 76 g5 2 98 0.360003 0.14134 0
g5 2 83 g5 2 96 0.391018 0.0967958 1
g5 2 110 g5 2 100 0.510641 0.117764 1
g5 2 77 g5 2 96 0.368856 0.0859853 1
g5 2 92 g5 2 101 0.433722 0.0756882 1
g5 2 92 g5 2 96 0.434254 0.121358 1
g5 2 98 g5 2 115 0.458151 0.128895 0
g5 2 92 g5 2 115 0.435402 0.0887364 1
g5 2 91 g5 2 105 0.428037 0.0983385 1
g5 2 98 g5 2 100 0.459824 0.0920366 1
g5 2 92 g5 2 98 0.433249 0.0726742 1
g6 2 78 g6 2 74 0.36678 0.0771508 1
g6 2 75 g6 2 74 0.35376 0.0886424 1
g6 2 81 g6 2 74 0.380052 0.0836842 1
g6 2 79 g6 2 65 0.368644 0.173104 0
g6 2 67 g6 2 74 0.321115 0.0672741 1
g6 2 66 g6 2 77 0.316095 0.118315 1
g6 2 71 g6 2 74 0.336173 0.0905255 1
g6 2 73 g6 2 74 0.344798 0.124846 1
g6 2 70 g6 2 74 0.331321 0.100239 1
g6 2 61 g6 2 74 0.295111 0.0983939 1
g6 2 76 g6 2 72 0.357695 0.148163 0
g6 2 82 g6 2 179 0.385183 0.0846958 1
g6 2 80 g6 2 79 0.373703 0.063838 1
g6 2 59 g6 2 74 0.286289 0.11493 1
g6 2 70 g6 2 79 0.333744 0.159495 0
g6 2 79 g6 2 75 0.369409 0.0817193 1
g6 2 67 g6 2 74 0.318297 0.091968 1
g6 2 84 g6 2 75 0.393429 0.0825079 1
g6 2 70 g6 2 74 0.330599 0.0787895 1
g6 2 68 g6 2 74 0.325718 0.138218 1
g6 2 80 g6 2 74 0.376377 0.0904658 1
g6 2 115 g6 2 74 0.528627 0.146904 0
g6 2 74 g6 2 75 0.350231 0.0920864 1
g6 2 66 g6 2 75 0.313708 0.116224 1
g6 2 70 g6 2 74 0.33348 0.116515 1
g6 2 68 g6 2 86 0.324601 0.238972 0
g6 2 86 g6 2 74 0.399673 0.111647 0
g6 2 68 g6 2 74 0.324721 0.0831092 1
g6 2 68 g6 2 74 0.324122 0.086832 1
g6 2 56 g6 2 64 0.272024 0.0933762 1
g6 2 61 g6 2 65 0.292797 0.0761368 1
g6 2 63 g6 2 65 0.303498 0.105658 1
g6 2 99 g6 2 94 0.45895 0.363476 0
g6 2 75 g1 2 48 0.35551 0.249605 0
g6 2 61 g6 2 62 0.293176 0.0327492 1
g6 2 63 g6 2 63 0.30294 0.0631679 1
g6 2 67 g6 2 63 0.317007 0.05762 1
g6 2 64 g6 2 67 0.307153 0.0627893 1
g6 2 71 g6 2 70 0.334658 0.0710151 1
g6 2 76 g6 2 72 0.358186 0.0616743 1
g6 2 71 g6 2 86 0.338245 0.0880207 1
g7 1 73 g7 1 87 0.346582 0.276653 0
g7 1 65 g7 1 83 0.311733 0.214454 0
g7 1 71 g7 1 67 0.335933 0.282719 0
g7 1 73 g7 1 102 0.349069 0.152302 0
g7 1 78 g7 1 66 0.368564 0.281868 0
g7 1 82 g7 1 79 0.387348 0.254095 0
g7 1 66 g7 1 90 0.31759 0.298982 0
g7 1 72 g7 1 73 0.341686 0.12482 0
g7 1 52 g7 1 60 0.255649 0.216389 0
g7 1 63 g3 1 83 0.304283 0.402751 0
g7 1 67 g7 1 65 0.318227 0.216339 0
g7 1 72 g7 1 66 0.340382 0.16338 0
g7 1 69 g7 1 76 0.329678 0.217292 0
g7 1 65 g7 1 56 0.311269 0.176963 0
g7 1 56 g7 1 55 0.27315 0.216631 0
g7 1 64 g7 1 60 0.305596 0.174255 0
g7 1 63 g7 1 55 0.303164 0.159184 0
g7 1 58 g7 1 62 0.281718 0.214683 0
g7 1 60 g7 1 89 0.289667 0.287003 0
g7 1 61 g7 1 54 0.294623 0.1594 0
g7 1 61 g7 1 62 0.294325 0.197077 0
g7 1 54 g7 1 51 0.266985 0.0359672 1
g7 1 75 g1 2 31 0.354959 0.531559 0
g7 1 68 g7 1 69 0.32264 0.227489 0
g7 1 88 g7 1 54 0.410527 0.322716 0
g7 1 72 g7 1 94 0.340971 0.355573 0
g7 1 67 g2 2 44 0.318907 0.433212 0
g7 1 74 g7 1 73 0.349897 0.162263 0
g7 1 70 g1 2 31 0.333416 0.556073 0
g7 1 70 g3 1 130 0.332634 0.527538 0
g7 1 72 g7 1 69 0.339054 0.213634 0
g7 1 85 g7 1 93 0.398668 0.297133 0
g7 1 77 g7 1 88 0.36299 0.299293 0
g7 1 79 g7 1 67 0.372706 0.217543 0
g7 1 90 g7 1 66 0.420271 0.204809 0
g7 1 136 g7 1 88 0.624392 0.278841 0
g7 1 66 g7 1 75 0.315531 0.243261 0
g7 1 67 g7 1 97 0.318463 0.255342 0
g7 1 78 g7 1 97 0.369431 0.302368 0
g7 1 78 g7 1 75 0.366121 0.2283 0
g7 1 88 g7 1 79 0.41322 0.267838 0
g7 1 97 g7 1 91 0.454838 0.194214 0
g7 1 62 g7 1 67 0.299457 0.300022 0
g7 1 101 g7 1 77 0.469026 0.175852 0
g7 1 39 g7 1 67 0.200118 0.363805 0
g7 1 70 g7 1 100 0.334526 0.366107 0
g7 1 72 g7 1 66 0.341751 0.154116 0
g7 1 71 g7 1 60 0.337049 0.27246 0
g7 1 72 g7 1 73 0.342967 0.167207 0
g7 1 96 g7 1 79 0.448104 0.237336 0
g7 1 63 g7 1 57 0.304406 0.30922 0
g7 1 66 g7 1 65 0.315322 0.258674 0
g7 1 84 g7 1 89 0.396312 0.162882 0
g7 1 119 g7 1 91 0.552956 0.298131 0
g7 1 110 g7 1 103 0.510828 0.245886 0
g7 1 105 g7 1 72 0.488347 0.384203 0
g7 1 104 g7 1 103 0.484365 0.223071 0
g7 1 91 g7 1 71 0.425099 0.238848 0
g7 1 99 g7 1 94 0.46295 0.159645 0
g7 1 83 g7 1 93 0.389925 0.211323 0
g7 1 92 g7 1 94 0.430092 0.157543 0
g7 1 88 g7 1 91 0.411498 0.186894 0
g7 1 93 g7 1 94 0.43537 0.166753 0
