g1 2 44 g6 2 60 0.220034 0.160914 1
g1 2 42 g6 2 64 0.208938 0.172727 1
g1 2 50 g6 2 48 0.249234 0.125289 1
g1 2 100 g1 2 43 0.491263 0.129417 1
g1 2 61 g2 2 30 0.291988 0.183151 1
g1 2 54 g1 2 46 0.257443 0.142534 1
g1 2 58 g1 2 46 0.275044 0.113158 1
g1 2 35 g1 2 50 0.180911 0.0970448 1
g1 2 44 g1 2 40 0.215764 0.122193 1
g1 2 52 g1 2 46 0.251188 0.153201 1
g1 2 37 g1 2 40 0.189077 0.117398 1
g1 2 48 g1 2 40 0.233759 0.0942005 1
g1 2 46 g1 2 46 0.225259 0.0653767 1
g1 2 45 g1 2 44 0.220755 0.0742529 1
g1 2 51 g1 2 46 0.24409 0.0742867 1
g1 2 109 g6 2 71 0.488753 0.199637 1
g1 2 47 g1 2 40 0.230435 0.0893916 1
g1 2 69 g6 2 68 0.324211 0.192761 1
g1 2 35 g6 2 69 0.182432 0.134836 1
g1 2 44 g6 2 64 0.217449 0.180735 1
g1 2 37 g6 2 49 0.189825 0.127242 1
g1 2 52 g6 2 55 0.250059 0.15502 1
g1 2 40 g2 2 45 0.208672 0.175992 1
g1 2 43 g1 2 36 0.21998 0.0701902 1
g1 2 41 g1 2 36 0.215074 0.0729246 1
g1 2 59 g1 2 54 0.279345 0.125942 1
g1 2 56 g1 2 47 0.273535 0.139616 1
g1 2 73 g1 2 47 0.343249 0.242762 1
g1 2 53 g1 2 43 0.253116 0.194021 1
g1 2 54 g1 2 69 0.257398 0.100994 1
g1 2 41 g1 2 46 0.204592 0.0782365 1
g1 2 42 g1 2 43 0.208505 0.156364 1
g1 2 33 g1 2 48 0.174823 0.0612619 1
g1 2 51 g1 2 52 0.251891 0.197634 1
g1 2 41 g1 2 54 0.20658 0.226619 1
g1 2 44 g1 2 43 0.21827 0.145674 1
g1 2 55 g1 2 43 0.267616 0.154799 1
g1 2 44 g1 2 43 0.218615 0.14882 1
g1 2 39 g1 2 41 0.196472 0.156408 1
g1 2 41 g1 2 43 0.208022 0.113863 1
g1 2 47 g1 2 48 0.231335 0.148519 1
g1 2 51 g1 2 52 0.248118 0.204624 1
g1 2 42 g1 2 43 0.210483 0.206752 1
g1 2 44 g1 2 43 0.219019 0.166897 1
g1 2 51 g1 2 43 0.249662 0.152267 1
g1 2 38 g1 2 52 0.199383 0.225632 1
g1 2 48 g6 2 67 0.239895 0.191866 1
g1 2 51 g6 2 63 0.244665 0.186925 1
g1 2 39 g6 2 70 0.196532 0.163582 1
g1 2 50 g6 2 64 0.243158 0.123351 1
g1 2 70 g2 2 30 0.330464 0.211961 1
g1 2 46 g6 2 48 0.225272 0.140177 1
g1 2 62 g2 2 30 0.294131 0.158839 1
g1 2 40 g1 2 30 0.201818 0.104996 1
g1 2 36 g1 2 32 0.18472 0.0552752 1
g1 2 27 g1 2 30 0.145289 0.0717766 1
g1 2 27 g1 2 27 0.145692 0.0584145 1
g1 2 29 g1 2 30 0.156292 0.0570191 1
g1 2 29 g1 2 29 0.152809 0.0497548 1
g1 2 34 g1 2 32 0.17745 0.0552609 1
g1 2 27 g1 2 27 0.145441 0.0585002 1
g2 2 26 g2 2 24 0.141263 0.080774 1
g2 2 26 g2 2 24 0.140625 0.0829627 1
g2 2 29 g2 2 30 0.153014 0.150494 1
g2 2 24 g2 2 24 0.13345 0.147788 1
g2 2 25 g2 2 24 0.138513 0.131777 1
g2 2 21 g2 2 30 0.120952 0.144918 1
g2 2 24 g2 2 24 0.133787 0.121557 1
g2 2 25 g2 2 24 0.136545 0.0897749 1
g2 2 26 g2 2 24 0.141836 0.147597 1
g2 2 53 g2 2 48 0.256578 0.12162 1
g2 2 27 g2 2 24 0.14518 0.0821964 1
g2 2 26 g2 2 24 0.141427 0.0848221 1
g2 2 26 g2 2 24 0.141532 0.105094 1
g2 2 27 g2 2 24 0.144584 0.108519 1
g2 2 28 g2 2 24 0.14982 0.168705 1
g2 2 25 g2 2 24 0.139018 0.128441 1
g2 2 19 g2 2 30 0.113224 0.230905 1
g2 2 25 g2 2 24 0.137737 0.0748435 1
g2 2 27 g2 2 24 0.145386 0.0862481 1
g2 2 25 g2 2 24 0.138596 0.132325 1
g2 2 28 g2 2 24 0.149954 0.127187 1
g2 2 28 g2 2 24 0.149235 0.202375 1
g2 2 24 g2 2 24 0.135267 0.140708 1
g2 2 29 g2 2 24 0.153684 0.0773327 1
g2 2 31 g2 2 30 0.160952 0.157309 1
g2 2 26 g2 2 24 0.14133 0.142029 1
g2 2 25 g2 2 30 0.138411 0.218193 1
g2 2 28 g2 2 24 0.149338 0.144577 1
g2 2 32 g2 2 24 0.165628 0.120105 1
g2 2 57 g2 2 51 0.270061 0.113447 1
g2 2 52 g1 2 29 0.250833 0.207128 1
g2 2 53 g2 2 48 0.253783 0.113228 1
g2 2 46 g1 2 41 0.224834 0.255285 1
g2 2 36 g2 2 40 0.186768 0.0945646 1
g2 2 40 g2 2 37 0.199747 0.0997305 1
g2 2 62 g2 2 51 0.291423 0.105391 1
g2 2 41 g2 2 37 0.204418 0.0860249 1
g2 2 35 g2 2 42 0.180196 0.0785681 1
g2 2 34 g2 2 37 0.181085 0.0735559 1
g2 2 37 g2 2 42 0.18901 0.0676064 1
g2 2 37 g2 2 37 0.190877 0.0543996 1
g2 2 39 g2 2 37 0.196063 0.0563116 1
g2 2 37 g2 2 37 0.188704 0.0944887 1
g2 2 39 g2 2 37 0.196423 0.0661056 1
g2 2 40 g2 2 42 0.200669 0.0699725 1
g2 2 45 g2 2 42 0.220167 0.125056 1
g2 2 29 g2 2 40 0.153766 0.117702 1
g2 2 40 g2 2 37 0.199815 0.0587943 1
g2 2 82 g2 2 51 0.37767 0.159875 1
g2 2 39 g2 2 40 0.195408 0.0776896 1
g2 2 50 g2 2 42 0.240442 0.0686868 1
g2 2 50 g1 2 48 0.239287 0.208267 1
g2 2 38 g2 2 37 0.191487 0.097143 1
g2 2 35 g2 2 42 0.180438 0.0715669 1
g2 2 43 g1 2 62 0.212376 0.112596 1
g2 2 39 g2 2 42 0.195958 0.0883543 1
g2 2 47 g1 2 50 0.227407 0.190312 1
g2 2 44 g2 2 51 0.216219 0.108911 1
g2 2 38 g2 2 54 0.191703 0.10608 1
g2 2 54 g2 2 51 0.256473 0.109573 1
g2 2 33 g2 2 37 0.173353 0.083846 1
g2 2 38 g1 2 55 0.192696 0.278588 1
g2 2 56 g2 2 46 0.266321 0.160661 1
g2 2 27 g2 2 24 0.145289 0.129458 1
g2 2 24 g2 2 24 0.132924 0.118578 1
g2 2 26 g2 2 24 0.14068 0.0644475 1
g3 1 69 g3 1 72 0.320061 0.316273 1
g3 1 66 g3 1 82 0.308228 0.190213 1
g3 1 93 g3 1 79 0.423448 0.296692 1
g3 1 100 g3 1 71 0.451809 0.236355 1
g3 1 105 g1 2 55 0.47546 0.423074 1
g3 1 94 g3 1 71 0.426912 0.254154 1
g3 1 89 g3 1 70 0.406451 0.276936 1
g3 1 91 g3 1 80 0.4153 0.273393 1
g3 1 84 g3 1 85 0.383849 0.278647 1
g3 1 85 g3 1 90 0.386751 0.283675 1
g3 1 86 g3 1 104 0.392401 0.250977 1
g3 1 90 g3 1 79 0.410082 0.20536 1
g3 1 90 g3 1 84 0.409966 0.23957 1
g3 1 90 g3 1 125 0.411199 0.213121 1
g3 1 88 g3 1 76 0.399461 0.475727 0
g3 1 84 g3 1 72 0.385206 0.242721 1
g3 1 78 g3 1 79 0.359001 0.195477 1
g3 1 111 g1 2 47 0.502822 0.354061 1
g3 1 93 g3 1 80 0.422472 0.243617 1
g3 1 93 g3 1 83 0.423385 0.208777 1
g3 1 97 g3 1 89 0.440021 0.214353 1
g3 1 91 g3 1 112 0.414047 0.215496 1
g3 1 90 g3 1 80 0.409772 0.237226 1
g3 1 83 g3 1 71 0.37935 0.250708 1
g3 1 89 g3 1 79 0.407012 0.300822 1
g3 1 86 g3 1 75 0.39126 0.281679 1
g3 1 97 g3 1 110 0.438734 0.295255 1
g3 1 130 g3 1 82 0.58085 0.284261 1
g3 1 112 g3 1 87 0.504478 0.287481 1
g3 1 95 g3 1 78 0.430121 0.19328 1
g3 1 109 g3 1 118 0.491749 0.217483 1
g3 1 102 g3 1 80 0.464087 0.268437 1
g3 1 95 g3 1 76 0.431549 0.211657 1
g3 1 98 g3 1 83 0.444825 0.232041 1
g3 1 99 g3 1 89 0.44934 0.239975 1
g3 1 96 g3 1 81 0.437257 0.262869 1
g3 1 100 g7 1 75 0.453619 0.43396 1
g3 1 113 g3 1 138 0.509041 0.259061 1
g3 1 118 g3 1 138 0.532325 0.252984 1
g3 1 90 g3 1 82 0.406666 0.368885 1
g3 1 74 g3 1 66 0.339338 0.834601 0
g3 1 95 g3 1 83 0.430094 0.274813 1
g3 1 83 g3 1 77 0.379087 0.211947 1
g3 1 75 g3 1 78 0.344326 0.188616 1
g3 1 79 g3 1 79 0.360277 0.209933 1
g3 1 84 g3 1 89 0.383447 0.288825 1
g3 1 75 g3 1 75 0.342841 0.323432 1
g3 1 83 g3 1 82 0.377948 0.167859 1
g3 1 77 g3 1 72 0.35287 0.214258 1
g3 1 76 g3 1 89 0.348824 0.294233 1
g3 1 82 g3 1 89 0.374041 0.248577 1
g4 2 69 g4 2 57 0.320526 0.191123 1
g4 2 69 g4 2 80 0.318394 0.0660167 1
g4 2 84 g4 2 85 0.382773 0.161414 1
g4 2 83 g4 2 80 0.377701 0.161243 1
g4 2 78 g4 2 88 0.356314 0.117795 1
g4 2 79 g4 2 97 0.36168 0.13937 1
g4 2 98 g3 1 87 0.442032 0.254056 1
g4 2 79 g4 2 80 0.360847 0.157149 1
g4 2 93 g4 2 92 0.422159 0.149584 1
g4 2 91 g4 2 93 0.412835 0.163987 1
g4 2 87 g4 2 88 0.396739 0.135221 1
g4 2 92 g4 2 97 0.417901 0.111199 1
g4 2 100 g4 2 99 0.452083 0.0772027 1
g4 2 87 g4 2 53 0.395696 0.0994266 1
g4 2 55 g4 2 65 0.259042 0.116808 1
g4 2 58 g4 2 55 0.272382 0.0715552 1
g4 2 55 g4 2 53 0.259575 0.0751592 1
g4 2 61 g4 2 64 0.2848 0.142849 1
g4 2 57 g4 2 62 0.267639 0.0996441 1
g4 2 63 g4 2 64 0.293438 0.105019 1
g4 2 65 g4 2 76 0.303767 0.0836168 1
g4 2 67 g4 2 76 0.309946 0.0981991 1
g4 2 75 g4 2 93 0.343064 0.148781 1
g4 2 55 g4 2 60 0.259153 0.103583 1
g4 2 70 g4 2 65 0.324153 0.0884289 1
g4 2 70 g4 2 70 0.322856 0.0475186 1
g4 2 78 g4 2 68 0.355684 0.0850483 1
g4 2 77 g4 2 81 0.352505 0.108874 1
g4 2 90 g4 2 60 0.40559 0.0948221 1
g4 2 88 g4 2 64 0.399655 0.103041 1
g4 2 57 g4 2 70 0.267305 0.0813742 1
g4 2 57 g4 2 61 0.268238 0.0911389 1
g4 2 61 g4 2 64 0.284612 0.0745925 1
g4 2 64 g4 2 64 0.299308 0.125211 1
g4 2 85 g4 2 64 0.385255 0.0978542 1
g4 2 80 g4 2 64 0.364786 0.184858 1
g4 2 87 g4 2 77 0.394627 0.144483 1
g4 2 62 g4 2 60 0.28964 0.0668608 1
g4 2 86 g4 2 77 0.391294 0.0981559 1
g4 2 98 g4 2 77 0.442625 0.10866 1
g4 2 78 g4 2 80 0.357414 0.0673156 1
g4 2 86 g4 2 60 0.389478 0.0945725 1
g5 2 82 g5 2 92 0.377018 0.0888844 1
g5 2 85 g5 2 83 0.387385 0.0766654 1
g5 2 83 g5 2 99 0.381493 0.104034 1
g5 2 80 g5 2 99 0.367618 0.115317 1
g5 2 67 g5 2 96 0.313339 0.158796 1
g5 2 79 g5 2 96 0.364973 0.0914223 1
g5 2 78 g4 2 63 0.357188 0.186761 1
g5 2 87 g5 2 96 0.398193 0.173141 1
g5 2 76 g5 2 98 0.349287 0.205094 1
g5 2 62 g5 2 60 0.291006 0.115852 1
g5 2 66 g5 2 66 0.307057 0.116191 1
g5 2 78 g5 2 66 0.357654 0.107979 1
g5 2 64 g5 2 80 0.30016 0.141213 1
g5 2 67 g4 2 58 0.311845 0.184074 1
g5 2 81 g5 2 98 0.371866 0.160284 1
g5 2 74 g5 2 66 0.339867 0.202666 1
g5 2 71 g5 2 98 0.327607 0.170467 1
g5 2 66 g5 2 66 0.307934 0.177696 1
g5 2 71 g5 2 98 0.328599 0.163221 1
g5 2 71 g4 2 57 0.328566 0.167461 1
g5 2 73 g5 2 97 0.337186 0.132334 1
g5 2 71 g5 2 63 0.327862 0.154023 1
g5 2 73 g4 2 68 0.339893 0.206301 1
g5 2 71 g5 2 96 0.328728 0.164192 1
g5 2 78 g5 2 96 0.358731 0.126072 1
g5 2 77 g5 2 104 0.354791 0.149785 1
g5 2 74 g4 2 57 0.341521 0.14223 1
g5 2 73 g5 2 104 0.336941 0.163228 1
g5 2 75 g5 2 98 0.344372 0.211005 1
g5 2 76 g5 2 86 0.349974 0.135157 1
g5 2 71 g4 2 63 0.327796 0.186927 1
g5 2 74 g5 2 96 0.342648 0.126245 1
g5 2 69 g5 2 94 0.321486 0.133138 1
g5 2 73 g5 2 96 0.338507 0.133423 1
g5 2 74 g5 2 96 0.340941 0.142666 1
g5 2 81 g5 2 94 0.371705 0.0961288 1
g5 2 108 g5 2 98 0.486326 0.116844 1
g5 2 75 g5 2 94 0.347044 0.08502 1
g5 2 90 g5 2 99 0.40834 0.0742962 1
g5 2 90 g5 2 94 0.412299 0.118403 1
g5 2 96 g5 2 113 0.439487 0.126379 1
g5 2 90 g5 2 113 0.412748 0.0856127 1
g5 2 89 g5 2 103 0.408086 0.0963033 1
g5 2 96 g5 2 98 0.437635 0.089658 1
g5 2 90 g5 2 96 0.410766 0.0717028 1
g6 2 76 g6 2 72 0.346413 0.0771459 1
g6 2 73 g6 2 72 0.334261 0.0880276 1
g6 2 79 g6 2 72 0.3603 0.0822419 1
g6 2 77 g6 2 63 0.350433 0.168577 1
g6 2 65 g6 2 72 0.301179 0.0669014 1
g6 2 64 g6 2 75 0.297421 0.114614 1
g6 2 69 g6 2 72 0.31809 0.0890006 1
g6 2 71 g6 2 72 0.324921 0.123143 1
g6 2 68 g6 2 72 0.312797 0.0985805 1
g6 2 59 g6 2 72 0.276392 0.0973569 1
g6 2 74 g6 2 70 0.338317 0.143305 1
g6 2 80 g6 2 177 0.364386 0.0852704 1
g6 2 78 g6 2 77 0.355358 0.0643359 1
g6 2 57 g6 2 72 0.26839 0.116345 1
g6 2 68 g6 2 77 0.314001 0.158649 1
g6 2 77 g6 2 73 0.35108 0.0807775 1
g6 2 65 g6 2 72 0.300893 0.0915207 1
g6 2 82 g6 2 73 0.372209 0.0823714 1
g6 2 68 g6 2 72 0.313373 0.0777317 1
g6 2 66 g6 2 72 0.305077 0.137876 1
g6 2 78 g6 2 72 0.35548 0.0898468 1
g6 2 113 g6 2 72 0.502372 0.147326 1
g6 2 72 g6 2 73 0.330888 0.0916119 1
g6 2 64 g6 2 69 0.296824 0.111254 1
g6 2 68 g6 2 72 0.314295 0.116217 1
g6 2 66 g6 2 84 0.305077 0.235259 1
g6 2 84 g6 2 72 0.381519 0.11065 1
g6 2 66 g6 2 72 0.306203 0.0817849 1
g6 2 66 g6 2 72 0.30514 0.0878122 1
g6 2 54 g6 2 62 0.256596 0.0951049 1
g6 2 59 g6 2 63 0.275992 0.0737205 1
g6 2 61 g6 2 63 0.284843 0.101849 1
g6 2 97 g6 2 92 0.436939 0.361166 1
g6 2 73 g1 2 54 0.334659 0.242303 1
g6 2 59 g6 2 60 0.276016 0.0325585 1
g6 2 61 g6 2 66 0.284351 0.0781043 1
g6 2 65 g6 2 61 0.300408 0.0581284 1
g6 2 62 g6 2 65 0.288819 0.0600247 1
g6 2 69 g6 2 68 0.317444 0.0699748 1
g6 2 74 g6 2 70 0.33873 0.0584366 1
g6 2 69 g6 2 84 0.317887 0.0875334 1
g7 1 71 g7 1 85 0.328898 0.27168 1
g7 1 63 g7 1 81 0.294264 0.212809 1
g7 1 69 g7 1 73 0.318866 0.308133 1
g7 1 71 g7 1 100 0.328706 0.149006 1
g7 1 76 g7 1 64 0.348328 0.278388 1
g7 1 80 g7 1 77 0.365625 0.250562 1
g7 1 64 g7 1 78 0.299767 0.263044 1
g7 1 70 g7 1 71 0.324035 0.12257 1
g7 1 50 g7 1 58 0.239453 0.217144 1
g7 1 61 g3 1 81 0.286203 0.38893 1
g7 1 65 g7 1 63 0.301723 0.214304 1
g7 1 70 g7 1 64 0.322384 0.160001 1
g7 1 67 g7 1 74 0.310341 0.212843 1
g7 1 63 g7 1 54 0.293355 0.169549 1
g7 1 54 g7 1 53 0.255384 0.213141 1
g7 1 62 g7 1 58 0.289187 0.169683 1
g7 1 61 g7 1 53 0.285102 0.152039 1
g7 1 56 g7 1 60 0.263721 0.210975 1
g7 1 58 g7 1 87 0.273687 0.284984 1
g7 1 59 g7 1 52 0.276135 0.157445 1
g7 1 59 g7 1 60 0.276672 0.193492 1
g7 1 52 g7 1 49 0.248441 0.0354893 1
g7 1 73 g1 2 29 0.334854 0.506446 0
g7 1 66 g7 1 67 0.30588 0.225156 1
g7 1 86 g7 1 52 0.389882 0.317661 1
g7 1 70 g7 1 92 0.321793 0.347275 1
g7 1 65 g2 2 42 0.301343 0.414207 1
g7 1 72 g7 1 71 0.332523 0.161306 1
g7 1 68 g1 2 29 0.315244 0.529818 0
g7 1 68 g3 1 128 0.313412 0.522324 0
g7 1 70 g7 1 67 0.32244 0.215648 1
g7 1 83 g7 1 91 0.376502 0.294133 1
g7 1 75 g7 1 86 0.343044 0.294575 1
g7 1 77 g7 1 65 0.351432 0.213428 1
g7 1 88 g7 1 64 0.39836 0.204561 1
g7 1 134 g7 1 86 0.598777 0.276689 1
g7 1 64 g7 1 73 0.298845 0.24136 1
g7 1 65 g7 1 95 0.302087 0.247475 1
g7 1 76 g7 1 81 0.349384 0.260509 1
g7 1 76 g7 1 73 0.347982 0.23138 1
g7 1 86 g7 1 77 0.391022 0.257496 1
g7 1 95 g7 1 89 0.430516 0.189599 1
g7 1 60 g7 1 63 0.281652 0.262553 1
g7 1 99 g7 1 75 0.447329 0.172561 1
g7 1 37 g7 1 71 0.186705 0.356486 1
g7 1 68 g7 1 98 0.31485 0.358518 1
g7 1 70 g7 1 64 0.32418 0.151632 1
g7 1 69 g7 1 58 0.320046 0.27366 1
g7 1 70 g7 1 71 0.323071 0.163192 1
g7 1 94 g7 1 77 0.425007 0.234385 1
g7 1 61 g7 1 55 0.285863 0.305223 1
g7 1 64 g7 1 63 0.297263 0.253362 1
g7 1 82 g7 1 87 0.373158 0.161789 1
g7 1 117 g7 1 88 0.528362 0.307909 1
g7 1 108 g7 1 101 0.486901 0.245434 1
g7 1 103 g7 1 70 0.464812 0.375397 1
g7 1 102 g7 1 101 0.460546 0.222327 1
g7 1 89 g7 1 69 0.407279 0.232672 1
g7 1 97 g7 1 92 0.439124 0.157676 1
g7 1 81 g7 1 91 0.369964 0.204566 1
g7 1 90 g7 1 92 0.409703 0.152347 1
g7 1 86 g7 1 89 0.390857 0.186012 1
g7 1 91 g7 1 92 0.414085 0.167741 1
