g1 2 22 g6 2 30 0.066581 0.169768 0
g1 2 21 g6 2 32 0.064053 0.182766 0
g1 2 25 g6 2 23 0.072782 0.142628 0
g1 2 40 g1 2 22 0.114801 0.122917 0
g1 2 31 g2 2 15 0.086088 0.192795 0
g1 2 27 g1 2 23 0.076688 0.153719 0
g1 2 29 g1 2 26 0.081393 0.127131 0
g1 2 18 g1 2 25 0.05834 0.11378 0
g1 2 22 g1 2 25 0.065941 0.13298 0
g1 2 26 g1 2 23 0.074635 0.159024 0
g1 2 19 g1 2 20 0.06004 0.140108 0
g1 2 24 g1 2 20 0.070272 0.1084 0
g1 2 23 g1 2 23 0.068318 0.0709912 0
g1 2 23 g1 2 23 0.068703 0.124063 0
g1 2 26 g1 2 26 0.074653 0.0804248 0
g1 2 52 g6 2 36 0.129119 0.200435 0
g1 2 24 g1 2 20 0.069966 0.0998263 0
g1 2 35 g6 2 34 0.095729 0.203915 0
g1 2 18 g6 2 29 0.057761 0.130181 0
g1 2 22 g6 2 32 0.066567 0.189666 0
g1 2 19 g6 2 30 0.059868 0.141693 0
g1 2 26 g6 2 28 0.07482 0.162342 0
g1 2 20 g2 2 15 0.063201 0.191332 0
g1 2 22 g1 2 17 0.066245 0.0826369 1
g1 2 21 g1 2 18 0.063687 0.0905276 1
g1 2 30 g1 2 27 0.083133 0.133558 0
g1 2 28 g1 2 24 0.078624 0.151798 0
g1 2 37 g1 2 24 0.099523 0.252167 0
g1 2 27 g1 2 22 0.076469 0.202364 0
g1 2 27 g1 2 35 0.076463 0.106825 0
g1 2 21 g1 2 23 0.063967 0.0890126 1
g1 2 21 g1 2 22 0.064733 0.16291 0
g1 2 17 g1 2 24 0.056321 0.0803424 1
g1 2 26 g1 2 23 0.074455 0.224511 0
g1 2 21 g1 2 27 0.064123 0.239584 0
g1 2 22 g1 2 22 0.066238 0.156561 0
g1 2 28 g1 2 22 0.078852 0.164012 0
g1 2 22 g1 2 22 0.066159 0.158704 0
g1 2 20 g1 2 21 0.061951 0.163986 0
g1 2 21 g1 2 22 0.064045 0.127 0
g1 2 24 g1 2 24 0.070299 0.157281 0
g1 2 26 g1 2 26 0.074669 0.208272 0
g1 2 21 g1 2 23 0.064088 0.184014 0
g1 2 22 g1 2 22 0.066174 0.171721 0
g1 2 26 g1 2 22 0.074731 0.166915 0
g1 2 19 g1 2 26 0.060753 0.235 0
g1 2 24 g6 2 34 0.070766 0.18875 0
g1 2 26 g6 2 32 0.074327 0.197104 0
g1 2 20 g6 2 35 0.062045 0.172626 0
g1 2 25 g6 2 37 0.072432 0.129048 0
g1 2 35 g2 2 15 0.096545 0.221742 0
g1 2 23 g6 2 23 0.068786 0.151302 0
g1 2 31 g2 2 15 0.086031 0.17079 0
g1 2 20 g1 2 16 0.061874 0.074766 1
g1 2 18 g1 2 16 0.057522 0.0666175 1
g1 2 14 g1 2 16 0.050181 0.097091 0
g1 2 14 g1 2 14 0.05012 0.0732514 1
g1 2 15 g1 2 15 0.05248 0.0769861 1
g1 2 15 g1 2 15 0.0519 0.0601426 1
g1 2 17 g1 2 16 0.055861 0.0660645 1
g1 2 14 g1 2 15 0.050221 0.111548 0
g2 2 13 g2 2 12 0.048816 0.104895 0
g2 2 13 g2 2 12 0.048943 0.100152 0
g2 2 15 g2 2 15 0.052152 0.181384 0
g2 2 12 g2 2 12 0.046059 0.149102 0
g2 2 13 g2 2 12 0.048705 0.151942 0
g2 2 11 g2 2 15 0.043304 0.165786 0
g2 2 12 g2 2 12 0.046089 0.125499 0
g2 2 13 g2 2 12 0.048687 0.10506 0
g2 2 13 g2 2 12 0.048894 0.16345 0
g2 2 27 g2 2 24 0.077361 0.131999 0
g2 2 14 g2 2 12 0.0508 0.107382 0
g2 2 13 g2 2 12 0.048504 0.106109 0
g2 2 13 g2 2 12 0.048699 0.120002 0
g2 2 14 g2 2 12 0.050462 0.127057 0
g2 2 14 g2 2 12 0.050352 0.180586 0
g2 2 13 g2 2 12 0.0489 0.142003 0
g2 2 10 g2 2 15 0.041901 0.257722 0
g2 2 13 g2 2 12 0.048736 0.0980197 1
g2 2 14 g2 2 12 0.050603 0.105194 0
g2 2 13 g2 2 12 0.048883 0.161468 0
g2 2 14 g2 2 12 0.050366 0.143054 0
g2 2 14 g2 2 12 0.050304 0.214652 0
g2 2 12 g2 2 12 0.046007 0.142436 0
g2 2 15 g2 2 12 0.05251 0.101405 0
g2 2 16 g2 2 15 0.053867 0.171857 0
g2 2 13 g2 2 12 0.048312 0.160181 0
g2 2 13 g2 2 15 0.048077 0.242999 0
g2 2 14 g2 2 12 0.050235 0.163168 0
g2 2 16 g2 2 12 0.054285 0.134649 0
g2 2 29 g2 2 26 0.082352 0.119545 0
g2 2 26 g2 2 25 0.075211 0.152066 0
g2 2 27 g2 2 24 0.077565 0.135915 0
g2 2 23 g1 2 21 0.068915 0.27101 0
g2 2 18 g2 2 20 0.058243 0.108109 0
g2 2 20 g2 2 19 0.061926 0.111781 0
g2 2 30 g2 2 27 0.085447 0.124809 0
g2 2 21 g2 2 22 0.064315 0.0915402 0
g2 2 18 g2 2 21 0.058077 0.09341 1
g2 2 17 g2 2 19 0.056013 0.0936848 0
g2 2 19 g2 2 19 0.058724 0.0877324 1
g2 2 18 g2 2 19 0.059795 0.0914348 0
g2 2 19 g2 2 19 0.060148 0.0712885 1
g2 2 17 g2 2 19 0.057487 0.114198 0
g2 2 20 g2 2 19 0.062436 0.073588 1
g2 2 20 g2 2 19 0.062255 0.0967156 1
g2 2 23 g2 2 21 0.06861 0.144163 0
g2 2 15 g2 2 20 0.052682 0.130696 0
g2 2 20 g2 2 19 0.061845 0.0832217 1
g2 2 40 g2 2 26 0.107505 0.163425 0
g2 2 20 g2 2 20 0.062136 0.0960384 0
g2 2 25 g2 2 21 0.072648 0.0813563 1
g2 2 25 g1 2 29 0.072354 0.220425 0
g2 2 19 g2 2 19 0.060106 0.112486 0
g2 2 17 g2 2 21 0.057604 0.097333 1
g2 2 22 g1 2 31 0.06586 0.122122 0
g2 2 20 g2 2 21 0.062503 0.107351 0
g2 2 24 g1 2 25 0.069819 0.197976 0
g2 2 22 g2 2 26 0.066382 0.120047 0
g2 2 19 g2 2 27 0.059976 0.119208 0
g2 2 27 g2 2 26 0.077224 0.118647 0
g2 2 17 g2 2 19 0.056254 0.100057 0
g2 2 19 g1 2 28 0.060252 0.292518 0
g2 2 28 g2 2 23 0.078686 0.166886 0
g2 2 14 g2 2 12 0.05025 0.14921 0
g2 2 12 g2 2 12 0.046148 0.119037 0
g2 2 13 g2 2 12 0.048603 0.0842657 0
g3 1 34 g3 1 44 0.095727 0.317284 0
g3 1 33 g3 1 46 0.093119 0.219336 0
g3 1 47 g3 1 40 0.123274 0.300735 0
g3 1 50 g3 1 38 0.131283 0.292126 0
g3 1 53 g1 2 28 0.135288 0.394027 0
g3 1 47 g3 1 35 0.124848 0.254261 0
g3 1 45 g3 1 35 0.119214 0.283474 0
g3 1 45 g3 1 39 0.120247 0.271269 0
g3 1 42 g3 1 62 0.112795 0.270819 0
g3 1 41 g3 1 44 0.112852 0.289394 0
g3 1 42 g3 1 55 0.113107 0.278039 0
g3 1 45 g3 1 46 0.120154 0.244614 0
g3 1 44 g3 1 41 0.116281 0.235877 0
g3 1 45 g3 1 58 0.120561 0.252537 0
g3 1 42 g3 1 38 0.113772 0.493665 0
g3 1 42 g3 1 40 0.113693 0.203043 0
g3 1 39 g3 1 40 0.106879 0.203044 0
g3 1 54 g1 2 24 0.143789 0.362888 0
g3 1 46 g3 1 39 0.12204 0.241867 0
g3 1 46 g3 1 40 0.122151 0.209648 0
g3 1 48 g3 1 45 0.128181 0.216754 0
g3 1 46 g3 1 55 0.123103 0.223339 0
g3 1 44 g3 1 39 0.118609 0.239907 0
g3 1 41 g3 1 35 0.112292 0.247535 0
g3 1 45 g3 1 40 0.120387 0.311268 0
g3 1 42 g3 1 36 0.112632 0.292783 0
g3 1 48 g3 1 55 0.128796 0.300204 0
g3 1 64 g3 1 40 0.164425 0.285783 0
g3 1 56 g3 1 36 0.148267 0.289882 0
g3 1 48 g3 1 37 0.126988 0.198829 0
g3 1 55 g3 1 58 0.143072 0.224211 0
g3 1 51 g3 1 39 0.135041 0.271578 0
g3 1 47 g3 1 38 0.125011 0.215558 0
g3 1 49 g3 1 40 0.130438 0.234342 0
g3 1 50 g3 1 45 0.130566 0.252466 0
g3 1 48 g3 1 57 0.126877 0.27381 0
g3 1 49 g3 1 30 0.129908 0.323088 0
g3 1 57 g3 1 67 0.144824 0.266969 0
g3 1 59 g3 1 67 0.149933 0.253434 0
g3 1 44 g3 1 41 0.119131 0.369473 0
g3 1 26 g3 1 45 0.08827 0.815193 0
g3 1 47 g3 1 42 0.125695 0.286109 0
g3 1 40 g3 1 37 0.109896 0.220951 0
g3 1 38 g3 1 39 0.102999 0.198995 0
g3 1 40 g3 1 40 0.10686 0.222099 0
g3 1 42 g3 1 45 0.111582 0.299045 0
g3 1 37 g3 1 36 0.100783 0.333865 0
g3 1 41 g3 1 40 0.112298 0.166086 0
g3 1 38 g3 1 35 0.104177 0.213044 0
g3 1 37 g3 1 45 0.101957 0.298428 0
g3 1 41 g3 1 45 0.110558 0.255173 0
g4 2 35 g4 2 29 0.095717 0.200981 0
g4 2 35 g4 2 40 0.095949 0.074868 1
g4 2 42 g4 2 43 0.112663 0.165537 0
g4 2 42 g4 2 40 0.112544 0.165293 0
g4 2 39 g4 2 44 0.105987 0.123519 0
g4 2 40 g4 2 49 0.10842 0.144795 0
g4 2 48 g3 1 42 0.128014 0.263518 0
g4 2 40 g4 2 40 0.108619 0.163291 0
g4 2 47 g4 2 46 0.124114 0.155578 0
g4 2 45 g4 2 47 0.11927 0.164294 0
g4 2 44 g4 2 44 0.116509 0.139688 0
g4 2 46 g4 2 49 0.122409 0.115756 0
g4 2 50 g4 2 49 0.132365 0.0830325 1
g4 2 43 g4 2 29 0.114324 0.121298 0
g4 2 28 g4 2 31 0.078149 0.135106 0
g4 2 29 g4 2 28 0.081188 0.0741795 1
g4 2 28 g4 2 27 0.079421 0.0812595 1
g4 2 31 g4 2 32 0.085419 0.148538 0
g4 2 29 g4 2 31 0.081034 0.10039 0
g4 2 32 g4 2 32 0.088549 0.113248 0
g4 2 33 g4 2 38 0.09191 0.0895119 1
g4 2 34 g4 2 30 0.094069 0.105078 0
g4 2 38 g4 2 46 0.102443 0.154445 0
g4 2 28 g4 2 30 0.07888 0.111214 0
g4 2 35 g4 2 33 0.097709 0.0928454 0
g4 2 35 g4 2 35 0.09654 0.054118 1
g4 2 39 g4 2 34 0.10574 0.0895005 1
g4 2 39 g4 2 41 0.106038 0.110703 0
g4 2 44 g4 2 30 0.116593 0.100345 0
g4 2 44 g4 2 32 0.118861 0.109677 0
g4 2 29 g4 2 35 0.08172 0.0896642 1
g4 2 29 g4 2 31 0.08139 0.0966102 0
g4 2 31 g4 2 32 0.086201 0.0844094 0
g4 2 32 g4 2 32 0.088921 0.129553 0
g4 2 43 g4 2 32 0.114353 0.104682 0
g4 2 40 g4 2 32 0.107285 0.189227 0
g4 2 44 g4 2 39 0.11715 0.150614 0
g4 2 31 g4 2 30 0.086409 0.0719758 1
g4 2 43 g4 2 39 0.114467 0.100572 0
g4 2 48 g4 2 39 0.126632 0.11545 0
g4 2 39 g4 2 40 0.107752 0.0739062 1
g4 2 43 g4 2 30 0.113734 0.099075 0
g5 2 41 g5 2 48 0.111936 0.0936454 1
g5 2 43 g5 2 42 0.115738 0.0802734 1
g5 2 42 g5 2 50 0.113505 0.110121 0
g5 2 40 g5 2 50 0.108784 0.126498 0
g5 2 34 g5 2 48 0.094708 0.167191 0
g5 2 40 g5 2 48 0.109044 0.10047 0
g5 2 39 g4 2 32 0.105846 0.19223 0
g5 2 44 g5 2 48 0.117753 0.179595 0
g5 2 38 g5 2 49 0.10438 0.208098 0
g5 2 31 g5 2 30 0.086429 0.119656 0
g5 2 33 g5 2 33 0.092618 0.123368 0
g5 2 39 g5 2 33 0.106183 0.114927 0
g5 2 32 g5 2 40 0.089686 0.147538 0
g5 2 34 g4 2 29 0.094545 0.192093 0
g5 2 41 g5 2 49 0.111122 0.168088 0
g5 2 37 g5 2 33 0.100764 0.206707 0
g5 2 36 g5 2 49 0.099402 0.176142 0
g5 2 33 g5 2 33 0.092626 0.183825 0
g5 2 36 g5 2 49 0.099687 0.169152 0
g5 2 36 g4 2 29 0.099442 0.176426 0
g5 2 37 g5 2 49 0.10189 0.142442 0
g5 2 36 g4 2 29 0.098477 0.174111 0
g5 2 37 g4 2 29 0.10169 0.209175 0
g5 2 36 g5 2 48 0.099451 0.172507 0
g5 2 39 g5 2 48 0.107178 0.13397 0
g5 2 39 g5 2 52 0.105935 0.154602 0
g5 2 37 g4 2 29 0.101388 0.149926 0
g5 2 37 g5 2 52 0.101146 0.168346 0
g5 2 38 g5 2 49 0.103172 0.216505 0
g5 2 38 g5 2 48 0.104411 0.163797 0
g5 2 36 g4 2 32 0.099634 0.192569 0
g5 2 37 g5 2 48 0.102107 0.131962 0
g5 2 35 g5 2 47 0.097477 0.142198 0
g5 2 37 g5 2 48 0.10276 0.14226 0
g5 2 37 g5 2 47 0.102403 0.144625 0
g5 2 41 g5 2 47 0.111416 0.101672 0
g5 2 53 g5 2 49 0.139913 0.12125 0
g5 2 38 g5 2 47 0.104589 0.0936596 0
g5 2 45 g5 2 50 0.120128 0.0808529 1
g5 2 45 g5 2 47 0.122276 0.120769 0
g5 2 48 g5 2 57 0.129401 0.133671 0
g5 2 45 g5 2 57 0.120671 0.0969753 0
g5 2 45 g5 2 52 0.122432 0.102699 0
g5 2 48 g5 2 49 0.127539 0.0952967 0
g5 2 45 g5 2 50 0.120522 0.0759647 1
g6 2 38 g6 2 36 0.102816 0.0832649 0
g6 2 37 g6 2 36 0.10007 0.0919877 0
g6 2 40 g6 2 32 0.106395 0.104036 0
g6 2 39 g6 2 32 0.105095 0.177701 0
g6 2 33 g6 2 36 0.092458 0.0739164 1
g6 2 32 g6 2 38 0.088345 0.121687 0
g6 2 35 g6 2 36 0.095804 0.0944504 0
g6 2 36 g6 2 36 0.098583 0.131658 0
g6 2 34 g6 2 36 0.093387 0.102656 0
g6 2 30 g6 2 36 0.083848 0.105279 0
g6 2 37 g6 2 35 0.100237 0.14888 0
g6 2 40 g6 2 57 0.107631 0.0781961 0
g6 2 39 g6 2 39 0.105246 0.0718683 1
g6 2 29 g6 2 36 0.080948 0.12352 0
g6 2 34 g6 2 39 0.094404 0.164024 0
g6 2 39 g6 2 37 0.104837 0.0867312 1
g6 2 33 g6 2 36 0.091887 0.0986273 0
g6 2 41 g6 2 37 0.10963 0.0893568 1
g6 2 34 g6 2 36 0.093384 0.0844872 1
g6 2 33 g6 2 36 0.091661 0.141988 0
g6 2 39 g6 2 36 0.105181 0.0943078 0
g6 2 54 g6 2 36 0.138901 0.153552 0
g6 2 36 g6 2 37 0.097949 0.100885 0
g6 2 32 g6 2 37 0.088439 0.123474 0
g6 2 34 g6 2 36 0.094251 0.119653 0
g6 2 33 g6 2 32 0.091915 0.235521 0
g6 2 42 g6 2 36 0.11215 0.113696 0
g6 2 33 g6 2 36 0.092115 0.0889257 0
g6 2 33 g6 2 36 0.091774 0.0953035 0
g6 2 27 g6 2 31 0.077102 0.105149 0
g6 2 30 g6 2 32 0.083288 0.0827278 1
g6 2 31 g6 2 32 0.086055 0.112569 0
g6 2 49 g6 2 45 0.128286 0.369142 0
g6 2 37 g1 2 27 0.101034 0.24954 0
g6 2 30 g6 2 31 0.083028 0.0481761 1
g6 2 31 g6 2 33 0.085719 0.0835578 1
g6 2 33 g6 2 33 0.091862 0.0749726 1
g6 2 31 g6 2 33 0.085568 0.0741513 1
g6 2 35 g6 2 34 0.096232 0.0786984 0
g6 2 37 g6 2 35 0.101184 0.0650936 1
g6 2 35 g6 2 42 0.095769 0.094644 0
g7 1 35 g7 1 42 0.098392 0.274072 0
g7 1 32 g7 1 40 0.08885 0.213871 0
g7 1 35 g7 1 37 0.096186 0.314541 0
g7 1 36 g7 1 50 0.099007 0.156651 0
g7 1 38 g7 1 32 0.103801 0.283299 0
g7 1 39 g7 1 50 0.107467 0.199292 0
g7 1 32 g7 1 39 0.089463 0.269915 0
g7 1 33 g7 1 34 0.094217 0.128595 0
g7 1 25 g7 1 29 0.073051 0.23025 0
g7 1 30 g3 1 38 0.085953 0.404612 0
g7 1 32 g7 1 31 0.090909 0.224395 0
g7 1 34 g7 1 32 0.096116 0.163102 0
g7 1 34 g7 1 37 0.093834 0.212897 0
g7 1 32 g7 1 27 0.087174 0.175722 0
g7 1 27 g7 1 27 0.076602 0.223942 0
g7 1 31 g7 1 29 0.085923 0.174304 0
g7 1 31 g7 1 26 0.08623 0.169538 0
g7 1 28 g7 1 30 0.078762 0.216126 0
g7 1 29 g7 1 27 0.080913 0.234621 0
g7 1 29 g7 1 26 0.08238 0.163887 0
g7 1 29 g7 1 30 0.082901 0.201632 0
g7 1 25 g7 1 25 0.074196 0.0634586 1
g7 1 37 g1 2 15 0.100822 0.530052 0
g7 1 33 g7 1 33 0.09028 0.236254 0
g7 1 43 g7 1 26 0.114174 0.325197 0
g7 1 35 g7 1 46 0.095741 0.348845 0
g7 1 32 g2 2 21 0.088354 0.420181 0
g7 1 36 g7 1 35 0.098262 0.16725 0
g7 1 33 g1 2 15 0.093606 0.551134 0
g7 1 34 g7 1 36 0.092767 0.358404 0
g7 1 34 g7 1 34 0.093743 0.230783 0
g7 1 42 g7 1 45 0.112789 0.299935 0
g7 1 37 g7 1 41 0.102665 0.295442 0
g7 1 38 g7 1 33 0.104406 0.215944 0
g7 1 44 g7 1 31 0.116985 0.208828 0
g7 1 66 g7 1 41 0.161341 0.282145 0
g7 1 32 g7 1 37 0.088634 0.24747 0
g7 1 33 g7 1 48 0.090897 0.259356 0
g7 1 37 g7 1 41 0.103009 0.258088 0
g7 1 38 g7 1 37 0.103618 0.234551 0
g7 1 43 g7 1 39 0.115985 0.261738 0
g7 1 46 g7 1 43 0.12543 0.186543 0
g7 1 30 g7 1 31 0.084054 0.263501 0
g7 1 48 g7 1 38 0.128816 0.179544 0
g7 1 19 g7 1 34 0.059852 0.362941 0
g7 1 33 g7 1 49 0.093577 0.362298 0
g7 1 34 g7 1 32 0.096431 0.154278 0
g7 1 34 g7 1 29 0.095151 0.281279 0
g7 1 35 g7 1 29 0.096328 0.218815 0
g7 1 47 g7 1 39 0.124273 0.239458 0
g7 1 31 g7 1 27 0.086374 0.320248 0
g7 1 31 g7 1 31 0.088327 0.258225 0
g7 1 40 g7 1 43 0.109054 0.168175 0
g7 1 59 g7 1 43 0.154054 0.298299 0
g7 1 54 g7 1 50 0.140817 0.245747 0
g7 1 52 g7 1 35 0.137377 0.381369 0
g7 1 51 g7 1 50 0.135128 0.22973 0
g7 1 33 g7 1 33 0.105236 0.226786 0
g7 1 49 g7 1 46 0.12911 0.164696 0
g7 1 41 g7 1 45 0.109857 0.208928 0
g7 1 45 g7 1 46 0.119544 0.158187 0
g7 1 43 g7 1 43 0.115233 0.191376 0
g7 1 45 g7 1 46 0.120746 0.173496 0
