g1 2 46 g6 2 78 0.231514 0.151288 1
g1 2 44 g6 2 66 0.222275 0.178759 1
g1 2 52 g6 2 50 0.256061 0.133322 1
g1 2 102 g1 2 45 0.469948 0.128455 1
g1 2 63 g2 2 32 0.301285 0.180064 1
g1 2 56 g1 2 48 0.273937 0.143843 1
g1 2 60 g1 2 54 0.289056 0.120497 1
g1 2 37 g1 2 52 0.193046 0.0984114 1
g1 2 46 g1 2 42 0.230036 0.124173 1
g1 2 54 g1 2 48 0.263176 0.15383 1
g1 2 39 g1 2 42 0.20125 0.119368 1
g1 2 50 g1 2 42 0.24641 0.0973216 1
g1 2 48 g1 2 48 0.237558 0.0664936 1
g1 2 47 g1 2 46 0.235028 0.0739914 1
g1 2 53 g1 2 48 0.258839 0.0760608 1
g1 2 111 g6 2 73 0.509615 0.200285 1
g1 2 49 g1 2 42 0.242126 0.0890284 1
g1 2 71 g6 2 70 0.334972 0.199234 1
g1 2 37 g6 2 60 0.194624 0.121699 1
g1 2 46 g6 2 66 0.229789 0.186203 1
g1 2 39 g6 2 51 0.201075 0.130479 1
g1 2 54 g6 2 57 0.263182 0.161004 1
g1 2 42 g2 2 32 0.213389 0.181831 1
g1 2 45 g1 2 38 0.224918 0.0752116 1
g1 2 43 g1 2 38 0.21688 0.076984 1
g1 2 61 g1 2 56 0.293021 0.126833 1
g1 2 58 g1 2 49 0.280526 0.139635 1
g1 2 75 g1 2 49 0.352833 0.246473 1
g1 2 55 g1 2 45 0.267268 0.194773 1
g1 2 56 g1 2 71 0.271408 0.100638 1
g1 2 43 g1 2 48 0.217273 0.0796961 1
g1 2 44 g1 2 45 0.221437 0.162744 1
g1 2 35 g1 2 50 0.185273 0.0640508 1
g1 2 53 g1 2 54 0.258454 0.197304 1
g1 2 43 g1 2 56 0.21749 0.225174 1
g1 2 46 g1 2 45 0.229209 0.149752 1
g1 2 57 g1 2 45 0.275289 0.158249 1
g1 2 46 g1 2 45 0.229467 0.153167 1
g1 2 41 g1 2 43 0.209588 0.154717 1
g1 2 43 g1 2 45 0.216782 0.120064 1
g1 2 49 g1 2 50 0.241549 0.147739 1
g1 2 53 g1 2 54 0.258843 0.204874 1
g1 2 44 g1 2 47 0.221553 0.16863 1
g1 2 46 g1 2 45 0.229456 0.172158 1
g1 2 53 g1 2 45 0.258498 0.161457 1
g1 2 40 g1 2 54 0.205804 0.234592 1
g1 2 50 g6 2 70 0.246105 0.185241 1
g1 2 53 g6 2 65 0.258372 0.195168 1
g1 2 41 g6 2 72 0.209905 0.170864 1
g1 2 52 g6 2 66 0.255585 0.126153 1
g1 2 72 g2 2 32 0.340666 0.2079 1
g1 2 48 g6 2 50 0.238666 0.147781 1
g1 2 64 g2 2 32 0.306602 0.161413 1
g1 2 42 g1 2 34 0.212833 0.0657474 1
g1 2 38 g1 2 34 0.197448 0.0576905 1
g1 2 29 g1 2 32 0.15717 0.0730474 1
g1 2 29 g1 2 29 0.157497 0.0591479 1
g1 2 31 g1 2 32 0.165465 0.0594514 1
g1 2 31 g1 2 31 0.165441 0.0512402 1
g1 2 36 g1 2 34 0.188734 0.0559701 1
g1 2 29 g1 2 29 0.158097 0.0584143 1
g2 2 28 g2 2 26 0.152982 0.0811795 1
g2 2 28 g2 2 26 0.153244 0.0851334 1
g2 2 31 g2 2 32 0.165052 0.152475 1
g2 2 26 g2 2 26 0.144265 0.15096 1
g2 2 27 g2 2 26 0.149194 0.134783 1
g2 2 23 g2 2 32 0.131869 0.14479 1
g2 2 26 g2 2 26 0.144804 0.128871 1
g2 2 27 g2 2 26 0.148626 0.0936361 1
g2 2 28 g2 2 26 0.152851 0.156916 1
g2 2 55 g2 2 50 0.267505 0.125751 1
g2 2 29 g2 2 26 0.156839 0.0853091 1
g2 2 28 g2 2 26 0.15304 0.083249 1
g2 2 28 g2 2 26 0.15346 0.105967 1
g2 2 29 g2 2 26 0.157338 0.106472 1
g2 2 30 g2 2 26 0.160205 0.165983 1
g2 2 27 g2 2 26 0.149069 0.128473 1
g2 2 21 g2 2 32 0.124676 0.237987 1
g2 2 27 g2 2 26 0.148535 0.0734326 1
g2 2 29 g2 2 26 0.157405 0.0851217 1
g2 2 27 g2 2 26 0.148886 0.132623 1
g2 2 30 g2 2 26 0.160696 0.125164 1
g2 2 30 g2 2 26 0.16092 0.203044 1
g2 2 26 g2 2 26 0.144049 0.144111 1
g2 2 31 g2 2 26 0.165527 0.0810045 1
g2 2 33 g2 2 32 0.176174 0.158366 1
g2 2 28 g2 2 26 0.153453 0.150752 1
g2 2 27 g2 2 32 0.148512 0.215898 1
g2 2 30 g2 2 26 0.162707 0.152333 1
g2 2 34 g2 2 26 0.181159 0.12261 1
g2 2 59 g2 2 53 0.285069 0.11708 1
g2 2 54 g2 2 45 0.26425 0.128014 1
g2 2 55 g2 2 50 0.268275 0.115755 1
g2 2 48 g1 2 43 0.239097 0.2597 1
g2 2 38 g2 2 42 0.196857 0.0980483 1
g2 2 42 g2 2 39 0.213389 0.102194 1
g2 2 64 g2 2 53 0.305914 0.107352 1
g2 2 43 g2 2 45 0.217507 0.08175 1
g2 2 37 g2 2 44 0.193361 0.0787427 1
g2 2 36 g2 2 39 0.18887 0.0732876 1
g2 2 39 g2 2 44 0.20178 0.0676211 1
g2 2 39 g2 2 39 0.201195 0.0572556 1
g2 2 41 g2 2 39 0.210144 0.058204 1
g2 2 39 g2 2 39 0.200581 0.0958255 1
g2 2 41 g2 2 39 0.209695 0.068372 1
g2 2 42 g2 2 44 0.213825 0.069749 1
g2 2 47 g2 2 44 0.23376 0.129113 1
g2 2 31 g2 2 41 0.16547 0.117848 1
g2 2 42 g2 2 39 0.213263 0.0603325 1
g2 2 84 g2 2 53 0.395047 0.158532 1
g2 2 41 g2 2 42 0.209316 0.0792109 1
g2 2 52 g2 2 44 0.255765 0.0678666 1
g2 2 52 g1 2 59 0.254855 0.214053 1
g2 2 40 g2 2 39 0.206353 0.100108 1
g2 2 37 g2 2 44 0.193981 0.0734798 1
g2 2 45 g1 2 64 0.225341 0.11533 1
g2 2 41 g2 2 44 0.21005 0.0894534 1
g2 2 49 g1 2 52 0.241664 0.192203 1
g2 2 46 g2 2 53 0.230265 0.113762 1
g2 2 40 g2 2 56 0.205235 0.109518 1
g2 2 56 g2 2 53 0.271278 0.108558 1
g2 2 35 g2 2 39 0.185435 0.0854126 1
g2 2 40 g1 2 57 0.20569 0.290744 1
g2 2 58 g2 2 48 0.280371 0.157088 1
g2 2 29 g2 2 26 0.157241 0.130603 1
g2 2 26 g2 2 26 0.14468 0.124375 1
g2 2 28 g2 2 26 0.153197 0.0648008 1
g3 1 71 g3 1 117 0.338673 0.324802 1
g3 1 68 g3 1 84 0.323763 0.195019 1
g3 1 95 g3 1 81 0.441701 0.297211 1
g3 1 102 g3 1 73 0.476092 0.238231 1
g3 1 107 g1 2 57 0.500087 0.435192 1
g3 1 96 g3 1 73 0.448997 0.256784 1
g3 1 91 g3 1 72 0.424528 0.283782 1
g3 1 93 g3 1 82 0.442008 0.278986 1
g3 1 86 g3 1 87 0.40234 0.278766 1
g3 1 87 g3 1 92 0.405516 0.286671 1
g3 1 88 g3 1 106 0.411416 0.25416 1
g3 1 92 g3 1 81 0.429258 0.213043 1
g3 1 92 g3 1 86 0.430374 0.243595 1
g3 1 92 g3 1 127 0.431474 0.215488 1
g3 1 90 g3 1 78 0.418817 0.48263 1
g3 1 86 g3 1 74 0.406609 0.250771 1
g3 1 80 g3 1 81 0.377269 0.197855 1
g3 1 113 g1 2 49 0.523759 0.365256 1
g3 1 95 g3 1 120 0.442943 0.277623 1
g3 1 95 g3 1 85 0.442962 0.214674 1
g3 1 99 g3 1 91 0.459496 0.21966 1
g3 1 93 g3 1 114 0.435476 0.216507 1
g3 1 92 g3 1 82 0.429806 0.243911 1
g3 1 85 g3 1 73 0.398026 0.253357 1
g3 1 91 g3 1 81 0.424848 0.303233 1
g3 1 88 g3 1 77 0.40994 0.279025 1
g3 1 99 g3 1 112 0.458874 0.301411 1
g3 1 132 g3 1 84 0.606448 0.282255 1
g3 1 114 g1 2 67 0.527404 0.433656 1
g3 1 97 g3 1 80 0.450274 0.194454 1
g3 1 111 g3 1 120 0.514781 0.219352 1
g3 1 104 g3 1 82 0.480883 0.272961 1
g3 1 97 g3 1 78 0.450827 0.214279 1
g3 1 100 g3 1 85 0.464561 0.238413 1
g3 1 101 g3 1 91 0.469465 0.246691 1
g3 1 98 g3 1 83 0.456923 0.266989 1
g3 1 102 g3 1 61 0.472617 0.319321 1
g3 1 115 g3 1 140 0.530273 0.259004 1
g3 1 120 g3 1 140 0.55419 0.257885 1
g3 1 92 g3 1 84 0.427701 0.376836 1
g3 1 76 g3 1 68 0.357178 0.838187 0
g3 1 97 g3 1 85 0.450843 0.281698 1
g3 1 85 g3 1 79 0.396642 0.211924 1
g3 1 77 g3 1 80 0.362864 0.193174 1
g3 1 81 g3 1 81 0.378864 0.214615 1
g3 1 86 g3 1 91 0.399795 0.293187 1
g3 1 77 g3 1 77 0.360962 0.329228 1
g3 1 85 g3 1 84 0.39703 0.171792 1
g3 1 79 g3 1 74 0.370633 0.219377 1
g3 1 78 g3 1 91 0.369475 0.301788 1
g3 1 84 g3 1 91 0.392304 0.249839 1
g4 2 71 g4 2 59 0.334969 0.197981 1
g4 2 71 g4 2 82 0.335352 0.0673577 1
g4 2 86 g4 2 87 0.400606 0.162387 1
g4 2 85 g4 2 82 0.395401 0.163094 1
g4 2 80 g4 2 90 0.375122 0.119479 1
g4 2 81 g4 2 99 0.380046 0.140361 1
g4 2 100 g3 1 89 0.463293 0.256963 1
g4 2 81 g4 2 82 0.379069 0.161404 1
g4 2 95 g4 2 94 0.441073 0.151724 1
g4 2 93 g4 2 95 0.43284 0.166845 1
g4 2 89 g4 2 90 0.413669 0.134421 1
g4 2 94 g4 2 99 0.436602 0.112284 1
g4 2 102 g4 2 101 0.473437 0.0792493 1
g4 2 89 g4 2 60 0.414743 0.120146 1
g4 2 57 g4 2 63 0.274582 0.127532 1
g4 2 60 g4 2 57 0.288149 0.0727951 1
g4 2 57 g4 2 55 0.275864 0.0765809 1
g4 2 63 g4 2 66 0.301338 0.145435 1
g4 2 59 g4 2 64 0.283341 0.103085 1
g4 2 65 g4 2 66 0.309674 0.109033 1
g4 2 67 g4 2 78 0.31875 0.0845207 1
g4 2 69 g4 2 78 0.326884 0.0992632 1
g4 2 77 g4 2 95 0.361129 0.150205 1
g4 2 57 g4 2 62 0.274867 0.105123 1
g4 2 72 g4 2 67 0.340339 0.0917946 1
g4 2 72 g4 2 72 0.339685 0.0487928 1
g4 2 80 g4 2 72 0.374512 0.096792 1
g4 2 79 g4 2 83 0.369512 0.110217 1
g4 2 92 g4 2 62 0.426477 0.0942064 1
g4 2 90 g4 2 66 0.418238 0.104487 1
g4 2 59 g4 2 72 0.283494 0.0842909 1
g4 2 59 g4 2 63 0.283883 0.0951817 1
g4 2 63 g4 2 66 0.302492 0.0775533 1
g4 2 66 g4 2 66 0.314427 0.130783 1
g4 2 87 g4 2 66 0.404762 0.0984169 1
g4 2 82 g4 2 66 0.383166 0.187906 1
g4 2 89 g4 2 79 0.414403 0.146783 1
g4 2 64 g4 2 62 0.305258 0.06811 1
g4 2 88 g4 2 79 0.410061 0.0983666 1
g4 2 100 g4 2 79 0.463023 0.107776 1
g4 2 80 g4 2 82 0.374707 0.0682101 1
g4 2 88 g4 2 62 0.409263 0.0951075 1
g5 2 84 g5 2 94 0.394496 0.0893276 1
g5 2 87 g5 2 85 0.407111 0.07674 1
g5 2 85 g5 2 101 0.399582 0.103887 1
g5 2 82 g5 2 101 0.38506 0.115029 1
g5 2 69 g5 2 98 0.330109 0.161708 1
g5 2 81 g5 2 98 0.383448 0.093637 1
g5 2 80 g4 2 65 0.377493 0.188495 1
g5 2 89 g5 2 98 0.415883 0.177104 1
g5 2 78 g5 2 100 0.367336 0.207057 1
g5 2 64 g5 2 62 0.307601 0.117363 1
g5 2 68 g5 2 68 0.323558 0.118527 1
g5 2 80 g5 2 68 0.37657 0.108617 1
g5 2 66 g5 2 82 0.315933 0.144767 1
g5 2 69 g4 2 60 0.328686 0.184893 1
g5 2 83 g5 2 100 0.390514 0.161194 1
g5 2 76 g5 2 68 0.357687 0.213484 1
g5 2 73 g5 2 100 0.345314 0.169533 1
g5 2 68 g5 2 68 0.323209 0.181235 1
g5 2 73 g5 2 100 0.346265 0.164479 1
g5 2 73 g4 2 59 0.345258 0.169954 1
g5 2 75 g5 2 99 0.354269 0.132889 1
g5 2 73 g4 2 59 0.345678 0.171729 1
g5 2 75 g4 2 70 0.354648 0.208315 1
g5 2 73 g5 2 98 0.345581 0.164008 1
g5 2 80 g5 2 98 0.377525 0.126467 1
g5 2 79 g5 2 106 0.372132 0.150373 1
g5 2 76 g4 2 59 0.359588 0.143915 1
g5 2 75 g5 2 106 0.354286 0.162088 1
g5 2 77 g5 2 100 0.362302 0.212821 1
g5 2 78 g5 2 88 0.367995 0.138219 1
g5 2 73 g4 2 65 0.345726 0.188444 1
g5 2 76 g5 2 98 0.359805 0.126548 1
g5 2 71 g5 2 88 0.338541 0.124091 1
g5 2 75 g5 2 98 0.356807 0.138346 1
g5 2 76 g5 2 98 0.35902 0.14134 1
g5 2 83 g5 2 96 0.390154 0.0967958 1
g5 2 110 g5 2 100 0.508059 0.117764 1
g5 2 77 g5 2 96 0.365008 0.0859853 1
g5 2 92 g5 2 101 0.431535 0.0756882 1
g5 2 92 g5 2 96 0.433095 0.121358 1
g5 2 98 g5 2 115 0.457898 0.128895 1
g5 2 92 g5 2 115 0.432197 0.0887364 1
g5 2 91 g5 2 105 0.427846 0.0983385 1
g5 2 98 g5 2 100 0.456839 0.0920366 1
g5 2 92 g5 2 98 0.431432 0.0726742 1
g6 2 78 g6 2 74 0.364629 0.0771508 1
g6 2 75 g6 2 74 0.352762 0.0886424 1
g6 2 81 g6 2 74 0.378021 0.0836842 1
g6 2 79 g6 2 65 0.368492 0.173104 1
g6 2 67 g6 2 74 0.317969 0.0672741 1
g6 2 66 g6 2 77 0.314933 0.118315 1
g6 2 71 g6 2 74 0.334422 0.0905255 1
g6 2 73 g6 2 74 0.342498 0.124846 1
g6 2 70 g6 2 74 0.33077 0.100239 1
g6 2 61 g6 2 74 0.292467 0.0983939 1
g6 2 76 g6 2 72 0.358067 0.148163 1
g6 2 82 g6 2 179 0.38236 0.0846958 1
g6 2 80 g6 2 79 0.373139 0.063838 1
g6 2 59 g6 2 74 0.283558 0.11493 1
g6 2 70 g6 2 79 0.331699 0.159495 1
g6 2 79 g6 2 75 0.369462 0.0817193 1
g6 2 67 g6 2 74 0.317631 0.091968 1
g6 2 84 g6 2 75 0.390709 0.0825079 1
g6 2 70 g6 2 74 0.330773 0.0787895 1
g6 2 68 g6 2 74 0.323084 0.138218 1
g6 2 80 g6 2 74 0.373814 0.0904658 1
g6 2 115 g6 2 74 0.524915 0.146904 1
g6 2 74 g6 2 75 0.348306 0.0920864 1
g6 2 66 g6 2 75 0.313164 0.116224 1
g6 2 70 g6 2 74 0.330089 0.116515 1
g6 2 68 g6 2 86 0.321772 0.238972 1
g6 2 86 g6 2 74 0.399878 0.111647 1
g6 2 68 g6 2 74 0.323034 0.0831092 1
g6 2 68 g6 2 74 0.322587 0.086832 1
g6 2 56 g6 2 64 0.270863 0.0933762 1
g6 2 61 g6 2 65 0.292477 0.0761368 1
g6 2 63 g6 2 65 0.301082 0.105658 1
g6 2 99 g6 2 94 0.458131 0.363476 1
g6 2 75 g1 2 48 0.353153 0.249605 1
g6 2 61 g6 2 62 0.292044 0.0327492 1
g6 2 63 g6 2 63 0.30074 0.0631679 1
g6 2 67 g6 2 63 0.318186 0.05762 1
g6 2 64 g6 2 67 0.305512 0.0627893 1
g6 2 71 g6 2 70 0.334859 0.0710151 1
g6 2 76 g6 2 72 0.356224 0.0616743 1
g6 2 71 g6 2 86 0.334388 0.0880207 1
g7 1 73 g7 1 87 0.346809 0.276653 1
g7 1 65 g7 1 83 0.31042 0.214454 1
g7 1 71 g7 1 67 0.336036 0.282719 1
g7 1 73 g7 1 102 0.345985 0.152302 1
g7 1 78 g7 1 66 0.367238 0.281868 1
g7 1 82 g7 1 79 0.384073 0.254095 1
g7 1 66 g7 1 90 0.316138 0.298982 1
g7 1 72 g7 1 73 0.340222 0.12482 1
g7 1 52 g7 1 60 0.25474 0.216389 1
g7 1 63 g3 1 83 0.302575 0.402751 1
g7 1 67 g7 1 65 0.318103 0.216339 1
g7 1 72 g7 1 66 0.339875 0.16338 1
g7 1 69 g7 1 76 0.3274 0.217292 1
g7 1 65 g7 1 56 0.30894 0.176963 1
g7 1 56 g7 1 55 0.271154 0.216631 1
g7 1 64 g7 1 60 0.305457 0.174255 1
g7 1 63 g7 1 55 0.300952 0.159184 1
g7 1 58 g7 1 62 0.279863 0.214683 1
g7 1 60 g7 1 89 0.288221 0.287003 1
g7 1 61 g7 1 54 0.292607 0.1594 1
g7 1 61 g7 1 62 0.291865 0.197077 1
g7 1 54 g7 1 51 0.264512 0.0359672 1
g7 1 75 g1 2 31 0.352053 0.531559 1
g7 1 68 g7 1 69 0.32235 0.227489 1
g7 1 88 g7 1 54 0.409475 0.322716 1
g7 1 72 g7 1 94 0.340258 0.355573 1
g7 1 67 g2 2 44 0.317975 0.433212 1
g7 1 74 g7 1 73 0.348737 0.162263 1
g7 1 70 g1 2 31 0.331401 0.556073 0
g7 1 70 g3 1 130 0.330497 0.527538 1
g7 1 72 g7 1 69 0.338605 0.213634 1
g7 1 85 g7 1 93 0.396256 0.297133 1
g7 1 77 g7 1 88 0.362014 0.299293 1
g7 1 79 g7 1 67 0.370274 0.217543 1
g7 1 90 g7 1 66 0.417358 0.204809 1
g7 1 136 g7 1 88 0.624093 0.278841 1
g7 1 66 g7 1 75 0.315237 0.243261 1
g7 1 67 g7 1 97 0.318962 0.255342 1
g7 1 78 g7 1 97 0.36896 0.302368 1
g7 1 78 g7 1 75 0.366374 0.2283 1
g7 1 88 g7 1 79 0.411205 0.267838 1
g7 1 97 g7 1 91 0.450663 0.194214 1
g7 1 62 g7 1 67 0.298327 0.300022 1
g7 1 101 g7 1 77 0.467889 0.175852 1
g7 1 39 g7 1 67 0.20068 0.363805 1
g7 1 70 g7 1 100 0.332338 0.366107 1
g7 1 72 g7 1 66 0.340899 0.154116 1
g7 1 71 g7 1 60 0.336236 0.27246 1
g7 1 72 g7 1 73 0.340928 0.167207 1
g7 1 96 g7 1 79 0.448465 0.237336 1
g7 1 63 g7 1 57 0.301569 0.30922 1
g7 1 66 g7 1 65 0.314991 0.258674 1
g7 1 84 g7 1 89 0.39259 0.162882 1
g7 1 119 g7 1 91 0.551392 0.298131 1
g7 1 110 g7 1 103 0.508673 0.245886 1
g7 1 105 g7 1 72 0.486245 0.384203 1
g7 1 104 g7 1 103 0.483819 0.223071 1
g7 1 91 g7 1 71 0.422984 0.238848 1
g7 1 99 g7 1 94 0.459857 0.159645 1
g7 1 83 g7 1 93 0.389056 0.211323 1
g7 1 92 g7 1 94 0.430143 0.157543 1
g7 1 88 g7 1 91 0.410047 0.186894 1
g7 1 93 g7 1 94 0.434747 0.166753 1
