g1 2 24 g6 2 32 0.073401 0.177839 1
g1 2 23 g6 2 34 0.071677 0.194286 1
g1 2 27 g6 2 25 0.080721 0.156739 1
g1 2 42 g1 2 24 0.124882 0.124555 1
g1 2 33 g2 2 17 0.09583 0.186512 1
g1 2 29 g1 2 25 0.085006 0.155493 1
g1 2 31 g1 2 28 0.090129 0.130339 1
g1 2 20 g1 2 27 0.065516 0.114469 1
g1 2 24 g1 2 33 0.074133 0.163801 1
g1 2 28 g1 2 25 0.082472 0.160279 1
g1 2 21 g1 2 22 0.067579 0.138157 1
g1 2 26 g1 2 22 0.078027 0.114392 1
g1 2 25 g1 2 25 0.075613 0.0740715 1
g1 2 25 g1 2 25 0.076738 0.125773 1
g1 2 28 g1 2 25 0.083161 0.0863041 1
g1 2 54 g6 2 38 0.139729 0.204242 1
g1 2 26 g1 2 22 0.078514 0.0966976 1
g1 2 37 g6 2 36 0.104407 0.215399 1
g1 2 20 g6 2 31 0.065409 0.133138 1
g1 2 24 g6 2 34 0.073756 0.19971 1
g1 2 21 g6 2 32 0.067967 0.148979 1
g1 2 28 g6 2 30 0.082639 0.172967 1
g1 2 22 g2 2 17 0.069685 0.191713 1
g1 2 24 g1 2 19 0.073476 0.0886496 1
g1 2 23 g1 2 20 0.071501 0.0959363 1
g1 2 32 g1 2 29 0.092232 0.134286 1
g1 2 30 g1 2 26 0.08759 0.147948 1
g1 2 39 g1 2 26 0.108807 0.258994 1
g1 2 29 g1 2 24 0.084847 0.203157 1
g1 2 29 g1 2 37 0.084738 0.106014 1
g1 2 23 g1 2 25 0.071319 0.0902134 1
g1 2 23 g1 2 24 0.071918 0.174544 1
g1 2 19 g1 2 26 0.063074 0.0834176 1
g1 2 28 g1 2 28 0.083215 0.210743 1
g1 2 23 g1 2 29 0.07164 0.235269 1
g1 2 24 g1 2 24 0.073916 0.163654 1
g1 2 30 g1 2 24 0.086861 0.169157 1
g1 2 24 g1 2 26 0.073321 0.146512 1
g1 2 22 g1 2 23 0.069488 0.159734 1
g1 2 23 g1 2 24 0.071579 0.134771 1
g1 2 26 g1 2 26 0.078118 0.155951 1
g1 2 28 g1 2 28 0.082068 0.190776 1
g1 2 23 g1 2 25 0.071951 0.184149 1
g1 2 24 g1 2 24 0.073625 0.182284 1
g1 2 28 g1 2 24 0.082989 0.184123 1
g1 2 21 g1 2 28 0.067448 0.251477 1
g1 2 26 g6 2 36 0.078214 0.200737 1
g1 2 28 g6 2 34 0.082825 0.212294 1
g1 2 22 g6 2 37 0.069641 0.185805 1
g1 2 27 g6 2 34 0.080313 0.13539 1
g1 2 37 g2 2 17 0.105942 0.213727 1
g1 2 25 g6 2 25 0.076339 0.165599 1
g1 2 33 g2 2 17 0.095466 0.175089 1
g1 2 22 g1 2 18 0.069982 0.0769956 1
g1 2 20 g1 2 18 0.064982 0.0699969 1
g1 2 16 g1 2 17 0.057244 0.0972281 1
g1 2 16 g1 2 16 0.05706 0.0740709 1
g1 2 17 g1 2 17 0.058558 0.0754636 1
g1 2 17 g1 2 17 0.058627 0.060393 1
g1 2 19 g1 2 18 0.062646 0.0681503 1
g1 2 16 g1 2 17 0.057023 0.103612 1
g2 2 15 g2 2 14 0.055128 0.102294 1
g2 2 15 g2 2 14 0.05498 0.102069 1
g2 2 17 g2 2 17 0.058596 0.180842 1
g2 2 14 g2 2 14 0.052554 0.155019 1
g2 2 15 g2 2 14 0.054907 0.154699 1
g2 2 13 g2 2 17 0.050767 0.163711 1
g2 2 14 g2 2 14 0.05301 0.138865 1
g2 2 15 g2 2 14 0.054836 0.109654 1
g2 2 15 g2 2 14 0.055557 0.179041 1
g2 2 29 g2 2 26 0.085012 0.13883 1
g2 2 16 g2 2 14 0.057263 0.109136 1
g2 2 15 g2 2 14 0.055105 0.0998811 1
g2 2 15 g2 2 14 0.054795 0.119302 1
g2 2 16 g2 2 14 0.057098 0.119978 1
g2 2 16 g2 2 14 0.056821 0.173492 1
g2 2 15 g2 2 14 0.055176 0.139512 1
g2 2 12 g2 2 17 0.048402 0.266786 1
g2 2 15 g2 2 14 0.055003 0.0909069 1
g2 2 16 g2 2 14 0.057134 0.0997465 1
g2 2 15 g2 2 14 0.055072 0.15704 1
g2 2 16 g2 2 14 0.0569 0.136554 1
g2 2 16 g2 2 14 0.05719 0.213739 1
g2 2 14 g2 2 14 0.052913 0.149036 1
g2 2 17 g2 2 14 0.058623 0.104702 1
g2 2 18 g2 2 17 0.060606 0.171124 1
g2 2 15 g2 2 14 0.054659 0.174244 1
g2 2 15 g2 2 17 0.055017 0.234601 1
g2 2 16 g2 2 14 0.056751 0.175422 1
g2 2 18 g2 2 14 0.060963 0.137632 1
g2 2 31 g2 2 28 0.090767 0.125996 1
g2 2 28 g2 2 27 0.083207 0.154531 1
g2 2 29 g2 2 26 0.085453 0.13868 1
g2 2 25 g2 2 26 0.07669 0.145046 1
g2 2 20 g2 2 21 0.06533 0.14081 1
g2 2 22 g2 2 21 0.069952 0.116275 1
g2 2 32 g2 2 29 0.095296 0.128344 1
g2 2 23 g2 2 24 0.071907 0.0911216 1
g2 2 20 g2 2 21 0.065166 0.0914759 1
g2 2 19 g2 2 21 0.063436 0.090553 1
g2 2 21 g2 2 23 0.066271 0.0802652 1
g2 2 20 g2 2 21 0.066962 0.0893105 1
g2 2 21 g2 2 21 0.06724 0.0697141 1
g2 2 19 g2 2 21 0.064471 0.111094 1
g2 2 22 g2 2 21 0.069831 0.0768108 1
g2 2 22 g2 2 21 0.069291 0.0935556 1
g2 2 25 g2 2 23 0.07538 0.151366 1
g2 2 17 g2 2 24 0.059366 0.136608 1
g2 2 22 g2 2 21 0.069773 0.0832263 1
g2 2 42 g2 2 28 0.11815 0.160527 1
g2 2 22 g2 2 22 0.069365 0.0972297 1
g2 2 27 g2 2 23 0.080082 0.0794278 1
g2 2 27 g1 2 31 0.080365 0.219084 1
g2 2 21 g2 2 21 0.067301 0.114951 1
g2 2 19 g2 2 21 0.064362 0.0968977 1
g2 2 24 g1 2 33 0.073378 0.126282 1
g2 2 22 g2 2 21 0.069832 0.112032 1
g2 2 26 g1 2 27 0.077471 0.201474 1
g2 2 24 g2 2 28 0.073752 0.127158 1
g2 2 21 g2 2 29 0.067518 0.124674 1
g2 2 29 g2 2 28 0.085019 0.115389 1
g2 2 19 g2 2 21 0.063424 0.102121 1
g2 2 21 g1 2 33 0.067616 0.311734 1
g2 2 30 g2 2 25 0.087619 0.163577 1
g2 2 16 g2 2 14 0.057228 0.148281 1
g2 2 14 g2 2 14 0.052848 0.130207 1
g2 2 15 g2 2 14 0.055207 0.0822884 1
g3 1 36 g3 1 46 0.104891 0.332445 1
g3 1 35 g3 1 43 0.101876 0.221407 1
g3 1 49 g3 1 42 0.134201 0.300641 1
g3 1 52 g3 1 37 0.142496 0.246244 1
g3 1 55 g1 2 30 0.145492 0.418895 1
g3 1 49 g3 1 37 0.136115 0.259543 1
g3 1 47 g3 1 42 0.129707 0.382585 1
g3 1 47 g3 1 41 0.130803 0.282248 1
g3 1 44 g3 1 45 0.123478 0.289176 1
g3 1 43 g3 1 46 0.122925 0.297155 1
g3 1 44 g3 1 57 0.122828 0.280456 1
g3 1 47 g3 1 46 0.129273 0.231488 1
g3 1 46 g3 1 43 0.126642 0.244426 1
g3 1 47 g3 1 64 0.130065 0.222005 1
g3 1 44 g3 1 47 0.123912 0.509912 0
g3 1 44 g3 1 40 0.122548 0.258925 1
g3 1 41 g3 1 42 0.115644 0.20938 1
g3 1 56 g1 2 26 0.155685 0.384839 1
g3 1 48 g3 1 41 0.132147 0.250921 1
g3 1 48 g3 1 42 0.133508 0.221797 1
g3 1 50 g3 1 47 0.138201 0.226461 1
g3 1 48 g3 1 57 0.134685 0.223474 1
g3 1 46 g3 1 41 0.127804 0.251364 1
g3 1 43 g3 1 37 0.121878 0.252658 1
g3 1 47 g3 1 42 0.130682 0.316269 1
g3 1 44 g3 1 38 0.122736 0.286164 1
g3 1 50 g3 1 53 0.138249 0.323461 1
g3 1 66 g3 1 42 0.175914 0.284546 1
g3 1 58 g1 2 35 0.158203 0.443586 1
g3 1 50 g3 1 39 0.136763 0.201097 1
g3 1 57 g3 1 60 0.154092 0.227756 1
g3 1 53 g3 1 41 0.145045 0.280176 1
g3 1 49 g3 1 40 0.134865 0.220275 1
g3 1 51 g3 1 42 0.140585 0.246952 1
g3 1 52 g3 1 47 0.140761 0.262663 1
g3 1 50 g3 1 59 0.136735 0.273023 1
g3 1 51 g3 1 32 0.141233 0.325366 1
g3 1 59 g3 1 69 0.1574 0.265281 1
g3 1 61 g3 1 69 0.161471 0.26054 1
g3 1 46 g3 1 43 0.128205 0.385156 1
g3 1 28 g3 1 47 0.096656 0.823018 0
g3 1 49 g3 1 44 0.136035 0.299366 1
g3 1 42 g3 1 40 0.118832 0.212053 1
g3 1 40 g3 1 41 0.113896 0.207229 1
g3 1 42 g3 1 42 0.116783 0.229532 1
g3 1 44 g3 1 47 0.121695 0.308689 1
g3 1 39 g3 1 38 0.110348 0.342506 1
g3 1 43 g3 1 42 0.120964 0.173607 1
g3 1 40 g3 1 37 0.114171 0.222603 1
g3 1 39 g3 1 47 0.112114 0.313106 1
g3 1 43 g3 1 47 0.119764 0.257062 1
g4 2 37 g4 2 31 0.105356 0.213731 1
g4 2 37 g4 2 42 0.105346 0.0770925 1
g4 2 44 g4 2 45 0.12215 0.166975 1
g4 2 44 g4 2 42 0.122135 0.168401 1
g4 2 41 g4 2 46 0.114753 0.126542 1
g4 2 42 g4 2 51 0.118059 0.146691 1
g4 2 50 g3 1 44 0.138244 0.268622 1
g4 2 42 g4 2 42 0.117789 0.170647 1
g4 2 49 g4 2 48 0.135291 0.16048 1
g4 2 47 g4 2 49 0.1303 0.169922 1
g4 2 46 g4 2 46 0.127203 0.137594 1
g4 2 48 g4 2 51 0.132224 0.117739 1
g4 2 52 g4 2 51 0.142339 0.0872674 1
g4 2 45 g4 2 31 0.124766 0.127746 1
g4 2 30 g4 2 43 0.086625 0.144586 1
g4 2 31 g4 2 30 0.08962 0.078087 1
g4 2 30 g4 2 29 0.087217 0.0841841 1
g4 2 33 g4 2 34 0.09637 0.155968 1
g4 2 31 g4 2 33 0.089946 0.106797 1
g4 2 34 g4 2 34 0.098235 0.120246 1
g4 2 35 g4 2 40 0.100652 0.0919232 1
g4 2 36 g4 2 32 0.102324 0.107242 1
g4 2 40 g4 2 48 0.11211 0.15742 1
g4 2 30 g4 2 32 0.086827 0.114933 1
g4 2 37 g4 2 35 0.105823 0.0999654 1
g4 2 37 g4 2 37 0.104987 0.0560005 1
g4 2 41 g4 2 36 0.114996 0.0923847 1
g4 2 41 g4 2 43 0.114465 0.113961 1
g4 2 46 g4 2 32 0.126114 0.101124 1
g4 2 46 g4 2 34 0.126982 0.113174 1
g4 2 31 g4 2 37 0.089773 0.0955719 1
g4 2 31 g4 2 33 0.090295 0.103906 1
g4 2 33 g4 2 34 0.096614 0.0887908 1
g4 2 34 g4 2 34 0.098083 0.140199 1
g4 2 45 g4 2 34 0.124311 0.105555 1
g4 2 42 g4 2 34 0.117146 0.195331 1
g4 2 46 g4 2 41 0.127372 0.154758 1
g4 2 33 g4 2 32 0.095774 0.0741617 1
g4 2 45 g4 2 41 0.125122 0.101517 1
g4 2 50 g4 2 41 0.137003 0.113763 1
g4 2 41 g4 2 42 0.114869 0.0753194 1
g4 2 45 g4 2 32 0.123857 0.102625 1
g5 2 43 g5 2 48 0.120999 0.096948 1
g5 2 45 g5 2 44 0.124993 0.0813948 1
g5 2 44 g5 2 52 0.123738 0.109526 1
g5 2 42 g5 2 52 0.117742 0.12298 1
g5 2 36 g5 2 50 0.104405 0.173685 1
g5 2 42 g5 2 50 0.119123 0.103629 1
g5 2 41 g4 2 34 0.115495 0.195062 1
g5 2 46 g5 2 50 0.127982 0.189381 1
g5 2 40 g5 2 51 0.11375 0.211785 1
g5 2 33 g5 2 32 0.096997 0.123193 1
g5 2 35 g5 2 35 0.100813 0.127778 1
g5 2 41 g5 2 35 0.117182 0.115549 1
g5 2 34 g5 2 33 0.098704 0.166843 1
g5 2 36 g4 2 31 0.103283 0.193424 1
g5 2 43 g5 2 51 0.120715 0.166174 1
g5 2 39 g5 2 51 0.110348 0.210268 1
g5 2 38 g5 2 51 0.10813 0.176763 1
g5 2 35 g5 2 35 0.102094 0.193344 1
g5 2 38 g5 2 51 0.108535 0.171544 1
g5 2 38 g4 2 31 0.108373 0.178412 1
g5 2 39 g5 2 51 0.111216 0.144814 1
g5 2 38 g4 2 31 0.108291 0.180962 1
g5 2 39 g4 2 36 0.110305 0.222326 1
g5 2 38 g5 2 50 0.108672 0.172357 1
g5 2 41 g5 2 50 0.116222 0.134481 1
g5 2 41 g5 2 54 0.115811 0.156583 1
g5 2 39 g4 2 31 0.111166 0.153731 1
g5 2 39 g5 2 54 0.111242 0.169357 1
g5 2 40 g5 2 51 0.113125 0.220687 1
g5 2 40 g5 2 51 0.113282 0.173148 1
g5 2 38 g4 2 31 0.108556 0.182182 1
g5 2 39 g5 2 50 0.11128 0.132382 1
g5 2 37 g5 2 45 0.106625 0.13262 1
g5 2 39 g5 2 50 0.111846 0.152406 1
g5 2 39 g5 2 49 0.110449 0.145824 1
g5 2 43 g5 2 49 0.120988 0.104819 1
g5 2 55 g5 2 51 0.149606 0.122428 1
g5 2 40 g5 2 49 0.114591 0.0949954 1
g5 2 47 g5 2 52 0.133186 0.0837979 1
g5 2 47 g5 2 49 0.131982 0.126398 1
g5 2 50 g5 2 59 0.138878 0.137652 1
g5 2 47 g5 2 55 0.131338 0.0960286 1
g5 2 47 g5 2 54 0.131414 0.106302 1
g5 2 50 g5 2 51 0.138614 0.100019 1
g5 2 47 g5 2 48 0.131529 0.0650633 1
g6 2 40 g6 2 38 0.112343 0.0831293 1
g6 2 39 g6 2 38 0.109253 0.0954732 1
g6 2 42 g6 2 38 0.11531 0.09279 1
g6 2 41 g6 2 34 0.114941 0.186611 1
g6 2 35 g6 2 38 0.100303 0.0741795 1
g6 2 34 g6 2 34 0.098043 0.13345 1
g6 2 37 g6 2 38 0.104555 0.0968774 1
g6 2 38 g6 2 38 0.107412 0.132625 1
g6 2 36 g6 2 38 0.10232 0.105043 1
g6 2 32 g6 2 38 0.092705 0.10631 1
g6 2 39 g6 2 37 0.110476 0.158528 1
g6 2 42 g6 2 59 0.116824 0.0806915 1
g6 2 41 g6 2 41 0.114903 0.07077 1
g6 2 31 g6 2 38 0.089749 0.12078 1
g6 2 36 g6 2 41 0.102799 0.164803 1
g6 2 41 g6 2 39 0.114427 0.0869633 1
g6 2 35 g6 2 38 0.10029 0.099564 1
g6 2 43 g6 2 39 0.119152 0.0888546 1
g6 2 36 g6 2 38 0.102461 0.0856295 1
g6 2 35 g6 2 38 0.101362 0.142454 1
g6 2 41 g6 2 38 0.11435 0.0950052 1
g6 2 56 g6 2 38 0.150722 0.112544 1
g6 2 38 g6 2 39 0.107633 0.102009 1
g6 2 34 g6 2 39 0.098803 0.12163 1
g6 2 36 g6 2 38 0.102522 0.119668 1
g6 2 35 g6 2 44 0.101234 0.249863 1
g6 2 44 g6 2 38 0.122543 0.115654 1
g6 2 35 g6 2 38 0.100263 0.0913838 1
g6 2 35 g6 2 38 0.100071 0.0932373 1
g6 2 29 g6 2 33 0.085407 0.101353 1
g6 2 32 g6 2 34 0.092428 0.0869118 1
g6 2 33 g6 2 34 0.096098 0.118859 1
g6 2 51 g6 2 49 0.140005 0.354284 1
g6 2 39 g1 2 25 0.109942 0.255429 1
g6 2 32 g6 2 33 0.092179 0.0479845 1
g6 2 33 g6 2 35 0.096123 0.0866037 1
g6 2 35 g6 2 35 0.100083 0.0756825 1
g6 2 33 g6 2 35 0.095173 0.0790453 1
g6 2 37 g6 2 36 0.105377 0.0800973 1
g6 2 39 g6 2 37 0.109841 0.0710931 1
g6 2 37 g6 2 44 0.104651 0.0960218 1
g7 1 37 g7 1 44 0.107449 0.283729 1
g7 1 34 g7 1 42 0.099207 0.224504 1
g7 1 37 g7 1 39 0.105284 0.322902 1
g7 1 38 g7 1 52 0.108176 0.161921 1
g7 1 40 g7 1 34 0.113098 0.289615 1
g7 1 41 g7 1 41 0.116648 0.267352 1
g7 1 34 g7 1 46 0.098727 0.306425 1
g7 1 35 g7 1 36 0.103222 0.132177 1
g7 1 27 g7 1 31 0.080831 0.224476 1
g7 1 32 g3 1 40 0.096023 0.431618 1
g7 1 34 g7 1 33 0.098962 0.226178 1
g7 1 36 g7 1 34 0.105006 0.171268 1
g7 1 36 g7 1 39 0.102512 0.221251 1
g7 1 34 g7 1 29 0.097042 0.190098 1
g7 1 29 g7 1 29 0.085407 0.229544 1
g7 1 33 g7 1 31 0.095757 0.183661 1
g7 1 33 g7 1 28 0.096918 0.178668 1
g7 1 30 g7 1 32 0.086726 0.223046 1
g7 1 31 g7 1 29 0.089398 0.248928 1
g7 1 31 g7 1 28 0.091227 0.164172 1
g7 1 31 g7 1 32 0.091292 0.208856 1
g7 1 27 g7 1 27 0.081894 0.0615644 1
g7 1 39 g1 2 17 0.110318 0.57738 0
g7 1 35 g7 1 35 0.098826 0.238792 1
g7 1 45 g7 1 28 0.124613 0.334334 1
g7 1 37 g7 1 48 0.104158 0.36491 1
g7 1 34 g2 2 23 0.097562 0.45804 0
g7 1 38 g7 1 37 0.107595 0.16894 1
g7 1 35 g1 2 17 0.101924 0.601892 0
g7 1 36 g7 1 38 0.101698 0.375958 1
g7 1 36 g7 1 36 0.102389 0.22344 1
g7 1 44 g7 1 47 0.122363 0.305023 1
g7 1 39 g7 1 43 0.111115 0.304891 1
g7 1 40 g7 1 35 0.114049 0.22377 1
g7 1 46 g7 1 33 0.126803 0.208856 1
g7 1 68 g7 1 43 0.174322 0.286301 1
g7 1 34 g7 1 51 0.098154 0.347542 1
g7 1 35 g7 1 46 0.099343 0.270526 1
g7 1 39 g7 1 50 0.111864 0.307484 1
g7 1 40 g7 1 39 0.114486 0.2346 1
g7 1 45 g7 1 41 0.125359 0.282181 1
g7 1 48 g7 1 45 0.135135 0.196393 1
g7 1 32 g7 1 34 0.093258 0.31424 1
g7 1 50 g7 1 40 0.138811 0.18407 1
g7 1 21 g7 1 36 0.067621 0.363603 1
g7 1 35 g7 1 51 0.102202 0.376813 1
g7 1 36 g7 1 34 0.10469 0.159465 1
g7 1 36 g7 1 31 0.104304 0.279683 1
g7 1 37 g7 1 31 0.105459 0.223388 1
g7 1 49 g7 1 41 0.135257 0.244423 1
g7 1 33 g7 1 29 0.096288 0.331907 1
g7 1 33 g7 1 33 0.097173 0.27306 1
g7 1 42 g7 1 45 0.11855 0.170613 1
g7 1 61 g7 1 45 0.166252 0.305014 1
g7 1 56 g7 1 52 0.152597 0.246199 1
g7 1 54 g7 1 37 0.147487 0.398423 1
g7 1 53 g7 1 52 0.145136 0.230603 1
g7 1 35 g7 1 35 0.114686 0.243094 1
g7 1 51 g7 1 48 0.140174 0.167706 1
g7 1 43 g7 1 47 0.119073 0.222166 1
g7 1 47 g7 1 48 0.12892 0.168155 1
g7 1 45 g7 1 45 0.125552 0.191072 1
g7 1 47 g7 1 48 0.131105 0.173402 1
