g1 2 46 g6 2 78 0.23172 0.151288 1
g1 2 44 g6 2 66 0.221579 0.178759 1
g1 2 52 g6 2 50 0.25563 0.133322 1
g1 2 102 g1 2 45 0.47056 0.128455 1
g1 2 63 g2 2 32 0.302105 0.180064 1
g1 2 56 g1 2 48 0.274051 0.143843 1
g1 2 60 g1 2 54 0.289262 0.120497 1
g1 2 37 g1 2 52 0.193922 0.0984114 1
g1 2 46 g1 2 42 0.229991 0.124173 1
g1 2 54 g1 2 48 0.262636 0.15383 1
g1 2 39 g1 2 42 0.201304 0.119368 1
g1 2 50 g1 2 42 0.246895 0.0973216 1
g1 2 48 g1 2 48 0.237688 0.0664936 1
g1 2 47 g1 2 46 0.234159 0.0739914 1
g1 2 53 g1 2 48 0.258767 0.0760608 1
g1 2 111 g6 2 73 0.510862 0.200285 1
g1 2 49 g1 2 42 0.242226 0.0890284 1
g1 2 71 g6 2 70 0.334945 0.199234 1
g1 2 37 g6 2 60 0.194269 0.121699 1
g1 2 46 g6 2 66 0.230368 0.186203 1
g1 2 39 g6 2 51 0.201211 0.130479 1
g1 2 54 g6 2 57 0.262892 0.161004 1
g1 2 42 g2 2 32 0.214079 0.181831 1
g1 2 45 g1 2 38 0.225089 0.0752116 1
g1 2 43 g1 2 38 0.216896 0.076984 1
g1 2 61 g1 2 56 0.292647 0.126833 1
g1 2 58 g1 2 49 0.281802 0.139635 1
g1 2 75 g1 2 49 0.35308 0.246473 1
g1 2 55 g1 2 45 0.267391 0.194773 1
g1 2 56 g1 2 71 0.271204 0.100638 1
g1 2 43 g1 2 48 0.218302 0.0796961 1
g1 2 44 g1 2 45 0.221862 0.162744 1
g1 2 35 g1 2 50 0.185187 0.0640508 1
g1 2 53 g1 2 54 0.258362 0.197304 1
g1 2 43 g1 2 56 0.218075 0.225174 1
g1 2 46 g1 2 45 0.229992 0.149752 1
g1 2 57 g1 2 45 0.275287 0.158249 1
g1 2 46 g1 2 45 0.229044 0.153167 1
g1 2 41 g1 2 43 0.212343 0.154717 1
g1 2 43 g1 2 45 0.218673 0.120064 1
g1 2 49 g1 2 50 0.242251 0.147739 1
g1 2 53 g1 2 54 0.258653 0.204874 1
g1 2 44 g1 2 47 0.222382 0.16863 1
g1 2 46 g1 2 45 0.230426 0.172158 1
g1 2 53 g1 2 45 0.258799 0.161457 1
g1 2 40 g1 2 54 0.205547 0.234592 1
g1 2 50 g6 2 70 0.246165 0.185241 1
g1 2 53 g6 2 65 0.258832 0.195168 1
g1 2 41 g6 2 72 0.20993 0.170864 1
g1 2 52 g6 2 66 0.255289 0.126153 1
g1 2 72 g2 2 32 0.341146 0.2079 1
g1 2 48 g6 2 50 0.238981 0.147781 1
g1 2 64 g2 2 32 0.307566 0.161413 1
g1 2 42 g1 2 34 0.212968 0.0657474 1
g1 2 38 g1 2 34 0.196862 0.0576905 1
g1 2 29 g1 2 32 0.157363 0.0730474 1
g1 2 29 g1 2 29 0.15791 0.0591479 1
g1 2 31 g1 2 32 0.165759 0.0594514 1
g1 2 31 g1 2 31 0.165566 0.0512402 1
g1 2 36 g1 2 34 0.18867 0.0559701 1
g1 2 29 g1 2 29 0.158013 0.0584143 1
g2 2 28 g2 2 26 0.152867 0.0811795 1
g2 2 28 g2 2 26 0.153936 0.0851334 1
g2 2 31 g2 2 32 0.165422 0.152475 1
g2 2 26 g2 2 26 0.144488 0.15096 1
g2 2 27 g2 2 26 0.148801 0.134783 1
g2 2 23 g2 2 32 0.131679 0.14479 1
g2 2 26 g2 2 26 0.144602 0.128871 1
g2 2 27 g2 2 26 0.148906 0.0936361 1
g2 2 28 g2 2 26 0.153549 0.156916 1
g2 2 55 g2 2 50 0.268536 0.125751 1
g2 2 29 g2 2 26 0.157053 0.0853091 1
g2 2 28 g2 2 26 0.153357 0.083249 1
g2 2 28 g2 2 26 0.153552 0.105967 1
g2 2 29 g2 2 26 0.157304 0.106472 1
g2 2 30 g2 2 26 0.161187 0.165983 1
g2 2 27 g2 2 26 0.148909 0.128473 1
g2 2 21 g2 2 32 0.124487 0.237987 1
g2 2 27 g2 2 26 0.148811 0.0734326 1
g2 2 29 g2 2 26 0.156982 0.0851217 1
g2 2 27 g2 2 26 0.148912 0.132623 1
g2 2 30 g2 2 26 0.160778 0.125164 1
g2 2 30 g2 2 26 0.16139 0.203044 1
g2 2 26 g2 2 26 0.144818 0.144111 1
g2 2 31 g2 2 26 0.165597 0.0810045 1
g2 2 33 g2 2 32 0.176542 0.158366 1
g2 2 28 g2 2 26 0.153355 0.150752 1
g2 2 27 g2 2 32 0.148779 0.215898 1
g2 2 30 g2 2 26 0.160946 0.152333 1
g2 2 34 g2 2 26 0.182439 0.12261 1
g2 2 59 g2 2 53 0.286472 0.11708 1
g2 2 54 g2 2 45 0.263393 0.128014 1
g2 2 55 g2 2 50 0.269064 0.115755 1
g2 2 48 g1 2 43 0.238738 0.2597 1
g2 2 38 g2 2 42 0.197284 0.0980483 1
g2 2 42 g2 2 39 0.213166 0.102194 1
g2 2 64 g2 2 53 0.306611 0.107352 1
g2 2 43 g2 2 45 0.218061 0.08175 1
g2 2 37 g2 2 44 0.193123 0.0787427 1
g2 2 36 g2 2 39 0.18944 0.0732876 1
g2 2 39 g2 2 44 0.201058 0.0676211 1
g2 2 39 g2 2 39 0.20124 0.0572556 1
g2 2 41 g2 2 39 0.209804 0.058204 1
g2 2 39 g2 2 39 0.202439 0.0958255 1
g2 2 41 g2 2 39 0.20989 0.068372 1
g2 2 42 g2 2 44 0.213503 0.069749 1
g2 2 47 g2 2 44 0.233819 0.129113 1
g2 2 31 g2 2 41 0.166187 0.117848 1
g2 2 42 g2 2 39 0.213022 0.0603325 1
g2 2 84 g2 2 53 0.394711 0.158532 1
g2 2 41 g2 2 42 0.20981 0.0792109 1
g2 2 52 g2 2 44 0.2556 0.0678666 1
g2 2 52 g1 2 59 0.255057 0.214053 1
g2 2 40 g2 2 39 0.20533 0.100108 1
g2 2 37 g2 2 44 0.193156 0.0734798 1
g2 2 45 g1 2 64 0.225792 0.11533 1
g2 2 41 g2 2 44 0.210527 0.0894534 1
g2 2 49 g1 2 52 0.241699 0.192203 1
g2 2 46 g2 2 53 0.229824 0.113762 1
g2 2 40 g2 2 56 0.205427 0.109518 1
g2 2 56 g2 2 53 0.272072 0.108558 1
g2 2 35 g2 2 39 0.185365 0.0854126 1
g2 2 40 g1 2 57 0.206256 0.290744 1
g2 2 58 g2 2 48 0.280221 0.157088 1
g2 2 29 g2 2 26 0.157672 0.130603 1
g2 2 26 g2 2 26 0.144578 0.124375 1
g2 2 28 g2 2 26 0.153102 0.0648008 1
g3 1 71 g3 1 117 0.337082 0.324802 1
g3 1 68 g3 1 84 0.324122 0.195019 1
g3 1 95 g3 1 81 0.442404 0.297211 1
g3 1 102 g3 1 73 0.4707 0.238231 1
g3 1 107 g1 2 57 0.496176 0.435192 0
g3 1 96 g3 1 73 0.448824 0.256784 1
g3 1 91 g3 1 72 0.424574 0.283782 1
g3 1 93 g3 1 82 0.434782 0.278986 1
g3 1 86 g3 1 87 0.402341 0.278766 1
g3 1 87 g3 1 92 0.406785 0.286671 1
g3 1 88 g3 1 106 0.411187 0.25416 1
g3 1 92 g3 1 81 0.429459 0.213043 1
g3 1 92 g3 1 86 0.430202 0.243595 1
g3 1 92 g3 1 127 0.431979 0.215488 1
g3 1 90 g3 1 78 0.420491 0.48263 0
g3 1 86 g3 1 74 0.403036 0.250771 1
g3 1 80 g3 1 81 0.377675 0.197855 1
g3 1 113 g1 2 49 0.522886 0.365256 1
g3 1 95 g3 1 120 0.442802 0.277623 1
g3 1 95 g3 1 85 0.443056 0.214674 1
g3 1 99 g3 1 91 0.460282 0.21966 1
g3 1 93 g3 1 114 0.43454 0.216507 1
g3 1 92 g3 1 82 0.429275 0.243911 1
g3 1 85 g3 1 73 0.398608 0.253357 1
g3 1 91 g3 1 81 0.424856 0.303233 0
g3 1 88 g3 1 77 0.41063 0.279025 1
g3 1 99 g3 1 112 0.458444 0.301411 1
g3 1 132 g3 1 84 0.607567 0.282255 1
g3 1 114 g1 2 67 0.527408 0.433656 0
g3 1 97 g3 1 80 0.450553 0.194454 1
g3 1 111 g3 1 120 0.51539 0.219352 1
g3 1 104 g3 1 82 0.482035 0.272961 1
g3 1 97 g3 1 78 0.450476 0.214279 1
g3 1 100 g3 1 85 0.464771 0.238413 1
g3 1 101 g3 1 91 0.469205 0.246691 1
g3 1 98 g3 1 83 0.456276 0.266989 1
g3 1 102 g3 1 61 0.474812 0.319321 1
g3 1 115 g3 1 140 0.530216 0.259004 1
g3 1 120 g3 1 140 0.554531 0.257885 1
g3 1 92 g3 1 84 0.427304 0.376836 0
g3 1 76 g3 1 68 0.357346 0.838187 0
g3 1 97 g3 1 85 0.449879 0.281698 1
g3 1 85 g3 1 79 0.397732 0.211924 1
g3 1 77 g3 1 80 0.363476 0.193174 1
g3 1 81 g3 1 81 0.378209 0.214615 1
g3 1 86 g3 1 91 0.4002 0.293187 1
g3 1 77 g3 1 77 0.361536 0.329228 0
g3 1 85 g3 1 84 0.396459 0.171792 1
g3 1 79 g3 1 74 0.371176 0.219377 1
g3 1 78 g3 1 91 0.366434 0.301788 0
g3 1 84 g3 1 91 0.39322 0.249839 1
g4 2 71 g4 2 59 0.334968 0.197981 1
g4 2 71 g4 2 82 0.3349 0.0673577 1
g4 2 86 g4 2 87 0.400927 0.162387 1
g4 2 85 g4 2 82 0.395831 0.163094 1
g4 2 80 g4 2 90 0.375038 0.119479 1
g4 2 81 g4 2 99 0.380116 0.140361 1
g4 2 100 g3 1 89 0.462357 0.256963 1
g4 2 81 g4 2 82 0.379295 0.161404 1
g4 2 95 g4 2 94 0.442424 0.151724 1
g4 2 93 g4 2 95 0.43207 0.166845 1
g4 2 89 g4 2 90 0.414476 0.134421 1
g4 2 94 g4 2 99 0.435785 0.112284 1
g4 2 102 g4 2 101 0.472874 0.0792493 1
g4 2 89 g4 2 60 0.413672 0.120146 1
g4 2 57 g4 2 63 0.274495 0.127532 1
g4 2 60 g4 2 57 0.288688 0.0727951 1
g4 2 57 g4 2 55 0.275765 0.0765809 1
g4 2 63 g4 2 66 0.300431 0.145435 1
g4 2 59 g4 2 64 0.285887 0.103085 1
g4 2 65 g4 2 66 0.309973 0.109033 1
g4 2 67 g4 2 78 0.318253 0.0845207 1
g4 2 69 g4 2 78 0.326666 0.0992632 1
g4 2 77 g4 2 95 0.361376 0.150205 1
g4 2 57 g4 2 62 0.274719 0.105123 1
g4 2 72 g4 2 67 0.339506 0.0917946 1
g4 2 72 g4 2 72 0.340138 0.0487928 1
g4 2 80 g4 2 72 0.374678 0.096792 1
g4 2 79 g4 2 83 0.369712 0.110217 1
g4 2 92 g4 2 62 0.426903 0.0942064 1
g4 2 90 g4 2 66 0.417005 0.104487 1
g4 2 59 g4 2 72 0.284505 0.0842909 1
g4 2 59 g4 2 63 0.284151 0.0951817 1
g4 2 63 g4 2 66 0.301781 0.0775533 1
g4 2 66 g4 2 66 0.3147 0.130783 1
g4 2 87 g4 2 66 0.406177 0.0984169 1
g4 2 82 g4 2 66 0.382494 0.187906 1
g4 2 89 g4 2 79 0.414706 0.146783 1
g4 2 64 g4 2 62 0.30597 0.06811 1
g4 2 88 g4 2 79 0.40929 0.0983666 1
g4 2 100 g4 2 79 0.462554 0.107776 1
g4 2 80 g4 2 82 0.374555 0.0682101 1
g4 2 88 g4 2 62 0.409365 0.0951075 1
g5 2 84 g5 2 94 0.395433 0.0893276 1
g5 2 87 g5 2 85 0.406688 0.07674 1
g5 2 85 g5 2 101 0.399861 0.103887 1
g5 2 82 g5 2 101 0.38504 0.115029 1
g5 2 69 g5 2 98 0.333932 0.161708 1
g5 2 81 g5 2 98 0.383531 0.093637 1
g5 2 80 g4 2 65 0.376156 0.188495 1
g5 2 89 g5 2 98 0.417421 0.177104 1
g5 2 78 g5 2 100 0.367278 0.207057 1
g5 2 64 g5 2 62 0.307276 0.117363 1
g5 2 68 g5 2 68 0.324154 0.118527 1
g5 2 80 g5 2 68 0.375759 0.108617 1
g5 2 66 g5 2 82 0.317957 0.144767 1
g5 2 69 g4 2 60 0.329214 0.184893 1
g5 2 83 g5 2 100 0.389146 0.161194 1
g5 2 76 g5 2 68 0.357288 0.213484 1
g5 2 73 g5 2 100 0.346673 0.169533 1
g5 2 68 g5 2 68 0.323616 0.181235 1
g5 2 73 g5 2 100 0.346299 0.164479 1
g5 2 73 g4 2 59 0.345765 0.169954 1
g5 2 75 g5 2 99 0.354914 0.132889 1
g5 2 73 g4 2 59 0.345006 0.171729 1
g5 2 75 g4 2 70 0.354683 0.208315 1
g5 2 73 g5 2 98 0.345316 0.164008 1
g5 2 80 g5 2 98 0.377896 0.126467 1
g5 2 79 g5 2 106 0.373417 0.150373 1
g5 2 76 g4 2 59 0.359385 0.143915 1
g5 2 75 g5 2 106 0.354357 0.162088 1
g5 2 77 g5 2 100 0.362605 0.212821 1
g5 2 78 g5 2 88 0.367925 0.138219 1
g5 2 73 g4 2 65 0.345759 0.188444 1
g5 2 76 g5 2 98 0.359651 0.126548 1
g5 2 71 g5 2 88 0.338537 0.124091 1
g5 2 75 g5 2 98 0.358412 0.138346 1
g5 2 76 g5 2 98 0.358927 0.14134 1
g5 2 83 g5 2 96 0.389722 0.0967958 1
g5 2 110 g5 2 100 0.508245 0.117764 1
g5 2 77 g5 2 96 0.364575 0.0859853 1
g5 2 92 g5 2 101 0.429682 0.0756882 1
g5 2 92 g5 2 96 0.432625 0.121358 1
g5 2 98 g5 2 115 0.457403 0.128895 1
g5 2 92 g5 2 115 0.433286 0.0887364 1
g5 2 91 g5 2 105 0.42705 0.0983385 1
g5 2 98 g5 2 100 0.457638 0.0920366 1
g5 2 92 g5 2 98 0.431362 0.0726742 1
g6 2 78 g6 2 74 0.365234 0.0771508 1
g6 2 75 g6 2 74 0.351379 0.0886424 1
g6 2 81 g6 2 74 0.377544 0.0836842 1
g6 2 79 g6 2 65 0.369781 0.173104 1
g6 2 67 g6 2 74 0.318122 0.0672741 1
g6 2 66 g6 2 77 0.3134 0.118315 1
g6 2 71 g6 2 74 0.334946 0.0905255 1
g6 2 73 g6 2 74 0.343213 0.124846 1
g6 2 70 g6 2 74 0.330254 0.100239 1
g6 2 61 g6 2 74 0.292486 0.0983939 1
g6 2 76 g6 2 72 0.357275 0.148163 1
g6 2 82 g6 2 179 0.382151 0.0846958 1
g6 2 80 g6 2 79 0.374781 0.063838 1
g6 2 59 g6 2 74 0.283821 0.11493 1
g6 2 70 g6 2 79 0.331629 0.159495 1
g6 2 79 g6 2 75 0.369759 0.0817193 1
g6 2 67 g6 2 74 0.317472 0.091968 1
g6 2 84 g6 2 75 0.390805 0.0825079 1
g6 2 70 g6 2 74 0.330556 0.0787895 1
g6 2 68 g6 2 74 0.321597 0.138218 1
g6 2 80 g6 2 74 0.373825 0.0904658 1
g6 2 115 g6 2 74 0.52555 0.146904 1
g6 2 74 g6 2 75 0.347486 0.0920864 1
g6 2 66 g6 2 75 0.313159 0.116224 1
g6 2 70 g6 2 74 0.330998 0.116515 1
g6 2 68 g6 2 86 0.321638 0.238972 1
g6 2 86 g6 2 74 0.40001 0.111647 1
g6 2 68 g6 2 74 0.322088 0.0831092 1
g6 2 68 g6 2 74 0.321882 0.086832 1
g6 2 56 g6 2 64 0.270795 0.0933762 1
g6 2 61 g6 2 65 0.293354 0.0761368 1
g6 2 63 g6 2 65 0.300831 0.105658 1
g6 2 99 g6 2 94 0.458271 0.363476 1
g6 2 75 g1 2 48 0.353588 0.249605 1
g6 2 61 g6 2 62 0.292204 0.0327492 1
g6 2 63 g6 2 63 0.300777 0.0631679 1
g6 2 67 g6 2 63 0.317553 0.05762 1
g6 2 64 g6 2 67 0.305635 0.0627893 1
g6 2 71 g6 2 70 0.334145 0.0710151 1
g6 2 76 g6 2 72 0.35743 0.0616743 1
g6 2 71 g6 2 86 0.335052 0.0880207 1
g7 1 73 g7 1 87 0.345766 0.276653 1
g7 1 65 g7 1 83 0.310885 0.214454 1
g7 1 71 g7 1 67 0.336261 0.282719 1
g7 1 73 g7 1 102 0.345941 0.152302 1
g7 1 78 g7 1 66 0.366559 0.281868 1
g7 1 82 g7 1 79 0.384522 0.254095 1
g7 1 66 g7 1 90 0.315554 0.298982 1
g7 1 72 g7 1 73 0.341131 0.12482 1
g7 1 52 g7 1 60 0.255723 0.216389 1
g7 1 63 g3 1 83 0.301869 0.402751 0
g7 1 67 g7 1 65 0.317766 0.216339 1
g7 1 72 g7 1 66 0.34361 0.16338 1
g7 1 69 g7 1 76 0.326235 0.217292 1
g7 1 65 g7 1 56 0.310046 0.176963 1
g7 1 56 g7 1 55 0.27076 0.216631 1
g7 1 64 g7 1 60 0.305523 0.174255 1
g7 1 63 g7 1 55 0.301323 0.159184 1
g7 1 58 g7 1 62 0.281125 0.214683 1
g7 1 60 g7 1 89 0.288597 0.287003 1
g7 1 61 g7 1 54 0.293008 0.1594 1
g7 1 61 g7 1 62 0.291971 0.197077 1
g7 1 54 g7 1 51 0.264553 0.0359672 1
g7 1 75 g1 2 31 0.351933 0.531559 0
g7 1 68 g7 1 69 0.321591 0.227489 1
g7 1 88 g7 1 54 0.410137 0.322716 1
g7 1 72 g7 1 94 0.339525 0.355573 1
g7 1 67 g2 2 44 0.319032 0.433212 0
g7 1 74 g7 1 73 0.349153 0.162263 1
g7 1 70 g1 2 31 0.331922 0.556073 0
g7 1 70 g3 1 130 0.330059 0.527538 0
g7 1 72 g7 1 69 0.339158 0.213634 1
g7 1 85 g7 1 93 0.395354 0.297133 1
g7 1 77 g7 1 88 0.361568 0.299293 1
g7 1 79 g7 1 67 0.371171 0.217543 1
g7 1 90 g7 1 66 0.417605 0.204809 1
g7 1 136 g7 1 88 0.625065 0.278841 1
g7 1 66 g7 1 75 0.314148 0.243261 1
g7 1 67 g7 1 97 0.318603 0.255342 1
g7 1 78 g7 1 97 0.366733 0.302368 1
g7 1 78 g7 1 75 0.366337 0.2283 1
g7 1 88 g7 1 79 0.411098 0.267838 1
g7 1 97 g7 1 91 0.450192 0.194214 1
g7 1 62 g7 1 67 0.297205 0.300022 1
g7 1 101 g7 1 77 0.469839 0.175852 1
g7 1 39 g7 1 67 0.200447 0.363805 1
g7 1 70 g7 1 100 0.332183 0.366107 1
g7 1 72 g7 1 66 0.34174 0.154116 1
g7 1 71 g7 1 60 0.335788 0.27246 1
g7 1 72 g7 1 73 0.340619 0.167207 1
g7 1 96 g7 1 79 0.447921 0.237336 1
g7 1 63 g7 1 57 0.301691 0.30922 1
g7 1 66 g7 1 65 0.3144 0.258674 1
g7 1 84 g7 1 89 0.393557 0.162882 1
g7 1 119 g7 1 91 0.550351 0.298131 1
g7 1 110 g7 1 103 0.508875 0.245886 1
g7 1 105 g7 1 72 0.485687 0.384203 1
g7 1 104 g7 1 103 0.48275 0.223071 1
g7 1 91 g7 1 71 0.42258 0.238848 1
g7 1 99 g7 1 94 0.46061 0.159645 1
g7 1 83 g7 1 93 0.389361 0.211323 1
g7 1 92 g7 1 94 0.429231 0.157543 1
g7 1 88 g7 1 91 0.410353 0.186894 1
g7 1 93 g7 1 94 0.433609 0.166753 1
