g1 2 46 g6 2 78 0.230159 0.151288 1
g1 2 44 g6 2 66 0.221552 0.178759 1
g1 2 52 g6 2 50 0.25644 0.133322 1
g1 2 102 g1 2 45 0.471411 0.128455 1
g1 2 63 g2 2 32 0.303798 0.180064 1
g1 2 56 g1 2 48 0.271626 0.143843 1
g1 2 60 g1 2 54 0.2888 0.120497 1
g1 2 37 g1 2 52 0.194698 0.0984114 1
g1 2 46 g1 2 42 0.230492 0.124173 1
g1 2 54 g1 2 48 0.263184 0.15383 1
g1 2 39 g1 2 42 0.200932 0.119368 1
g1 2 50 g1 2 42 0.247021 0.0973216 1
g1 2 48 g1 2 48 0.238823 0.0664936 1
g1 2 47 g1 2 46 0.234104 0.0739914 1
g1 2 53 g1 2 48 0.259263 0.0760608 1
g1 2 111 g6 2 73 0.511517 0.200285 1
g1 2 49 g1 2 42 0.242217 0.0890284 1
g1 2 71 g6 2 70 0.334556 0.199234 1
g1 2 37 g6 2 60 0.194058 0.121699 1
g1 2 46 g6 2 66 0.229941 0.186203 1
g1 2 39 g6 2 51 0.201451 0.130479 1
g1 2 54 g6 2 57 0.263487 0.161004 1
g1 2 42 g2 2 32 0.213469 0.181831 1
g1 2 45 g1 2 38 0.225846 0.0752116 1
g1 2 43 g1 2 38 0.217128 0.076984 1
g1 2 61 g1 2 56 0.293096 0.126833 1
g1 2 58 g1 2 49 0.280496 0.139635 1
g1 2 75 g1 2 49 0.352842 0.246473 0
g1 2 55 g1 2 45 0.266741 0.194773 1
g1 2 56 g1 2 71 0.272363 0.100638 1
g1 2 43 g1 2 48 0.218502 0.0796961 1
g1 2 44 g1 2 45 0.221732 0.162744 1
g1 2 35 g1 2 50 0.185858 0.0640508 1
g1 2 53 g1 2 54 0.258482 0.197304 0
g1 2 43 g1 2 56 0.218342 0.225174 0
g1 2 46 g1 2 45 0.230118 0.149752 1
g1 2 57 g1 2 45 0.275652 0.158249 1
g1 2 46 g1 2 45 0.229415 0.153167 1
g1 2 41 g1 2 43 0.209742 0.154717 1
g1 2 43 g1 2 45 0.217911 0.120064 1
g1 2 49 g1 2 50 0.242256 0.147739 1
g1 2 53 g1 2 54 0.258368 0.204874 1
g1 2 44 g1 2 47 0.221738 0.16863 1
g1 2 46 g1 2 45 0.230389 0.172158 1
g1 2 53 g1 2 45 0.259573 0.161457 1
g1 2 40 g1 2 54 0.205919 0.234592 0
g1 2 50 g6 2 70 0.246054 0.185241 1
g1 2 53 g6 2 65 0.258686 0.195168 1
g1 2 41 g6 2 72 0.210772 0.170864 1
g1 2 52 g6 2 66 0.255527 0.126153 1
g1 2 72 g2 2 32 0.340275 0.2079 1
g1 2 48 g6 2 50 0.239007 0.147781 1
g1 2 64 g2 2 32 0.307222 0.161413 1
g1 2 42 g1 2 34 0.2129 0.0657474 1
g1 2 38 g1 2 34 0.19714 0.0576905 1
g1 2 29 g1 2 32 0.157602 0.0730474 1
g1 2 29 g1 2 29 0.158415 0.0591479 1
g1 2 31 g1 2 32 0.166933 0.0594514 1
g1 2 31 g1 2 31 0.166359 0.0512402 1
g1 2 36 g1 2 34 0.189122 0.0559701 1
g1 2 29 g1 2 29 0.157807 0.0584143 1
g2 2 28 g2 2 26 0.153342 0.0811795 1
g2 2 28 g2 2 26 0.153257 0.0851334 1
g2 2 31 g2 2 32 0.166324 0.152475 1
g2 2 26 g2 2 26 0.144533 0.15096 1
g2 2 27 g2 2 26 0.149003 0.134783 1
g2 2 23 g2 2 32 0.131828 0.14479 1
g2 2 26 g2 2 26 0.144772 0.128871 1
g2 2 27 g2 2 26 0.149328 0.0936361 1
g2 2 28 g2 2 26 0.153062 0.156916 1
g2 2 55 g2 2 50 0.268672 0.125751 1
g2 2 29 g2 2 26 0.157316 0.0853091 1
g2 2 28 g2 2 26 0.153401 0.083249 1
g2 2 28 g2 2 26 0.153441 0.105967 1
g2 2 29 g2 2 26 0.157102 0.106472 1
g2 2 30 g2 2 26 0.161355 0.165983 1
g2 2 27 g2 2 26 0.149553 0.128473 1
g2 2 21 g2 2 32 0.124497 0.237987 0
g2 2 27 g2 2 26 0.149785 0.0734326 1
g2 2 29 g2 2 26 0.157556 0.0851217 1
g2 2 27 g2 2 26 0.149102 0.132623 1
g2 2 30 g2 2 26 0.160824 0.125164 1
g2 2 30 g2 2 26 0.161427 0.203044 1
g2 2 26 g2 2 26 0.144626 0.144111 1
g2 2 31 g2 2 26 0.165902 0.0810045 1
g2 2 33 g2 2 32 0.176846 0.158366 1
g2 2 28 g2 2 26 0.153459 0.150752 1
g2 2 27 g2 2 32 0.148866 0.215898 0
g2 2 30 g2 2 26 0.160726 0.152333 1
g2 2 34 g2 2 26 0.181948 0.12261 1
g2 2 59 g2 2 53 0.285332 0.11708 1
g2 2 54 g2 2 45 0.264093 0.128014 1
g2 2 55 g2 2 50 0.26868 0.115755 1
g2 2 48 g1 2 43 0.239944 0.2597 0
g2 2 38 g2 2 42 0.19727 0.0980483 1
g2 2 42 g2 2 39 0.216622 0.102194 1
g2 2 64 g2 2 53 0.306506 0.107352 1
g2 2 43 g2 2 45 0.217944 0.08175 1
g2 2 37 g2 2 44 0.193386 0.0787427 1
g2 2 36 g2 2 39 0.189501 0.0732876 1
g2 2 39 g2 2 44 0.201297 0.0676211 1
g2 2 39 g2 2 39 0.201351 0.0572556 1
g2 2 41 g2 2 39 0.210666 0.058204 1
g2 2 39 g2 2 39 0.20147 0.0958255 1
g2 2 41 g2 2 39 0.210251 0.068372 1
g2 2 42 g2 2 44 0.213302 0.069749 1
g2 2 47 g2 2 44 0.234424 0.129113 1
g2 2 31 g2 2 41 0.166793 0.117848 1
g2 2 42 g2 2 39 0.214155 0.0603325 1
g2 2 84 g2 2 53 0.395638 0.158532 1
g2 2 41 g2 2 42 0.209594 0.0792109 1
g2 2 52 g2 2 44 0.255871 0.0678666 1
g2 2 52 g1 2 59 0.254809 0.214053 1
g2 2 40 g2 2 39 0.205313 0.100108 1
g2 2 37 g2 2 44 0.193342 0.0734798 1
g2 2 45 g1 2 64 0.225883 0.11533 1
g2 2 41 g2 2 44 0.209876 0.0894534 1
g2 2 49 g1 2 52 0.241966 0.192203 1
g2 2 46 g2 2 53 0.229813 0.113762 1
g2 2 40 g2 2 56 0.205306 0.109518 1
g2 2 56 g2 2 53 0.272835 0.108558 1
g2 2 35 g2 2 39 0.186765 0.0854126 1
g2 2 40 g1 2 57 0.205968 0.290744 0
g2 2 58 g2 2 48 0.280173 0.157088 1
g2 2 29 g2 2 26 0.157405 0.130603 1
g2 2 26 g2 2 26 0.145162 0.124375 1
g2 2 28 g2 2 26 0.153373 0.0648008 1
g3 1 71 g3 1 117 0.336905 0.324802 0
g3 1 68 g3 1 84 0.324363 0.195019 0
g3 1 95 g3 1 81 0.44251 0.297211 0
g3 1 102 g3 1 73 0.472402 0.238231 1
g3 1 107 g1 2 57 0.497993 0.435192 0
g3 1 96 g3 1 73 0.449293 0.256784 0
g3 1 91 g3 1 72 0.425065 0.283782 0
g3 1 93 g3 1 82 0.435501 0.278986 0
g3 1 86 g3 1 87 0.402554 0.278766 0
g3 1 87 g3 1 92 0.406532 0.286671 0
g3 1 88 g3 1 106 0.41083 0.25416 0
g3 1 92 g3 1 81 0.43151 0.213043 0
g3 1 92 g3 1 86 0.43052 0.243595 0
g3 1 92 g3 1 127 0.432817 0.215488 1
g3 1 90 g3 1 78 0.420742 0.48263 0
g3 1 86 g3 1 74 0.403591 0.250771 0
g3 1 80 g3 1 81 0.377935 0.197855 1
g3 1 113 g1 2 49 0.522785 0.365256 0
g3 1 95 g3 1 120 0.444603 0.277623 0
g3 1 95 g3 1 85 0.443772 0.214674 1
g3 1 99 g3 1 91 0.460305 0.21966 1
g3 1 93 g3 1 114 0.435469 0.216507 1
g3 1 92 g3 1 82 0.430178 0.243911 0
g3 1 85 g3 1 73 0.398112 0.253357 0
g3 1 91 g3 1 81 0.424352 0.303233 0
g3 1 88 g3 1 77 0.411653 0.279025 0
g3 1 99 g3 1 112 0.45977 0.301411 0
g3 1 132 g3 1 84 0.608744 0.282255 0
g3 1 114 g1 2 67 0.526389 0.433656 0
g3 1 97 g3 1 80 0.45409 0.194454 1
g3 1 111 g3 1 120 0.514708 0.219352 0
g3 1 104 g3 1 82 0.483052 0.272961 0
g3 1 97 g3 1 78 0.450997 0.214279 1
g3 1 100 g3 1 85 0.465325 0.238413 0
g3 1 101 g3 1 91 0.470213 0.246691 0
g3 1 98 g3 1 83 0.457963 0.266989 1
g3 1 102 g3 1 61 0.475408 0.319321 0
g3 1 115 g3 1 140 0.531734 0.259004 0
g3 1 120 g3 1 140 0.555528 0.257885 0
g3 1 92 g3 1 84 0.427933 0.376836 0
g3 1 76 g3 1 68 0.358183 0.838187 0
g3 1 97 g3 1 85 0.450533 0.281698 0
g3 1 85 g3 1 79 0.398786 0.211924 0
g3 1 77 g3 1 80 0.363311 0.193174 0
g3 1 81 g3 1 81 0.379891 0.214615 0
g3 1 86 g3 1 91 0.401047 0.293187 0
g3 1 77 g3 1 77 0.361311 0.329228 0
g3 1 85 g3 1 84 0.396834 0.171792 1
g3 1 79 g3 1 74 0.370984 0.219377 0
g3 1 78 g3 1 91 0.366487 0.301788 0
g3 1 84 g3 1 91 0.392443 0.249839 0
g4 2 71 g4 2 59 0.334666 0.197981 1
g4 2 71 g4 2 82 0.335991 0.0673577 1
g4 2 86 g4 2 87 0.405648 0.162387 1
g4 2 85 g4 2 82 0.396118 0.163094 1
g4 2 80 g4 2 90 0.375369 0.119479 1
g4 2 81 g4 2 99 0.380932 0.140361 1
g4 2 100 g3 1 89 0.46283 0.256963 0
g4 2 81 g4 2 82 0.380093 0.161404 1
g4 2 95 g4 2 94 0.442192 0.151724 1
g4 2 93 g4 2 95 0.432484 0.166845 1
g4 2 89 g4 2 90 0.416476 0.134421 1
g4 2 94 g4 2 99 0.436245 0.112284 1
g4 2 102 g4 2 101 0.471625 0.0792493 1
g4 2 89 g4 2 60 0.414456 0.120146 1
g4 2 57 g4 2 63 0.274936 0.127532 1
g4 2 60 g4 2 57 0.288558 0.0727951 1
g4 2 57 g4 2 55 0.275009 0.0765809 1
g4 2 63 g4 2 66 0.301308 0.145435 1
g4 2 59 g4 2 64 0.285511 0.103085 1
g4 2 65 g4 2 66 0.310826 0.109033 1
g4 2 67 g4 2 78 0.318154 0.0845207 1
g4 2 69 g4 2 78 0.327574 0.0992632 1
g4 2 77 g4 2 95 0.361401 0.150205 1
g4 2 57 g4 2 62 0.275085 0.105123 1
g4 2 72 g4 2 67 0.340296 0.0917946 1
g4 2 72 g4 2 72 0.340692 0.0487928 1
g4 2 80 g4 2 72 0.374929 0.096792 1
g4 2 79 g4 2 83 0.370667 0.110217 1
g4 2 92 g4 2 62 0.427488 0.0942064 1
g4 2 90 g4 2 66 0.418689 0.104487 1
g4 2 59 g4 2 72 0.284383 0.0842909 1
g4 2 59 g4 2 63 0.284503 0.0951817 1
g4 2 63 g4 2 66 0.301793 0.0775533 1
g4 2 66 g4 2 66 0.314467 0.130783 1
g4 2 87 g4 2 66 0.40647 0.0984169 1
g4 2 82 g4 2 66 0.38383 0.187906 1
g4 2 89 g4 2 79 0.415729 0.146783 1
g4 2 64 g4 2 62 0.305575 0.06811 1
g4 2 88 g4 2 79 0.410367 0.0983666 1
g4 2 100 g4 2 79 0.463413 0.107776 1
g4 2 80 g4 2 82 0.375033 0.0682101 1
g4 2 88 g4 2 62 0.40898 0.0951075 1
g5 2 84 g5 2 94 0.395917 0.0893276 1
g5 2 87 g5 2 85 0.407604 0.07674 1
g5 2 85 g5 2 101 0.400189 0.103887 1
g5 2 82 g5 2 101 0.386838 0.115029 1
g5 2 69 g5 2 98 0.329676 0.161708 1
g5 2 81 g5 2 98 0.383577 0.093637 1
g5 2 80 g4 2 65 0.376671 0.188495 1
g5 2 89 g5 2 98 0.417613 0.177104 1
g5 2 78 g5 2 100 0.367783 0.207057 1
g5 2 64 g5 2 62 0.307261 0.117363 1
g5 2 68 g5 2 68 0.324369 0.118527 1
g5 2 80 g5 2 68 0.376404 0.108617 1
g5 2 66 g5 2 82 0.316126 0.144767 1
g5 2 69 g4 2 60 0.328776 0.184893 1
g5 2 83 g5 2 100 0.389725 0.161194 1
g5 2 76 g5 2 68 0.357633 0.213484 1
g5 2 73 g5 2 100 0.346245 0.169533 1
g5 2 68 g5 2 68 0.323874 0.181235 1
g5 2 73 g5 2 100 0.347679 0.164479 1
g5 2 73 g4 2 59 0.34621 0.169954 1
g5 2 75 g5 2 99 0.355154 0.132889 1
g5 2 73 g4 2 59 0.345578 0.171729 1
g5 2 75 g4 2 70 0.355284 0.208315 1
g5 2 73 g5 2 98 0.346513 0.164008 1
g5 2 80 g5 2 98 0.377658 0.126467 1
g5 2 79 g5 2 106 0.373231 0.150373 1
g5 2 76 g4 2 59 0.359515 0.143915 1
g5 2 75 g5 2 106 0.355567 0.162088 1
g5 2 77 g5 2 100 0.364032 0.212821 1
g5 2 78 g5 2 88 0.367721 0.138219 1
g5 2 73 g4 2 65 0.346383 0.188444 1
g5 2 76 g5 2 98 0.359789 0.126548 1
g5 2 71 g5 2 88 0.338857 0.124091 1
g5 2 75 g5 2 98 0.357362 0.138346 1
g5 2 76 g5 2 98 0.359976 0.14134 1
g5 2 83 g5 2 96 0.390687 0.0967958 1
g5 2 110 g5 2 100 0.508604 0.117764 1
g5 2 77 g5 2 96 0.365341 0.0859853 1
g5 2 92 g5 2 101 0.429344 0.0756882 1
g5 2 92 g5 2 96 0.432675 0.121358 1
g5 2 98 g5 2 115 0.458438 0.128895 1
g5 2 92 g5 2 115 0.435342 0.0887364 1
g5 2 91 g5 2 105 0.427371 0.0983385 1
g5 2 98 g5 2 100 0.458229 0.0920366 1
g5 2 92 g5 2 98 0.431753 0.0726742 1
g6 2 78 g6 2 74 0.365206 0.0771508 1
g6 2 75 g6 2 74 0.352147 0.0886424 1
g6 2 81 g6 2 74 0.377646 0.0836842 1
g6 2 79 g6 2 65 0.369316 0.173104 1
g6 2 67 g6 2 74 0.317778 0.0672741 1
g6 2 66 g6 2 77 0.314182 0.118315 1
g6 2 71 g6 2 74 0.33529 0.0905255 1
g6 2 73 g6 2 74 0.34314 0.124846 1
g6 2 70 g6 2 74 0.330205 0.100239 1
g6 2 61 g6 2 74 0.292981 0.0983939 1
g6 2 76 g6 2 72 0.357802 0.148163 1
g6 2 82 g6 2 179 0.382973 0.0846958 1
g6 2 80 g6 2 79 0.375333 0.063838 1
g6 2 59 g6 2 74 0.283784 0.11493 1
g6 2 70 g6 2 79 0.333111 0.159495 1
g6 2 79 g6 2 75 0.370164 0.0817193 1
g6 2 67 g6 2 74 0.317678 0.091968 1
g6 2 84 g6 2 75 0.390812 0.0825079 1
g6 2 70 g6 2 74 0.331413 0.0787895 1
g6 2 68 g6 2 74 0.322821 0.138218 1
g6 2 80 g6 2 74 0.375119 0.0904658 1
g6 2 115 g6 2 74 0.526285 0.146904 1
g6 2 74 g6 2 75 0.348206 0.0920864 1
g6 2 66 g6 2 75 0.31404 0.116224 1
g6 2 70 g6 2 74 0.331593 0.116515 1
g6 2 68 g6 2 86 0.322453 0.238972 0
g6 2 86 g6 2 74 0.399913 0.111647 1
g6 2 68 g6 2 74 0.322193 0.0831092 1
g6 2 68 g6 2 74 0.322652 0.086832 1
g6 2 56 g6 2 64 0.271073 0.0933762 1
g6 2 61 g6 2 65 0.293161 0.0761368 1
g6 2 63 g6 2 65 0.300573 0.105658 1
g6 2 99 g6 2 94 0.459061 0.363476 0
g6 2 75 g1 2 48 0.353356 0.249605 1
g6 2 61 g6 2 62 0.291962 0.0327492 1
g6 2 63 g6 2 63 0.300525 0.0631679 1
g6 2 67 g6 2 63 0.317875 0.05762 1
g6 2 64 g6 2 67 0.304673 0.0627893 1
g6 2 71 g6 2 70 0.334928 0.0710151 1
g6 2 76 g6 2 72 0.357593 0.0616743 1
g6 2 71 g6 2 86 0.335322 0.0880207 1
g7 1 73 g7 1 87 0.348533 0.276653 1
g7 1 65 g7 1 83 0.312635 0.214454 1
g7 1 71 g7 1 67 0.335976 0.282719 0
g7 1 73 g7 1 102 0.34733 0.152302 1
g7 1 78 g7 1 66 0.368034 0.281868 1
g7 1 82 g7 1 79 0.384641 0.254095 1
g7 1 66 g7 1 90 0.315342 0.298982 0
g7 1 72 g7 1 73 0.341763 0.12482 1
g7 1 52 g7 1 60 0.255147 0.216389 1
g7 1 63 g3 1 83 0.303875 0.402751 0
g7 1 67 g7 1 65 0.320878 0.216339 1
g7 1 72 g7 1 66 0.340555 0.16338 1
g7 1 69 g7 1 76 0.326271 0.217292 1
g7 1 65 g7 1 56 0.309922 0.176963 1
g7 1 56 g7 1 55 0.271266 0.216631 1
g7 1 64 g7 1 60 0.309912 0.174255 1
g7 1 63 g7 1 55 0.301169 0.159184 1
g7 1 58 g7 1 62 0.280698 0.214683 0
g7 1 60 g7 1 89 0.288192 0.287003 0
g7 1 61 g7 1 54 0.293013 0.1594 1
g7 1 61 g7 1 62 0.292301 0.197077 0
g7 1 54 g7 1 51 0.265253 0.0359672 1
g7 1 75 g1 2 31 0.352513 0.531559 0
g7 1 68 g7 1 69 0.321275 0.227489 1
g7 1 88 g7 1 54 0.410746 0.322716 0
g7 1 72 g7 1 94 0.340174 0.355573 0
g7 1 67 g2 2 44 0.31826 0.433212 0
g7 1 74 g7 1 73 0.347999 0.162263 1
g7 1 70 g1 2 31 0.33285 0.556073 0
g7 1 70 g3 1 130 0.33043 0.527538 0
g7 1 72 g7 1 69 0.339057 0.213634 0
g7 1 85 g7 1 93 0.395595 0.297133 0
g7 1 77 g7 1 88 0.362408 0.299293 0
g7 1 79 g7 1 67 0.370318 0.217543 1
g7 1 90 g7 1 66 0.417912 0.204809 1
g7 1 136 g7 1 88 0.624319 0.278841 0
g7 1 66 g7 1 75 0.314682 0.243261 0
g7 1 67 g7 1 97 0.319895 0.255342 0
g7 1 78 g7 1 97 0.367492 0.302368 0
g7 1 78 g7 1 75 0.366091 0.2283 1
g7 1 88 g7 1 79 0.411464 0.267838 1
g7 1 97 g7 1 91 0.450816 0.194214 1
g7 1 62 g7 1 67 0.300559 0.300022 0
g7 1 101 g7 1 77 0.46789 0.175852 1
g7 1 39 g7 1 67 0.200226 0.363805 0
g7 1 70 g7 1 100 0.332854 0.366107 0
g7 1 72 g7 1 66 0.341432 0.154116 1
g7 1 71 g7 1 60 0.336237 0.27246 0
g7 1 72 g7 1 73 0.340765 0.167207 1
g7 1 96 g7 1 79 0.457751 0.237336 1
g7 1 63 g7 1 57 0.301699 0.30922 0
g7 1 66 g7 1 65 0.314027 0.258674 1
g7 1 84 g7 1 89 0.393426 0.162882 1
g7 1 119 g7 1 91 0.551617 0.298131 0
g7 1 110 g7 1 103 0.509844 0.245886 1
g7 1 105 g7 1 72 0.486723 0.384203 0
g7 1 104 g7 1 103 0.483404 0.223071 0
g7 1 91 g7 1 71 0.422926 0.238848 1
g7 1 99 g7 1 94 0.460901 0.159645 1
g7 1 83 g7 1 93 0.389314 0.211323 1
g7 1 92 g7 1 94 0.430487 0.157543 1
g7 1 88 g7 1 91 0.411144 0.186894 1
g7 1 93 g7 1 94 0.434601 0.166753 1
