g1 2 44 g6 2 60 0.215517 0.160914 1
g1 2 42 g6 2 64 0.207365 0.172727 1
g1 2 50 g6 2 48 0.240148 0.125289 1
g1 2 100 g1 2 43 0.449589 0.129417 1
g1 2 61 g2 2 30 0.287675 0.183151 1
g1 2 54 g1 2 46 0.256083 0.142534 1
g1 2 58 g1 2 46 0.273948 0.113158 1
g1 2 35 g1 2 50 0.180336 0.0970448 1
g1 2 44 g1 2 40 0.215968 0.122193 1
g1 2 52 g1 2 46 0.247786 0.153201 1
g1 2 37 g1 2 40 0.187539 0.117398 1
g1 2 48 g1 2 40 0.232029 0.0942005 1
g1 2 46 g1 2 46 0.223566 0.0653767 1
g1 2 45 g1 2 44 0.219511 0.0742529 1
g1 2 51 g1 2 46 0.243546 0.0742867 1
g1 2 109 g6 2 71 0.487825 0.199637 1
g1 2 47 g1 2 40 0.228204 0.0893916 1
g1 2 69 g6 2 68 0.317663 0.192761 1
g1 2 35 g6 2 69 0.180785 0.134836 1
g1 2 44 g6 2 64 0.215102 0.180735 1
g1 2 37 g6 2 49 0.188007 0.127242 1
g1 2 52 g6 2 55 0.247565 0.15502 1
g1 2 40 g2 2 45 0.199874 0.175992 1
g1 2 43 g1 2 36 0.211791 0.0701902 1
g1 2 41 g1 2 36 0.203191 0.0729246 1
g1 2 59 g1 2 54 0.276422 0.125942 1
g1 2 56 g1 2 47 0.263575 0.139616 1
g1 2 73 g1 2 47 0.335267 0.242762 1
g1 2 53 g1 2 43 0.251685 0.194021 1
g1 2 54 g1 2 69 0.255825 0.100994 1
g1 2 41 g1 2 46 0.203539 0.0782365 1
g1 2 42 g1 2 43 0.2087 0.156364 1
g1 2 33 g1 2 48 0.171921 0.0612619 1
g1 2 51 g1 2 52 0.242864 0.197634 1
g1 2 41 g1 2 54 0.203991 0.226619 1
g1 2 44 g1 2 43 0.214889 0.145674 1
g1 2 55 g1 2 43 0.260216 0.154799 1
g1 2 44 g1 2 43 0.214738 0.14882 1
g1 2 39 g1 2 41 0.195506 0.156408 1
g1 2 41 g1 2 43 0.203217 0.113863 1
g1 2 47 g1 2 48 0.228379 0.148519 1
g1 2 51 g1 2 52 0.243654 0.204624 1
g1 2 42 g1 2 43 0.207707 0.206752 1
g1 2 44 g1 2 43 0.215943 0.166897 1
g1 2 51 g1 2 43 0.243484 0.152267 1
g1 2 38 g1 2 52 0.191972 0.225632 1
g1 2 48 g6 2 67 0.231911 0.191866 1
g1 2 51 g6 2 63 0.243102 0.186925 1
g1 2 39 g6 2 70 0.195995 0.163582 1
g1 2 50 g6 2 64 0.23967 0.123351 1
g1 2 70 g2 2 30 0.323548 0.211961 1
g1 2 46 g6 2 48 0.223608 0.140177 1
g1 2 62 g2 2 30 0.289737 0.158839 1
g1 2 40 g1 2 30 0.200121 0.104996 1
g1 2 36 g1 2 32 0.184693 0.0552752 1
g1 2 27 g1 2 30 0.144407 0.0717766 1
g1 2 27 g1 2 27 0.145372 0.0584145 1
g1 2 29 g1 2 30 0.152764 0.0570191 1
g1 2 29 g1 2 29 0.152356 0.0497548 1
g1 2 34 g1 2 32 0.175983 0.0552609 1
g1 2 27 g1 2 27 0.144814 0.0585002 1
g2 2 26 g2 2 24 0.140477 0.080774 1
g2 2 26 g2 2 24 0.14074 0.0829627 1
g2 2 29 g2 2 30 0.152272 0.150494 1
g2 2 24 g2 2 24 0.132822 0.147788 1
g2 2 25 g2 2 24 0.136801 0.131777 1
g2 2 21 g2 2 30 0.119572 0.144918 1
g2 2 24 g2 2 24 0.132834 0.121557 1
g2 2 25 g2 2 24 0.137202 0.0897749 1
g2 2 26 g2 2 24 0.140678 0.147597 1
g2 2 53 g2 2 48 0.252341 0.12162 1
g2 2 27 g2 2 24 0.144696 0.0821964 1
g2 2 26 g2 2 24 0.140383 0.0848221 1
g2 2 26 g2 2 24 0.141367 0.105094 1
g2 2 27 g2 2 24 0.145151 0.108519 1
g2 2 28 g2 2 24 0.149153 0.168705 1
g2 2 25 g2 2 24 0.136687 0.128441 1
g2 2 19 g2 2 30 0.11281 0.230905 1
g2 2 25 g2 2 24 0.136693 0.0748435 1
g2 2 27 g2 2 24 0.144613 0.0862481 1
g2 2 25 g2 2 24 0.13782 0.132325 1
g2 2 28 g2 2 24 0.149121 0.127187 1
g2 2 28 g2 2 24 0.149318 0.202375 1
g2 2 24 g2 2 24 0.132864 0.140708 1
g2 2 29 g2 2 24 0.152837 0.0773327 1
g2 2 31 g2 2 30 0.160679 0.157309 1
g2 2 26 g2 2 24 0.140472 0.142029 1
g2 2 25 g2 2 30 0.136408 0.218193 1
g2 2 28 g2 2 24 0.148767 0.144577 1
g2 2 32 g2 2 24 0.165543 0.120105 1
g2 2 57 g2 2 51 0.269171 0.113447 1
g2 2 52 g1 2 29 0.248908 0.207128 1
g2 2 53 g2 2 48 0.254058 0.113228 1
g2 2 46 g1 2 41 0.224698 0.255285 1
g2 2 36 g2 2 40 0.183545 0.0945646 1
g2 2 40 g2 2 37 0.200004 0.0997305 1
g2 2 62 g2 2 51 0.289794 0.105391 1
g2 2 41 g2 2 37 0.20428 0.0860249 1
g2 2 35 g2 2 42 0.180469 0.0785681 1
g2 2 34 g2 2 37 0.176657 0.0735559 1
g2 2 37 g2 2 42 0.187704 0.0676064 1
g2 2 37 g2 2 37 0.188229 0.0543996 1
g2 2 39 g2 2 37 0.19768 0.0563116 1
g2 2 37 g2 2 37 0.188922 0.0944887 1
g2 2 39 g2 2 37 0.195515 0.0661056 1
g2 2 40 g2 2 42 0.199883 0.0699725 1
g2 2 45 g2 2 42 0.219024 0.125056 1
g2 2 29 g2 2 40 0.154279 0.117702 1
g2 2 40 g2 2 37 0.201474 0.0587943 1
g2 2 82 g2 2 51 0.376303 0.159875 1
g2 2 39 g2 2 40 0.195371 0.0776896 1
g2 2 50 g2 2 42 0.239379 0.0686868 1
g2 2 50 g1 2 48 0.240102 0.208267 1
g2 2 38 g2 2 37 0.191905 0.097143 1
g2 2 35 g2 2 42 0.180013 0.0715669 1
g2 2 43 g1 2 62 0.211492 0.112596 1
g2 2 39 g2 2 42 0.196312 0.0883543 1
g2 2 47 g1 2 50 0.228483 0.190312 1
g2 2 44 g2 2 51 0.215488 0.108911 1
g2 2 38 g2 2 54 0.191727 0.10608 1
g2 2 54 g2 2 51 0.256392 0.109573 1
g2 2 33 g2 2 37 0.17296 0.083846 1
g2 2 38 g1 2 55 0.193361 0.278588 1
g2 2 56 g2 2 46 0.263861 0.160661 1
g2 2 27 g2 2 24 0.144867 0.129458 1
g2 2 24 g2 2 24 0.132925 0.118578 1
g2 2 26 g2 2 24 0.140845 0.0644475 1
g3 1 69 g3 1 72 0.320259 0.316273 1
g3 1 66 g3 1 82 0.307517 0.190213 1
g3 1 93 g3 1 79 0.421802 0.296692 1
g3 1 100 g3 1 71 0.451442 0.236355 1
g3 1 105 g1 2 55 0.475307 0.423074 0
g3 1 94 g3 1 71 0.427917 0.254154 1
g3 1 89 g3 1 70 0.406113 0.276936 1
g3 1 91 g3 1 80 0.41524 0.273393 1
g3 1 84 g3 1 85 0.383976 0.278647 1
g3 1 85 g3 1 90 0.386487 0.283675 1
g3 1 86 g3 1 104 0.39188 0.250977 1
g3 1 90 g3 1 79 0.409216 0.20536 1
g3 1 90 g3 1 84 0.41044 0.23957 1
g3 1 90 g3 1 125 0.411739 0.213121 1
g3 1 88 g3 1 76 0.399614 0.475727 0
g3 1 84 g3 1 72 0.386044 0.242721 1
g3 1 78 g3 1 79 0.358533 0.195477 1
g3 1 111 g1 2 47 0.500905 0.354061 0
g3 1 93 g3 1 80 0.423772 0.243617 1
g3 1 93 g3 1 83 0.425652 0.208777 1
g3 1 97 g3 1 89 0.440536 0.214353 1
g3 1 91 g3 1 112 0.414287 0.215496 1
g3 1 90 g3 1 80 0.408691 0.237226 1
g3 1 83 g3 1 71 0.379715 0.250708 1
g3 1 89 g3 1 79 0.405766 0.300822 0
g3 1 86 g3 1 75 0.390665 0.281679 1
g3 1 97 g3 1 110 0.438356 0.295255 1
g3 1 130 g3 1 82 0.58171 0.284261 1
g3 1 112 g3 1 87 0.50467 0.287481 1
g3 1 95 g3 1 78 0.430224 0.19328 1
g3 1 109 g3 1 118 0.491341 0.217483 1
g3 1 102 g3 1 80 0.45934 0.268437 1
g3 1 95 g3 1 76 0.43057 0.211657 1
g3 1 98 g3 1 83 0.445545 0.232041 1
g3 1 99 g3 1 89 0.448852 0.239975 1
g3 1 96 g3 1 81 0.437554 0.262869 1
g3 1 100 g7 1 75 0.45329 0.43396 0
g3 1 113 g3 1 138 0.507555 0.259061 1
g3 1 118 g3 1 138 0.531179 0.252984 1
g3 1 90 g3 1 82 0.407226 0.368885 0
g3 1 74 g3 1 66 0.340133 0.834601 0
g3 1 95 g3 1 83 0.431241 0.274813 1
g3 1 83 g3 1 77 0.378673 0.211947 1
g3 1 75 g3 1 78 0.344684 0.188616 1
g3 1 79 g3 1 79 0.360467 0.209933 1
g3 1 84 g3 1 89 0.381844 0.288825 0
g3 1 75 g3 1 75 0.343113 0.323432 0
g3 1 83 g3 1 82 0.378372 0.167859 1
g3 1 77 g3 1 72 0.352646 0.214258 1
g3 1 76 g3 1 89 0.348955 0.294233 0
g3 1 82 g3 1 89 0.373134 0.248577 1
g4 2 69 g4 2 57 0.317863 0.191123 1
g4 2 69 g4 2 80 0.319123 0.0660167 1
g4 2 84 g4 2 85 0.386151 0.161414 1
g4 2 83 g4 2 80 0.3775 0.161243 1
g4 2 78 g4 2 88 0.357358 0.117795 1
g4 2 79 g4 2 97 0.361395 0.13937 1
g4 2 98 g3 1 87 0.443387 0.254056 1
g4 2 79 g4 2 80 0.361337 0.157149 1
g4 2 93 g4 2 92 0.421483 0.149584 1
g4 2 91 g4 2 93 0.412668 0.163987 1
g4 2 87 g4 2 88 0.396823 0.135221 1
g4 2 92 g4 2 97 0.417361 0.111199 1
g4 2 100 g4 2 99 0.452179 0.0772027 1
g4 2 87 g4 2 53 0.394849 0.0994266 1
g4 2 55 g4 2 65 0.259735 0.116808 1
g4 2 58 g4 2 55 0.272397 0.0715552 1
g4 2 55 g4 2 53 0.259606 0.0751592 1
g4 2 61 g4 2 64 0.284306 0.142849 1
g4 2 57 g4 2 62 0.267986 0.0996441 1
g4 2 63 g4 2 64 0.293652 0.105019 1
g4 2 65 g4 2 76 0.301547 0.0836168 1
g4 2 67 g4 2 76 0.310228 0.0981991 1
g4 2 75 g4 2 93 0.342745 0.148781 1
g4 2 55 g4 2 60 0.259028 0.103583 1
g4 2 70 g4 2 65 0.323894 0.0884289 1
g4 2 70 g4 2 70 0.323529 0.0475186 1
g4 2 78 g4 2 68 0.356192 0.0850483 1
g4 2 77 g4 2 81 0.351731 0.108874 1
g4 2 90 g4 2 60 0.406859 0.0948221 1
g4 2 88 g4 2 64 0.398138 0.103041 1
g4 2 57 g4 2 70 0.267617 0.0813742 1
g4 2 57 g4 2 61 0.269249 0.0911389 1
g4 2 61 g4 2 64 0.285253 0.0745925 1
g4 2 64 g4 2 64 0.298528 0.125211 1
g4 2 85 g4 2 64 0.385698 0.0978542 1
g4 2 80 g4 2 64 0.365218 0.184858 1
g4 2 87 g4 2 77 0.395073 0.144483 1
g4 2 62 g4 2 60 0.289677 0.0668608 1
g4 2 86 g4 2 77 0.390948 0.0981559 1
g4 2 98 g4 2 77 0.44254 0.10866 1
g4 2 78 g4 2 80 0.356453 0.0673156 1
g4 2 86 g4 2 60 0.389831 0.0945725 1
g5 2 82 g5 2 92 0.376423 0.0888844 1
g5 2 85 g5 2 83 0.386958 0.0766654 1
g5 2 83 g5 2 99 0.380561 0.104034 1
g5 2 80 g5 2 99 0.367402 0.115317 1
g5 2 67 g5 2 96 0.312685 0.158796 1
g5 2 79 g5 2 96 0.36439 0.0914223 1
g5 2 78 g4 2 63 0.358243 0.186761 1
g5 2 87 g5 2 96 0.397897 0.173141 1
g5 2 76 g5 2 98 0.350291 0.205094 1
g5 2 62 g5 2 60 0.290188 0.115852 1
g5 2 66 g5 2 66 0.306934 0.116191 1
g5 2 78 g5 2 66 0.357768 0.107979 1
g5 2 64 g5 2 80 0.299725 0.141213 1
g5 2 67 g4 2 58 0.311291 0.184074 1
g5 2 81 g5 2 98 0.3712 0.160284 1
g5 2 74 g5 2 66 0.340078 0.202666 1
g5 2 71 g5 2 98 0.327925 0.170467 1
g5 2 66 g5 2 66 0.307709 0.177696 1
g5 2 71 g5 2 98 0.329274 0.163221 1
g5 2 71 g4 2 57 0.328034 0.167461 1
g5 2 73 g5 2 97 0.337215 0.132334 1
g5 2 71 g5 2 63 0.328526 0.154023 1
g5 2 73 g4 2 68 0.336764 0.206301 1
g5 2 71 g5 2 96 0.32821 0.164192 1
g5 2 78 g5 2 96 0.359104 0.126072 1
g5 2 77 g5 2 104 0.354332 0.149785 1
g5 2 74 g4 2 57 0.341416 0.14223 1
g5 2 73 g5 2 104 0.336877 0.163228 1
g5 2 75 g5 2 98 0.344458 0.211005 1
g5 2 76 g5 2 86 0.349958 0.135157 1
g5 2 71 g4 2 63 0.328308 0.186927 1
g5 2 74 g5 2 96 0.341484 0.126245 1
g5 2 69 g5 2 94 0.320875 0.133138 1
g5 2 73 g5 2 96 0.339625 0.133423 1
g5 2 74 g5 2 96 0.34103 0.142666 1
g5 2 81 g5 2 94 0.371585 0.0961288 1
g5 2 108 g5 2 98 0.486537 0.116844 1
g5 2 75 g5 2 94 0.346439 0.08502 1
g5 2 90 g5 2 99 0.408671 0.0742962 1
g5 2 90 g5 2 94 0.412195 0.118403 1
g5 2 96 g5 2 113 0.438268 0.126379 1
g5 2 90 g5 2 113 0.412149 0.0856127 1
g5 2 89 g5 2 103 0.408639 0.0963033 1
g5 2 96 g5 2 98 0.438384 0.089658 1
g5 2 90 g5 2 96 0.41108 0.0717028 1
g6 2 76 g6 2 72 0.346849 0.0771459 1
g6 2 73 g6 2 72 0.334858 0.0880276 1
g6 2 79 g6 2 72 0.359446 0.0822419 1
g6 2 77 g6 2 63 0.350266 0.168577 1
g6 2 65 g6 2 72 0.30148 0.0669014 1
g6 2 64 g6 2 75 0.29804 0.114614 1
g6 2 69 g6 2 72 0.318161 0.0890006 1
g6 2 71 g6 2 72 0.326171 0.123143 1
g6 2 68 g6 2 72 0.313376 0.0985805 1
g6 2 59 g6 2 72 0.278226 0.0973569 1
g6 2 74 g6 2 70 0.338906 0.143305 1
g6 2 80 g6 2 177 0.364398 0.0852704 1
g6 2 78 g6 2 77 0.355714 0.0643359 1
g6 2 57 g6 2 72 0.268254 0.116345 1
g6 2 68 g6 2 77 0.313843 0.158649 1
g6 2 77 g6 2 73 0.351969 0.0807775 1
g6 2 65 g6 2 72 0.301682 0.0915207 1
g6 2 82 g6 2 73 0.371917 0.0823714 1
g6 2 68 g6 2 72 0.313603 0.0777317 1
g6 2 66 g6 2 72 0.304883 0.137876 1
g6 2 78 g6 2 72 0.355529 0.0898468 1
g6 2 113 g6 2 72 0.50246 0.147326 1
g6 2 72 g6 2 73 0.330827 0.0916119 1
g6 2 64 g6 2 69 0.29733 0.111254 1
g6 2 68 g6 2 72 0.314397 0.116217 1
g6 2 66 g6 2 84 0.305677 0.235259 1
g6 2 84 g6 2 72 0.38052 0.11065 1
g6 2 66 g6 2 72 0.307618 0.0817849 1
g6 2 66 g6 2 72 0.305678 0.0878122 1
g6 2 54 g6 2 62 0.255802 0.0951049 1
g6 2 59 g6 2 63 0.275982 0.0737205 1
g6 2 61 g6 2 63 0.284745 0.101849 1
g6 2 97 g6 2 92 0.437861 0.361166 1
g6 2 73 g1 2 54 0.336173 0.242303 1
g6 2 59 g6 2 60 0.276361 0.0325585 1
g6 2 61 g6 2 66 0.284677 0.0781043 1
g6 2 65 g6 2 61 0.301195 0.0581284 1
g6 2 62 g6 2 65 0.288603 0.0600247 1
g6 2 69 g6 2 68 0.318507 0.0699748 1
g6 2 74 g6 2 70 0.338294 0.0584366 1
g6 2 69 g6 2 84 0.319449 0.0875334 1
g7 1 71 g7 1 85 0.32898 0.27168 1
g7 1 63 g7 1 81 0.29492 0.212809 1
g7 1 69 g7 1 73 0.320665 0.308133 1
g7 1 71 g7 1 100 0.328504 0.149006 1
g7 1 76 g7 1 64 0.348829 0.278388 1
g7 1 80 g7 1 77 0.366738 0.250562 1
g7 1 64 g7 1 78 0.299819 0.263044 1
g7 1 70 g7 1 71 0.324029 0.12257 1
g7 1 50 g7 1 58 0.240084 0.217144 1
g7 1 61 g3 1 81 0.28664 0.38893 0
g7 1 65 g7 1 63 0.301746 0.214304 1
g7 1 70 g7 1 64 0.32306 0.160001 1
g7 1 67 g7 1 74 0.311863 0.212843 1
g7 1 63 g7 1 54 0.293096 0.169549 1
g7 1 54 g7 1 53 0.256134 0.213141 1
g7 1 62 g7 1 58 0.28952 0.169683 1
g7 1 61 g7 1 53 0.285238 0.152039 1
g7 1 56 g7 1 60 0.263778 0.210975 1
g7 1 58 g7 1 87 0.27289 0.284984 1
g7 1 59 g7 1 52 0.276963 0.157445 1
g7 1 59 g7 1 60 0.276288 0.193492 1
g7 1 52 g7 1 49 0.249163 0.0354893 1
g7 1 73 g1 2 29 0.336146 0.506446 0
g7 1 66 g7 1 67 0.305558 0.225156 1
g7 1 86 g7 1 52 0.389874 0.317661 1
g7 1 70 g7 1 92 0.322719 0.347275 0
g7 1 65 g2 2 42 0.301087 0.414207 0
g7 1 72 g7 1 71 0.330565 0.161306 1
g7 1 68 g1 2 29 0.315391 0.529818 0
g7 1 68 g3 1 128 0.313347 0.522324 0
g7 1 70 g7 1 67 0.321404 0.215648 1
g7 1 83 g7 1 91 0.376835 0.294133 1
g7 1 75 g7 1 86 0.343648 0.294575 1
g7 1 77 g7 1 65 0.351005 0.213428 1
g7 1 88 g7 1 64 0.399337 0.204561 1
g7 1 134 g7 1 86 0.598525 0.276689 1
g7 1 64 g7 1 73 0.298653 0.24136 1
g7 1 65 g7 1 95 0.302283 0.247475 1
g7 1 76 g7 1 81 0.349353 0.260509 1
g7 1 76 g7 1 73 0.348545 0.23138 1
g7 1 86 g7 1 77 0.391949 0.257496 1
g7 1 95 g7 1 89 0.43019 0.189599 1
g7 1 60 g7 1 63 0.282016 0.262553 1
g7 1 99 g7 1 75 0.44745 0.172561 1
g7 1 37 g7 1 71 0.18683 0.356486 1
g7 1 68 g7 1 98 0.315223 0.358518 1
g7 1 70 g7 1 64 0.323365 0.151632 1
g7 1 69 g7 1 58 0.319237 0.27366 1
g7 1 70 g7 1 71 0.323853 0.163192 1
g7 1 94 g7 1 77 0.425524 0.234385 1
g7 1 61 g7 1 55 0.285851 0.305223 1
g7 1 64 g7 1 63 0.298594 0.253362 1
g7 1 82 g7 1 87 0.373649 0.161789 1
g7 1 117 g7 1 88 0.528978 0.307909 1
g7 1 108 g7 1 101 0.486652 0.245434 1
g7 1 103 g7 1 70 0.464866 0.375397 1
g7 1 102 g7 1 101 0.461312 0.222327 1
g7 1 89 g7 1 69 0.403595 0.232672 1
g7 1 97 g7 1 92 0.441721 0.157676 1
g7 1 81 g7 1 91 0.37059 0.204566 1
g7 1 90 g7 1 92 0.409274 0.152347 1
g7 1 86 g7 1 89 0.390686 0.186012 1
g7 1 91 g7 1 92 0.414253 0.167741 1
