g1 2 46 g6 2 78 0.229526 0.151288 1
g1 2 44 g6 2 66 0.221195 0.178759 1
g1 2 52 g6 2 50 0.255945 0.133322 1
g1 2 102 g1 2 45 0.47034 0.128455 1
g1 2 63 g2 2 32 0.301182 0.180064 1
g1 2 56 g1 2 48 0.274559 0.143843 1
g1 2 60 g1 2 54 0.289493 0.120497 1
g1 2 37 g1 2 52 0.193151 0.0984114 1
g1 2 46 g1 2 42 0.229386 0.124173 1
g1 2 54 g1 2 48 0.263087 0.15383 1
g1 2 39 g1 2 42 0.201799 0.119368 1
g1 2 50 g1 2 42 0.245965 0.0973216 1
g1 2 48 g1 2 48 0.237997 0.0664936 1
g1 2 47 g1 2 46 0.234578 0.0739914 1
g1 2 53 g1 2 48 0.258871 0.0760608 1
g1 2 111 g6 2 73 0.509347 0.200285 1
g1 2 49 g1 2 42 0.242084 0.0890284 1
g1 2 71 g6 2 70 0.335919 0.199234 1
g1 2 37 g6 2 60 0.193357 0.121699 1
g1 2 46 g6 2 66 0.229551 0.186203 1
g1 2 39 g6 2 51 0.201757 0.130479 1
g1 2 54 g6 2 57 0.263083 0.161004 1
g1 2 42 g2 2 32 0.213347 0.181831 1
g1 2 45 g1 2 38 0.224699 0.0752116 1
g1 2 43 g1 2 38 0.216788 0.076984 1
g1 2 61 g1 2 56 0.292923 0.126833 1
g1 2 58 g1 2 49 0.280572 0.139635 1
g1 2 75 g1 2 49 0.3525 0.246473 1
g1 2 55 g1 2 45 0.266986 0.194773 1
g1 2 56 g1 2 71 0.271247 0.100638 1
g1 2 43 g1 2 48 0.217418 0.0796961 1
g1 2 44 g1 2 45 0.221487 0.162744 1
g1 2 35 g1 2 50 0.185265 0.0640508 1
g1 2 53 g1 2 54 0.25958 0.197304 1
g1 2 43 g1 2 56 0.217935 0.225174 1
g1 2 46 g1 2 45 0.229456 0.149752 1
g1 2 57 g1 2 45 0.275524 0.158249 1
g1 2 46 g1 2 45 0.230242 0.153167 1
g1 2 41 g1 2 43 0.211565 0.154717 1
g1 2 43 g1 2 45 0.217675 0.120064 1
g1 2 49 g1 2 50 0.241606 0.147739 1
g1 2 53 g1 2 54 0.258708 0.204874 1
g1 2 44 g1 2 47 0.222625 0.16863 1
g1 2 46 g1 2 45 0.229421 0.172158 1
g1 2 53 g1 2 45 0.258526 0.161457 1
g1 2 40 g1 2 54 0.206022 0.234592 1
g1 2 50 g6 2 70 0.246046 0.185241 1
g1 2 53 g6 2 65 0.258651 0.195168 1
g1 2 41 g6 2 72 0.210088 0.170864 1
g1 2 52 g6 2 66 0.254707 0.126153 1
g1 2 72 g2 2 32 0.340468 0.2079 1
g1 2 48 g6 2 50 0.238801 0.147781 1
g1 2 64 g2 2 32 0.306103 0.161413 1
g1 2 42 g1 2 34 0.213004 0.0657474 1
g1 2 38 g1 2 34 0.197803 0.0576905 1
g1 2 29 g1 2 32 0.157279 0.0730474 1
g1 2 29 g1 2 29 0.157622 0.0591479 1
g1 2 31 g1 2 32 0.165662 0.0594514 1
g1 2 31 g1 2 31 0.165221 0.0512402 1
g1 2 36 g1 2 34 0.188424 0.0559701 1
g1 2 29 g1 2 29 0.158607 0.0584143 1
g2 2 28 g2 2 26 0.153144 0.0811795 1
g2 2 28 g2 2 26 0.153046 0.0851334 1
g2 2 31 g2 2 32 0.165863 0.152475 1
g2 2 26 g2 2 26 0.144618 0.15096 1
g2 2 27 g2 2 26 0.148723 0.134783 1
g2 2 23 g2 2 32 0.131751 0.14479 1
g2 2 26 g2 2 26 0.144341 0.128871 1
g2 2 27 g2 2 26 0.149057 0.0936361 1
g2 2 28 g2 2 26 0.153194 0.156916 1
g2 2 55 g2 2 50 0.267721 0.125751 1
g2 2 29 g2 2 26 0.157107 0.0853091 1
g2 2 28 g2 2 26 0.155179 0.083249 1
g2 2 28 g2 2 26 0.15344 0.105967 1
g2 2 29 g2 2 26 0.15726 0.106472 1
g2 2 30 g2 2 26 0.161059 0.165983 1
g2 2 27 g2 2 26 0.148782 0.128473 1
g2 2 21 g2 2 32 0.12447 0.237987 1
g2 2 27 g2 2 26 0.148976 0.0734326 1
g2 2 29 g2 2 26 0.157592 0.0851217 1
g2 2 27 g2 2 26 0.148913 0.132623 1
g2 2 30 g2 2 26 0.160691 0.125164 1
g2 2 30 g2 2 26 0.160493 0.203044 1
g2 2 26 g2 2 26 0.144387 0.144111 1
g2 2 31 g2 2 26 0.165721 0.0810045 1
g2 2 33 g2 2 32 0.1796 0.158366 1
g2 2 28 g2 2 26 0.152826 0.150752 1
g2 2 27 g2 2 32 0.148618 0.215898 1
g2 2 30 g2 2 26 0.160552 0.152333 1
g2 2 34 g2 2 26 0.181609 0.12261 1
g2 2 59 g2 2 53 0.284985 0.11708 1
g2 2 54 g2 2 45 0.264158 0.128014 1
g2 2 55 g2 2 50 0.269178 0.115755 1
g2 2 48 g1 2 43 0.238666 0.2597 1
g2 2 38 g2 2 42 0.197397 0.0980483 1
g2 2 42 g2 2 39 0.213923 0.102194 1
g2 2 64 g2 2 53 0.306211 0.107352 1
g2 2 43 g2 2 45 0.21792 0.08175 1
g2 2 37 g2 2 44 0.193683 0.0787427 1
g2 2 36 g2 2 39 0.188938 0.0732876 1
g2 2 39 g2 2 44 0.201578 0.0676211 1
g2 2 39 g2 2 39 0.201367 0.0572556 1
g2 2 41 g2 2 39 0.209184 0.058204 1
g2 2 39 g2 2 39 0.200881 0.0958255 1
g2 2 41 g2 2 39 0.209442 0.068372 1
g2 2 42 g2 2 44 0.214399 0.069749 1
g2 2 47 g2 2 44 0.233992 0.129113 1
g2 2 31 g2 2 41 0.16593 0.117848 1
g2 2 42 g2 2 39 0.21338 0.0603325 1
g2 2 84 g2 2 53 0.396179 0.158532 1
g2 2 41 g2 2 42 0.209418 0.0792109 1
g2 2 52 g2 2 44 0.255039 0.0678666 1
g2 2 52 g1 2 59 0.255411 0.214053 1
g2 2 40 g2 2 39 0.20563 0.100108 1
g2 2 37 g2 2 44 0.19309 0.0734798 1
g2 2 45 g1 2 64 0.225966 0.11533 1
g2 2 41 g2 2 44 0.209319 0.0894534 1
g2 2 49 g1 2 52 0.241845 0.192203 1
g2 2 46 g2 2 53 0.230865 0.113762 1
g2 2 40 g2 2 56 0.205392 0.109518 1
g2 2 56 g2 2 53 0.271509 0.108558 1
g2 2 35 g2 2 39 0.185491 0.0854126 1
g2 2 40 g1 2 57 0.206679 0.290744 1
g2 2 58 g2 2 48 0.28059 0.157088 1
g2 2 29 g2 2 26 0.157311 0.130603 1
g2 2 26 g2 2 26 0.144639 0.124375 1
g2 2 28 g2 2 26 0.152919 0.0648008 1
g3 1 71 g3 1 117 0.337069 0.324802 1
g3 1 68 g3 1 84 0.324212 0.195019 1
g3 1 95 g3 1 81 0.443014 0.297211 1
g3 1 102 g3 1 73 0.472077 0.238231 1
g3 1 107 g1 2 57 0.496463 0.435192 1
g3 1 96 g3 1 73 0.448285 0.256784 1
g3 1 91 g3 1 72 0.424047 0.283782 1
g3 1 93 g3 1 82 0.435095 0.278986 1
g3 1 86 g3 1 87 0.401761 0.278766 1
g3 1 87 g3 1 92 0.405281 0.286671 1
g3 1 88 g3 1 106 0.411665 0.25416 1
g3 1 92 g3 1 81 0.42908 0.213043 1
g3 1 92 g3 1 86 0.444259 0.243595 1
g3 1 92 g3 1 127 0.433193 0.215488 1
g3 1 90 g3 1 78 0.425562 0.48263 0
g3 1 86 g3 1 74 0.435516 0.250771 1
g3 1 80 g3 1 81 0.378449 0.197855 1
g3 1 113 g1 2 49 0.525511 0.365256 1
g3 1 95 g3 1 120 0.443037 0.277623 1
g3 1 95 g3 1 85 0.442873 0.214674 1
g3 1 99 g3 1 91 0.459809 0.21966 1
g3 1 93 g3 1 114 0.435735 0.216507 1
g3 1 92 g3 1 82 0.428746 0.243911 1
g3 1 85 g3 1 73 0.397615 0.253357 1
g3 1 91 g3 1 81 0.424951 0.303233 1
g3 1 88 g3 1 77 0.411128 0.279025 1
g3 1 99 g3 1 112 0.459397 0.301411 1
g3 1 132 g3 1 84 0.608687 0.282255 1
g3 1 114 g1 2 67 0.527657 0.433656 1
g3 1 97 g3 1 80 0.450726 0.194454 1
g3 1 111 g3 1 120 0.513967 0.219352 1
g3 1 104 g3 1 82 0.48196 0.272961 1
g3 1 97 g3 1 78 0.449584 0.214279 1
g3 1 100 g3 1 85 0.464385 0.238413 1
g3 1 101 g3 1 91 0.469489 0.246691 1
g3 1 98 g3 1 83 0.456197 0.266989 1
g3 1 102 g3 1 61 0.474039 0.319321 1
g3 1 115 g3 1 140 0.531259 0.259004 1
g3 1 120 g3 1 140 0.553981 0.257885 1
g3 1 92 g3 1 84 0.428214 0.376836 1
g3 1 76 g3 1 68 0.356968 0.838187 0
g3 1 97 g3 1 85 0.449785 0.281698 1
g3 1 85 g3 1 79 0.397466 0.211924 1
g3 1 77 g3 1 80 0.362103 0.193174 1
g3 1 81 g3 1 81 0.379546 0.214615 1
g3 1 86 g3 1 91 0.403355 0.293187 1
g3 1 77 g3 1 77 0.360909 0.329228 1
g3 1 85 g3 1 84 0.397133 0.171792 1
g3 1 79 g3 1 74 0.371331 0.219377 1
g3 1 78 g3 1 91 0.366395 0.301788 1
g3 1 84 g3 1 91 0.392028 0.249839 1
g4 2 71 g4 2 59 0.334439 0.197981 1
g4 2 71 g4 2 82 0.336284 0.0673577 1
g4 2 86 g4 2 87 0.406123 0.162387 1
g4 2 85 g4 2 82 0.398835 0.163094 1
g4 2 80 g4 2 90 0.374733 0.119479 1
g4 2 81 g4 2 99 0.379734 0.140361 1
g4 2 100 g3 1 89 0.46225 0.256963 1
g4 2 81 g4 2 82 0.379897 0.161404 1
g4 2 95 g4 2 94 0.453824 0.151724 1
g4 2 93 g4 2 95 0.52819 0.166845 1
g4 2 89 g4 2 90 0.506181 0.134421 1
g4 2 94 g4 2 99 0.478196 0.112284 1
g4 2 102 g4 2 101 0.497947 0.0792493 1
g4 2 89 g4 2 60 0.453144 0.120146 1
g4 2 57 g4 2 63 0.283158 0.127532 1
g4 2 60 g4 2 57 0.312566 0.0727951 1
g4 2 57 g4 2 55 0.339648 0.0765809 1
g4 2 63 g4 2 66 0.371552 0.145435 1
g4 2 59 g4 2 64 0.297284 0.103085 1
g4 2 65 g4 2 66 0.312578 0.109033 1
g4 2 67 g4 2 78 0.320583 0.0845207 1
g4 2 69 g4 2 78 0.327264 0.0992632 1
g4 2 77 g4 2 95 0.384432 0.150205 1
g4 2 57 g4 2 62 0.287034 0.105123 1
g4 2 72 g4 2 67 0.343375 0.0917946 1
g4 2 72 g4 2 72 0.349077 0.0487928 1
g4 2 80 g4 2 72 0.401457 0.096792 1
g4 2 79 g4 2 83 0.402599 0.110217 1
g4 2 92 g4 2 62 0.540744 0.0942064 1
g4 2 90 g4 2 66 0.500895 0.104487 1
g4 2 59 g4 2 72 0.313749 0.0842909 1
g4 2 59 g4 2 63 0.293897 0.0951817 1
g4 2 63 g4 2 66 0.310194 0.0775533 1
g4 2 66 g4 2 66 0.324822 0.130783 1
g4 2 87 g4 2 66 0.416664 0.0984169 1
g4 2 82 g4 2 66 0.386119 0.187906 1
g4 2 89 g4 2 79 0.420973 0.146783 1
g4 2 64 g4 2 62 0.314622 0.06811 1
g4 2 88 g4 2 79 0.426501 0.0983666 1
g4 2 100 g4 2 79 0.469604 0.107776 1
g4 2 80 g4 2 82 0.379131 0.0682101 1
g4 2 88 g4 2 62 0.411467 0.0951075 1
g5 2 84 g5 2 94 0.399384 0.0893276 1
g5 2 87 g5 2 85 0.408788 0.07674 1
g5 2 85 g5 2 101 0.401467 0.103887 1
g5 2 82 g5 2 101 0.388558 0.115029 1
g5 2 69 g5 2 98 0.332603 0.161708 1
g5 2 81 g5 2 98 0.384609 0.093637 1
g5 2 80 g4 2 65 0.380395 0.188495 1
g5 2 89 g5 2 98 0.419624 0.177104 1
g5 2 78 g5 2 100 0.370079 0.207057 1
g5 2 64 g5 2 62 0.307881 0.117363 1
g5 2 68 g5 2 68 0.324949 0.118527 1
g5 2 80 g5 2 68 0.37926 0.108617 1
g5 2 66 g5 2 82 0.316386 0.144767 1
g5 2 69 g4 2 60 0.331004 0.184893 1
g5 2 83 g5 2 100 0.392121 0.161194 1
g5 2 76 g5 2 68 0.360016 0.213484 1
g5 2 73 g5 2 100 0.347016 0.169533 1
g5 2 68 g5 2 68 0.325945 0.181235 1
g5 2 73 g5 2 100 0.349344 0.164479 1
g5 2 73 g4 2 59 0.346875 0.169954 1
g5 2 75 g5 2 99 0.358135 0.132889 1
g5 2 73 g4 2 59 0.347489 0.171729 1
g5 2 75 g4 2 70 0.363624 0.208315 1
g5 2 73 g5 2 98 0.364295 0.164008 1
g5 2 80 g5 2 98 0.382841 0.126467 1
g5 2 79 g5 2 106 0.381088 0.150373 1
g5 2 76 g4 2 59 0.360981 0.143915 1
g5 2 75 g5 2 106 0.357397 0.162088 1
g5 2 77 g5 2 100 0.366045 0.212821 1
g5 2 78 g5 2 88 0.369327 0.138219 1
g5 2 73 g4 2 65 0.352211 0.188444 1
g5 2 76 g5 2 98 0.36153 0.126548 1
g5 2 71 g5 2 88 0.340175 0.124091 1
g5 2 75 g5 2 98 0.357747 0.138346 1
g5 2 76 g5 2 98 0.361719 0.14134 1
g5 2 83 g5 2 96 0.391856 0.0967958 1
g5 2 110 g5 2 100 0.508613 0.117764 1
g5 2 77 g5 2 96 0.36479 0.0859853 1
g5 2 92 g5 2 101 0.429297 0.0756882 1
g5 2 92 g5 2 96 0.438421 0.121358 1
g5 2 98 g5 2 115 0.45866 0.128895 1
g5 2 92 g5 2 115 0.432542 0.0887364 1
g5 2 91 g5 2 105 0.427901 0.0983385 1
g5 2 98 g5 2 100 0.457164 0.0920366 1
g5 2 92 g5 2 98 0.432443 0.0726742 1
g6 2 78 g6 2 74 0.36559 0.0771508 1
g6 2 75 g6 2 74 0.352392 0.0886424 1
g6 2 81 g6 2 74 0.378062 0.0836842 1
g6 2 79 g6 2 65 0.375566 0.173104 1
g6 2 67 g6 2 74 0.332249 0.0672741 1
g6 2 66 g6 2 77 0.31439 0.118315 1
g6 2 71 g6 2 74 0.335981 0.0905255 1
g6 2 73 g6 2 74 0.343091 0.124846 1
g6 2 70 g6 2 74 0.330195 0.100239 1
g6 2 61 g6 2 74 0.293828 0.0983939 1
g6 2 76 g6 2 72 0.358287 0.148163 1
g6 2 82 g6 2 179 0.383629 0.0846958 1
g6 2 80 g6 2 79 0.374657 0.063838 1
g6 2 59 g6 2 74 0.284542 0.11493 1
g6 2 70 g6 2 79 0.332457 0.159495 1
g6 2 79 g6 2 75 0.370862 0.0817193 1
g6 2 67 g6 2 74 0.318122 0.091968 1
g6 2 84 g6 2 75 0.391187 0.0825079 1
g6 2 70 g6 2 74 0.331373 0.0787895 1
g6 2 68 g6 2 74 0.322306 0.138218 1
g6 2 80 g6 2 74 0.373928 0.0904658 1
g6 2 115 g6 2 74 0.526597 0.146904 1
g6 2 74 g6 2 75 0.34853 0.0920864 1
g6 2 66 g6 2 75 0.314321 0.116224 1
g6 2 70 g6 2 74 0.330719 0.116515 1
g6 2 68 g6 2 86 0.323134 0.238972 1
g6 2 86 g6 2 74 0.400692 0.111647 1
g6 2 68 g6 2 74 0.323887 0.0831092 1
g6 2 68 g6 2 74 0.321671 0.086832 1
g6 2 56 g6 2 64 0.27088 0.0933762 1
g6 2 61 g6 2 65 0.293088 0.0761368 1
g6 2 63 g6 2 65 0.302217 0.105658 1
g6 2 99 g6 2 94 0.458978 0.363476 1
g6 2 75 g1 2 48 0.353386 0.249605 1
g6 2 61 g6 2 62 0.306123 0.0327492 1
g6 2 63 g6 2 63 0.308013 0.0631679 1
g6 2 67 g6 2 63 0.322647 0.05762 1
g6 2 64 g6 2 67 0.310073 0.0627893 1
g6 2 71 g6 2 70 0.336073 0.0710151 1
g6 2 76 g6 2 72 0.360818 0.0616743 1
g6 2 71 g6 2 86 0.335614 0.0880207 1
g7 1 73 g7 1 87 0.346897 0.276653 1
g7 1 65 g7 1 83 0.310843 0.214454 1
g7 1 71 g7 1 67 0.336105 0.282719 1
g7 1 73 g7 1 102 0.346565 0.152302 1
g7 1 78 g7 1 66 0.368533 0.281868 1
g7 1 82 g7 1 79 0.384535 0.254095 1
g7 1 66 g7 1 90 0.315989 0.298982 1
g7 1 72 g7 1 73 0.340559 0.12482 1
g7 1 52 g7 1 60 0.255366 0.216389 1
g7 1 63 g3 1 83 0.303226 0.402751 1
g7 1 67 g7 1 65 0.318675 0.216339 1
g7 1 72 g7 1 66 0.340564 0.16338 1
g7 1 69 g7 1 76 0.327566 0.217292 1
g7 1 65 g7 1 56 0.310928 0.176963 1
g7 1 56 g7 1 55 0.270634 0.216631 1
g7 1 64 g7 1 60 0.305001 0.174255 1
g7 1 63 g7 1 55 0.301467 0.159184 1
g7 1 58 g7 1 62 0.281617 0.214683 1
g7 1 60 g7 1 89 0.287842 0.287003 1
g7 1 61 g7 1 54 0.292662 0.1594 1
g7 1 61 g7 1 62 0.2927 0.197077 1
g7 1 54 g7 1 51 0.264126 0.0359672 1
g7 1 75 g1 2 31 0.354774 0.531559 0
g7 1 68 g7 1 69 0.32413 0.227489 1
g7 1 88 g7 1 54 0.411047 0.322716 1
g7 1 72 g7 1 94 0.340171 0.355573 1
g7 1 67 g2 2 44 0.318794 0.433212 0
g7 1 74 g7 1 73 0.347827 0.162263 1
g7 1 70 g1 2 31 0.331576 0.556073 0
g7 1 70 g3 1 130 0.331956 0.527538 0
g7 1 72 g7 1 69 0.33832 0.213634 1
g7 1 85 g7 1 93 0.395397 0.297133 1
g7 1 77 g7 1 88 0.362249 0.299293 1
g7 1 79 g7 1 67 0.369343 0.217543 1
g7 1 90 g7 1 66 0.419389 0.204809 1
g7 1 136 g7 1 88 0.624874 0.278841 1
g7 1 66 g7 1 75 0.31471 0.243261 1
g7 1 67 g7 1 97 0.318573 0.255342 1
g7 1 78 g7 1 97 0.367569 0.302368 1
g7 1 78 g7 1 75 0.36878 0.2283 1
g7 1 88 g7 1 79 0.411805 0.267838 1
g7 1 97 g7 1 91 0.449896 0.194214 1
g7 1 62 g7 1 67 0.298116 0.300022 1
g7 1 101 g7 1 77 0.467562 0.175852 1
g7 1 39 g7 1 67 0.200887 0.363805 1
g7 1 70 g7 1 100 0.332668 0.366107 1
g7 1 72 g7 1 66 0.34213 0.154116 1
g7 1 71 g7 1 60 0.336814 0.27246 1
g7 1 72 g7 1 73 0.341584 0.167207 1
g7 1 96 g7 1 79 0.447921 0.237336 1
g7 1 63 g7 1 57 0.301692 0.30922 1
g7 1 66 g7 1 65 0.317838 0.258674 1
g7 1 84 g7 1 89 0.393371 0.162882 1
g7 1 119 g7 1 91 0.552899 0.298131 1
g7 1 110 g7 1 103 0.509388 0.245886 1
g7 1 105 g7 1 72 0.487816 0.384203 1
g7 1 104 g7 1 103 0.482707 0.223071 1
g7 1 91 g7 1 71 0.422841 0.238848 1
g7 1 99 g7 1 94 0.459907 0.159645 1
g7 1 83 g7 1 93 0.389419 0.211323 1
g7 1 92 g7 1 94 0.429808 0.157543 1
g7 1 88 g7 1 91 0.4106 0.186894 1
g7 1 93 g7 1 94 0.435208 0.166753 1
