g1 2 24 g6 2 32 0.07376 0.177839 1
g1 2 23 g6 2 34 0.07196 0.194286 1
g1 2 27 g6 2 25 0.0805 0.156739 1
g1 2 42 g1 2 24 0.125066 0.124555 1
g1 2 33 g2 2 17 0.096156 0.186512 1
g1 2 29 g1 2 25 0.085224 0.155493 1
g1 2 31 g1 2 28 0.090065 0.130339 1
g1 2 20 g1 2 27 0.065477 0.114469 1
g1 2 24 g1 2 33 0.074195 0.163801 1
g1 2 28 g1 2 25 0.082597 0.160279 1
g1 2 21 g1 2 22 0.06812 0.138157 1
g1 2 26 g1 2 22 0.078105 0.114392 1
g1 2 25 g1 2 25 0.077262 0.0740715 1
g1 2 25 g1 2 25 0.076133 0.125773 1
g1 2 28 g1 2 25 0.082616 0.0863041 1
g1 2 54 g6 2 38 0.139268 0.204242 1
g1 2 26 g1 2 22 0.078918 0.0966976 1
g1 2 37 g6 2 36 0.105089 0.215399 1
g1 2 20 g6 2 31 0.065601 0.133138 1
g1 2 24 g6 2 34 0.074006 0.19971 1
g1 2 21 g6 2 32 0.067663 0.148979 1
g1 2 28 g6 2 30 0.082767 0.172967 1
g1 2 22 g2 2 17 0.069615 0.191713 1
g1 2 24 g1 2 19 0.073477 0.0886496 1
g1 2 23 g1 2 20 0.071448 0.0959363 1
g1 2 32 g1 2 29 0.092308 0.134286 1
g1 2 30 g1 2 26 0.087213 0.147948 1
g1 2 39 g1 2 26 0.108291 0.258994 1
g1 2 29 g1 2 24 0.085331 0.203157 1
g1 2 29 g1 2 37 0.08504 0.106014 1
g1 2 23 g1 2 25 0.072098 0.0902134 1
g1 2 23 g1 2 24 0.07163 0.174544 1
g1 2 19 g1 2 26 0.063123 0.0834176 1
g1 2 28 g1 2 28 0.083019 0.210743 1
g1 2 23 g1 2 29 0.071818 0.235269 1
g1 2 24 g1 2 24 0.074145 0.163654 1
g1 2 30 g1 2 24 0.087081 0.169157 1
g1 2 24 g1 2 26 0.073498 0.146512 1
g1 2 22 g1 2 23 0.069284 0.159734 1
g1 2 23 g1 2 24 0.071434 0.134771 1
g1 2 26 g1 2 26 0.077971 0.155951 1
g1 2 28 g1 2 28 0.082696 0.190776 1
g1 2 23 g1 2 25 0.073385 0.184149 1
g1 2 24 g1 2 24 0.073549 0.182284 1
g1 2 28 g1 2 24 0.082414 0.184123 1
g1 2 21 g1 2 28 0.067487 0.251477 1
g1 2 26 g6 2 36 0.078876 0.200737 1
g1 2 28 g6 2 34 0.0828 0.212294 1
g1 2 22 g6 2 37 0.069367 0.185805 1
g1 2 27 g6 2 34 0.080654 0.13539 1
g1 2 37 g2 2 17 0.105303 0.213727 1
g1 2 25 g6 2 25 0.076167 0.165599 1
g1 2 33 g2 2 17 0.095295 0.175089 1
g1 2 22 g1 2 18 0.069581 0.0769956 1
g1 2 20 g1 2 18 0.064912 0.0699969 1
g1 2 16 g1 2 17 0.057531 0.0972281 1
g1 2 16 g1 2 16 0.056821 0.0740709 1
g1 2 17 g1 2 17 0.058985 0.0754636 1
g1 2 17 g1 2 17 0.059016 0.060393 1
g1 2 19 g1 2 18 0.063274 0.0681503 1
g1 2 16 g1 2 17 0.057129 0.103612 1
g2 2 15 g2 2 14 0.055143 0.102294 1
g2 2 15 g2 2 14 0.054968 0.102069 1
g2 2 17 g2 2 17 0.058539 0.180842 1
g2 2 14 g2 2 14 0.052712 0.155019 1
g2 2 15 g2 2 14 0.056448 0.154699 1
g2 2 13 g2 2 17 0.050253 0.163711 1
g2 2 14 g2 2 14 0.05283 0.138865 1
g2 2 15 g2 2 14 0.055897 0.109654 1
g2 2 15 g2 2 14 0.055153 0.179041 1
g2 2 29 g2 2 26 0.085492 0.13883 1
g2 2 16 g2 2 14 0.058221 0.109136 1
g2 2 15 g2 2 14 0.054995 0.0998811 1
g2 2 15 g2 2 14 0.05505 0.119302 1
g2 2 16 g2 2 14 0.057546 0.119978 1
g2 2 16 g2 2 14 0.056905 0.173492 1
g2 2 15 g2 2 14 0.055241 0.139512 1
g2 2 12 g2 2 17 0.0486 0.266786 1
g2 2 15 g2 2 14 0.055127 0.0909069 1
g2 2 16 g2 2 14 0.05709 0.0997465 1
g2 2 15 g2 2 14 0.054923 0.15704 1
g2 2 16 g2 2 14 0.057444 0.136554 1
g2 2 16 g2 2 14 0.0577 0.213739 1
g2 2 14 g2 2 14 0.052697 0.149036 1
g2 2 17 g2 2 14 0.05895 0.104702 1
g2 2 18 g2 2 17 0.060995 0.171124 1
g2 2 15 g2 2 14 0.055277 0.174244 1
g2 2 15 g2 2 17 0.05506 0.234601 1
g2 2 16 g2 2 14 0.057888 0.175422 1
g2 2 18 g2 2 14 0.062339 0.137632 1
g2 2 31 g2 2 28 0.091433 0.125996 1
g2 2 28 g2 2 27 0.082966 0.154531 1
g2 2 29 g2 2 26 0.085903 0.13868 1
g2 2 25 g2 2 26 0.076646 0.145046 1
g2 2 20 g2 2 21 0.065806 0.14081 1
g2 2 22 g2 2 21 0.06907 0.116275 1
g2 2 32 g2 2 29 0.095524 0.128344 1
g2 2 23 g2 2 24 0.072107 0.0911216 1
g2 2 20 g2 2 21 0.065643 0.0914759 1
g2 2 19 g2 2 21 0.063336 0.090553 1
g2 2 21 g2 2 23 0.066272 0.0802652 1
g2 2 20 g2 2 21 0.066842 0.0893105 1
g2 2 21 g2 2 21 0.06733 0.0697141 1
g2 2 19 g2 2 21 0.065185 0.111094 1
g2 2 22 g2 2 21 0.06958 0.0768108 1
g2 2 22 g2 2 21 0.069664 0.0935556 1
g2 2 25 g2 2 23 0.076183 0.151366 1
g2 2 17 g2 2 24 0.059248 0.136608 1
g2 2 22 g2 2 21 0.069483 0.0832263 1
g2 2 42 g2 2 28 0.117803 0.160527 1
g2 2 22 g2 2 22 0.069681 0.0972297 1
g2 2 27 g2 2 23 0.080725 0.0794278 1
g2 2 27 g1 2 31 0.081208 0.219084 1
g2 2 21 g2 2 21 0.067172 0.114951 1
g2 2 19 g2 2 21 0.06495 0.0968977 1
g2 2 24 g1 2 33 0.073446 0.126282 1
g2 2 22 g2 2 21 0.06976 0.112032 1
g2 2 26 g1 2 27 0.077813 0.201474 1
g2 2 24 g2 2 28 0.07412 0.127158 1
g2 2 21 g2 2 29 0.067705 0.124674 1
g2 2 29 g2 2 28 0.08522 0.115389 1
g2 2 19 g2 2 21 0.063646 0.102121 1
g2 2 21 g1 2 33 0.067701 0.311734 1
g2 2 30 g2 2 25 0.087354 0.163577 1
g2 2 16 g2 2 14 0.057139 0.148281 1
g2 2 14 g2 2 14 0.05278 0.130207 1
g2 2 15 g2 2 14 0.055025 0.0822884 1
g3 1 36 g3 1 46 0.105031 0.332445 1
g3 1 35 g3 1 43 0.101873 0.221407 1
g3 1 49 g3 1 42 0.134597 0.300641 1
g3 1 52 g3 1 37 0.142423 0.246244 1
g3 1 55 g1 2 30 0.147473 0.418895 0
g3 1 49 g3 1 37 0.136332 0.259543 1
g3 1 47 g3 1 42 0.129656 0.382585 1
g3 1 47 g3 1 41 0.131557 0.282248 1
g3 1 44 g3 1 45 0.123308 0.289176 1
g3 1 43 g3 1 46 0.122377 0.297155 1
g3 1 44 g3 1 57 0.123027 0.280456 1
g3 1 47 g3 1 46 0.128616 0.231488 1
g3 1 46 g3 1 43 0.127653 0.244426 1
g3 1 47 g3 1 64 0.1308 0.222005 1
g3 1 44 g3 1 47 0.123339 0.509912 0
g3 1 44 g3 1 40 0.122227 0.258925 1
g3 1 41 g3 1 42 0.115822 0.20938 1
g3 1 56 g1 2 26 0.156549 0.384839 1
g3 1 48 g3 1 41 0.132371 0.250921 1
g3 1 48 g3 1 42 0.133866 0.221797 1
g3 1 50 g3 1 47 0.137589 0.226461 1
g3 1 48 g3 1 57 0.134352 0.223474 1
g3 1 46 g3 1 41 0.127464 0.251364 1
g3 1 43 g3 1 37 0.121859 0.252658 1
g3 1 47 g3 1 42 0.130857 0.316269 1
g3 1 44 g3 1 38 0.122047 0.286164 1
g3 1 50 g3 1 53 0.138326 0.323461 1
g3 1 66 g3 1 42 0.176053 0.284546 1
g3 1 58 g1 2 35 0.158715 0.443586 0
g3 1 50 g3 1 39 0.136622 0.201097 1
g3 1 57 g3 1 60 0.154621 0.227756 1
g3 1 53 g3 1 41 0.144717 0.280176 1
g3 1 49 g3 1 40 0.135699 0.220275 1
g3 1 51 g3 1 42 0.140428 0.246952 1
g3 1 52 g3 1 47 0.142344 0.262663 1
g3 1 50 g3 1 59 0.137099 0.273023 1
g3 1 51 g3 1 32 0.141322 0.325366 1
g3 1 59 g3 1 69 0.156947 0.265281 1
g3 1 61 g3 1 69 0.161691 0.26054 1
g3 1 46 g3 1 43 0.128723 0.385156 0
g3 1 28 g3 1 47 0.096632 0.823018 0
g3 1 49 g3 1 44 0.137018 0.299366 1
g3 1 42 g3 1 40 0.119545 0.212053 1
g3 1 40 g3 1 41 0.112244 0.207229 1
g3 1 42 g3 1 42 0.116606 0.229532 1
g3 1 44 g3 1 47 0.121048 0.308689 1
g3 1 39 g3 1 38 0.109687 0.342506 0
g3 1 43 g3 1 42 0.121647 0.173607 1
g3 1 40 g3 1 37 0.114052 0.222603 1
g3 1 39 g3 1 47 0.111443 0.313106 0
g3 1 43 g3 1 47 0.119886 0.257062 1
g4 2 37 g4 2 31 0.105133 0.213731 1
g4 2 37 g4 2 42 0.10513 0.0770925 1
g4 2 44 g4 2 45 0.12189 0.166975 1
g4 2 44 g4 2 42 0.122137 0.168401 1
g4 2 41 g4 2 46 0.114997 0.126542 1
g4 2 42 g4 2 51 0.117519 0.146691 1
g4 2 50 g3 1 44 0.137963 0.268622 1
g4 2 42 g4 2 42 0.117457 0.170647 1
g4 2 49 g4 2 48 0.135011 0.16048 1
g4 2 47 g4 2 49 0.130408 0.169922 1
g4 2 46 g4 2 46 0.127346 0.137594 1
g4 2 48 g4 2 51 0.132877 0.117739 1
g4 2 52 g4 2 51 0.143087 0.0872674 1
g4 2 45 g4 2 31 0.12424 0.127746 1
g4 2 30 g4 2 43 0.08665 0.144586 1
g4 2 31 g4 2 30 0.090185 0.078087 1
g4 2 30 g4 2 29 0.088541 0.0841841 1
g4 2 33 g4 2 34 0.096075 0.155968 1
g4 2 31 g4 2 33 0.089726 0.106797 1
g4 2 34 g4 2 34 0.098437 0.120246 1
g4 2 35 g4 2 40 0.100797 0.0919232 1
g4 2 36 g4 2 32 0.102725 0.107242 1
g4 2 40 g4 2 48 0.112869 0.15742 1
g4 2 30 g4 2 32 0.086872 0.114933 1
g4 2 37 g4 2 35 0.105404 0.0999654 1
g4 2 37 g4 2 37 0.105674 0.0560005 1
g4 2 41 g4 2 36 0.115163 0.0923847 1
g4 2 41 g4 2 43 0.115244 0.113961 1
g4 2 46 g4 2 32 0.12682 0.101124 1
g4 2 46 g4 2 34 0.126795 0.113174 1
g4 2 31 g4 2 37 0.089714 0.0955719 1
g4 2 31 g4 2 33 0.090334 0.103906 1
g4 2 33 g4 2 34 0.095816 0.0887908 1
g4 2 34 g4 2 34 0.098341 0.140199 1
g4 2 45 g4 2 34 0.124474 0.105555 1
g4 2 42 g4 2 34 0.117458 0.195331 1
g4 2 46 g4 2 41 0.127091 0.154758 1
g4 2 33 g4 2 32 0.095922 0.0741617 1
g4 2 45 g4 2 41 0.124803 0.101517 1
g4 2 50 g4 2 41 0.136922 0.113763 1
g4 2 41 g4 2 42 0.115101 0.0753194 1
g4 2 45 g4 2 32 0.124456 0.102625 1
g5 2 43 g5 2 48 0.121936 0.096948 1
g5 2 45 g5 2 44 0.125496 0.0813948 1
g5 2 44 g5 2 52 0.12385 0.109526 1
g5 2 42 g5 2 52 0.117972 0.12298 1
g5 2 36 g5 2 50 0.104243 0.173685 1
g5 2 42 g5 2 50 0.118893 0.103629 1
g5 2 41 g4 2 34 0.115743 0.195062 1
g5 2 46 g5 2 50 0.128851 0.189381 1
g5 2 40 g5 2 51 0.113667 0.211785 1
g5 2 33 g5 2 32 0.096244 0.123193 1
g5 2 35 g5 2 35 0.101275 0.127778 1
g5 2 41 g5 2 35 0.115372 0.115549 1
g5 2 34 g5 2 33 0.098476 0.166843 1
g5 2 36 g4 2 31 0.103933 0.193424 1
g5 2 43 g5 2 51 0.120463 0.166174 1
g5 2 39 g5 2 51 0.109829 0.210268 1
g5 2 38 g5 2 51 0.108015 0.176763 1
g5 2 35 g5 2 35 0.10116 0.193344 1
g5 2 38 g5 2 51 0.10851 0.171544 1
g5 2 38 g4 2 31 0.108447 0.178412 1
g5 2 39 g5 2 51 0.111028 0.144814 1
g5 2 38 g4 2 31 0.108053 0.180962 1
g5 2 39 g4 2 36 0.11076 0.222326 1
g5 2 38 g5 2 50 0.108532 0.172357 1
g5 2 41 g5 2 50 0.116387 0.134481 1
g5 2 41 g5 2 54 0.115868 0.156583 1
g5 2 39 g4 2 31 0.110734 0.153731 1
g5 2 39 g5 2 54 0.110823 0.169357 1
g5 2 40 g5 2 51 0.11333 0.220687 1
g5 2 40 g5 2 51 0.113327 0.173148 1
g5 2 38 g4 2 31 0.108391 0.182182 1
g5 2 39 g5 2 50 0.111081 0.132382 1
g5 2 37 g5 2 45 0.106837 0.13262 1
g5 2 39 g5 2 50 0.111979 0.152406 1
g5 2 39 g5 2 49 0.110773 0.145824 1
g5 2 43 g5 2 49 0.120178 0.104819 1
g5 2 55 g5 2 51 0.149764 0.122428 1
g5 2 40 g5 2 49 0.113591 0.0949954 1
g5 2 47 g5 2 52 0.130037 0.0837979 1
g5 2 47 g5 2 49 0.13163 0.126398 1
g5 2 50 g5 2 59 0.138801 0.137652 1
g5 2 47 g5 2 55 0.131668 0.0960286 1
g5 2 47 g5 2 54 0.132334 0.106302 1
g5 2 50 g5 2 51 0.137979 0.100019 1
g5 2 47 g5 2 48 0.131273 0.0650633 1
g6 2 40 g6 2 38 0.111939 0.0831293 1
g6 2 39 g6 2 38 0.109629 0.0954732 1
g6 2 42 g6 2 38 0.115516 0.09279 1
g6 2 41 g6 2 34 0.114709 0.186611 1
g6 2 35 g6 2 38 0.100724 0.0741795 1
g6 2 34 g6 2 34 0.098411 0.13345 1
g6 2 37 g6 2 38 0.105006 0.0968774 1
g6 2 38 g6 2 38 0.107026 0.132625 1
g6 2 36 g6 2 38 0.102139 0.105043 1
g6 2 32 g6 2 38 0.093258 0.10631 1
g6 2 39 g6 2 37 0.11011 0.158528 1
g6 2 42 g6 2 59 0.117143 0.0806915 1
g6 2 41 g6 2 41 0.114348 0.07077 1
g6 2 31 g6 2 38 0.090081 0.12078 1
g6 2 36 g6 2 41 0.103036 0.164803 1
g6 2 41 g6 2 39 0.115663 0.0869633 1
g6 2 35 g6 2 38 0.100502 0.099564 1
g6 2 43 g6 2 39 0.118989 0.0888546 1
g6 2 36 g6 2 38 0.102395 0.0856295 1
g6 2 35 g6 2 38 0.100242 0.142454 1
g6 2 41 g6 2 38 0.114648 0.0950052 1
g6 2 56 g6 2 38 0.150795 0.112544 1
g6 2 38 g6 2 39 0.10755 0.102009 1
g6 2 34 g6 2 39 0.098186 0.12163 1
g6 2 36 g6 2 38 0.102671 0.119668 1
g6 2 35 g6 2 44 0.100413 0.249863 1
g6 2 44 g6 2 38 0.121952 0.115654 1
g6 2 35 g6 2 38 0.10084 0.0913838 1
g6 2 35 g6 2 38 0.100477 0.0932373 1
g6 2 29 g6 2 33 0.085038 0.101353 1
g6 2 32 g6 2 34 0.092737 0.0869118 1
g6 2 33 g6 2 34 0.095722 0.118859 1
g6 2 51 g6 2 49 0.139721 0.354284 1
g6 2 39 g1 2 25 0.110565 0.255429 1
g6 2 32 g6 2 33 0.092398 0.0479845 1
g6 2 33 g6 2 35 0.095554 0.0866037 1
g6 2 35 g6 2 35 0.099923 0.0756825 1
g6 2 33 g6 2 35 0.095538 0.0790453 1
g6 2 37 g6 2 36 0.105165 0.0800973 1
g6 2 39 g6 2 37 0.109418 0.0710931 1
g6 2 37 g6 2 44 0.105386 0.0960218 1
g7 1 37 g7 1 44 0.107338 0.283729 1
g7 1 34 g7 1 42 0.099291 0.224504 1
g7 1 37 g7 1 39 0.105406 0.322902 1
g7 1 38 g7 1 52 0.108696 0.161921 1
g7 1 40 g7 1 34 0.112848 0.289615 1
g7 1 41 g7 1 41 0.11644 0.267352 1
g7 1 34 g7 1 46 0.098558 0.306425 1
g7 1 35 g7 1 36 0.103345 0.132177 1
g7 1 27 g7 1 31 0.080447 0.224476 1
g7 1 32 g3 1 40 0.095486 0.431618 0
g7 1 34 g7 1 33 0.09921 0.226178 1
g7 1 36 g7 1 34 0.104944 0.171268 1
g7 1 36 g7 1 39 0.10306 0.221251 1
g7 1 34 g7 1 29 0.096307 0.190098 1
g7 1 29 g7 1 29 0.085101 0.229544 1
g7 1 33 g7 1 31 0.095782 0.183661 1
g7 1 33 g7 1 28 0.095841 0.178668 1
g7 1 30 g7 1 32 0.087163 0.223046 1
g7 1 31 g7 1 29 0.089635 0.248928 1
g7 1 31 g7 1 28 0.091712 0.164172 1
g7 1 31 g7 1 32 0.091153 0.208856 1
g7 1 27 g7 1 27 0.082632 0.0615644 1
g7 1 39 g1 2 17 0.110324 0.57738 0
g7 1 35 g7 1 35 0.099166 0.238792 1
g7 1 45 g7 1 28 0.124647 0.334334 1
g7 1 37 g7 1 48 0.103829 0.36491 1
g7 1 34 g2 2 23 0.098019 0.45804 0
g7 1 38 g7 1 37 0.107937 0.16894 1
g7 1 35 g1 2 17 0.101934 0.601892 0
g7 1 36 g7 1 38 0.101685 0.375958 1
g7 1 36 g7 1 36 0.102232 0.22344 1
g7 1 44 g7 1 47 0.122222 0.305023 1
g7 1 39 g7 1 43 0.111271 0.304891 1
g7 1 40 g7 1 35 0.113032 0.22377 1
g7 1 46 g7 1 33 0.12918 0.208856 1
g7 1 68 g7 1 43 0.173365 0.286301 1
g7 1 34 g7 1 51 0.098179 0.347542 1
g7 1 35 g7 1 46 0.099405 0.270526 1
g7 1 39 g7 1 50 0.112085 0.307484 1
g7 1 40 g7 1 39 0.112604 0.2346 1
g7 1 45 g7 1 41 0.125435 0.282181 1
g7 1 48 g7 1 45 0.134812 0.196393 1
g7 1 32 g7 1 34 0.092452 0.31424 1
g7 1 50 g7 1 40 0.13863 0.18407 1
g7 1 21 g7 1 36 0.067245 0.363603 1
g7 1 35 g7 1 51 0.101716 0.376813 1
g7 1 36 g7 1 34 0.104359 0.159465 1
g7 1 36 g7 1 31 0.104141 0.279683 1
g7 1 37 g7 1 31 0.105519 0.223388 1
g7 1 49 g7 1 41 0.135506 0.244423 1
g7 1 33 g7 1 29 0.096992 0.331907 1
g7 1 33 g7 1 33 0.09706 0.27306 1
g7 1 42 g7 1 45 0.118461 0.170613 1
g7 1 61 g7 1 45 0.166114 0.305014 1
g7 1 56 g7 1 52 0.152334 0.246199 1
g7 1 54 g7 1 37 0.147601 0.398423 1
g7 1 53 g7 1 52 0.145264 0.230603 1
g7 1 35 g7 1 35 0.116815 0.243094 1
g7 1 51 g7 1 48 0.140323 0.167706 1
g7 1 43 g7 1 47 0.119216 0.222166 1
g7 1 47 g7 1 48 0.129024 0.168155 1
g7 1 45 g7 1 45 0.125682 0.191072 1
g7 1 47 g7 1 48 0.131227 0.173402 1
