g1 2 46 g6 2 78 0.229698 0.151271 0
g1 2 44 g6 2 66 0.222691 0.17884 0
g1 2 52 g6 2 50 0.258618 0.133323 0
g1 2 102 g1 2 45 0.471267 0.128344 0
g1 2 63 g2 2 32 0.301765 0.180019 0
g1 2 56 g1 2 48 0.272157 0.143851 0
g1 2 60 g1 2 54 0.289071 0.120546 0
g1 2 37 g1 2 52 0.195463 0.0984748 0
g1 2 46 g1 2 42 0.230001 0.124197 0
g1 2 54 g1 2 48 0.263593 0.153851 0
g1 2 39 g1 2 42 0.201453 0.11936 0
g1 2 50 g1 2 42 0.246297 0.0973088 0
g1 2 48 g1 2 48 0.238318 0.0665379 0
g1 2 47 g1 2 46 0.234252 0.0739496 0
g1 2 53 g1 2 48 0.259593 0.0760421 0
g1 2 111 g6 2 73 0.509732 0.20023 0
g1 2 49 g1 2 42 0.242087 0.0889367 0
g1 2 71 g6 2 70 0.335429 0.199175 0
g1 2 37 g6 2 60 0.194145 0.12168 0
g1 2 46 g6 2 66 0.230508 0.186226 0
g1 2 39 g6 2 51 0.201398 0.130296 0
g1 2 54 g6 2 57 0.263017 0.160935 0
g1 2 42 g2 2 32 0.213749 0.181488 0
g1 2 45 g1 2 38 0.225367 0.0751975 0
g1 2 43 g1 2 38 0.217504 0.0769938 0
g1 2 61 g1 2 56 0.292692 0.126871 0
g1 2 58 g1 2 49 0.281158 0.139487 0
g1 2 75 g1 2 49 0.352428 0.246594 0
g1 2 55 g1 2 45 0.267263 0.194769 0
g1 2 56 g1 2 71 0.272696 0.100618 0
g1 2 43 g1 2 48 0.217765 0.0795973 0
g1 2 44 g1 2 45 0.221778 0.162819 0
g1 2 35 g1 2 50 0.185624 0.0640499 0
g1 2 53 g1 2 54 0.25889 0.197292 0
g1 2 43 g1 2 56 0.218543 0.225186 0
g1 2 46 g1 2 45 0.22979 0.149562 0
g1 2 57 g1 2 45 0.275869 0.158168 0
g1 2 46 g1 2 45 0.233836 0.153119 0
g1 2 41 g1 2 43 0.210225 0.154605 0
g1 2 43 g1 2 45 0.2173 0.119913 0
g1 2 49 g1 2 50 0.242084 0.147619 0
g1 2 53 g1 2 54 0.258974 0.204712 0
g1 2 44 g1 2 47 0.22321 0.168578 0
g1 2 46 g1 2 45 0.229895 0.172272 0
g1 2 53 g1 2 45 0.259042 0.161407 0
g1 2 40 g1 2 54 0.205807 0.23451 0
g1 2 50 g6 2 70 0.2463 0.185257 0
g1 2 53 g6 2 65 0.258699 0.19522 0
g1 2 41 g6 2 72 0.20998 0.170714 0
g1 2 52 g6 2 66 0.255461 0.125926 0
g1 2 72 g2 2 32 0.340887 0.207837 0
g1 2 48 g6 2 50 0.238962 0.147822 0
g1 2 64 g2 2 32 0.306041 0.161244 0
g1 2 42 g1 2 34 0.212541 0.0657652 0
g1 2 38 g1 2 34 0.197666 0.0576872 0
g1 2 29 g1 2 32 0.157543 0.0730236 0
g1 2 29 g1 2 29 0.157461 0.0591343 0
g1 2 31 g1 2 32 0.165875 0.0594803 0
g1 2 31 g1 2 31 0.165474 0.0511753 0
g1 2 36 g1 2 34 0.189301 0.0559827 0
g1 2 29 g1 2 29 0.15748 0.0583123 0
g2 2 28 g2 2 26 0.153602 0.081189 0
g2 2 28 g2 2 26 0.153345 0.0852107 0
g2 2 31 g2 2 32 0.165424 0.152605 0
g2 2 26 g2 2 26 0.144883 0.150999 0
g2 2 27 g2 2 26 0.148656 0.134901 0
g2 2 23 g2 2 32 0.131877 0.144775 0
g2 2 26 g2 2 26 0.144644 0.128892 0
g2 2 27 g2 2 26 0.148994 0.0937242 0
g2 2 28 g2 2 26 0.153219 0.156895 0
g2 2 55 g2 2 50 0.267593 0.125755 0
g2 2 29 g2 2 26 0.157328 0.0853226 0
g2 2 28 g2 2 26 0.153703 0.0831557 0
g2 2 28 g2 2 26 0.153005 0.10591 0
g2 2 29 g2 2 26 0.157642 0.106393 0
g2 2 30 g2 2 26 0.160779 0.165876 0
g2 2 27 g2 2 26 0.149047 0.128428 0
g2 2 21 g2 2 32 0.124532 0.237872 0
g2 2 27 g2 2 26 0.148782 0.0733698 0
g2 2 29 g2 2 26 0.157443 0.0850396 0
g2 2 27 g2 2 26 0.148532 0.132614 0
g2 2 30 g2 2 26 0.161184 0.125009 0
g2 2 30 g2 2 26 0.160735 0.202935 0
g2 2 26 g2 2 26 0.144732 0.144234 0
g2 2 31 g2 2 26 0.165435 0.0809107 0
g2 2 33 g2 2 32 0.177546 0.158391 0
g2 2 28 g2 2 26 0.152924 0.150766 0
g2 2 27 g2 2 32 0.14878 0.215902 0
g2 2 30 g2 2 26 0.160681 0.15229 0
g2 2 34 g2 2 26 0.180527 0.122504 0
g2 2 59 g2 2 53 0.285011 0.11708 0
g2 2 54 g2 2 45 0.264221 0.128094 0
g2 2 55 g2 2 50 0.268692 0.115822 0
g2 2 48 g1 2 43 0.239121 0.259655 0
g2 2 38 g2 2 42 0.197763 0.0980393 0
g2 2 42 g2 2 39 0.216709 0.102152 0
g2 2 64 g2 2 53 0.306281 0.107338 0
g2 2 43 g2 2 45 0.218104 0.0816044 0
g2 2 37 g2 2 44 0.193651 0.0787732 0
g2 2 36 g2 2 39 0.189279 0.0732656 0
g2 2 39 g2 2 44 0.201506 0.0675561 0
g2 2 39 g2 2 39 0.201641 0.0572417 0
g2 2 41 g2 2 39 0.209498 0.0581594 0
g2 2 39 g2 2 39 0.201441 0.0957513 0
g2 2 41 g2 2 39 0.211002 0.0682864 0
g2 2 42 g2 2 44 0.213689 0.0697143 0
g2 2 47 g2 2 44 0.234063 0.129158 0
g2 2 31 g2 2 41 0.165782 0.117849 0
g2 2 42 g2 2 39 0.214172 0.06024 0
g2 2 84 g2 2 53 0.395088 0.158477 0
g2 2 41 g2 2 42 0.210326 0.0790936 0
g2 2 52 g2 2 44 0.255193 0.0678578 0
g2 2 52 g1 2 59 0.25577 0.213745 0
g2 2 40 g2 2 39 0.205349 0.0999793 0
g2 2 37 g2 2 44 0.194061 0.0734563 0
g2 2 45 g1 2 64 0.225657 0.115191 0
g2 2 41 g2 2 44 0.210031 0.0894141 0
g2 2 49 g1 2 52 0.241962 0.192012 0
g2 2 46 g2 2 53 0.230656 0.113792 0
g2 2 40 g2 2 56 0.205787 0.10944 0
g2 2 56 g2 2 53 0.271461 0.108505 0
g2 2 35 g2 2 39 0.185926 0.0852977 0
g2 2 40 g1 2 57 0.205687 0.290824 0
g2 2 58 g2 2 48 0.281033 0.156959 0
g2 2 29 g2 2 26 0.157103 0.130546 0
g2 2 26 g2 2 26 0.144725 0.124454 0
g2 2 28 g2 2 26 0.15298 0.0648465 0
g3 1 71 g3 1 117 0.336679 0.324805 0
g3 1 68 g3 1 84 0.325188 0.194898 0
g3 1 95 g3 1 81 0.443147 0.296964 0
g3 1 102 g3 1 73 0.472413 0.238218 0
g3 1 107 g1 2 57 0.496637 0.434995 0
g3 1 96 g3 1 73 0.449503 0.256818 0
g3 1 91 g3 1 72 0.424673 0.283774 0
g3 1 93 g3 1 82 0.435245 0.278866 0
g3 1 86 g3 1 87 0.40297 0.278667 0
g3 1 87 g3 1 92 0.410123 0.286612 0
g3 1 88 g3 1 106 0.414876 0.254138 0
g3 1 92 g3 1 81 0.429904 0.212962 0
g3 1 92 g3 1 86 0.430613 0.243562 0
g3 1 92 g3 1 127 0.434261 0.2154 0
g3 1 90 g3 1 78 0.418099 0.482702 0
g3 1 86 g3 1 74 0.403817 0.25076 0
g3 1 80 g3 1 81 0.378127 0.197892 0
g3 1 113 g1 2 49 0.524108 0.365086 0
g3 1 95 g3 1 120 0.443091 0.277557 0
g3 1 95 g3 1 85 0.443188 0.214709 0
g3 1 99 g3 1 91 0.461287 0.219722 0
g3 1 93 g3 1 114 0.434853 0.216527 0
g3 1 92 g3 1 82 0.429623 0.243935 0
g3 1 85 g3 1 73 0.398109 0.253225 0
g3 1 91 g3 1 81 0.425063 0.303278 0
g3 1 88 g3 1 77 0.411405 0.278852 0
g3 1 99 g3 1 112 0.459113 0.301397 0
g3 1 132 g3 1 84 0.606925 0.28222 0
g3 1 114 g1 2 67 0.526737 0.43458 0
g3 1 97 g3 1 80 0.461206 0.1944 0
g3 1 111 g3 1 120 0.517413 0.219216 0
g3 1 104 g3 1 82 0.49866 0.27285 0
g3 1 97 g3 1 78 0.455988 0.214257 0
g3 1 100 g3 1 85 0.465861 0.238382 0
g3 1 101 g3 1 91 0.469223 0.246652 0
g3 1 98 g3 1 83 0.457654 0.267061 0
g3 1 102 g3 1 61 0.473278 0.319308 0
g3 1 115 g3 1 140 0.53337 0.258955 0
g3 1 120 g3 1 140 0.555657 0.257891 0
g3 1 92 g3 1 84 0.428411 0.376797 0
g3 1 76 g3 1 68 0.357179 0.838181 0
g3 1 97 g3 1 85 0.451049 0.281636 0
g3 1 85 g3 1 79 0.397989 0.211361 0
g3 1 77 g3 1 80 0.362866 0.193194 0
g3 1 81 g3 1 81 0.379292 0.214477 0
g3 1 86 g3 1 91 0.400177 0.293181 0
g3 1 77 g3 1 77 0.361191 0.329231 0
g3 1 85 g3 1 84 0.397766 0.171705 0
g3 1 79 g3 1 74 0.371811 0.219266 0
g3 1 78 g3 1 91 0.367044 0.301789 0
g3 1 84 g3 1 91 0.39259 0.249773 0
g4 2 71 g4 2 59 0.335291 0.198089 0
g4 2 71 g4 2 82 0.33636 0.0673423 0
g4 2 86 g4 2 87 0.402767 0.162398 0
g4 2 85 g4 2 82 0.396511 0.163126 0
g4 2 80 g4 2 90 0.377863 0.119477 0
g4 2 81 g4 2 99 0.37987 0.14039 0
g4 2 100 g3 1 89 0.462465 0.25683 0
g4 2 81 g4 2 82 0.380269 0.161355 0
g4 2 95 g4 2 94 0.442147 0.151698 0
g4 2 93 g4 2 95 0.432982 0.166844 0
g4 2 89 g4 2 90 0.414271 0.134392 0
g4 2 94 g4 2 99 0.436623 0.112256 0
g4 2 102 g4 2 101 0.4717 0.0792638 0
g4 2 89 g4 2 60 0.413945 0.120179 0
g4 2 57 g4 2 63 0.274706 0.127509 0
g4 2 60 g4 2 57 0.288008 0.0727742 0
g4 2 57 g4 2 55 0.276429 0.0766083 0
g4 2 63 g4 2 66 0.301315 0.145464 0
g4 2 59 g4 2 64 0.284111 0.103054 0
g4 2 65 g4 2 66 0.310369 0.109011 0
g4 2 67 g4 2 78 0.319205 0.0844505 0
g4 2 69 g4 2 78 0.326963 0.0992722 0
g4 2 77 g4 2 95 0.360744 0.150197 0
g4 2 57 g4 2 62 0.274456 0.105125 0
g4 2 72 g4 2 67 0.340578 0.0918328 0
g4 2 72 g4 2 72 0.340116 0.048741 0
g4 2 80 g4 2 70 0.373602 0.0862969 0
g4 2 79 g4 2 83 0.370145 0.110199 0
g4 2 92 g4 2 62 0.425934 0.0941647 0
g4 2 90 g4 2 66 0.419231 0.104492 0
g4 2 59 g4 2 72 0.283376 0.0842472 0
g4 2 59 g4 2 63 0.283934 0.0951659 0
g4 2 63 g4 2 66 0.302477 0.0775823 0
g4 2 66 g4 2 66 0.317369 0.130808 0
g4 2 87 g4 2 66 0.405432 0.0984353 0
g4 2 82 g4 2 66 0.385099 0.18796 0
g4 2 89 g4 2 79 0.414596 0.146736 0
g4 2 64 g4 2 62 0.305795 0.0681309 0
g4 2 88 g4 2 79 0.410133 0.0983634 0
g4 2 100 g4 2 79 0.462054 0.107761 0
g4 2 80 g4 2 82 0.375794 0.0681987 0
g4 2 88 g4 2 62 0.408286 0.0951218 0
g5 2 84 g5 2 94 0.396084 0.0893176 0
g5 2 87 g5 2 85 0.406629 0.0767305 0
g5 2 85 g5 2 101 0.399582 0.103886 0
g5 2 82 g5 2 101 0.385732 0.114987 0
g5 2 69 g5 2 98 0.329736 0.161727 0
g5 2 81 g5 2 98 0.382606 0.0936171 0
g5 2 80 g4 2 65 0.376653 0.188285 0
g5 2 89 g5 2 98 0.416124 0.177105 0
g5 2 78 g5 2 100 0.368269 0.207032 0
g5 2 64 g5 2 62 0.307135 0.117299 0
g5 2 68 g5 2 68 0.323801 0.118591 0
g5 2 80 g5 2 68 0.375995 0.108626 0
g5 2 66 g5 2 82 0.31561 0.144768 0
g5 2 69 g4 2 60 0.328186 0.184751 0
g5 2 83 g5 2 100 0.389624 0.161175 0
g5 2 76 g5 2 68 0.357855 0.213618 0
g5 2 73 g5 2 100 0.345369 0.169501 0
g5 2 68 g5 2 68 0.324324 0.181356 0
g5 2 73 g5 2 100 0.3463 0.164501 0
g5 2 73 g4 2 59 0.345551 0.169759 0
g5 2 75 g5 2 99 0.354989 0.132945 0
g5 2 73 g4 2 59 0.345047 0.171532 0
g5 2 75 g4 2 70 0.354985 0.207991 0
g5 2 73 g5 2 98 0.345578 0.164006 0
g5 2 80 g5 2 98 0.377576 0.126513 0
g5 2 79 g5 2 106 0.373595 0.15038 0
g5 2 76 g4 2 59 0.359935 0.143869 0
g5 2 75 g5 2 106 0.354719 0.162105 0
g5 2 77 g5 2 100 0.361976 0.211992 0
g5 2 78 g5 2 88 0.368401 0.138184 0
g5 2 73 g4 2 65 0.344823 0.188222 0
g5 2 76 g5 2 98 0.36007 0.126581 0
g5 2 71 g5 2 88 0.338424 0.124045 0
g5 2 75 g5 2 98 0.356305 0.138354 0
g5 2 76 g5 2 98 0.359828 0.141297 0
g5 2 83 g5 2 96 0.39023 0.0967482 0
g5 2 110 g5 2 100 0.507932 0.117647 0
g5 2 77 g5 2 96 0.364757 0.0859701 0
g5 2 92 g5 2 101 0.428679 0.0756917 0
g5 2 92 g5 2 96 0.43344 0.121381 0
g5 2 98 g5 2 115 0.458064 0.128892 0
g5 2 92 g5 2 115 0.43474 0.0887555 0
g5 2 91 g5 2 105 0.427041 0.0983107 0
g5 2 98 g5 2 100 0.456927 0.0919861 0
g5 2 92 g5 2 98 0.431703 0.0726379 0
g6 2 78 g6 2 74 0.364179 0.077136 0
g6 2 75 g6 2 74 0.352517 0.0886381 0
g6 2 81 g6 2 74 0.377506 0.0837195 0
g6 2 79 g6 2 65 0.368661 0.173163 0
g6 2 67 g6 2 74 0.318327 0.0672097 0
g6 2 66 g6 2 77 0.314331 0.118371 0
g6 2 71 g6 2 74 0.334273 0.0905135 0
g6 2 73 g6 2 74 0.342781 0.124847 0
g6 2 70 g6 2 74 0.330352 0.100268 0
g6 2 61 g6 2 74 0.29216 0.0983134 0
g6 2 76 g6 2 72 0.356346 0.148182 0
g6 2 82 g6 2 179 0.382472 0.0846512 0
g6 2 80 g6 2 79 0.375135 0.0637393 0
g6 2 59 g6 2 74 0.284158 0.114933 0
g6 2 70 g6 2 79 0.331622 0.159355 0
g6 2 79 g6 2 75 0.369997 0.0816378 0
g6 2 67 g6 2 74 0.317169 0.0919602 0
g6 2 84 g6 2 75 0.391156 0.0824738 0
g6 2 70 g6 2 74 0.330998 0.078759 0
g6 2 68 g6 2 74 0.322183 0.13811 0
g6 2 80 g6 2 74 0.374327 0.0903619 0
g6 2 115 g6 2 74 0.526581 0.146872 0
g6 2 74 g6 2 75 0.34825 0.0920368 0
g6 2 66 g6 2 75 0.313699 0.116205 0
g6 2 70 g6 2 74 0.331808 0.116409 0
g6 2 68 g6 2 86 0.32215 0.238989 0
g6 2 86 g6 2 74 0.399091 0.111651 0
g6 2 68 g6 2 74 0.325789 0.0831518 0
g6 2 68 g6 2 74 0.323863 0.0867334 0
g6 2 56 g6 2 64 0.270853 0.0932688 0
g6 2 61 g6 2 65 0.293534 0.0761259 0
g6 2 63 g6 2 65 0.300885 0.105697 0
g6 2 99 g6 2 94 0.458045 0.363459 0
g6 2 75 g1 2 48 0.35278 0.249492 0
g6 2 61 g6 2 62 0.292072 0.0327055 1
g6 2 63 g6 2 63 0.300723 0.0631527 0
g6 2 67 g6 2 63 0.317851 0.0575263 0
g6 2 64 g6 2 67 0.304797 0.0628013 0
g6 2 71 g6 2 70 0.335311 0.0709974 0
g6 2 76 g6 2 72 0.356745 0.0616879 0
g6 2 71 g6 2 86 0.334563 0.0880182 0
g7 1 73 g7 1 87 0.346528 0.276636 0
g7 1 65 g7 1 83 0.310935 0.214486 0
g7 1 71 g7 1 67 0.335803 0.282669 0
g7 1 73 g7 1 102 0.346239 0.151537 0
g7 1 78 g7 1 66 0.366351 0.281787 0
g7 1 82 g7 1 79 0.384003 0.25401 0
g7 1 66 g7 1 90 0.315338 0.298672 0
g7 1 72 g7 1 73 0.340789 0.124732 0
g7 1 52 g7 1 60 0.255599 0.216303 0
g7 1 63 g3 1 83 0.302499 0.402604 0
g7 1 67 g7 1 65 0.318058 0.217361 0
g7 1 72 g7 1 66 0.340162 0.16331 0
g7 1 69 g7 1 76 0.326532 0.217129 0
g7 1 65 g7 1 56 0.310416 0.176833 0
g7 1 56 g7 1 55 0.271423 0.21659 0
g7 1 64 g7 1 60 0.305331 0.174301 0
g7 1 63 g7 1 55 0.301824 0.15924 0
g7 1 58 g7 1 62 0.28048 0.214666 0
g7 1 60 g7 1 89 0.287921 0.286894 0
g7 1 61 g7 1 54 0.292567 0.15933 0
g7 1 61 g7 1 62 0.292766 0.197059 0
g7 1 54 g7 1 51 0.264323 0.0359619 1
g7 1 75 g1 2 31 0.352579 0.53179 0
g7 1 68 g7 1 69 0.321554 0.227333 0
g7 1 88 g7 1 54 0.408714 0.322597 0
g7 1 72 g7 1 94 0.339934 0.355519 0
g7 1 67 g2 2 44 0.318321 0.433152 0
g7 1 74 g7 1 73 0.34827 0.16219 0
g7 1 70 g1 2 31 0.331604 0.556157 0
g7 1 70 g3 1 130 0.329915 0.527425 0
g7 1 72 g7 1 69 0.338448 0.213426 0
g7 1 85 g7 1 93 0.395831 0.29699 0
g7 1 77 g7 1 88 0.361002 0.299224 0
g7 1 79 g7 1 67 0.368864 0.217459 0
g7 1 90 g7 1 66 0.41729 0.204742 0
g7 1 136 g7 1 88 0.625867 0.27874 0
g7 1 66 g7 1 75 0.314847 0.243244 0
g7 1 67 g7 1 97 0.318617 0.255224 0
g7 1 78 g7 1 97 0.36714 0.302307 0
g7 1 78 g7 1 75 0.366625 0.228199 0
g7 1 88 g7 1 79 0.410871 0.267728 0
g7 1 97 g7 1 91 0.450544 0.194254 0
g7 1 62 g7 1 67 0.299279 0.300008 0
g7 1 101 g7 1 77 0.468006 0.175766 0
g7 1 39 g7 1 67 0.200558 0.364027 0
g7 1 70 g7 1 100 0.332701 0.366034 0
g7 1 72 g7 1 66 0.34097 0.154061 0
g7 1 71 g7 1 60 0.336043 0.270987 0
g7 1 72 g7 1 73 0.34097 0.167195 0
g7 1 96 g7 1 79 0.447812 0.237295 0
g7 1 63 g7 1 57 0.301919 0.309275 0
g7 1 66 g7 1 65 0.314741 0.260375 0
g7 1 84 g7 1 89 0.393197 0.162851 0
g7 1 119 g7 1 91 0.551025 0.298056 0
g7 1 110 g7 1 103 0.508269 0.245831 0
g7 1 105 g7 1 72 0.485628 0.384197 0
g7 1 104 g7 1 103 0.48267 0.22302 0
g7 1 91 g7 1 71 0.423207 0.238911 0
g7 1 99 g7 1 94 0.460905 0.159631 0
g7 1 83 g7 1 93 0.388859 0.211386 0
g7 1 92 g7 1 94 0.429569 0.157546 0
g7 1 88 g7 1 91 0.410292 0.186825 0
g7 1 93 g7 1 94 0.434894 0.166665 0
