g1 2 46 g6 2 78 0.254218 0.151288 1
g1 2 44 g6 2 66 0.235914 0.178759 1
g1 2 52 g6 2 50 0.267064 0.133322 1
g1 2 102 g1 2 45 0.498777 0.128455 1
g1 2 63 g2 2 32 0.309418 0.180064 1
g1 2 56 g1 2 48 0.272178 0.143843 1
g1 2 60 g1 2 54 0.305369 0.120497 1
g1 2 37 g1 2 52 0.205637 0.0984114 1
g1 2 46 g1 2 42 0.244284 0.124173 1
g1 2 54 g1 2 48 0.278552 0.15383 1
g1 2 39 g1 2 42 0.20495 0.119368 1
g1 2 50 g1 2 42 0.254024 0.0973216 1
g1 2 48 g1 2 48 0.249136 0.0664936 1
g1 2 47 g1 2 46 0.249994 0.0739914 1
g1 2 53 g1 2 48 0.265105 0.0760608 1
g1 2 111 g6 2 73 0.543703 0.200285 1
g1 2 49 g1 2 42 0.254152 0.0890284 1
g1 2 71 g6 2 70 0.361934 0.199234 1
g1 2 37 g6 2 60 0.208597 0.121699 1
g1 2 46 g6 2 66 0.239791 0.186203 1
g1 2 39 g6 2 51 0.201659 0.130479 1
g1 2 54 g6 2 57 0.291821 0.161004 1
g1 2 42 g2 2 32 0.220634 0.181831 1
g1 2 45 g1 2 38 0.227686 0.0752116 1
g1 2 43 g1 2 38 0.220157 0.076984 1
g1 2 61 g1 2 56 0.299573 0.126833 1
g1 2 58 g1 2 49 0.299171 0.139635 1
g1 2 75 g1 2 49 0.375808 0.246473 1
g1 2 55 g1 2 45 0.284617 0.194773 1
g1 2 56 g1 2 71 0.272151 0.100638 1
g1 2 43 g1 2 48 0.222404 0.0796961 1
g1 2 44 g1 2 45 0.237351 0.162744 1
g1 2 35 g1 2 50 0.201539 0.0640508 1
g1 2 53 g1 2 54 0.275584 0.197304 1
g1 2 43 g1 2 56 0.232913 0.225174 1
g1 2 46 g1 2 45 0.244709 0.149752 1
g1 2 57 g1 2 45 0.292995 0.158249 1
g1 2 46 g1 2 45 0.243595 0.153167 1
g1 2 41 g1 2 43 0.22351 0.154717 1
g1 2 43 g1 2 45 0.231018 0.120064 1
g1 2 49 g1 2 50 0.255689 0.147739 1
g1 2 53 g1 2 54 0.274315 0.204874 1
g1 2 44 g1 2 47 0.227288 0.16863 1
g1 2 46 g1 2 45 0.236867 0.172158 1
g1 2 53 g1 2 45 0.260046 0.161457 1
g1 2 40 g1 2 54 0.212605 0.234592 1
g1 2 50 g6 2 70 0.248793 0.185241 1
g1 2 53 g6 2 65 0.315104 0.195168 1
g1 2 41 g6 2 72 0.286847 0.170864 1
g1 2 52 g6 2 66 0.267196 0.126153 1
g1 2 72 g2 2 32 0.368747 0.2079 1
g1 2 48 g6 2 50 0.261172 0.147781 1
g1 2 64 g2 2 32 0.326405 0.161413 1
g1 2 42 g1 2 34 0.224647 0.0657474 1
g1 2 38 g1 2 34 0.211383 0.0576905 1
g1 2 29 g1 2 32 0.168233 0.0730474 1
g1 2 29 g1 2 29 0.164857 0.0591479 1
g1 2 31 g1 2 32 0.172658 0.0594514 1
g1 2 31 g1 2 31 0.166527 0.0512402 1
g1 2 36 g1 2 34 0.19057 0.0559701 1
g1 2 29 g1 2 29 0.164392 0.0584143 1
g2 2 28 g2 2 26 0.165036 0.0811795 1
g2 2 28 g2 2 26 0.159726 0.0851334 1
g2 2 31 g2 2 32 0.166252 0.152475 1
g2 2 26 g2 2 26 0.145096 0.15096 1
g2 2 27 g2 2 26 0.14911 0.134783 1
g2 2 23 g2 2 32 0.132157 0.14479 1
g2 2 26 g2 2 26 0.145495 0.128871 1
g2 2 27 g2 2 26 0.149772 0.0936361 1
g2 2 28 g2 2 26 0.153237 0.156916 1
g2 2 55 g2 2 50 0.270185 0.125751 1
g2 2 29 g2 2 26 0.157398 0.0853091 1
g2 2 28 g2 2 26 0.154232 0.083249 1
g2 2 28 g2 2 26 0.154989 0.105967 1
g2 2 29 g2 2 26 0.157745 0.106472 1
g2 2 30 g2 2 26 0.161147 0.165983 1
g2 2 27 g2 2 26 0.15135 0.128473 1
g2 2 21 g2 2 32 0.12582 0.237987 1
g2 2 27 g2 2 26 0.150655 0.0734326 1
g2 2 29 g2 2 26 0.160017 0.0851217 1
g2 2 27 g2 2 26 0.151754 0.132623 1
g2 2 30 g2 2 26 0.162885 0.125164 1
g2 2 30 g2 2 26 0.163674 0.203044 1
g2 2 26 g2 2 26 0.145226 0.144111 1
g2 2 31 g2 2 26 0.167599 0.0810045 1
g2 2 33 g2 2 32 0.178421 0.158366 1
g2 2 28 g2 2 26 0.153035 0.150752 1
g2 2 27 g2 2 32 0.149451 0.215898 1
g2 2 30 g2 2 26 0.160922 0.152333 1
g2 2 34 g2 2 26 0.184008 0.12261 1
g2 2 59 g2 2 53 0.298513 0.11708 1
g2 2 54 g2 2 45 0.273145 0.128014 1
g2 2 55 g2 2 50 0.273173 0.115755 1
g2 2 48 g1 2 43 0.24515 0.2597 1
g2 2 38 g2 2 42 0.206143 0.0980483 1
g2 2 42 g2 2 39 0.217432 0.102194 1
g2 2 64 g2 2 53 0.307917 0.107352 1
g2 2 43 g2 2 45 0.218241 0.08175 1
g2 2 37 g2 2 44 0.193559 0.0787427 1
g2 2 36 g2 2 39 0.192834 0.0732876 1
g2 2 39 g2 2 44 0.205313 0.0676211 1
g2 2 39 g2 2 39 0.216326 0.0572556 1
g2 2 41 g2 2 39 0.215686 0.058204 1
g2 2 39 g2 2 39 0.20587 0.0958255 1
g2 2 41 g2 2 39 0.212172 0.068372 1
g2 2 42 g2 2 44 0.217256 0.069749 1
g2 2 47 g2 2 44 0.259065 0.129113 1
g2 2 31 g2 2 41 0.187572 0.117848 1
g2 2 42 g2 2 39 0.240278 0.0603325 1
g2 2 84 g2 2 53 0.403715 0.158532 1
g2 2 41 g2 2 42 0.211632 0.0792109 1
g2 2 52 g2 2 44 0.257273 0.0678666 1
g2 2 52 g1 2 59 0.255568 0.214053 1
g2 2 40 g2 2 39 0.20589 0.100108 1
g2 2 37 g2 2 44 0.193424 0.0734798 1
g2 2 45 g1 2 64 0.226611 0.11533 1
g2 2 41 g2 2 44 0.222236 0.0894534 1
g2 2 49 g1 2 52 0.25455 0.192203 1
g2 2 46 g2 2 53 0.247583 0.113762 1
g2 2 40 g2 2 56 0.216559 0.109518 1
g2 2 56 g2 2 53 0.272608 0.108558 1
g2 2 35 g2 2 39 0.189501 0.0854126 1
g2 2 40 g1 2 57 0.221057 0.290744 1
g2 2 58 g2 2 48 0.292003 0.157088 1
g2 2 29 g2 2 26 0.157708 0.130603 1
g2 2 26 g2 2 26 0.144425 0.124375 1
g2 2 28 g2 2 26 0.153116 0.0648008 1
g3 1 71 g3 1 117 0.406667 0.324802 1
g3 1 68 g3 1 84 0.377263 0.195019 1
g3 1 95 g3 1 81 0.531988 0.297211 1
g3 1 102 g3 1 73 0.557018 0.238231 1
g3 1 107 g1 2 57 0.521459 0.435192 0
g3 1 96 g3 1 73 0.461323 0.256784 1
g3 1 91 g3 1 72 0.44706 0.283782 1
g3 1 93 g3 1 82 0.451688 0.278986 1
g3 1 86 g3 1 87 0.40727 0.278766 1
g3 1 87 g3 1 92 0.411437 0.286671 1
g3 1 88 g3 1 106 0.423472 0.25416 1
g3 1 92 g3 1 81 0.447309 0.213043 1
g3 1 92 g3 1 86 0.451301 0.243595 1
g3 1 92 g3 1 127 0.451692 0.215488 1
g3 1 90 g3 1 78 0.430059 0.48263 0
g3 1 86 g3 1 74 0.406497 0.250771 1
g3 1 80 g3 1 81 0.37831 0.197855 1
g3 1 113 g1 2 49 0.548627 0.365256 0
g3 1 95 g3 1 120 0.471544 0.277623 1
g3 1 95 g3 1 85 0.462142 0.214674 1
g3 1 99 g3 1 91 0.58743 0.21966 1
g3 1 93 g3 1 114 0.542618 0.216507 1
g3 1 92 g3 1 82 0.456231 0.243911 1
g3 1 85 g3 1 73 0.45151 0.253357 1
g3 1 91 g3 1 81 0.428765 0.303233 0
g3 1 88 g3 1 77 0.45923 0.279025 1
g3 1 99 g3 1 112 0.478104 0.301411 1
g3 1 132 g3 1 84 0.676351 0.282255 1
g3 1 114 g1 2 67 0.584211 0.433656 0
g3 1 97 g3 1 80 0.475049 0.194454 1
g3 1 111 g3 1 120 0.568511 0.219352 1
g3 1 104 g3 1 82 0.514376 0.272961 1
g3 1 97 g3 1 78 0.471411 0.214279 1
g3 1 100 g3 1 85 0.487942 0.238413 1
g3 1 101 g3 1 91 0.50349 0.246691 1
g3 1 98 g3 1 83 0.474377 0.266989 1
g3 1 102 g3 1 61 0.474169 0.319321 1
g3 1 115 g3 1 140 0.554854 0.259004 1
g3 1 120 g3 1 140 0.579034 0.257885 1
g3 1 92 g3 1 84 0.44756 0.376836 0
g3 1 76 g3 1 68 0.369806 0.838187 0
g3 1 97 g3 1 85 0.453859 0.281698 1
g3 1 85 g3 1 79 0.398549 0.211924 1
g3 1 77 g3 1 80 0.364266 0.193174 1
g3 1 81 g3 1 81 0.379633 0.214615 1
g3 1 86 g3 1 91 0.405312 0.293187 0
g3 1 77 g3 1 77 0.364826 0.329228 0
g3 1 85 g3 1 84 0.397746 0.171792 1
g3 1 79 g3 1 74 0.372584 0.219377 1
g3 1 78 g3 1 91 0.368949 0.301788 0
g3 1 84 g3 1 91 0.392852 0.249839 1
g4 2 71 g4 2 59 0.337874 0.197981 1
g4 2 71 g4 2 82 0.33853 0.0673577 1
g4 2 86 g4 2 87 0.405217 0.162387 1
g4 2 85 g4 2 82 0.4052 0.163094 1
g4 2 80 g4 2 90 0.380262 0.119479 1
g4 2 81 g4 2 99 0.395834 0.140361 1
g4 2 100 g3 1 89 0.49443 0.256963 1
g4 2 81 g4 2 82 0.380571 0.161404 1
g4 2 95 g4 2 94 0.464415 0.151724 1
g4 2 93 g4 2 95 0.46474 0.166845 1
g4 2 89 g4 2 90 0.449771 0.134421 1
g4 2 94 g4 2 99 0.439599 0.112284 1
g4 2 102 g4 2 101 0.495419 0.0792493 1
g4 2 89 g4 2 60 0.441636 0.120146 1
g4 2 57 g4 2 63 0.28334 0.127532 1
g4 2 60 g4 2 57 0.288982 0.0727951 1
g4 2 57 g4 2 55 0.291686 0.0765809 1
g4 2 63 g4 2 66 0.311034 0.145435 1
g4 2 59 g4 2 64 0.295912 0.103085 1
g4 2 65 g4 2 66 0.332869 0.109033 1
g4 2 67 g4 2 78 0.340105 0.0845207 1
g4 2 69 g4 2 78 0.340664 0.0992632 1
g4 2 77 g4 2 95 0.376885 0.150205 1
g4 2 57 g4 2 62 0.296026 0.105123 1
g4 2 72 g4 2 67 0.363838 0.0917946 1
g4 2 72 g4 2 72 0.368181 0.0487928 1
g4 2 80 g4 2 72 0.405121 0.096792 1
g4 2 79 g4 2 83 0.391032 0.110217 1
g4 2 92 g4 2 62 0.444058 0.0942064 1
g4 2 90 g4 2 66 0.418997 0.104487 1
g4 2 59 g4 2 72 0.284233 0.0842909 1
g4 2 59 g4 2 63 0.285191 0.0951817 1
g4 2 63 g4 2 66 0.301671 0.0775533 1
g4 2 66 g4 2 66 0.31449 0.130783 1
g4 2 87 g4 2 66 0.405491 0.0984169 1
g4 2 82 g4 2 66 0.38327 0.187906 1
g4 2 89 g4 2 79 0.440904 0.146783 1
g4 2 64 g4 2 62 0.328545 0.06811 1
g4 2 88 g4 2 79 0.431175 0.0983666 1
g4 2 100 g4 2 79 0.481147 0.107776 1
g4 2 80 g4 2 82 0.390444 0.0682101 1
g4 2 88 g4 2 62 0.434813 0.0951075 1
g5 2 84 g5 2 94 0.415738 0.0893276 1
g5 2 87 g5 2 85 0.421535 0.07674 1
g5 2 85 g5 2 101 0.425676 0.103887 1
g5 2 82 g5 2 101 0.404177 0.115029 1
g5 2 69 g5 2 98 0.337583 0.161708 1
g5 2 81 g5 2 98 0.383262 0.093637 1
g5 2 80 g4 2 65 0.37788 0.188495 1
g5 2 89 g5 2 98 0.431353 0.177104 1
g5 2 78 g5 2 100 0.387056 0.207057 1
g5 2 64 g5 2 62 0.31075 0.117363 1
g5 2 68 g5 2 68 0.344625 0.118527 1
g5 2 80 g5 2 68 0.378086 0.108617 1
g5 2 66 g5 2 82 0.316688 0.144767 1
g5 2 69 g4 2 60 0.328633 0.184893 1
g5 2 83 g5 2 100 0.390069 0.161194 1
g5 2 76 g5 2 68 0.366671 0.213484 1
g5 2 73 g5 2 100 0.371967 0.169533 1
g5 2 68 g5 2 68 0.34463 0.181235 1
g5 2 73 g5 2 100 0.350506 0.164479 1
g5 2 73 g4 2 59 0.366816 0.169954 1
g5 2 75 g5 2 99 0.381257 0.132889 1
g5 2 73 g4 2 59 0.356787 0.171729 1
g5 2 75 g4 2 70 0.373876 0.208315 1
g5 2 73 g5 2 98 0.346812 0.164008 1
g5 2 80 g5 2 98 0.377547 0.126467 1
g5 2 79 g5 2 106 0.37433 0.150373 1
g5 2 76 g4 2 59 0.368942 0.143915 1
g5 2 75 g5 2 106 0.364018 0.162088 1
g5 2 77 g5 2 100 0.363351 0.212821 1
g5 2 78 g5 2 88 0.369135 0.138219 1
g5 2 73 g4 2 65 0.345839 0.188444 1
g5 2 76 g5 2 98 0.360872 0.126548 1
g5 2 71 g5 2 88 0.358323 0.124091 1
g5 2 75 g5 2 98 0.369302 0.138346 1
g5 2 76 g5 2 98 0.359509 0.14134 1
g5 2 83 g5 2 96 0.391465 0.0967958 1
g5 2 110 g5 2 100 0.510252 0.117764 1
g5 2 77 g5 2 96 0.366605 0.0859853 1
g5 2 92 g5 2 101 0.429596 0.0756882 1
g5 2 92 g5 2 96 0.434144 0.121358 1
g5 2 98 g5 2 115 0.460463 0.128895 1
g5 2 92 g5 2 115 0.433696 0.0887364 1
g5 2 91 g5 2 105 0.428389 0.0983385 1
g5 2 98 g5 2 100 0.458922 0.0920366 1
g5 2 92 g5 2 98 0.432378 0.0726742 1
g6 2 78 g6 2 74 0.366129 0.0771508 1
g6 2 75 g6 2 74 0.352759 0.0886424 1
g6 2 81 g6 2 74 0.378957 0.0836842 1
g6 2 79 g6 2 65 0.369061 0.173104 1
g6 2 67 g6 2 74 0.340682 0.0672741 1
g6 2 66 g6 2 77 0.323936 0.118315 1
g6 2 71 g6 2 74 0.350722 0.0905255 1
g6 2 73 g6 2 74 0.368417 0.124846 1
g6 2 70 g6 2 74 0.344961 0.100239 1
g6 2 61 g6 2 74 0.292596 0.0983939 1
g6 2 76 g6 2 72 0.357344 0.148163 1
g6 2 82 g6 2 179 0.382622 0.0846958 1
g6 2 80 g6 2 79 0.374192 0.063838 1
g6 2 59 g6 2 74 0.284358 0.11493 1
g6 2 70 g6 2 79 0.331661 0.159495 1
g6 2 79 g6 2 75 0.370443 0.0817193 1
g6 2 67 g6 2 74 0.317903 0.091968 1
g6 2 84 g6 2 75 0.391169 0.0825079 1
g6 2 70 g6 2 74 0.330623 0.0787895 1
g6 2 68 g6 2 74 0.322592 0.138218 1
g6 2 80 g6 2 74 0.390472 0.0904658 1
g6 2 115 g6 2 74 0.551434 0.146904 1
g6 2 74 g6 2 75 0.371666 0.0920864 1
g6 2 66 g6 2 75 0.340078 0.116224 1
g6 2 70 g6 2 74 0.338948 0.116515 1
g6 2 68 g6 2 86 0.32266 0.238972 1
g6 2 86 g6 2 74 0.399999 0.111647 1
g6 2 68 g6 2 74 0.323048 0.0831092 1
g6 2 68 g6 2 74 0.322078 0.086832 1
g6 2 56 g6 2 64 0.271264 0.0933762 1
g6 2 61 g6 2 65 0.293011 0.0761368 1
g6 2 63 g6 2 65 0.31892 0.105658 1
g6 2 99 g6 2 94 0.493745 0.363476 1
g6 2 75 g1 2 48 0.3682 0.249605 1
g6 2 61 g6 2 62 0.303733 0.0327492 1
g6 2 63 g6 2 63 0.303653 0.0631679 1
g6 2 67 g6 2 63 0.318688 0.05762 1
g6 2 64 g6 2 67 0.307387 0.0627893 1
g6 2 71 g6 2 70 0.341009 0.0710151 1
g6 2 76 g6 2 72 0.362622 0.0616743 1
g6 2 71 g6 2 86 0.354095 0.0880207 1
g7 1 73 g7 1 87 0.372558 0.276653 1
g7 1 65 g7 1 83 0.333971 0.214454 1
g7 1 71 g7 1 67 0.355158 0.282719 1
g7 1 73 g7 1 102 0.382152 0.152302 1
g7 1 78 g7 1 66 0.401875 0.281868 1
g7 1 82 g7 1 79 0.411791 0.254095 1
g7 1 66 g7 1 90 0.330004 0.298982 1
g7 1 72 g7 1 73 0.343069 0.12482 1
g7 1 52 g7 1 60 0.277837 0.216389 1
g7 1 63 g3 1 83 0.323852 0.402751 0
g7 1 67 g7 1 65 0.341255 0.216339 1
g7 1 72 g7 1 66 0.359842 0.16338 1
g7 1 69 g7 1 76 0.336646 0.217292 1
g7 1 65 g7 1 56 0.312628 0.176963 1
g7 1 56 g7 1 55 0.272421 0.216631 1
g7 1 64 g7 1 60 0.307442 0.174255 1
g7 1 63 g7 1 55 0.303899 0.159184 1
g7 1 58 g7 1 62 0.282583 0.214683 1
g7 1 60 g7 1 89 0.301567 0.287003 1
g7 1 61 g7 1 54 0.315222 0.1594 1
g7 1 61 g7 1 62 0.298935 0.197077 1
g7 1 54 g7 1 51 0.264407 0.0359672 1
g7 1 75 g1 2 31 0.352962 0.531559 0
g7 1 68 g7 1 69 0.321838 0.227489 1
g7 1 88 g7 1 54 0.410012 0.322716 1
g7 1 72 g7 1 94 0.340397 0.355573 0
g7 1 67 g2 2 44 0.318522 0.433212 0
g7 1 74 g7 1 73 0.348601 0.162263 1
g7 1 70 g1 2 31 0.332092 0.556073 0
g7 1 70 g3 1 130 0.330489 0.527538 0
g7 1 72 g7 1 69 0.339533 0.213634 1
g7 1 85 g7 1 93 0.396973 0.297133 1
g7 1 77 g7 1 88 0.360557 0.299293 1
g7 1 79 g7 1 67 0.369672 0.217543 1
g7 1 90 g7 1 66 0.418204 0.204809 1
g7 1 136 g7 1 88 0.625147 0.278841 1
g7 1 66 g7 1 75 0.31493 0.243261 1
g7 1 67 g7 1 97 0.3183 0.255342 1
g7 1 78 g7 1 97 0.369242 0.302368 1
g7 1 78 g7 1 75 0.367359 0.2283 1
g7 1 88 g7 1 79 0.419867 0.267838 1
g7 1 97 g7 1 91 0.455322 0.194214 1
g7 1 62 g7 1 67 0.298948 0.300022 1
g7 1 101 g7 1 77 0.493241 0.175852 1
g7 1 39 g7 1 67 0.210636 0.363805 1
g7 1 70 g7 1 100 0.391917 0.366107 0
g7 1 72 g7 1 66 0.346346 0.154116 1
g7 1 71 g7 1 60 0.337719 0.27246 1
g7 1 72 g7 1 73 0.34931 0.167207 1
g7 1 96 g7 1 79 0.451066 0.237336 1
g7 1 63 g7 1 57 0.302616 0.30922 1
g7 1 66 g7 1 65 0.316341 0.258674 1
g7 1 84 g7 1 89 0.393797 0.162882 1
g7 1 119 g7 1 91 0.551002 0.298131 1
g7 1 110 g7 1 103 0.509165 0.245886 1
g7 1 105 g7 1 72 0.489509 0.384203 1
g7 1 104 g7 1 103 0.482261 0.223071 1
g7 1 91 g7 1 71 0.422857 0.238848 1
g7 1 99 g7 1 94 0.460823 0.159645 1
g7 1 83 g7 1 93 0.389387 0.211323 1
g7 1 92 g7 1 94 0.429032 0.157543 1
g7 1 88 g7 1 91 0.410261 0.186894 1
g7 1 93 g7 1 94 0.435893 0.166753 1
