g1 2 24 g6 2 32 0.073724 0.177839 1
g1 2 23 g6 2 34 0.071497 0.194286 1
g1 2 27 g6 2 25 0.080292 0.156739 1
g1 2 42 g1 2 24 0.12468 0.124555 1
g1 2 33 g2 2 17 0.096768 0.186512 1
g1 2 29 g1 2 25 0.085114 0.155493 1
g1 2 31 g1 2 28 0.089914 0.130339 1
g1 2 20 g1 2 27 0.06511 0.114469 1
g1 2 24 g1 2 33 0.074156 0.163801 1
g1 2 28 g1 2 25 0.082551 0.160279 1
g1 2 21 g1 2 22 0.067119 0.138157 1
g1 2 26 g1 2 22 0.077944 0.114392 1
g1 2 25 g1 2 25 0.075922 0.0740715 1
g1 2 25 g1 2 25 0.075928 0.125773 1
g1 2 28 g1 2 25 0.082595 0.0863041 1
g1 2 54 g6 2 38 0.13701 0.204242 1
g1 2 26 g1 2 22 0.077854 0.0966976 1
g1 2 37 g6 2 36 0.107333 0.215399 1
g1 2 20 g6 2 31 0.065158 0.133138 1
g1 2 24 g6 2 34 0.073847 0.19971 1
g1 2 21 g6 2 32 0.068046 0.148979 1
g1 2 28 g6 2 30 0.08233 0.172967 1
g1 2 22 g2 2 17 0.069779 0.191713 1
g1 2 24 g1 2 19 0.073447 0.0886496 1
g1 2 23 g1 2 20 0.071543 0.0959363 1
g1 2 32 g1 2 29 0.092185 0.134286 1
g1 2 30 g1 2 26 0.087048 0.147948 1
g1 2 39 g1 2 26 0.108778 0.258994 1
g1 2 29 g1 2 24 0.085 0.203157 1
g1 2 29 g1 2 37 0.08521 0.106014 1
g1 2 23 g1 2 25 0.071629 0.0902134 1
g1 2 23 g1 2 24 0.071877 0.174544 1
g1 2 19 g1 2 26 0.063255 0.0834176 1
g1 2 28 g1 2 28 0.082724 0.210743 1
g1 2 23 g1 2 29 0.071474 0.235269 1
g1 2 24 g1 2 24 0.073379 0.163654 1
g1 2 30 g1 2 24 0.086935 0.169157 1
g1 2 24 g1 2 26 0.073456 0.146512 1
g1 2 22 g1 2 23 0.069348 0.159734 1
g1 2 23 g1 2 24 0.071398 0.134771 1
g1 2 26 g1 2 26 0.078282 0.155951 1
g1 2 28 g1 2 28 0.082877 0.190776 1
g1 2 23 g1 2 25 0.071535 0.184149 1
g1 2 24 g1 2 24 0.073609 0.182284 1
g1 2 28 g1 2 24 0.082658 0.184123 1
g1 2 21 g1 2 28 0.067272 0.251477 1
g1 2 26 g6 2 36 0.078629 0.200737 1
g1 2 28 g6 2 34 0.082324 0.212294 1
g1 2 22 g6 2 37 0.069535 0.185805 1
g1 2 27 g6 2 34 0.080533 0.13539 1
g1 2 37 g2 2 17 0.105429 0.213727 1
g1 2 25 g6 2 25 0.076233 0.165599 1
g1 2 33 g2 2 17 0.095102 0.175089 1
g1 2 22 g1 2 18 0.069096 0.0769956 1
g1 2 20 g1 2 18 0.064986 0.0699969 1
g1 2 16 g1 2 17 0.057082 0.0972281 1
g1 2 16 g1 2 16 0.057118 0.0740709 1
g1 2 17 g1 2 17 0.059207 0.0754636 1
g1 2 17 g1 2 17 0.058686 0.060393 1
g1 2 19 g1 2 18 0.062679 0.0681503 1
g1 2 16 g1 2 17 0.057757 0.103612 1
g2 2 15 g2 2 14 0.055047 0.102294 1
g2 2 15 g2 2 14 0.054985 0.102069 1
g2 2 17 g2 2 17 0.058964 0.180842 1
g2 2 14 g2 2 14 0.053003 0.155019 1
g2 2 15 g2 2 14 0.055034 0.154699 1
g2 2 13 g2 2 17 0.050779 0.163711 1
g2 2 14 g2 2 14 0.052684 0.138865 1
g2 2 15 g2 2 14 0.054937 0.109654 1
g2 2 15 g2 2 14 0.05477 0.179041 1
g2 2 29 g2 2 26 0.085183 0.13883 1
g2 2 16 g2 2 14 0.05719 0.109136 1
g2 2 15 g2 2 14 0.054834 0.0998811 1
g2 2 15 g2 2 14 0.054842 0.119302 1
g2 2 16 g2 2 14 0.056996 0.119978 1
g2 2 16 g2 2 14 0.05736 0.173492 1
g2 2 15 g2 2 14 0.055009 0.139512 1
g2 2 12 g2 2 17 0.048694 0.266786 1
g2 2 15 g2 2 14 0.055168 0.0909069 1
g2 2 16 g2 2 14 0.057255 0.0997465 1
g2 2 15 g2 2 14 0.054885 0.15704 1
g2 2 16 g2 2 14 0.057004 0.136554 1
g2 2 16 g2 2 14 0.057408 0.213739 1
g2 2 14 g2 2 14 0.052699 0.149036 1
g2 2 17 g2 2 14 0.058881 0.104702 1
g2 2 18 g2 2 17 0.060776 0.171124 1
g2 2 15 g2 2 14 0.05495 0.174244 1
g2 2 15 g2 2 17 0.054696 0.234601 1
g2 2 16 g2 2 14 0.057729 0.175422 1
g2 2 18 g2 2 14 0.060846 0.137632 1
g2 2 31 g2 2 28 0.09023 0.125996 1
g2 2 28 g2 2 27 0.083075 0.154531 1
g2 2 29 g2 2 26 0.085648 0.13868 1
g2 2 25 g2 2 26 0.076746 0.145046 1
g2 2 20 g2 2 21 0.065705 0.14081 1
g2 2 22 g2 2 21 0.06935 0.116275 1
g2 2 32 g2 2 29 0.095112 0.128344 1
g2 2 23 g2 2 24 0.071945 0.0911216 1
g2 2 20 g2 2 21 0.065276 0.0914759 1
g2 2 19 g2 2 21 0.063155 0.090553 1
g2 2 21 g2 2 23 0.066364 0.0802652 1
g2 2 20 g2 2 21 0.067119 0.0893105 1
g2 2 21 g2 2 21 0.067486 0.0697141 1
g2 2 19 g2 2 21 0.064618 0.111094 1
g2 2 22 g2 2 21 0.069452 0.0768108 1
g2 2 22 g2 2 21 0.069598 0.0935556 1
g2 2 25 g2 2 23 0.075749 0.151366 1
g2 2 17 g2 2 24 0.058859 0.136608 1
g2 2 22 g2 2 21 0.069474 0.0832263 1
g2 2 42 g2 2 28 0.118013 0.160527 1
g2 2 22 g2 2 22 0.069887 0.0972297 1
g2 2 27 g2 2 23 0.080437 0.0794278 1
g2 2 27 g1 2 31 0.080171 0.219084 1
g2 2 21 g2 2 21 0.067138 0.114951 1
g2 2 19 g2 2 21 0.065429 0.0968977 1
g2 2 24 g1 2 33 0.073253 0.126282 1
g2 2 22 g2 2 21 0.069537 0.112032 1
g2 2 26 g1 2 27 0.07746 0.201474 1
g2 2 24 g2 2 28 0.073796 0.127158 1
g2 2 21 g2 2 29 0.067507 0.124674 1
g2 2 29 g2 2 28 0.08492 0.115389 1
g2 2 19 g2 2 21 0.063212 0.102121 1
g2 2 21 g1 2 33 0.068055 0.311734 1
g2 2 30 g2 2 25 0.086989 0.163577 1
g2 2 16 g2 2 14 0.057121 0.148281 1
g2 2 14 g2 2 14 0.052722 0.130207 1
g2 2 15 g2 2 14 0.055174 0.0822884 1
g3 1 36 g3 1 46 0.104543 0.332445 1
g3 1 35 g3 1 43 0.101298 0.221407 1
g3 1 49 g3 1 42 0.133888 0.300641 1
g3 1 52 g3 1 37 0.141934 0.246244 1
g3 1 55 g1 2 30 0.145842 0.418895 0
g3 1 49 g3 1 37 0.135949 0.259543 1
g3 1 47 g3 1 42 0.129255 0.382585 0
g3 1 47 g3 1 41 0.131132 0.282248 1
g3 1 44 g3 1 45 0.122894 0.289176 1
g3 1 43 g3 1 46 0.122744 0.297155 1
g3 1 44 g3 1 57 0.122479 0.280456 1
g3 1 47 g3 1 46 0.128992 0.231488 1
g3 1 46 g3 1 43 0.127057 0.244426 1
g3 1 47 g3 1 64 0.130371 0.222005 1
g3 1 44 g3 1 47 0.12359 0.509912 0
g3 1 44 g3 1 40 0.122324 0.258925 1
g3 1 41 g3 1 42 0.116366 0.20938 1
g3 1 56 g1 2 26 0.15544 0.384839 0
g3 1 48 g3 1 41 0.132008 0.250921 1
g3 1 48 g3 1 42 0.133733 0.221797 1
g3 1 50 g3 1 47 0.137894 0.226461 1
g3 1 48 g3 1 57 0.134245 0.223474 1
g3 1 46 g3 1 41 0.12779 0.251364 1
g3 1 43 g3 1 37 0.12164 0.252658 1
g3 1 47 g3 1 42 0.130231 0.316269 0
g3 1 44 g3 1 38 0.122192 0.286164 1
g3 1 50 g3 1 53 0.138488 0.323461 1
g3 1 66 g3 1 42 0.175636 0.284546 1
g3 1 58 g1 2 35 0.158312 0.443586 0
g3 1 50 g3 1 39 0.136136 0.201097 1
g3 1 57 g3 1 60 0.15412 0.227756 1
g3 1 53 g3 1 41 0.145871 0.280176 1
g3 1 49 g3 1 40 0.135165 0.220275 1
g3 1 51 g3 1 42 0.140261 0.246952 1
g3 1 52 g3 1 47 0.140731 0.262663 1
g3 1 50 g3 1 59 0.136486 0.273023 1
g3 1 51 g3 1 32 0.140959 0.325366 1
g3 1 59 g3 1 69 0.156839 0.265281 1
g3 1 61 g3 1 69 0.16135 0.26054 1
g3 1 46 g3 1 43 0.128232 0.385156 0
g3 1 28 g3 1 47 0.096968 0.823018 0
g3 1 49 g3 1 44 0.136238 0.299366 1
g3 1 42 g3 1 40 0.118743 0.212053 1
g3 1 40 g3 1 41 0.112443 0.207229 1
g3 1 42 g3 1 42 0.116039 0.229532 1
g3 1 44 g3 1 47 0.120669 0.308689 0
g3 1 39 g3 1 38 0.109828 0.342506 0
g3 1 43 g3 1 42 0.12116 0.173607 1
g3 1 40 g3 1 37 0.113909 0.222603 1
g3 1 39 g3 1 47 0.111673 0.313106 0
g3 1 43 g3 1 47 0.119496 0.257062 1
g4 2 37 g4 2 31 0.104923 0.213731 1
g4 2 37 g4 2 42 0.105772 0.0770925 1
g4 2 44 g4 2 45 0.122229 0.166975 1
g4 2 44 g4 2 42 0.122232 0.168401 1
g4 2 41 g4 2 46 0.114956 0.126542 1
g4 2 42 g4 2 51 0.117734 0.146691 1
g4 2 50 g3 1 44 0.138344 0.268622 1
g4 2 42 g4 2 42 0.117708 0.170647 1
g4 2 49 g4 2 48 0.134826 0.16048 1
g4 2 47 g4 2 49 0.129891 0.169922 1
g4 2 46 g4 2 46 0.127299 0.137594 1
g4 2 48 g4 2 51 0.13233 0.117739 1
g4 2 52 g4 2 51 0.142407 0.0872674 1
g4 2 45 g4 2 31 0.124549 0.127746 1
g4 2 30 g4 2 43 0.086693 0.144586 1
g4 2 31 g4 2 30 0.089715 0.078087 1
g4 2 30 g4 2 29 0.087153 0.0841841 1
g4 2 33 g4 2 34 0.096019 0.155968 1
g4 2 31 g4 2 33 0.08959 0.106797 1
g4 2 34 g4 2 34 0.101616 0.120246 1
g4 2 35 g4 2 40 0.102229 0.0919232 1
g4 2 36 g4 2 32 0.102737 0.107242 1
g4 2 40 g4 2 48 0.112015 0.15742 1
g4 2 30 g4 2 32 0.086646 0.114933 1
g4 2 37 g4 2 35 0.10536 0.0999654 1
g4 2 37 g4 2 37 0.104981 0.0560005 1
g4 2 41 g4 2 36 0.114732 0.0923847 1
g4 2 41 g4 2 43 0.114599 0.113961 1
g4 2 46 g4 2 32 0.126888 0.101124 1
g4 2 46 g4 2 34 0.126357 0.113174 1
g4 2 31 g4 2 37 0.089763 0.0955719 1
g4 2 31 g4 2 33 0.089787 0.103906 1
g4 2 33 g4 2 34 0.095731 0.0887908 1
g4 2 34 g4 2 34 0.098236 0.140199 1
g4 2 45 g4 2 34 0.124282 0.105555 1
g4 2 42 g4 2 34 0.117137 0.195331 1
g4 2 46 g4 2 41 0.126875 0.154758 1
g4 2 33 g4 2 32 0.096178 0.0741617 1
g4 2 45 g4 2 41 0.124999 0.101517 1
g4 2 50 g4 2 41 0.136711 0.113763 1
g4 2 41 g4 2 42 0.115195 0.0753194 1
g4 2 45 g4 2 32 0.124109 0.102625 1
g5 2 43 g5 2 48 0.121243 0.096948 1
g5 2 45 g5 2 44 0.125106 0.0813948 1
g5 2 44 g5 2 52 0.124345 0.109526 1
g5 2 42 g5 2 52 0.118825 0.12298 1
g5 2 36 g5 2 50 0.105888 0.173685 1
g5 2 42 g5 2 50 0.118639 0.103629 1
g5 2 41 g4 2 34 0.115739 0.195062 1
g5 2 46 g5 2 50 0.127795 0.189381 1
g5 2 40 g5 2 51 0.113553 0.211785 1
g5 2 33 g5 2 32 0.097244 0.123193 1
g5 2 35 g5 2 35 0.101074 0.127778 1
g5 2 41 g5 2 35 0.115941 0.115549 1
g5 2 34 g5 2 33 0.09887 0.166843 1
g5 2 36 g4 2 31 0.103552 0.193424 1
g5 2 43 g5 2 51 0.120525 0.166174 1
g5 2 39 g5 2 51 0.110079 0.210268 1
g5 2 38 g5 2 51 0.108302 0.176763 1
g5 2 35 g5 2 35 0.101193 0.193344 1
g5 2 38 g5 2 51 0.108403 0.171544 1
g5 2 38 g4 2 31 0.108273 0.178412 1
g5 2 39 g5 2 51 0.110767 0.144814 1
g5 2 38 g4 2 31 0.108282 0.180962 1
g5 2 39 g4 2 36 0.110441 0.222326 1
g5 2 38 g5 2 50 0.108746 0.172357 1
g5 2 41 g5 2 50 0.116088 0.134481 1
g5 2 41 g5 2 54 0.117026 0.156583 1
g5 2 39 g4 2 31 0.11062 0.153731 1
g5 2 39 g5 2 54 0.110422 0.169357 1
g5 2 40 g5 2 51 0.112743 0.220687 1
g5 2 40 g5 2 51 0.113317 0.173148 1
g5 2 38 g4 2 31 0.108296 0.182182 1
g5 2 39 g5 2 50 0.111382 0.132382 1
g5 2 37 g5 2 45 0.106896 0.13262 1
g5 2 39 g5 2 50 0.111889 0.152406 1
g5 2 39 g5 2 49 0.111204 0.145824 1
g5 2 43 g5 2 49 0.120576 0.104819 1
g5 2 55 g5 2 51 0.14995 0.122428 1
g5 2 40 g5 2 49 0.113834 0.0949954 1
g5 2 47 g5 2 52 0.129841 0.0837979 1
g5 2 47 g5 2 49 0.131976 0.126398 1
g5 2 50 g5 2 59 0.138633 0.137652 1
g5 2 47 g5 2 55 0.131404 0.0960286 1
g5 2 47 g5 2 54 0.131587 0.106302 1
g5 2 50 g5 2 51 0.138167 0.100019 1
g5 2 47 g5 2 48 0.131062 0.0650633 1
g6 2 40 g6 2 38 0.111719 0.0831293 1
g6 2 39 g6 2 38 0.10952 0.0954732 1
g6 2 42 g6 2 38 0.115569 0.09279 1
g6 2 41 g6 2 34 0.114864 0.186611 1
g6 2 35 g6 2 38 0.100159 0.0741795 1
g6 2 34 g6 2 34 0.097857 0.13345 1
g6 2 37 g6 2 38 0.105018 0.0968774 1
g6 2 38 g6 2 38 0.107268 0.132625 1
g6 2 36 g6 2 38 0.102272 0.105043 1
g6 2 32 g6 2 38 0.09263 0.10631 1
g6 2 39 g6 2 37 0.110648 0.158528 1
g6 2 42 g6 2 59 0.116623 0.0806915 1
g6 2 41 g6 2 41 0.114284 0.07077 1
g6 2 31 g6 2 38 0.090181 0.12078 1
g6 2 36 g6 2 41 0.102559 0.164803 1
g6 2 41 g6 2 39 0.114589 0.0869633 1
g6 2 35 g6 2 38 0.100395 0.099564 1
g6 2 43 g6 2 39 0.118673 0.0888546 1
g6 2 36 g6 2 38 0.102521 0.0856295 1
g6 2 35 g6 2 38 0.100253 0.142454 1
g6 2 41 g6 2 38 0.114371 0.0950052 1
g6 2 56 g6 2 38 0.151371 0.112544 1
g6 2 38 g6 2 39 0.107886 0.102009 1
g6 2 34 g6 2 39 0.09803 0.12163 1
g6 2 36 g6 2 38 0.102434 0.119668 1
g6 2 35 g6 2 44 0.10024 0.249863 1
g6 2 44 g6 2 38 0.121475 0.115654 1
g6 2 35 g6 2 38 0.10046 0.0913838 1
g6 2 35 g6 2 38 0.10025 0.0932373 1
g6 2 29 g6 2 33 0.084953 0.101353 1
g6 2 32 g6 2 34 0.092694 0.0869118 1
g6 2 33 g6 2 34 0.095778 0.118859 1
g6 2 51 g6 2 49 0.139579 0.354284 1
g6 2 39 g1 2 25 0.110279 0.255429 1
g6 2 32 g6 2 33 0.092734 0.0479845 1
g6 2 33 g6 2 35 0.095534 0.0866037 1
g6 2 35 g6 2 35 0.099953 0.0756825 1
g6 2 33 g6 2 35 0.096461 0.0790453 1
g6 2 37 g6 2 36 0.105213 0.0800973 1
g6 2 39 g6 2 37 0.109744 0.0710931 1
g6 2 37 g6 2 44 0.105108 0.0960218 1
g7 1 37 g7 1 44 0.107469 0.283729 1
g7 1 34 g7 1 42 0.099014 0.224504 1
g7 1 37 g7 1 39 0.105333 0.322902 0
g7 1 38 g7 1 52 0.108661 0.161921 1
g7 1 40 g7 1 34 0.112828 0.289615 1
g7 1 41 g7 1 41 0.116719 0.267352 1
g7 1 34 g7 1 46 0.098745 0.306425 1
g7 1 35 g7 1 36 0.103209 0.132177 1
g7 1 27 g7 1 31 0.080297 0.224476 1
g7 1 32 g3 1 40 0.094886 0.431618 0
g7 1 34 g7 1 33 0.099223 0.226178 1
g7 1 36 g7 1 34 0.104607 0.171268 1
g7 1 36 g7 1 39 0.102707 0.221251 1
g7 1 34 g7 1 29 0.09645 0.190098 1
g7 1 29 g7 1 29 0.084992 0.229544 1
g7 1 33 g7 1 31 0.095881 0.183661 1
g7 1 33 g7 1 28 0.095424 0.178668 1
g7 1 30 g7 1 32 0.086986 0.223046 1
g7 1 31 g7 1 29 0.089491 0.248928 1
g7 1 31 g7 1 28 0.091298 0.164172 1
g7 1 31 g7 1 32 0.091027 0.208856 1
g7 1 27 g7 1 27 0.082291 0.0615644 1
g7 1 39 g1 2 17 0.110181 0.57738 0
g7 1 35 g7 1 35 0.099173 0.238792 1
g7 1 45 g7 1 28 0.124272 0.334334 1
g7 1 37 g7 1 48 0.104203 0.36491 0
g7 1 34 g2 2 23 0.097902 0.45804 0
g7 1 38 g7 1 37 0.107557 0.16894 1
g7 1 35 g1 2 17 0.102284 0.601892 0
g7 1 36 g7 1 38 0.101681 0.375958 1
g7 1 36 g7 1 36 0.102514 0.22344 1
g7 1 44 g7 1 47 0.122184 0.305023 1
g7 1 39 g7 1 43 0.111292 0.304891 1
g7 1 40 g7 1 35 0.113266 0.22377 1
g7 1 46 g7 1 33 0.126999 0.208856 1
g7 1 68 g7 1 43 0.173707 0.286301 1
g7 1 34 g7 1 51 0.098293 0.347542 0
g7 1 35 g7 1 46 0.099573 0.270526 1
g7 1 39 g7 1 50 0.113777 0.307484 1
g7 1 40 g7 1 39 0.112504 0.2346 1
g7 1 45 g7 1 41 0.126115 0.282181 1
g7 1 48 g7 1 45 0.134964 0.196393 1
g7 1 32 g7 1 34 0.092779 0.31424 1
g7 1 50 g7 1 40 0.13873 0.18407 1
g7 1 21 g7 1 36 0.067167 0.363603 1
g7 1 35 g7 1 51 0.102098 0.376813 0
g7 1 36 g7 1 34 0.104543 0.159465 1
g7 1 36 g7 1 31 0.104281 0.279683 1
g7 1 37 g7 1 31 0.105377 0.223388 1
g7 1 49 g7 1 41 0.13535 0.244423 1
g7 1 33 g7 1 29 0.096686 0.331907 1
g7 1 33 g7 1 33 0.096908 0.27306 1
g7 1 42 g7 1 45 0.118697 0.170613 1
g7 1 61 g7 1 45 0.165781 0.305014 1
g7 1 56 g7 1 52 0.153194 0.246199 1
g7 1 54 g7 1 37 0.14739 0.398423 1
g7 1 53 g7 1 52 0.145085 0.230603 1
g7 1 35 g7 1 35 0.114752 0.243094 1
g7 1 51 g7 1 48 0.140097 0.167706 1
g7 1 43 g7 1 47 0.119236 0.222166 1
g7 1 47 g7 1 48 0.128827 0.168155 1
g7 1 45 g7 1 45 0.124838 0.191072 1
g7 1 47 g7 1 48 0.131077 0.173402 1
