g1 2 22 g6 2 30 0.066013 0.169768 0
g1 2 21 g6 2 32 0.064051 0.182766 0
g1 2 25 g6 2 23 0.07272 0.142628 1
g1 2 40 g1 2 22 0.114088 0.122917 1
g1 2 31 g2 2 15 0.085663 0.192795 1
g1 2 27 g1 2 23 0.076416 0.153719 1
g1 2 29 g1 2 26 0.080926 0.127131 1
g1 2 18 g1 2 25 0.058173 0.11378 1
g1 2 22 g1 2 25 0.066176 0.13298 1
g1 2 26 g1 2 23 0.074699 0.159024 1
g1 2 19 g1 2 20 0.060612 0.140108 1
g1 2 24 g1 2 20 0.070137 0.1084 1
g1 2 23 g1 2 23 0.067878 0.0709912 1
g1 2 23 g1 2 23 0.07116 0.124063 1
g1 2 26 g1 2 26 0.074621 0.0804248 1
g1 2 52 g6 2 36 0.130292 0.200435 0
g1 2 24 g1 2 20 0.07003 0.0998263 1
g1 2 35 g6 2 34 0.095576 0.203915 0
g1 2 18 g6 2 29 0.057851 0.130181 1
g1 2 22 g6 2 32 0.066183 0.189666 0
g1 2 19 g6 2 30 0.059844 0.141693 1
g1 2 26 g6 2 28 0.074535 0.162342 1
g1 2 20 g2 2 15 0.062043 0.191332 1
g1 2 22 g1 2 17 0.065793 0.0826369 1
g1 2 21 g1 2 18 0.064318 0.0905276 1
g1 2 30 g1 2 27 0.083159 0.133558 1
g1 2 28 g1 2 24 0.078372 0.151798 1
g1 2 37 g1 2 24 0.099305 0.252167 0
g1 2 27 g1 2 22 0.076596 0.202364 0
g1 2 27 g1 2 35 0.077062 0.106825 1
g1 2 21 g1 2 23 0.063812 0.0890126 1
g1 2 21 g1 2 22 0.063929 0.16291 0
g1 2 17 g1 2 24 0.056135 0.0803424 1
g1 2 26 g1 2 23 0.074069 0.224511 0
g1 2 21 g1 2 27 0.064316 0.239584 0
g1 2 22 g1 2 22 0.066234 0.156561 1
g1 2 28 g1 2 22 0.078528 0.164012 1
g1 2 22 g1 2 22 0.066071 0.158704 1
g1 2 20 g1 2 21 0.062366 0.163986 1
g1 2 21 g1 2 22 0.063686 0.127 1
g1 2 24 g1 2 24 0.070208 0.157281 1
g1 2 26 g1 2 26 0.074332 0.208272 0
g1 2 21 g1 2 23 0.063939 0.184014 0
g1 2 22 g1 2 22 0.066279 0.171721 0
g1 2 26 g1 2 22 0.074484 0.166915 1
g1 2 19 g1 2 26 0.059799 0.235 0
g1 2 24 g6 2 34 0.070174 0.18875 0
g1 2 26 g6 2 32 0.074437 0.197104 0
g1 2 20 g6 2 35 0.062088 0.172626 1
g1 2 25 g6 2 37 0.072483 0.129048 1
g1 2 35 g2 2 15 0.09592 0.221742 0
g1 2 23 g6 2 23 0.068448 0.151302 1
g1 2 31 g2 2 15 0.085717 0.17079 1
g1 2 20 g1 2 16 0.06192 0.074766 1
g1 2 18 g1 2 16 0.057796 0.0666175 1
g1 2 14 g1 2 16 0.049971 0.097091 1
g1 2 14 g1 2 14 0.05009 0.0732514 1
g1 2 15 g1 2 15 0.052063 0.0769861 1
g1 2 15 g1 2 15 0.052948 0.0601426 1
g1 2 17 g1 2 16 0.056194 0.0660645 1
g1 2 14 g1 2 15 0.050307 0.111548 1
g2 2 13 g2 2 12 0.048605 0.104895 1
g2 2 13 g2 2 12 0.048771 0.100152 1
g2 2 15 g2 2 15 0.051839 0.181384 1
g2 2 12 g2 2 12 0.046227 0.149102 1
g2 2 13 g2 2 12 0.048601 0.151942 1
g2 2 11 g2 2 15 0.043489 0.165786 1
g2 2 12 g2 2 12 0.045826 0.125499 1
g2 2 13 g2 2 12 0.048738 0.10506 1
g2 2 13 g2 2 12 0.048626 0.16345 1
g2 2 27 g2 2 24 0.07716 0.131999 0
g2 2 14 g2 2 12 0.050157 0.107382 1
g2 2 13 g2 2 12 0.049217 0.106109 1
g2 2 13 g2 2 12 0.048586 0.120002 1
g2 2 14 g2 2 12 0.050285 0.127057 1
g2 2 14 g2 2 12 0.050137 0.180586 0
g2 2 13 g2 2 12 0.048708 0.142003 1
g2 2 10 g2 2 15 0.041775 0.257722 0
g2 2 13 g2 2 12 0.048551 0.0980197 1
g2 2 14 g2 2 12 0.050278 0.105194 1
g2 2 13 g2 2 12 0.048456 0.161468 0
g2 2 14 g2 2 12 0.050485 0.143054 1
g2 2 14 g2 2 12 0.050351 0.214652 0
g2 2 12 g2 2 12 0.046424 0.142436 1
g2 2 15 g2 2 12 0.052181 0.101405 1
g2 2 16 g2 2 15 0.053963 0.171857 0
g2 2 13 g2 2 12 0.048353 0.160181 1
g2 2 13 g2 2 15 0.048169 0.242999 0
g2 2 14 g2 2 12 0.050272 0.163168 1
g2 2 16 g2 2 12 0.054929 0.134649 1
g2 2 29 g2 2 26 0.08165 0.119545 1
g2 2 26 g2 2 25 0.075189 0.152066 1
g2 2 27 g2 2 24 0.077528 0.135915 1
g2 2 23 g1 2 21 0.068777 0.27101 0
g2 2 18 g2 2 20 0.057904 0.108109 1
g2 2 20 g2 2 19 0.062217 0.111781 1
g2 2 30 g2 2 27 0.085767 0.124809 1
g2 2 21 g2 2 22 0.064292 0.0915402 1
g2 2 18 g2 2 21 0.05817 0.09341 1
g2 2 17 g2 2 19 0.056069 0.0936848 1
g2 2 19 g2 2 19 0.058742 0.0877324 1
g2 2 18 g2 2 19 0.059742 0.0914348 1
g2 2 19 g2 2 19 0.059904 0.0712885 1
g2 2 17 g2 2 19 0.057733 0.114198 1
g2 2 20 g2 2 19 0.061862 0.073588 1
g2 2 20 g2 2 19 0.062023 0.0967156 1
g2 2 23 g2 2 21 0.068277 0.144163 1
g2 2 15 g2 2 20 0.052907 0.130696 1
g2 2 20 g2 2 19 0.062294 0.0832217 1
g2 2 40 g2 2 26 0.107217 0.163425 0
g2 2 20 g2 2 20 0.061905 0.0960384 1
g2 2 25 g2 2 21 0.0729 0.0813563 1
g2 2 25 g1 2 29 0.072616 0.220425 0
g2 2 19 g2 2 19 0.060479 0.112486 1
g2 2 17 g2 2 21 0.057619 0.097333 1
g2 2 22 g1 2 31 0.065803 0.122122 1
g2 2 20 g2 2 21 0.062167 0.107351 1
g2 2 24 g1 2 25 0.070187 0.197976 0
g2 2 22 g2 2 26 0.066393 0.120047 1
g2 2 19 g2 2 27 0.060059 0.119208 1
g2 2 27 g2 2 26 0.076801 0.118647 1
g2 2 17 g2 2 19 0.056231 0.100057 1
g2 2 19 g1 2 28 0.060415 0.292518 0
g2 2 28 g2 2 23 0.078842 0.166886 0
g2 2 14 g2 2 12 0.050487 0.14921 1
g2 2 12 g2 2 12 0.046092 0.119037 1
g2 2 13 g2 2 12 0.04853 0.0842657 1
g3 1 34 g3 1 44 0.095997 0.317284 0
g3 1 33 g3 1 46 0.093695 0.219336 0
g3 1 47 g3 1 40 0.123018 0.300735 0
g3 1 50 g3 1 38 0.131229 0.292126 0
g3 1 53 g1 2 28 0.13452 0.394027 0
g3 1 47 g3 1 35 0.124547 0.254261 0
g3 1 45 g3 1 35 0.119337 0.283474 0
g3 1 45 g3 1 39 0.120201 0.271269 0
g3 1 42 g3 1 62 0.112873 0.270819 0
g3 1 41 g3 1 44 0.112428 0.289394 0
g3 1 42 g3 1 55 0.112412 0.278039 0
g3 1 45 g3 1 46 0.118368 0.244614 0
g3 1 44 g3 1 41 0.116499 0.235877 0
g3 1 45 g3 1 58 0.119678 0.252537 0
g3 1 42 g3 1 38 0.113134 0.493665 0
g3 1 42 g3 1 40 0.112653 0.203043 0
g3 1 39 g3 1 40 0.106003 0.203044 0
g3 1 54 g1 2 24 0.144449 0.362888 0
g3 1 46 g3 1 39 0.121557 0.241867 0
g3 1 46 g3 1 40 0.122388 0.209648 0
g3 1 48 g3 1 45 0.127352 0.216754 0
g3 1 46 g3 1 55 0.12282 0.223339 0
g3 1 44 g3 1 39 0.117166 0.239907 0
g3 1 41 g3 1 35 0.112074 0.247535 0
g3 1 45 g3 1 40 0.120094 0.311268 0
g3 1 42 g3 1 36 0.112283 0.292783 0
g3 1 48 g3 1 55 0.127849 0.300204 0
g3 1 64 g3 1 40 0.163152 0.285783 0
g3 1 56 g3 1 36 0.146092 0.289882 0
g3 1 48 g3 1 37 0.129948 0.198829 0
g3 1 55 g3 1 58 0.142364 0.224211 0
g3 1 51 g3 1 39 0.134128 0.271578 0
g3 1 47 g3 1 38 0.124184 0.215558 0
g3 1 49 g3 1 40 0.130136 0.234342 0
g3 1 50 g3 1 45 0.129661 0.252466 0
g3 1 48 g3 1 57 0.126002 0.27381 0
g3 1 49 g3 1 30 0.129971 0.323088 0
g3 1 57 g3 1 67 0.145364 0.266969 0
g3 1 59 g3 1 67 0.149427 0.253434 0
g3 1 44 g3 1 41 0.11839 0.369473 0
g3 1 26 g3 1 45 0.087587 0.815193 0
g3 1 47 g3 1 42 0.126037 0.286109 0
g3 1 40 g3 1 37 0.109618 0.220951 0
g3 1 38 g3 1 39 0.102413 0.198995 0
g3 1 40 g3 1 40 0.106298 0.222099 0
g3 1 42 g3 1 45 0.110762 0.299045 0
g3 1 37 g3 1 36 0.100465 0.333865 0
g3 1 41 g3 1 40 0.111427 0.166086 0
g3 1 38 g3 1 35 0.104644 0.213044 0
g3 1 37 g3 1 45 0.102347 0.298428 0
g3 1 41 g3 1 45 0.110316 0.255173 0
g4 2 35 g4 2 29 0.09561 0.200981 0
g4 2 35 g4 2 40 0.095906 0.074868 1
g4 2 42 g4 2 43 0.112107 0.165537 1
g4 2 42 g4 2 40 0.112259 0.165293 1
g4 2 39 g4 2 44 0.105176 0.123519 1
g4 2 40 g4 2 49 0.107951 0.144795 1
g4 2 48 g3 1 42 0.127911 0.263518 0
g4 2 40 g4 2 40 0.107745 0.163291 0
g4 2 47 g4 2 46 0.12432 0.155578 1
g4 2 45 g4 2 47 0.11927 0.164294 1
g4 2 44 g4 2 44 0.116678 0.139688 0
g4 2 46 g4 2 49 0.122016 0.115756 1
g4 2 50 g4 2 49 0.13116 0.0830325 1
g4 2 43 g4 2 29 0.114497 0.121298 1
g4 2 28 g4 2 31 0.078566 0.135106 1
g4 2 29 g4 2 28 0.08064 0.0741795 1
g4 2 28 g4 2 27 0.078937 0.0812595 1
g4 2 31 g4 2 32 0.085742 0.148538 1
g4 2 29 g4 2 31 0.081514 0.10039 1
g4 2 32 g4 2 32 0.088477 0.113248 1
g4 2 33 g4 2 38 0.092352 0.0895119 1
g4 2 34 g4 2 30 0.097893 0.105078 1
g4 2 38 g4 2 46 0.103022 0.154445 1
g4 2 28 g4 2 30 0.078908 0.111214 1
g4 2 35 g4 2 33 0.096768 0.0928454 1
g4 2 35 g4 2 35 0.096333 0.054118 1
g4 2 39 g4 2 34 0.106424 0.0895005 1
g4 2 39 g4 2 41 0.105587 0.110703 1
g4 2 44 g4 2 30 0.116662 0.100345 1
g4 2 44 g4 2 32 0.117136 0.109677 1
g4 2 29 g4 2 35 0.081727 0.0896642 1
g4 2 29 g4 2 31 0.082312 0.0966102 1
g4 2 31 g4 2 32 0.08691 0.0844094 1
g4 2 32 g4 2 32 0.089414 0.129553 1
g4 2 43 g4 2 32 0.11574 0.104682 1
g4 2 40 g4 2 32 0.108721 0.189227 0
g4 2 44 g4 2 39 0.118785 0.150614 0
g4 2 31 g4 2 30 0.087318 0.0719758 1
g4 2 43 g4 2 39 0.117964 0.100572 1
g4 2 48 g4 2 39 0.126822 0.11545 1
g4 2 39 g4 2 40 0.105077 0.0739062 1
g4 2 43 g4 2 30 0.113753 0.099075 1
g5 2 41 g5 2 48 0.111607 0.0936454 1
g5 2 43 g5 2 42 0.114818 0.0802734 1
g5 2 42 g5 2 50 0.114412 0.110121 1
g5 2 40 g5 2 50 0.10805 0.126498 1
g5 2 34 g5 2 48 0.095481 0.167191 1
g5 2 40 g5 2 48 0.109482 0.10047 1
g5 2 39 g4 2 32 0.105941 0.19223 1
g5 2 44 g5 2 48 0.118583 0.179595 1
g5 2 38 g5 2 49 0.106778 0.208098 0
g5 2 31 g5 2 30 0.086604 0.119656 1
g5 2 33 g5 2 33 0.092122 0.123368 1
g5 2 39 g5 2 33 0.105789 0.114927 1
g5 2 32 g5 2 40 0.090291 0.147538 1
g5 2 34 g4 2 29 0.09441 0.192093 0
g5 2 41 g5 2 49 0.11189 0.168088 1
g5 2 37 g5 2 33 0.101136 0.206707 0
g5 2 36 g5 2 49 0.098847 0.176142 0
g5 2 33 g5 2 33 0.093485 0.183825 1
g5 2 36 g5 2 49 0.099653 0.169152 0
g5 2 36 g4 2 29 0.099254 0.176426 1
g5 2 37 g5 2 49 0.101402 0.142442 1
g5 2 36 g4 2 29 0.098807 0.174111 1
g5 2 37 g4 2 29 0.101217 0.209175 0
g5 2 36 g5 2 48 0.098907 0.172507 1
g5 2 39 g5 2 48 0.106524 0.13397 1
g5 2 39 g5 2 52 0.106126 0.154602 1
g5 2 37 g4 2 29 0.101424 0.149926 1
g5 2 37 g5 2 52 0.101398 0.168346 1
g5 2 38 g5 2 49 0.103133 0.216505 0
g5 2 38 g5 2 48 0.10355 0.163797 1
g5 2 36 g4 2 32 0.099038 0.192569 0
g5 2 37 g5 2 48 0.101581 0.131962 1
g5 2 35 g5 2 47 0.097168 0.142198 1
g5 2 37 g5 2 48 0.102221 0.14226 1
g5 2 37 g5 2 47 0.102068 0.144625 1
g5 2 41 g5 2 47 0.111083 0.101672 1
g5 2 53 g5 2 49 0.138212 0.12125 1
g5 2 38 g5 2 47 0.104554 0.0936596 1
g5 2 45 g5 2 50 0.119122 0.0808529 1
g5 2 45 g5 2 47 0.120981 0.120769 1
g5 2 48 g5 2 57 0.127917 0.133671 1
g5 2 45 g5 2 57 0.121005 0.0969753 1
g5 2 45 g5 2 52 0.121069 0.102699 1
g5 2 48 g5 2 49 0.128248 0.0952967 1
g5 2 45 g5 2 50 0.120685 0.0759647 1
g6 2 38 g6 2 36 0.102315 0.0832649 1
g6 2 37 g6 2 36 0.100314 0.0919877 1
g6 2 40 g6 2 32 0.105746 0.104036 1
g6 2 39 g6 2 32 0.104331 0.177701 0
g6 2 33 g6 2 36 0.091703 0.0739164 1
g6 2 32 g6 2 38 0.088935 0.121687 1
g6 2 35 g6 2 36 0.095781 0.0944504 1
g6 2 36 g6 2 36 0.098448 0.131658 1
g6 2 34 g6 2 36 0.093226 0.102656 1
g6 2 30 g6 2 36 0.083186 0.105279 1
g6 2 37 g6 2 35 0.100249 0.14888 0
g6 2 40 g6 2 57 0.107217 0.0781961 1
g6 2 39 g6 2 39 0.104555 0.0718683 1
g6 2 29 g6 2 36 0.080831 0.12352 1
g6 2 34 g6 2 39 0.093724 0.164024 1
g6 2 39 g6 2 37 0.104681 0.0867312 1
g6 2 33 g6 2 36 0.09197 0.0986273 1
g6 2 41 g6 2 37 0.109361 0.0893568 1
g6 2 34 g6 2 36 0.094026 0.0844872 1
g6 2 33 g6 2 36 0.091802 0.141988 1
g6 2 39 g6 2 36 0.104626 0.0943078 1
g6 2 54 g6 2 36 0.139455 0.153552 0
g6 2 36 g6 2 37 0.098266 0.100885 1
g6 2 32 g6 2 37 0.088305 0.123474 1
g6 2 34 g6 2 36 0.093413 0.119653 1
g6 2 33 g6 2 32 0.092278 0.235521 0
g6 2 42 g6 2 36 0.111485 0.113696 1
g6 2 33 g6 2 36 0.092147 0.0889257 1
g6 2 33 g6 2 36 0.092626 0.0953035 1
g6 2 27 g6 2 31 0.08579 0.105149 1
g6 2 30 g6 2 32 0.08314 0.0827278 1
g6 2 31 g6 2 32 0.085817 0.112569 1
g6 2 49 g6 2 45 0.12894 0.369142 0
g6 2 37 g1 2 27 0.100495 0.24954 0
g6 2 30 g6 2 31 0.083599 0.0481761 1
g6 2 31 g6 2 33 0.08551 0.0835578 1
g6 2 33 g6 2 33 0.092518 0.0749726 1
g6 2 31 g6 2 33 0.086081 0.0741513 1
g6 2 35 g6 2 34 0.09627 0.0786984 1
g6 2 37 g6 2 35 0.100665 0.0650936 1
g6 2 35 g6 2 42 0.095964 0.094644 1
g7 1 35 g7 1 42 0.09798 0.274072 0
g7 1 32 g7 1 40 0.089592 0.213871 0
g7 1 35 g7 1 37 0.096372 0.314541 0
g7 1 36 g7 1 50 0.10662 0.156651 1
g7 1 38 g7 1 32 0.103354 0.283299 0
g7 1 39 g7 1 50 0.106765 0.199292 0
g7 1 32 g7 1 39 0.096222 0.269915 0
g7 1 33 g7 1 34 0.0949 0.128595 1
g7 1 25 g7 1 29 0.072787 0.23025 0
g7 1 30 g3 1 38 0.089399 0.404612 0
g7 1 32 g7 1 31 0.092649 0.224395 0
g7 1 34 g7 1 32 0.09543 0.163102 1
g7 1 34 g7 1 37 0.093634 0.212897 0
g7 1 32 g7 1 27 0.08761 0.175722 0
g7 1 27 g7 1 27 0.076716 0.223942 0
g7 1 31 g7 1 29 0.086007 0.174304 0
g7 1 31 g7 1 26 0.085686 0.169538 0
g7 1 28 g7 1 30 0.079137 0.216126 0
g7 1 29 g7 1 27 0.081218 0.234621 0
g7 1 29 g7 1 26 0.082669 0.163887 0
g7 1 29 g7 1 30 0.082844 0.201632 0
g7 1 25 g7 1 25 0.07409 0.0634586 1
g7 1 37 g1 2 15 0.100532 0.530052 0
g7 1 33 g7 1 33 0.090391 0.236254 0
g7 1 43 g7 1 26 0.114212 0.325197 0
g7 1 35 g7 1 46 0.095661 0.348845 0
g7 1 32 g2 2 21 0.088812 0.420181 0
g7 1 36 g7 1 35 0.098112 0.16725 0
g7 1 33 g1 2 15 0.093447 0.551134 0
g7 1 34 g7 1 36 0.092557 0.358404 0
g7 1 34 g7 1 34 0.094031 0.230783 0
g7 1 42 g7 1 45 0.112081 0.299935 0
g7 1 37 g7 1 41 0.101539 0.295442 0
g7 1 38 g7 1 33 0.104064 0.215944 0
g7 1 44 g7 1 31 0.11643 0.208828 0
g7 1 66 g7 1 41 0.161019 0.282145 0
g7 1 32 g7 1 37 0.089367 0.24747 0
g7 1 33 g7 1 48 0.092475 0.259356 0
g7 1 37 g7 1 41 0.102386 0.258088 0
g7 1 38 g7 1 37 0.105593 0.234551 0
g7 1 43 g7 1 39 0.115716 0.261738 0
g7 1 46 g7 1 43 0.12487 0.186543 0
g7 1 30 g7 1 31 0.083727 0.263501 0
g7 1 48 g7 1 38 0.127965 0.179544 0
g7 1 19 g7 1 34 0.060263 0.362941 0
g7 1 33 g7 1 49 0.093973 0.362298 0
g7 1 34 g7 1 32 0.096291 0.154278 0
g7 1 34 g7 1 29 0.095551 0.281279 0
g7 1 35 g7 1 29 0.096955 0.218815 0
g7 1 47 g7 1 39 0.124787 0.239458 0
g7 1 31 g7 1 27 0.086273 0.320248 0
g7 1 31 g7 1 31 0.08751 0.258225 0
g7 1 40 g7 1 43 0.109032 0.168175 1
g7 1 59 g7 1 43 0.153926 0.298299 0
g7 1 54 g7 1 50 0.141196 0.245747 0
g7 1 52 g7 1 35 0.136093 0.381369 0
g7 1 51 g7 1 50 0.134331 0.22973 0
g7 1 33 g7 1 33 0.10451 0.226786 0
g7 1 49 g7 1 46 0.139374 0.164696 0
g7 1 41 g7 1 45 0.109771 0.208928 0
g7 1 45 g7 1 46 0.11833 0.158187 0
g7 1 43 g7 1 43 0.114685 0.191376 0
g7 1 45 g7 1 46 0.120589 0.173496 0
