g1 2 24 g6 2 32 0.073827 0.17794 1
g1 2 23 g6 2 34 0.071265 0.194198 1
g1 2 27 g6 2 25 0.080574 0.15724 1
g1 2 42 g1 2 24 0.125611 0.123816 1
g1 2 33 g2 2 17 0.09569 0.187198 1
g1 2 29 g1 2 25 0.084917 0.155603 1
g1 2 31 g1 2 28 0.090399 0.130341 1
g1 2 20 g1 2 27 0.065269 0.114622 1
g1 2 24 g1 2 33 0.073606 0.163865 1
g1 2 28 g1 2 25 0.082354 0.160339 1
g1 2 21 g1 2 31 0.067282 0.14073 1
g1 2 26 g1 2 22 0.077871 0.114373 1
g1 2 25 g1 2 25 0.075964 0.0740661 1
g1 2 25 g1 2 25 0.07568 0.125881 1
g1 2 28 g1 2 25 0.082439 0.0868187 1
g1 2 54 g6 2 38 0.140954 0.204369 1
g1 2 26 g1 2 22 0.078533 0.0972668 1
g1 2 37 g6 2 36 0.104591 0.215971 1
g1 2 20 g6 2 31 0.06506 0.134031 1
g1 2 24 g6 2 34 0.074675 0.199984 1
g1 2 21 g6 2 32 0.067481 0.150999 1
g1 2 28 g6 2 30 0.082571 0.173621 1
g1 2 22 g2 2 17 0.070092 0.193526 1
g1 2 24 g1 2 19 0.073673 0.0891945 1
g1 2 23 g1 2 20 0.071401 0.0969903 1
g1 2 32 g1 2 29 0.092269 0.134032 1
g1 2 30 g1 2 26 0.087457 0.148789 1
g1 2 39 g1 2 26 0.108821 0.259161 1
g1 2 29 g1 2 24 0.084655 0.203512 1
g1 2 29 g1 2 37 0.084667 0.106583 1
g1 2 23 g1 2 25 0.07134 0.0915781 1
g1 2 23 g1 2 24 0.07179 0.174426 1
g1 2 19 g1 2 26 0.063365 0.085179 1
g1 2 28 g1 2 28 0.082521 0.210505 1
g1 2 23 g1 2 29 0.07169 0.236403 1
g1 2 24 g1 2 24 0.073621 0.164906 1
g1 2 30 g1 2 24 0.086923 0.170312 1
g1 2 24 g1 2 26 0.073489 0.146705 1
g1 2 22 g1 2 23 0.069224 0.160308 1
g1 2 23 g1 2 24 0.071584 0.136293 1
g1 2 26 g1 2 26 0.078024 0.157024 1
g1 2 28 g1 2 28 0.082587 0.208836 1
g1 2 23 g1 2 25 0.071355 0.184867 1
g1 2 24 g1 2 24 0.073549 0.181988 1
g1 2 28 g1 2 24 0.082486 0.185135 1
g1 2 21 g1 2 28 0.06802 0.252151 1
g1 2 26 g6 2 36 0.07788 0.200933 1
g1 2 28 g6 2 34 0.08246 0.212761 1
g1 2 22 g6 2 37 0.069796 0.187049 1
g1 2 27 g6 2 34 0.080295 0.136433 1
g1 2 37 g2 2 17 0.105482 0.214004 1
g1 2 25 g6 2 25 0.076205 0.166234 1
g1 2 33 g2 2 17 0.096089 0.175786 1
g1 2 22 g1 2 18 0.069557 0.0772465 1
g1 2 20 g1 2 18 0.065503 0.0702443 1
g1 2 16 g1 2 17 0.057206 0.0958116 1
g1 2 16 g1 2 16 0.057246 0.0742667 1
g1 2 17 g1 2 17 0.058825 0.0748685 1
g1 2 17 g1 2 17 0.059097 0.0620692 1
g1 2 19 g1 2 18 0.063157 0.0683333 1
g1 2 16 g1 2 17 0.05685 0.105744 1
g2 2 15 g2 2 14 0.055011 0.102187 1
g2 2 15 g2 2 14 0.054682 0.10185 1
g2 2 17 g2 2 17 0.05903 0.181372 1
g2 2 14 g2 2 14 0.052503 0.155059 1
g2 2 15 g2 2 14 0.054758 0.154887 1
g2 2 13 g2 2 17 0.05063 0.164817 1
g2 2 14 g2 2 14 0.053099 0.13909 1
g2 2 15 g2 2 14 0.055075 0.110691 1
g2 2 15 g2 2 14 0.054851 0.179236 1
g2 2 29 g2 2 26 0.085628 0.139318 1
g2 2 16 g2 2 14 0.057319 0.110161 1
g2 2 15 g2 2 14 0.055312 0.100015 1
g2 2 15 g2 2 14 0.055107 0.119707 1
g2 2 16 g2 2 14 0.057118 0.121027 1
g2 2 16 g2 2 14 0.056959 0.173813 1
g2 2 15 g2 2 14 0.055359 0.140784 1
g2 2 12 g2 2 17 0.048912 0.269356 1
g2 2 15 g2 2 14 0.054767 0.092682 1
g2 2 16 g2 2 14 0.057071 0.101305 1
g2 2 15 g2 2 14 0.054721 0.158697 1
g2 2 16 g2 2 14 0.057278 0.13721 1
g2 2 16 g2 2 14 0.056966 0.214676 1
g2 2 14 g2 2 14 0.053177 0.148629 1
g2 2 17 g2 2 14 0.058728 0.10577 1
g2 2 18 g2 2 17 0.060504 0.169768 1
g2 2 15 g2 2 14 0.054995 0.174605 1
g2 2 15 g2 2 17 0.05456 0.236373 1
g2 2 16 g2 2 14 0.057366 0.175869 1
g2 2 18 g2 2 14 0.060976 0.137793 1
g2 2 31 g2 2 28 0.090532 0.126317 1
g2 2 28 g2 2 27 0.082886 0.154631 1
g2 2 29 g2 2 26 0.085822 0.139835 1
g2 2 25 g2 2 26 0.076746 0.145608 1
g2 2 20 g2 2 21 0.06515 0.141188 1
g2 2 22 g2 2 21 0.069716 0.116212 1
g2 2 32 g2 2 29 0.095586 0.128335 1
g2 2 23 g2 2 21 0.071431 0.096611 1
g2 2 20 g2 2 21 0.06509 0.0919244 1
g2 2 19 g2 2 21 0.063132 0.0917693 1
g2 2 21 g2 2 21 0.065504 0.0850921 1
g2 2 20 g2 2 21 0.067563 0.0905802 1
g2 2 21 g2 2 21 0.067514 0.0696447 1
g2 2 19 g2 2 21 0.06493 0.111867 1
g2 2 22 g2 2 21 0.069632 0.0774176 1
g2 2 22 g2 2 21 0.069912 0.0948557 1
g2 2 25 g2 2 23 0.075505 0.152061 1
g2 2 17 g2 2 24 0.058843 0.137865 1
g2 2 22 g2 2 21 0.069704 0.0837894 1
g2 2 42 g2 2 28 0.117834 0.160804 1
g2 2 22 g2 2 22 0.070041 0.0964792 1
g2 2 27 g2 2 23 0.082177 0.0798759 1
g2 2 27 g1 2 31 0.080555 0.219936 1
g2 2 21 g2 2 21 0.067725 0.115142 1
g2 2 19 g2 2 21 0.064456 0.0974426 1
g2 2 24 g1 2 33 0.073918 0.127458 1
g2 2 22 g2 2 21 0.069504 0.112631 1
g2 2 26 g1 2 27 0.077217 0.202682 1
g2 2 24 g2 2 28 0.074046 0.128112 1
g2 2 21 g2 2 29 0.067459 0.125182 1
g2 2 29 g2 2 28 0.085081 0.116633 1
g2 2 19 g2 2 21 0.063991 0.102651 1
g2 2 21 g1 2 33 0.067518 0.312074 1
g2 2 30 g2 2 25 0.087215 0.164235 1
g2 2 16 g2 2 14 0.056731 0.14913 1
g2 2 14 g2 2 14 0.055375 0.130177 1
g2 2 15 g2 2 14 0.055161 0.0820335 1
g3 1 36 g3 1 46 0.105192 0.333223 1
g3 1 35 g3 1 43 0.101426 0.221946 1
g3 1 49 g3 1 42 0.134634 0.30178 1
g3 1 52 g3 1 37 0.142582 0.246502 1
g3 1 55 g1 2 30 0.14583 0.418822 1
g3 1 49 g3 1 37 0.136171 0.259881 1
g3 1 47 g3 1 42 0.129364 0.382952 1
g3 1 47 g3 1 41 0.131416 0.282962 1
g3 1 44 g3 1 45 0.123324 0.289696 1
g3 1 43 g3 1 46 0.122786 0.297558 1
g3 1 44 g3 1 57 0.123189 0.28128 1
g3 1 47 g3 1 46 0.129203 0.232351 1
g3 1 46 g3 1 43 0.126907 0.247889 1
g3 1 47 g3 1 64 0.130429 0.222787 1
g3 1 44 g3 1 47 0.123441 0.51036 0
g3 1 44 g3 1 40 0.122652 0.258832 1
g3 1 41 g3 1 42 0.116144 0.209816 1
g3 1 56 g1 2 26 0.15555 0.386249 1
g3 1 48 g3 1 41 0.131904 0.251072 1
g3 1 48 g3 1 42 0.133454 0.221803 1
g3 1 50 g3 1 47 0.138012 0.226277 1
g3 1 48 g3 1 57 0.133849 0.221905 1
g3 1 46 g3 1 41 0.127897 0.25135 1
g3 1 43 g3 1 37 0.121914 0.253234 1
g3 1 47 g3 1 42 0.131303 0.316508 1
g3 1 44 g3 1 38 0.122214 0.28715 1
g3 1 50 g3 1 53 0.138532 0.32382 1
g3 1 66 g3 1 42 0.175696 0.284562 1
g3 1 58 g1 2 35 0.158572 0.4447 1
g3 1 50 g3 1 39 0.136217 0.201403 1
g3 1 57 g3 1 60 0.154567 0.228523 1
g3 1 53 g3 1 41 0.144777 0.280706 1
g3 1 49 g3 1 40 0.13568 0.220627 1
g3 1 51 g3 1 42 0.140852 0.247319 1
g3 1 52 g3 1 47 0.140735 0.263802 1
g3 1 50 g3 1 59 0.136991 0.273868 1
g3 1 51 g3 1 32 0.141125 0.32566 1
g3 1 59 g3 1 69 0.156887 0.265699 1
g3 1 61 g3 1 69 0.16194 0.260838 1
g3 1 46 g3 1 43 0.128026 0.385294 0
g3 1 28 g3 1 47 0.096973 0.823248 0
g3 1 49 g3 1 44 0.136246 0.300426 1
g3 1 42 g3 1 40 0.119416 0.212795 1
g3 1 40 g3 1 41 0.112273 0.20749 1
g3 1 42 g3 1 42 0.115693 0.230677 1
g3 1 44 g3 1 47 0.121 0.308949 1
g3 1 39 g3 1 38 0.109424 0.342217 1
g3 1 43 g3 1 42 0.121104 0.173902 1
g3 1 40 g3 1 37 0.113887 0.222896 1
g3 1 39 g3 1 47 0.111625 0.313576 1
g3 1 43 g3 1 47 0.120039 0.257709 1
g4 2 37 g4 2 31 0.105144 0.214003 1
g4 2 37 g4 2 42 0.10474 0.0776266 1
g4 2 44 g4 2 45 0.122233 0.166957 1
g4 2 44 g4 2 42 0.122154 0.168567 1
g4 2 41 g4 2 46 0.115366 0.126684 1
g4 2 42 g4 2 51 0.117473 0.146778 1
g4 2 50 g3 1 44 0.139239 0.269455 1
g4 2 42 g4 2 42 0.117613 0.171182 1
g4 2 49 g4 2 48 0.134743 0.160702 1
g4 2 47 g4 2 49 0.130193 0.169863 1
g4 2 46 g4 2 46 0.127236 0.137917 1
g4 2 48 g4 2 51 0.132227 0.118121 1
g4 2 52 g4 2 51 0.142715 0.0872918 1
g4 2 45 g4 2 31 0.124537 0.128089 1
g4 2 30 g4 2 43 0.086881 0.145188 1
g4 2 31 g4 2 30 0.089869 0.0783236 1
g4 2 30 g4 2 29 0.086861 0.0842569 1
g4 2 33 g4 2 34 0.096084 0.155891 1
g4 2 31 g4 2 33 0.089961 0.107021 1
g4 2 34 g4 2 34 0.098142 0.120714 1
g4 2 35 g4 2 40 0.100419 0.0921291 1
g4 2 36 g4 2 32 0.102876 0.107127 1
g4 2 40 g4 2 48 0.112579 0.157677 1
g4 2 30 g4 2 32 0.086927 0.11523 1
g4 2 37 g4 2 35 0.1055 0.0999789 1
g4 2 37 g4 2 37 0.105338 0.0565179 1
g4 2 41 g4 2 36 0.114688 0.0927801 1
g4 2 41 g4 2 43 0.115601 0.114147 1
g4 2 46 g4 2 32 0.126892 0.101447 1
g4 2 46 g4 2 34 0.126679 0.113267 1
g4 2 31 g4 2 37 0.089238 0.0959691 1
g4 2 31 g4 2 33 0.089542 0.104216 1
g4 2 33 g4 2 34 0.096828 0.089046 1
g4 2 34 g4 2 34 0.098485 0.140114 1
g4 2 45 g4 2 34 0.124519 0.10591 1
g4 2 42 g4 2 34 0.117801 0.195535 1
g4 2 46 g4 2 41 0.127107 0.155241 1
g4 2 33 g4 2 32 0.096303 0.0741323 1
g4 2 45 g4 2 41 0.12485 0.101616 1
g4 2 50 g4 2 41 0.136989 0.114166 1
g4 2 41 g4 2 42 0.115279 0.0754929 1
g4 2 45 g4 2 32 0.124484 0.102621 1
g5 2 43 g5 2 48 0.1211 0.0971744 1
g5 2 45 g5 2 44 0.124876 0.0816019 1
g5 2 44 g5 2 52 0.123971 0.109662 1
g5 2 42 g5 2 52 0.118432 0.124991 1
g5 2 36 g5 2 50 0.103855 0.17394 1
g5 2 42 g5 2 50 0.118832 0.10384 1
g5 2 41 g4 2 34 0.115896 0.196252 1
g5 2 46 g5 2 50 0.127919 0.189313 1
g5 2 40 g5 2 51 0.113141 0.211937 1
g5 2 33 g5 2 32 0.097437 0.123541 1
g5 2 35 g5 2 35 0.101104 0.127559 1
g5 2 41 g5 2 35 0.11567 0.116069 1
g5 2 34 g5 2 33 0.098943 0.167177 1
g5 2 36 g4 2 31 0.103865 0.194451 1
g5 2 43 g5 2 51 0.12045 0.16659 1
g5 2 39 g5 2 52 0.110312 0.223702 1
g5 2 38 g5 2 51 0.108688 0.17723 1
g5 2 35 g5 2 35 0.100884 0.193171 1
g5 2 38 g5 2 51 0.109095 0.171682 1
g5 2 38 g4 2 31 0.108446 0.179745 1
g5 2 39 g5 2 51 0.111118 0.145158 1
g5 2 38 g4 2 31 0.108017 0.182144 1
g5 2 39 g4 2 36 0.111166 0.223905 1
g5 2 38 g5 2 50 0.108372 0.172716 1
g5 2 41 g5 2 50 0.115882 0.134535 1
g5 2 41 g5 2 54 0.115744 0.156904 1
g5 2 39 g4 2 31 0.111186 0.154788 1
g5 2 39 g5 2 54 0.110853 0.169673 1
g5 2 40 g5 2 51 0.112789 0.220685 1
g5 2 40 g5 2 51 0.112989 0.173265 1
g5 2 38 g4 2 31 0.108421 0.184001 1
g5 2 39 g5 2 50 0.111634 0.134244 1
g5 2 37 g5 2 45 0.106461 0.133308 1
g5 2 39 g5 2 50 0.11196 0.152698 1
g5 2 39 g5 2 49 0.110869 0.14648 1
g5 2 43 g5 2 49 0.120319 0.105347 1
g5 2 55 g5 2 51 0.150937 0.123206 1
g5 2 40 g5 2 49 0.11395 0.0955829 1
g5 2 47 g5 2 52 0.129835 0.083783 1
g5 2 47 g5 2 49 0.131814 0.126546 1
g5 2 50 g5 2 59 0.138692 0.137976 1
g5 2 47 g5 2 55 0.131556 0.0960784 1
g5 2 47 g5 2 54 0.131809 0.106638 1
g5 2 50 g5 2 51 0.137935 0.100387 1
g5 2 47 g5 2 48 0.13144 0.0650965 1
g6 2 40 g6 2 38 0.11214 0.083175 1
g6 2 39 g6 2 38 0.109698 0.0953195 1
g6 2 42 g6 2 38 0.116175 0.0928561 1
g6 2 41 g6 2 34 0.114207 0.186681 1
g6 2 35 g6 2 38 0.100493 0.0746636 1
g6 2 34 g6 2 34 0.097925 0.133747 1
g6 2 37 g6 2 38 0.104897 0.0972487 1
g6 2 38 g6 2 38 0.106992 0.13291 1
g6 2 36 g6 2 38 0.102296 0.106651 1
g6 2 32 g6 2 38 0.092617 0.106965 1
g6 2 39 g6 2 37 0.109975 0.158648 1
g6 2 42 g6 2 59 0.116577 0.0806673 1
g6 2 41 g6 2 41 0.115108 0.0722909 1
g6 2 31 g6 2 38 0.089793 0.121881 1
g6 2 36 g6 2 41 0.102998 0.165956 1
g6 2 41 g6 2 39 0.114827 0.0874991 1
g6 2 35 g6 2 38 0.100315 0.0999042 1
g6 2 43 g6 2 39 0.118965 0.0893298 1
g6 2 36 g6 2 38 0.102018 0.0858735 1
g6 2 35 g6 2 38 0.100916 0.143103 1
g6 2 41 g6 2 38 0.114619 0.0953615 1
g6 2 56 g6 2 38 0.151537 0.112614 1
g6 2 38 g6 2 39 0.107571 0.102929 1
g6 2 34 g6 2 39 0.097937 0.12231 1
g6 2 36 g6 2 38 0.102644 0.120256 1
g6 2 35 g6 2 44 0.100366 0.250265 1
g6 2 44 g6 2 38 0.121571 0.115719 1
g6 2 35 g6 2 38 0.10099 0.0915789 1
g6 2 35 g6 2 38 0.100326 0.0938618 1
g6 2 29 g6 2 33 0.084778 0.102225 1
g6 2 32 g6 2 34 0.092314 0.0872025 1
g6 2 33 g6 2 34 0.095661 0.119237 1
g6 2 51 g6 2 49 0.13911 0.354557 1
g6 2 39 g1 2 25 0.110027 0.256252 1
g6 2 32 g6 2 33 0.092168 0.0489091 1
g6 2 33 g6 2 35 0.095452 0.0869931 1
g6 2 35 g6 2 35 0.099787 0.0761341 1
g6 2 33 g6 2 35 0.095509 0.0791336 1
g6 2 37 g6 2 36 0.104393 0.0803105 1
g6 2 39 g6 2 37 0.109626 0.0712027 1
g6 2 37 g6 2 44 0.105228 0.0961247 1
g7 1 37 g7 1 44 0.107845 0.284241 1
g7 1 34 g7 1 42 0.098354 0.224965 1
g7 1 37 g7 1 39 0.105597 0.323346 1
g7 1 38 g7 1 52 0.108949 0.162606 1
g7 1 40 g7 1 34 0.11274 0.290341 1
g7 1 41 g7 1 41 0.116768 0.267993 1
g7 1 34 g7 1 46 0.098821 0.307843 1
g7 1 35 g7 1 36 0.103291 0.13242 1
g7 1 27 g7 1 31 0.080544 0.229789 1
g7 1 32 g3 1 40 0.094638 0.432231 0
g7 1 34 g7 1 33 0.099509 0.228633 1
g7 1 36 g7 1 34 0.103998 0.171633 1
g7 1 36 g7 1 39 0.102714 0.221973 1
g7 1 34 g7 1 29 0.096438 0.191086 1
g7 1 29 g7 1 29 0.084323 0.22992 1
g7 1 33 g7 1 31 0.09648 0.183853 1
g7 1 33 g7 1 28 0.095916 0.179065 1
g7 1 30 g7 1 32 0.086783 0.223571 1
g7 1 31 g7 1 29 0.089247 0.24925 1
g7 1 31 g7 1 28 0.091811 0.164834 1
g7 1 31 g7 1 32 0.090833 0.209471 1
g7 1 27 g7 1 27 0.082465 0.0629575 1
g7 1 39 g1 2 17 0.11016 0.578516 0
g7 1 35 g7 1 35 0.099307 0.240379 1
g7 1 45 g7 1 28 0.124442 0.33521 1
g7 1 37 g7 1 48 0.10449 0.365188 1
g7 1 34 g2 2 23 0.09802 0.458612 0
g7 1 38 g7 1 37 0.107117 0.169295 1
g7 1 35 g1 2 17 0.102294 0.602471 0
g7 1 36 g7 1 38 0.101448 0.375783 1
g7 1 36 g7 1 36 0.102909 0.21929 1
g7 1 44 g7 1 47 0.122112 0.305902 1
g7 1 39 g7 1 43 0.111825 0.305301 1
g7 1 40 g7 1 35 0.113559 0.224363 1
g7 1 46 g7 1 33 0.126932 0.209283 1
g7 1 68 g7 1 43 0.17342 0.286404 1
g7 1 34 g7 1 51 0.098295 0.34738 1
g7 1 35 g7 1 46 0.101745 0.270879 1
g7 1 39 g7 1 50 0.111641 0.307819 1
g7 1 40 g7 1 39 0.113281 0.23487 1
g7 1 45 g7 1 41 0.125891 0.28276 1
g7 1 48 g7 1 45 0.134842 0.196207 1
g7 1 32 g7 1 34 0.092668 0.314379 1
g7 1 50 g7 1 40 0.138757 0.185094 1
g7 1 21 g7 1 36 0.067736 0.36312 1
g7 1 35 g7 1 51 0.101973 0.377438 1
g7 1 36 g7 1 34 0.104923 0.159756 1
g7 1 36 g7 1 31 0.104502 0.279676 1
g7 1 37 g7 1 31 0.106063 0.22345 1
g7 1 49 g7 1 41 0.13519 0.244665 1
g7 1 33 g7 1 29 0.096938 0.332379 1
g7 1 33 g7 1 33 0.096928 0.272874 1
g7 1 42 g7 1 45 0.118199 0.170913 1
g7 1 61 g7 1 45 0.165823 0.305385 1
g7 1 56 g7 1 52 0.152686 0.246406 1
g7 1 54 g7 1 37 0.147521 0.398754 1
g7 1 53 g7 1 52 0.145516 0.231176 1
g7 1 35 g7 1 35 0.114618 0.242307 1
g7 1 51 g7 1 48 0.140175 0.167855 1
g7 1 43 g7 1 47 0.119115 0.222068 1
g7 1 47 g7 1 48 0.129034 0.168317 1
g7 1 45 g7 1 45 0.124736 0.191058 1
g7 1 47 g7 1 48 0.130961 0.173907 1
