g1 2 24 g6 2 32 0.073781 0.17794 0
g1 2 23 g6 2 34 0.072346 0.194198 0
g1 2 27 g6 2 25 0.080374 0.15724 0
g1 2 42 g1 2 24 0.12502 0.123816 0
g1 2 33 g2 2 17 0.09582 0.187198 0
g1 2 29 g1 2 25 0.084713 0.155603 0
g1 2 31 g1 2 28 0.090104 0.130341 0
g1 2 20 g1 2 27 0.06504 0.114622 1
g1 2 24 g1 2 33 0.073612 0.163865 0
g1 2 28 g1 2 25 0.082446 0.160339 0
g1 2 21 g1 2 31 0.067293 0.14073 1
g1 2 26 g1 2 22 0.077925 0.114373 1
g1 2 25 g1 2 25 0.075809 0.0740661 1
g1 2 25 g1 2 25 0.075835 0.125881 0
g1 2 28 g1 2 25 0.082524 0.0868187 1
g1 2 54 g6 2 38 0.137244 0.204369 0
g1 2 26 g1 2 22 0.077989 0.0972668 1
g1 2 37 g6 2 36 0.107423 0.215971 0
g1 2 20 g6 2 31 0.06574 0.134031 1
g1 2 24 g6 2 34 0.07384 0.199984 0
g1 2 21 g6 2 32 0.067718 0.150999 0
g1 2 28 g6 2 30 0.082437 0.173621 0
g1 2 22 g2 2 17 0.069421 0.193526 0
g1 2 24 g1 2 19 0.076945 0.0891945 1
g1 2 23 g1 2 20 0.071244 0.0969903 1
g1 2 32 g1 2 29 0.092541 0.134032 0
g1 2 30 g1 2 26 0.086762 0.148789 0
g1 2 39 g1 2 26 0.108806 0.259161 0
g1 2 29 g1 2 24 0.084753 0.203512 0
g1 2 29 g1 2 37 0.08489 0.106583 0
g1 2 23 g1 2 25 0.071494 0.0915781 1
g1 2 23 g1 2 24 0.07202 0.174426 0
g1 2 19 g1 2 26 0.06319 0.085179 1
g1 2 28 g1 2 28 0.083021 0.210505 0
g1 2 23 g1 2 29 0.071604 0.236403 0
g1 2 24 g1 2 24 0.074104 0.164906 0
g1 2 30 g1 2 24 0.086838 0.170312 0
g1 2 24 g1 2 26 0.073276 0.146705 0
g1 2 22 g1 2 23 0.069777 0.160308 0
g1 2 23 g1 2 24 0.071718 0.136293 0
g1 2 26 g1 2 26 0.078219 0.157024 0
g1 2 28 g1 2 28 0.082395 0.208836 0
g1 2 23 g1 2 25 0.071782 0.184867 0
g1 2 24 g1 2 24 0.073629 0.181988 0
g1 2 28 g1 2 24 0.082704 0.185135 0
g1 2 21 g1 2 28 0.06745 0.252151 0
g1 2 26 g6 2 36 0.078052 0.200933 0
g1 2 28 g6 2 34 0.0822 0.212761 0
g1 2 22 g6 2 37 0.069379 0.187049 0
g1 2 27 g6 2 34 0.080342 0.136433 1
g1 2 37 g2 2 17 0.105383 0.214004 0
g1 2 25 g6 2 25 0.076203 0.166234 0
g1 2 33 g2 2 17 0.095034 0.175786 0
g1 2 22 g1 2 18 0.069048 0.0772465 1
g1 2 20 g1 2 18 0.064981 0.0702443 1
g1 2 16 g1 2 17 0.056906 0.0958116 1
g1 2 16 g1 2 16 0.05685 0.0742667 1
g1 2 17 g1 2 17 0.058966 0.0748685 1
g1 2 17 g1 2 17 0.059842 0.0620692 1
g1 2 19 g1 2 18 0.068167 0.0683333 1
g1 2 16 g1 2 17 0.05742 0.105744 1
g2 2 15 g2 2 14 0.055039 0.102187 1
g2 2 15 g2 2 14 0.055705 0.10185 1
g2 2 17 g2 2 17 0.059436 0.181372 0
g2 2 14 g2 2 14 0.053243 0.155059 0
g2 2 15 g2 2 14 0.055853 0.154887 0
g2 2 13 g2 2 17 0.050834 0.164817 0
g2 2 14 g2 2 14 0.052922 0.13909 0
g2 2 15 g2 2 14 0.054751 0.110691 1
g2 2 15 g2 2 14 0.055061 0.179236 0
g2 2 29 g2 2 26 0.08538 0.139318 0
g2 2 16 g2 2 14 0.056843 0.110161 1
g2 2 15 g2 2 14 0.054775 0.100015 1
g2 2 15 g2 2 14 0.054738 0.119707 0
g2 2 16 g2 2 14 0.057295 0.121027 1
g2 2 16 g2 2 14 0.057379 0.173813 0
g2 2 15 g2 2 14 0.055034 0.140784 0
g2 2 12 g2 2 17 0.048557 0.269356 0
g2 2 15 g2 2 14 0.055043 0.092682 1
g2 2 16 g2 2 14 0.057003 0.101305 1
g2 2 15 g2 2 14 0.054955 0.158697 0
g2 2 16 g2 2 14 0.057123 0.13721 1
g2 2 16 g2 2 14 0.057024 0.214676 0
g2 2 14 g2 2 14 0.05278 0.148629 0
g2 2 17 g2 2 14 0.059186 0.10577 1
g2 2 18 g2 2 17 0.061083 0.169768 0
g2 2 15 g2 2 14 0.054907 0.174605 0
g2 2 15 g2 2 17 0.055174 0.236373 0
g2 2 16 g2 2 14 0.056807 0.175869 0
g2 2 18 g2 2 14 0.060831 0.137793 0
g2 2 31 g2 2 28 0.090514 0.126317 0
g2 2 28 g2 2 27 0.08327 0.154631 0
g2 2 29 g2 2 26 0.085711 0.139835 1
g2 2 25 g2 2 26 0.076488 0.145608 0
g2 2 20 g2 2 21 0.065205 0.141188 0
g2 2 22 g2 2 21 0.069616 0.116212 1
g2 2 32 g2 2 29 0.094778 0.128335 0
g2 2 23 g2 2 21 0.077692 0.096611 1
g2 2 20 g2 2 21 0.072254 0.0919244 1
g2 2 19 g2 2 21 0.079091 0.0917693 1
g2 2 21 g2 2 21 0.103053 0.0850921 1
g2 2 20 g2 2 21 0.086638 0.0905802 1
g2 2 21 g2 2 21 0.081348 0.0696447 1
g2 2 19 g2 2 21 0.078658 0.111867 1
g2 2 22 g2 2 21 0.086564 0.0774176 1
g2 2 22 g2 2 21 0.073115 0.0948557 1
g2 2 25 g2 2 23 0.078716 0.152061 0
g2 2 17 g2 2 24 0.060408 0.137865 1
g2 2 22 g2 2 21 0.078616 0.0837894 1
g2 2 42 g2 2 28 0.121672 0.160804 0
g2 2 22 g2 2 22 0.070896 0.0964792 1
g2 2 27 g2 2 23 0.081805 0.0798759 1
g2 2 27 g1 2 31 0.08044 0.219936 0
g2 2 21 g2 2 21 0.068044 0.115142 1
g2 2 19 g2 2 21 0.0659 0.0974426 1
g2 2 24 g1 2 33 0.075346 0.127458 0
g2 2 22 g2 2 21 0.070702 0.112631 1
g2 2 26 g1 2 27 0.079728 0.202682 0
g2 2 24 g2 2 28 0.074319 0.128112 0
g2 2 21 g2 2 29 0.067436 0.125182 1
g2 2 29 g2 2 28 0.087466 0.116633 0
g2 2 19 g2 2 21 0.064173 0.102651 1
g2 2 21 g1 2 33 0.067847 0.312074 0
g2 2 30 g2 2 25 0.088173 0.164235 0
g2 2 16 g2 2 14 0.059264 0.14913 0
g2 2 14 g2 2 14 0.053098 0.130177 1
g2 2 15 g2 2 14 0.055325 0.0820335 1
g3 1 36 g3 1 46 0.108021 0.333223 0
g3 1 35 g3 1 43 0.103752 0.221946 0
g3 1 49 g3 1 42 0.13472 0.30178 0
g3 1 52 g3 1 37 0.143669 0.246502 0
g3 1 55 g1 2 30 0.147554 0.418822 0
g3 1 49 g3 1 37 0.136057 0.259881 0
g3 1 47 g3 1 42 0.130534 0.382952 0
g3 1 47 g3 1 41 0.132532 0.282962 0
g3 1 44 g3 1 45 0.124733 0.289696 0
g3 1 43 g3 1 46 0.122587 0.297558 0
g3 1 44 g3 1 57 0.123943 0.28128 0
g3 1 47 g3 1 46 0.129576 0.232351 0
g3 1 46 g3 1 43 0.127794 0.247889 0
g3 1 47 g3 1 64 0.131042 0.222787 0
g3 1 44 g3 1 47 0.124088 0.51036 0
g3 1 44 g3 1 40 0.123667 0.258832 0
g3 1 41 g3 1 42 0.117361 0.209816 0
g3 1 56 g1 2 26 0.155842 0.386249 0
g3 1 48 g3 1 41 0.132708 0.251072 0
g3 1 48 g3 1 42 0.13381 0.221803 0
g3 1 50 g3 1 47 0.16582 0.226277 0
g3 1 48 g3 1 57 0.141959 0.221905 0
g3 1 46 g3 1 41 0.132138 0.25135 0
g3 1 43 g3 1 37 0.13052 0.253234 0
g3 1 47 g3 1 42 0.133219 0.316508 0
g3 1 44 g3 1 38 0.122745 0.28715 0
g3 1 50 g3 1 53 0.139082 0.32382 0
g3 1 66 g3 1 42 0.177785 0.284562 0
g3 1 58 g1 2 35 0.160137 0.4447 0
g3 1 50 g3 1 39 0.137052 0.201403 0
g3 1 57 g3 1 60 0.154838 0.228523 0
g3 1 53 g3 1 41 0.147621 0.280706 0
g3 1 49 g3 1 40 0.135213 0.220627 0
g3 1 51 g3 1 42 0.140748 0.247319 0
g3 1 52 g3 1 47 0.140956 0.263802 0
g3 1 50 g3 1 59 0.137204 0.273868 0
g3 1 51 g3 1 32 0.1416 0.32566 0
g3 1 59 g3 1 69 0.157737 0.265699 0
g3 1 61 g3 1 69 0.162215 0.260838 0
g3 1 46 g3 1 43 0.128498 0.385294 0
g3 1 28 g3 1 47 0.097062 0.823248 0
g3 1 49 g3 1 44 0.136174 0.300426 0
g3 1 42 g3 1 40 0.120443 0.212795 0
g3 1 40 g3 1 41 0.112427 0.20749 0
g3 1 42 g3 1 42 0.117101 0.230677 0
g3 1 44 g3 1 47 0.121201 0.308949 0
g3 1 39 g3 1 38 0.110994 0.342217 0
g3 1 43 g3 1 42 0.121792 0.173902 0
g3 1 40 g3 1 37 0.114674 0.222896 0
g3 1 39 g3 1 47 0.11201 0.313576 0
g3 1 43 g3 1 47 0.119749 0.257709 0
g4 2 37 g4 2 31 0.105216 0.214003 0
g4 2 37 g4 2 42 0.107313 0.0776266 1
g4 2 44 g4 2 45 0.12292 0.166957 0
g4 2 44 g4 2 42 0.122425 0.168567 0
g4 2 41 g4 2 46 0.116545 0.126684 1
g4 2 42 g4 2 51 0.117661 0.146778 0
g4 2 50 g3 1 44 0.138453 0.269455 0
g4 2 42 g4 2 42 0.117426 0.171182 0
g4 2 49 g4 2 48 0.135674 0.160702 0
g4 2 47 g4 2 49 0.152935 0.169863 0
g4 2 46 g4 2 46 0.128129 0.137917 0
g4 2 48 g4 2 51 0.133003 0.118121 0
g4 2 52 g4 2 51 0.142911 0.0872918 1
g4 2 45 g4 2 31 0.124603 0.128089 1
g4 2 30 g4 2 43 0.086871 0.145188 0
g4 2 31 g4 2 30 0.090259 0.0783236 1
g4 2 30 g4 2 29 0.087034 0.0842569 1
g4 2 33 g4 2 34 0.096111 0.155891 0
g4 2 31 g4 2 33 0.090436 0.107021 1
g4 2 34 g4 2 34 0.098537 0.120714 1
g4 2 35 g4 2 40 0.100844 0.0921291 1
g4 2 36 g4 2 32 0.10297 0.107127 1
g4 2 40 g4 2 48 0.11215 0.157677 0
g4 2 30 g4 2 32 0.087129 0.11523 1
g4 2 37 g4 2 35 0.105592 0.0999789 1
g4 2 37 g4 2 37 0.105531 0.0565179 1
g4 2 41 g4 2 36 0.115163 0.0927801 1
g4 2 41 g4 2 43 0.11479 0.114147 1
g4 2 46 g4 2 32 0.127346 0.101447 1
g4 2 46 g4 2 34 0.127134 0.113267 1
g4 2 31 g4 2 37 0.090013 0.0959691 1
g4 2 31 g4 2 33 0.08979 0.104216 1
g4 2 33 g4 2 34 0.096946 0.089046 1
g4 2 34 g4 2 34 0.098141 0.140114 0
g4 2 45 g4 2 34 0.124639 0.10591 1
g4 2 42 g4 2 34 0.117228 0.195535 0
g4 2 46 g4 2 41 0.127541 0.155241 0
g4 2 33 g4 2 32 0.096278 0.0741323 1
g4 2 45 g4 2 41 0.124824 0.101616 1
g4 2 50 g4 2 41 0.137888 0.114166 1
g4 2 41 g4 2 42 0.114966 0.0754929 1
g4 2 45 g4 2 32 0.124767 0.102621 1
g5 2 43 g5 2 48 0.120923 0.0971744 1
g5 2 45 g5 2 44 0.12584 0.0816019 1
g5 2 44 g5 2 52 0.124124 0.109662 1
g5 2 42 g5 2 52 0.118368 0.124991 1
g5 2 36 g5 2 50 0.104834 0.17394 0
g5 2 42 g5 2 50 0.119312 0.10384 1
g5 2 41 g4 2 34 0.116349 0.196252 0
g5 2 46 g5 2 50 0.128796 0.189313 0
g5 2 40 g5 2 51 0.11416 0.211937 0
g5 2 33 g5 2 32 0.096969 0.123541 1
g5 2 35 g5 2 35 0.101246 0.127559 1
g5 2 41 g5 2 35 0.116203 0.116069 1
g5 2 34 g5 2 33 0.099621 0.167177 0
g5 2 36 g4 2 31 0.10357 0.194451 0
g5 2 43 g5 2 51 0.128172 0.16659 0
g5 2 39 g5 2 52 0.113613 0.223702 0
g5 2 38 g5 2 51 0.110024 0.17723 0
g5 2 35 g5 2 35 0.101415 0.193171 0
g5 2 38 g5 2 51 0.108683 0.171682 0
g5 2 38 g4 2 31 0.116825 0.179745 0
g5 2 39 g5 2 51 0.111469 0.145158 0
g5 2 38 g4 2 31 0.108079 0.182144 0
g5 2 39 g4 2 36 0.111346 0.223905 0
g5 2 38 g5 2 50 0.108319 0.172716 0
g5 2 41 g5 2 50 0.118147 0.134535 0
g5 2 41 g5 2 54 0.119074 0.156904 0
g5 2 39 g4 2 31 0.112573 0.154788 0
g5 2 39 g5 2 54 0.110872 0.169673 0
g5 2 40 g5 2 51 0.113082 0.220685 0
g5 2 40 g5 2 51 0.11447 0.173265 0
g5 2 38 g4 2 31 0.109127 0.184001 0
g5 2 39 g5 2 50 0.112616 0.134244 0
g5 2 37 g5 2 45 0.108806 0.133308 0
g5 2 39 g5 2 50 0.114303 0.152698 0
g5 2 39 g5 2 49 0.111885 0.14648 0
g5 2 43 g5 2 49 0.121166 0.105347 1
g5 2 55 g5 2 51 0.15472 0.123206 1
g5 2 40 g5 2 49 0.114251 0.0955829 1
g5 2 47 g5 2 52 0.130895 0.083783 1
g5 2 47 g5 2 49 0.134432 0.126546 0
g5 2 50 g5 2 59 0.141509 0.137976 0
g5 2 47 g5 2 55 0.133673 0.0960784 1
g5 2 47 g5 2 54 0.132516 0.106638 1
g5 2 50 g5 2 51 0.141556 0.100387 1
g5 2 47 g5 2 48 0.131706 0.0650965 1
g6 2 40 g6 2 38 0.112366 0.083175 1
g6 2 39 g6 2 38 0.110063 0.0953195 1
g6 2 42 g6 2 38 0.115636 0.0928561 1
g6 2 41 g6 2 34 0.114426 0.186681 0
g6 2 35 g6 2 38 0.101411 0.0746636 1
g6 2 34 g6 2 34 0.098754 0.133747 1
g6 2 37 g6 2 38 0.104961 0.0972487 1
g6 2 38 g6 2 38 0.107081 0.13291 0
g6 2 36 g6 2 38 0.103216 0.106651 1
g6 2 32 g6 2 38 0.097875 0.106965 1
g6 2 39 g6 2 37 0.114008 0.158648 0
g6 2 42 g6 2 59 0.122177 0.0806673 1
g6 2 41 g6 2 41 0.117409 0.0722909 1
g6 2 31 g6 2 38 0.091339 0.121881 1
g6 2 36 g6 2 41 0.104602 0.165956 0
g6 2 41 g6 2 39 0.114768 0.0874991 1
g6 2 35 g6 2 38 0.100301 0.0999042 1
g6 2 43 g6 2 39 0.11997 0.0893298 1
g6 2 36 g6 2 38 0.102786 0.0858735 1
g6 2 35 g6 2 38 0.100474 0.143103 0
g6 2 41 g6 2 38 0.115377 0.0953615 1
g6 2 56 g6 2 38 0.152656 0.112614 1
g6 2 38 g6 2 39 0.108612 0.102929 1
g6 2 34 g6 2 39 0.098073 0.12231 1
g6 2 36 g6 2 38 0.10285 0.120256 1
g6 2 35 g6 2 44 0.10138 0.250265 0
g6 2 44 g6 2 38 0.121672 0.115719 0
g6 2 35 g6 2 38 0.100769 0.0915789 1
g6 2 35 g6 2 38 0.100744 0.0938618 1
g6 2 29 g6 2 33 0.085604 0.102225 1
g6 2 32 g6 2 34 0.092697 0.0872025 1
g6 2 33 g6 2 34 0.09631 0.119237 1
g6 2 51 g6 2 49 0.139514 0.354557 0
g6 2 39 g1 2 25 0.109908 0.256252 0
g6 2 32 g6 2 33 0.096118 0.0489091 1
g6 2 33 g6 2 35 0.095858 0.0869931 1
g6 2 35 g6 2 35 0.100489 0.0761341 1
g6 2 33 g6 2 35 0.096914 0.0791336 1
g6 2 37 g6 2 36 0.104694 0.0803105 1
g6 2 39 g6 2 37 0.110062 0.0712027 1
g6 2 37 g6 2 44 0.105182 0.0961247 1
g7 1 37 g7 1 44 0.107374 0.284241 0
g7 1 34 g7 1 42 0.098456 0.224965 0
g7 1 37 g7 1 39 0.105505 0.323346 0
g7 1 38 g7 1 52 0.10874 0.162606 0
g7 1 40 g7 1 34 0.112601 0.290341 0
g7 1 41 g7 1 41 0.117453 0.267993 0
g7 1 34 g7 1 46 0.098597 0.307843 0
g7 1 35 g7 1 36 0.103433 0.13242 0
g7 1 27 g7 1 31 0.080845 0.229789 0
g7 1 32 g3 1 40 0.094928 0.432231 0
g7 1 34 g7 1 33 0.09956 0.228633 0
g7 1 36 g7 1 34 0.104436 0.171633 0
g7 1 36 g7 1 39 0.102732 0.221973 0
g7 1 34 g7 1 29 0.097003 0.191086 0
g7 1 29 g7 1 29 0.084686 0.22992 0
g7 1 33 g7 1 31 0.096033 0.183853 0
g7 1 33 g7 1 28 0.097496 0.179065 0
g7 1 30 g7 1 32 0.086862 0.223571 0
g7 1 31 g7 1 29 0.08938 0.24925 0
g7 1 31 g7 1 28 0.091588 0.164834 0
g7 1 31 g7 1 32 0.091134 0.209471 0
g7 1 27 g7 1 27 0.082723 0.0629575 1
g7 1 39 g1 2 17 0.110599 0.578516 0
g7 1 35 g7 1 35 0.101098 0.240379 0
g7 1 45 g7 1 28 0.125134 0.33521 0
g7 1 37 g7 1 48 0.104397 0.365188 0
g7 1 34 g2 2 23 0.097986 0.458612 0
g7 1 38 g7 1 37 0.107808 0.169295 0
g7 1 35 g1 2 17 0.101909 0.602471 0
g7 1 36 g7 1 38 0.1021 0.375783 0
g7 1 36 g7 1 36 0.102516 0.21929 0
g7 1 44 g7 1 47 0.12216 0.305902 0
g7 1 39 g7 1 43 0.111109 0.305301 0
g7 1 40 g7 1 35 0.113493 0.224363 0
g7 1 46 g7 1 33 0.126663 0.209283 0
g7 1 68 g7 1 43 0.177831 0.286404 0
g7 1 34 g7 1 51 0.098629 0.34738 0
g7 1 35 g7 1 46 0.101595 0.270879 0
g7 1 39 g7 1 50 0.113152 0.307819 0
g7 1 40 g7 1 39 0.11343 0.23487 0
g7 1 45 g7 1 41 0.125274 0.28276 0
g7 1 48 g7 1 45 0.134999 0.196207 0
g7 1 32 g7 1 34 0.093161 0.314379 0
g7 1 50 g7 1 40 0.140022 0.185094 0
g7 1 21 g7 1 36 0.068061 0.36312 0
g7 1 35 g7 1 51 0.103109 0.377438 0
g7 1 36 g7 1 34 0.105943 0.159756 0
g7 1 36 g7 1 31 0.105018 0.279676 0
g7 1 37 g7 1 31 0.105458 0.22345 0
g7 1 49 g7 1 41 0.135623 0.244665 0
g7 1 33 g7 1 29 0.095995 0.332379 0
g7 1 33 g7 1 33 0.099553 0.272874 0
g7 1 42 g7 1 45 0.119377 0.170913 0
g7 1 61 g7 1 45 0.166147 0.305385 0
g7 1 56 g7 1 52 0.152664 0.246406 0
g7 1 54 g7 1 37 0.148926 0.398754 0
g7 1 53 g7 1 52 0.145801 0.231176 0
g7 1 35 g7 1 35 0.114745 0.242307 0
g7 1 51 g7 1 48 0.14314 0.167855 0
g7 1 43 g7 1 47 0.119872 0.222068 0
g7 1 47 g7 1 48 0.129959 0.168317 0
g7 1 45 g7 1 45 0.124829 0.191058 0
g7 1 47 g7 1 48 0.13276 0.173907 0
