g1 2 46 g6 2 78 0.229611 0.151288 1
g1 2 44 g6 2 66 0.224179 0.178759 0
g1 2 52 g6 2 50 0.255511 0.133322 1
g1 2 102 g1 2 45 0.469731 0.128455 1
g1 2 63 g2 2 32 0.302608 0.180064 1
g1 2 56 g1 2 48 0.272319 0.143843 1
g1 2 60 g1 2 54 0.291948 0.120497 1
g1 2 37 g1 2 52 0.193525 0.0984114 1
g1 2 46 g1 2 42 0.230367 0.124173 1
g1 2 54 g1 2 48 0.262793 0.15383 1
g1 2 39 g1 2 42 0.201458 0.119368 1
g1 2 50 g1 2 42 0.246558 0.0973216 1
g1 2 48 g1 2 48 0.239313 0.0664936 1
g1 2 47 g1 2 46 0.234278 0.0739914 1
g1 2 53 g1 2 48 0.258625 0.0760608 1
g1 2 111 g6 2 73 0.51148 0.200285 0
g1 2 49 g1 2 42 0.243316 0.0890284 1
g1 2 71 g6 2 70 0.334514 0.199234 0
g1 2 37 g6 2 60 0.193186 0.121699 1
g1 2 46 g6 2 66 0.230287 0.186203 0
g1 2 39 g6 2 51 0.201543 0.130479 1
g1 2 54 g6 2 57 0.262819 0.161004 1
g1 2 42 g2 2 32 0.213634 0.181831 1
g1 2 45 g1 2 38 0.22542 0.0752116 1
g1 2 43 g1 2 38 0.217065 0.076984 1
g1 2 61 g1 2 56 0.294511 0.126833 1
g1 2 58 g1 2 49 0.280876 0.139635 1
g1 2 75 g1 2 49 0.353425 0.246473 0
g1 2 55 g1 2 45 0.268426 0.194773 0
g1 2 56 g1 2 71 0.271119 0.100638 1
g1 2 43 g1 2 48 0.217395 0.0796961 1
g1 2 44 g1 2 45 0.222045 0.162744 0
g1 2 35 g1 2 50 0.185264 0.0640508 1
g1 2 53 g1 2 54 0.258519 0.197304 0
g1 2 43 g1 2 56 0.217367 0.225174 0
g1 2 46 g1 2 45 0.229595 0.149752 1
g1 2 57 g1 2 45 0.276377 0.158249 1
g1 2 46 g1 2 45 0.229378 0.153167 1
g1 2 41 g1 2 43 0.209798 0.154717 1
g1 2 43 g1 2 45 0.217115 0.120064 1
g1 2 49 g1 2 50 0.244543 0.147739 1
g1 2 53 g1 2 54 0.258439 0.204874 0
g1 2 44 g1 2 47 0.221702 0.16863 0
g1 2 46 g1 2 45 0.230196 0.172158 0
g1 2 53 g1 2 45 0.259904 0.161457 1
g1 2 40 g1 2 54 0.206588 0.234592 0
g1 2 50 g6 2 70 0.246018 0.185241 0
g1 2 53 g6 2 65 0.258569 0.195168 0
g1 2 41 g6 2 72 0.209782 0.170864 1
g1 2 52 g6 2 66 0.255374 0.126153 1
g1 2 72 g2 2 32 0.341192 0.2079 0
g1 2 48 g6 2 50 0.238639 0.147781 1
g1 2 64 g2 2 32 0.30818 0.161413 1
g1 2 42 g1 2 34 0.213463 0.0657474 1
g1 2 38 g1 2 34 0.196826 0.0576905 1
g1 2 29 g1 2 32 0.157189 0.0730474 1
g1 2 29 g1 2 29 0.15735 0.0591479 1
g1 2 31 g1 2 32 0.165831 0.0594514 1
g1 2 31 g1 2 31 0.166451 0.0512402 1
g1 2 36 g1 2 34 0.188809 0.0559701 1
g1 2 29 g1 2 29 0.157287 0.0584143 1
g2 2 28 g2 2 26 0.153187 0.0811795 1
g2 2 28 g2 2 26 0.152947 0.0851334 1
g2 2 31 g2 2 32 0.165585 0.152475 1
g2 2 26 g2 2 26 0.144925 0.15096 1
g2 2 27 g2 2 26 0.149645 0.134783 1
g2 2 23 g2 2 32 0.131737 0.14479 1
g2 2 26 g2 2 26 0.14447 0.128871 1
g2 2 27 g2 2 26 0.149367 0.0936361 1
g2 2 28 g2 2 26 0.153254 0.156916 1
g2 2 55 g2 2 50 0.268222 0.125751 0
g2 2 29 g2 2 26 0.157963 0.0853091 1
g2 2 28 g2 2 26 0.153041 0.083249 1
g2 2 28 g2 2 26 0.153173 0.105967 1
g2 2 29 g2 2 26 0.157244 0.106472 1
g2 2 30 g2 2 26 0.161043 0.165983 0
g2 2 27 g2 2 26 0.151764 0.128473 1
g2 2 21 g2 2 32 0.126911 0.237987 0
g2 2 27 g2 2 26 0.153402 0.0734326 1
g2 2 29 g2 2 26 0.157101 0.0851217 1
g2 2 27 g2 2 26 0.149206 0.132623 0
g2 2 30 g2 2 26 0.160621 0.125164 1
g2 2 30 g2 2 26 0.160895 0.203044 0
g2 2 26 g2 2 26 0.144767 0.144111 1
g2 2 31 g2 2 26 0.166013 0.0810045 1
g2 2 33 g2 2 32 0.178334 0.158366 0
g2 2 28 g2 2 26 0.153103 0.150752 1
g2 2 27 g2 2 32 0.148478 0.215898 0
g2 2 30 g2 2 26 0.160829 0.152333 1
g2 2 34 g2 2 26 0.181764 0.12261 1
g2 2 59 g2 2 53 0.285486 0.11708 1
g2 2 54 g2 2 45 0.263689 0.128014 1
g2 2 55 g2 2 50 0.268712 0.115755 1
g2 2 48 g1 2 43 0.239272 0.2597 0
g2 2 38 g2 2 42 0.19772 0.0980483 1
g2 2 42 g2 2 39 0.213089 0.102194 1
g2 2 64 g2 2 53 0.306524 0.107352 1
g2 2 43 g2 2 45 0.217828 0.08175 1
g2 2 37 g2 2 44 0.193697 0.0787427 1
g2 2 36 g2 2 39 0.189167 0.0732876 1
g2 2 39 g2 2 44 0.200963 0.0676211 1
g2 2 39 g2 2 39 0.201282 0.0572556 1
g2 2 41 g2 2 39 0.209979 0.058204 1
g2 2 39 g2 2 39 0.201985 0.0958255 1
g2 2 41 g2 2 39 0.210042 0.068372 1
g2 2 42 g2 2 44 0.213402 0.069749 1
g2 2 47 g2 2 44 0.234407 0.129113 1
g2 2 31 g2 2 41 0.16557 0.117848 1
g2 2 42 g2 2 39 0.213713 0.0603325 1
g2 2 84 g2 2 53 0.395873 0.158532 0
g2 2 41 g2 2 42 0.209845 0.0792109 1
g2 2 52 g2 2 44 0.255835 0.0678666 1
g2 2 52 g1 2 59 0.255234 0.214053 0
g2 2 40 g2 2 39 0.205194 0.100108 1
g2 2 37 g2 2 44 0.193321 0.0734798 1
g2 2 45 g1 2 64 0.225518 0.11533 1
g2 2 41 g2 2 44 0.211061 0.0894534 1
g2 2 49 g1 2 52 0.242591 0.192203 0
g2 2 46 g2 2 53 0.230913 0.113762 1
g2 2 40 g2 2 56 0.205215 0.109518 1
g2 2 56 g2 2 53 0.271691 0.108558 1
g2 2 35 g2 2 39 0.1857 0.0854126 1
g2 2 40 g1 2 57 0.205726 0.290744 0
g2 2 58 g2 2 48 0.280632 0.157088 0
g2 2 29 g2 2 26 0.157069 0.130603 1
g2 2 26 g2 2 26 0.145214 0.124375 1
g2 2 28 g2 2 26 0.153798 0.0648008 1
g3 1 71 g3 1 117 0.336723 0.324802 0
g3 1 68 g3 1 84 0.324466 0.195019 0
g3 1 95 g3 1 81 0.442935 0.297211 0
g3 1 102 g3 1 73 0.47168 0.238231 0
g3 1 107 g1 2 57 0.497886 0.435192 0
g3 1 96 g3 1 73 0.448452 0.256784 0
g3 1 91 g3 1 72 0.424555 0.283782 0
g3 1 93 g3 1 82 0.435408 0.278986 0
g3 1 86 g3 1 87 0.402553 0.278766 0
g3 1 87 g3 1 92 0.406481 0.286671 0
g3 1 88 g3 1 106 0.410769 0.25416 0
g3 1 92 g3 1 81 0.429847 0.213043 0
g3 1 92 g3 1 86 0.43096 0.243595 0
g3 1 92 g3 1 127 0.432311 0.215488 0
g3 1 90 g3 1 78 0.418861 0.48263 0
g3 1 86 g3 1 74 0.406482 0.250771 0
g3 1 80 g3 1 81 0.378313 0.197855 0
g3 1 113 g1 2 49 0.523848 0.365256 0
g3 1 95 g3 1 120 0.443514 0.277623 0
g3 1 95 g3 1 85 0.443791 0.214674 0
g3 1 99 g3 1 91 0.461095 0.21966 0
g3 1 93 g3 1 114 0.435798 0.216507 0
g3 1 92 g3 1 82 0.429954 0.243911 0
g3 1 85 g3 1 73 0.39906 0.253357 0
g3 1 91 g3 1 81 0.424515 0.303233 0
g3 1 88 g3 1 77 0.409616 0.279025 0
g3 1 99 g3 1 112 0.458663 0.301411 0
g3 1 132 g3 1 84 0.60707 0.282255 0
g3 1 114 g1 2 67 0.527589 0.433656 0
g3 1 97 g3 1 80 0.451983 0.194454 0
g3 1 111 g3 1 120 0.51482 0.219352 0
g3 1 104 g3 1 82 0.48216 0.272961 0
g3 1 97 g3 1 78 0.450913 0.214279 0
g3 1 100 g3 1 85 0.464267 0.238413 0
g3 1 101 g3 1 91 0.470359 0.246691 0
g3 1 98 g3 1 83 0.457356 0.266989 0
g3 1 102 g3 1 61 0.47416 0.319321 0
g3 1 115 g3 1 140 0.531503 0.259004 0
g3 1 120 g3 1 140 0.554047 0.257885 0
g3 1 92 g3 1 84 0.42803 0.376836 0
g3 1 76 g3 1 68 0.358383 0.838187 0
g3 1 97 g3 1 85 0.451517 0.281698 0
g3 1 85 g3 1 79 0.397829 0.211924 0
g3 1 77 g3 1 80 0.36279 0.193174 0
g3 1 81 g3 1 81 0.378942 0.214615 0
g3 1 86 g3 1 91 0.400164 0.293187 0
g3 1 77 g3 1 77 0.362183 0.329228 0
g3 1 85 g3 1 84 0.397865 0.171792 0
g3 1 79 g3 1 74 0.370986 0.219377 0
g3 1 78 g3 1 91 0.366913 0.301788 0
g3 1 84 g3 1 91 0.393372 0.249839 0
g4 2 71 g4 2 59 0.335284 0.197981 0
g4 2 71 g4 2 82 0.335337 0.0673577 1
g4 2 86 g4 2 87 0.400288 0.162387 1
g4 2 85 g4 2 82 0.396532 0.163094 1
g4 2 80 g4 2 90 0.375059 0.119479 1
g4 2 81 g4 2 99 0.37959 0.140361 1
g4 2 100 g3 1 89 0.462805 0.256963 0
g4 2 81 g4 2 82 0.380165 0.161404 1
g4 2 95 g4 2 94 0.443097 0.151724 1
g4 2 93 g4 2 95 0.43225 0.166845 1
g4 2 89 g4 2 90 0.41468 0.134421 0
g4 2 94 g4 2 99 0.437658 0.112284 1
g4 2 102 g4 2 101 0.471749 0.0792493 1
g4 2 89 g4 2 60 0.414941 0.120146 1
g4 2 57 g4 2 63 0.274749 0.127532 1
g4 2 60 g4 2 57 0.289066 0.0727951 1
g4 2 57 g4 2 55 0.276093 0.0765809 1
g4 2 63 g4 2 66 0.300654 0.145435 1
g4 2 59 g4 2 64 0.283969 0.103085 1
g4 2 65 g4 2 66 0.310524 0.109033 1
g4 2 67 g4 2 78 0.318801 0.0845207 1
g4 2 69 g4 2 78 0.326724 0.0992632 1
g4 2 77 g4 2 95 0.361652 0.150205 1
g4 2 57 g4 2 62 0.274784 0.105123 1
g4 2 72 g4 2 67 0.340766 0.0917946 1
g4 2 72 g4 2 72 0.339884 0.0487928 1
g4 2 80 g4 2 72 0.375616 0.096792 1
g4 2 79 g4 2 83 0.370015 0.110217 1
g4 2 92 g4 2 62 0.42734 0.0942064 1
g4 2 90 g4 2 66 0.417562 0.104487 1
g4 2 59 g4 2 72 0.283827 0.0842909 1
g4 2 59 g4 2 63 0.285524 0.0951817 1
g4 2 63 g4 2 66 0.301336 0.0775533 1
g4 2 66 g4 2 66 0.31445 0.130783 1
g4 2 87 g4 2 66 0.405559 0.0984169 1
g4 2 82 g4 2 66 0.383716 0.187906 0
g4 2 89 g4 2 79 0.416416 0.146783 1
g4 2 64 g4 2 62 0.30701 0.06811 1
g4 2 88 g4 2 79 0.409602 0.0983666 1
g4 2 100 g4 2 79 0.46292 0.107776 1
g4 2 80 g4 2 82 0.375014 0.0682101 1
g4 2 88 g4 2 62 0.409662 0.0951075 1
g5 2 84 g5 2 94 0.396284 0.0893276 1
g5 2 87 g5 2 85 0.406869 0.07674 1
g5 2 85 g5 2 101 0.399879 0.103887 1
g5 2 82 g5 2 101 0.38843 0.115029 1
g5 2 69 g5 2 98 0.329857 0.161708 1
g5 2 81 g5 2 98 0.383728 0.093637 1
g5 2 80 g4 2 65 0.376563 0.188495 1
g5 2 89 g5 2 98 0.417527 0.177104 1
g5 2 78 g5 2 100 0.368383 0.207057 0
g5 2 64 g5 2 62 0.307158 0.117363 1
g5 2 68 g5 2 68 0.324362 0.118527 1
g5 2 80 g5 2 68 0.377456 0.108617 1
g5 2 66 g5 2 82 0.315297 0.144767 1
g5 2 69 g4 2 60 0.327891 0.184893 1
g5 2 83 g5 2 100 0.389644 0.161194 1
g5 2 76 g5 2 68 0.358531 0.213484 0
g5 2 73 g5 2 100 0.34697 0.169533 1
g5 2 68 g5 2 68 0.324547 0.181235 1
g5 2 73 g5 2 100 0.346285 0.164479 1
g5 2 73 g4 2 59 0.345552 0.169954 1
g5 2 75 g5 2 99 0.355177 0.132889 1
g5 2 73 g4 2 59 0.345552 0.171729 1
g5 2 75 g4 2 70 0.354959 0.208315 0
g5 2 73 g5 2 98 0.347205 0.164008 1
g5 2 80 g5 2 98 0.37806 0.126467 1
g5 2 79 g5 2 106 0.372911 0.150373 1
g5 2 76 g4 2 59 0.359121 0.143915 1
g5 2 75 g5 2 106 0.354605 0.162088 1
g5 2 77 g5 2 100 0.363148 0.212821 0
g5 2 78 g5 2 88 0.367961 0.138219 1
g5 2 73 g4 2 65 0.34517 0.188444 0
g5 2 76 g5 2 98 0.360366 0.126548 1
g5 2 71 g5 2 88 0.337911 0.124091 1
g5 2 75 g5 2 98 0.361149 0.138346 1
g5 2 76 g5 2 98 0.359788 0.14134 1
g5 2 83 g5 2 96 0.389845 0.0967958 1
g5 2 110 g5 2 100 0.508444 0.117764 1
g5 2 77 g5 2 96 0.364812 0.0859853 1
g5 2 92 g5 2 101 0.428731 0.0756882 1
g5 2 92 g5 2 96 0.433423 0.121358 1
g5 2 98 g5 2 115 0.457747 0.128895 1
g5 2 92 g5 2 115 0.433955 0.0887364 1
g5 2 91 g5 2 105 0.427261 0.0983385 1
g5 2 98 g5 2 100 0.456973 0.0920366 1
g5 2 92 g5 2 98 0.431477 0.0726742 1
g6 2 78 g6 2 74 0.3644 0.0771508 1
g6 2 75 g6 2 74 0.352071 0.0886424 1
g6 2 81 g6 2 74 0.37822 0.0836842 1
g6 2 79 g6 2 65 0.370222 0.173104 0
g6 2 67 g6 2 74 0.317965 0.0672741 1
g6 2 66 g6 2 77 0.314288 0.118315 1
g6 2 71 g6 2 74 0.334563 0.0905255 1
g6 2 73 g6 2 74 0.343105 0.124846 1
g6 2 70 g6 2 74 0.330271 0.100239 1
g6 2 61 g6 2 74 0.292651 0.0983939 1
g6 2 76 g6 2 72 0.35764 0.148163 0
g6 2 82 g6 2 179 0.382737 0.0846958 1
g6 2 80 g6 2 79 0.374815 0.063838 1
g6 2 59 g6 2 74 0.284028 0.11493 1
g6 2 70 g6 2 79 0.331736 0.159495 1
g6 2 79 g6 2 75 0.370219 0.0817193 1
g6 2 67 g6 2 74 0.317929 0.091968 1
g6 2 84 g6 2 75 0.390868 0.0825079 1
g6 2 70 g6 2 74 0.330555 0.0787895 1
g6 2 68 g6 2 74 0.322618 0.138218 1
g6 2 80 g6 2 74 0.374817 0.0904658 1
g6 2 115 g6 2 74 0.52718 0.146904 0
g6 2 74 g6 2 75 0.347881 0.0920864 1
g6 2 66 g6 2 75 0.314245 0.116224 1
g6 2 70 g6 2 74 0.331103 0.116515 1
g6 2 68 g6 2 86 0.322196 0.238972 0
g6 2 86 g6 2 74 0.400171 0.111647 1
g6 2 68 g6 2 74 0.323031 0.0831092 1
g6 2 68 g6 2 74 0.321355 0.086832 1
g6 2 56 g6 2 64 0.271488 0.0933762 1
g6 2 61 g6 2 65 0.292839 0.0761368 1
g6 2 63 g6 2 65 0.301233 0.105658 1
g6 2 99 g6 2 94 0.458079 0.363476 0
g6 2 75 g1 2 48 0.353005 0.249605 0
g6 2 61 g6 2 62 0.293612 0.0327492 1
g6 2 63 g6 2 63 0.300992 0.0631679 1
g6 2 67 g6 2 63 0.317776 0.05762 1
g6 2 64 g6 2 67 0.305441 0.0627893 1
g6 2 71 g6 2 70 0.334743 0.0710151 1
g6 2 76 g6 2 72 0.358283 0.0616743 1
g6 2 71 g6 2 86 0.335372 0.0880207 1
g7 1 73 g7 1 87 0.34637 0.276653 0
g7 1 65 g7 1 83 0.31365 0.214454 0
g7 1 71 g7 1 67 0.336055 0.282719 0
g7 1 73 g7 1 102 0.346477 0.152302 1
g7 1 78 g7 1 66 0.36632 0.281868 0
g7 1 82 g7 1 79 0.385242 0.254095 0
g7 1 66 g7 1 90 0.315969 0.298982 0
g7 1 72 g7 1 73 0.341309 0.12482 1
g7 1 52 g7 1 60 0.255709 0.216389 0
g7 1 63 g3 1 83 0.302426 0.402751 0
g7 1 67 g7 1 65 0.318284 0.216339 0
g7 1 72 g7 1 66 0.340174 0.16338 1
g7 1 69 g7 1 76 0.326303 0.217292 0
g7 1 65 g7 1 56 0.309434 0.176963 0
g7 1 56 g7 1 55 0.270347 0.216631 0
g7 1 64 g7 1 60 0.306433 0.174255 0
g7 1 63 g7 1 55 0.301814 0.159184 0
g7 1 58 g7 1 62 0.280906 0.214683 0
g7 1 60 g7 1 89 0.288923 0.287003 0
g7 1 61 g7 1 54 0.292349 0.1594 0
g7 1 61 g7 1 62 0.292231 0.197077 0
g7 1 54 g7 1 51 0.264172 0.0359672 1
g7 1 75 g1 2 31 0.353415 0.531559 0
g7 1 68 g7 1 69 0.321813 0.227489 0
g7 1 88 g7 1 54 0.409514 0.322716 0
g7 1 72 g7 1 94 0.340595 0.355573 0
g7 1 67 g2 2 44 0.318748 0.433212 0
g7 1 74 g7 1 73 0.348189 0.162263 0
g7 1 70 g1 2 31 0.331415 0.556073 0
g7 1 70 g3 1 130 0.330378 0.527538 0
g7 1 72 g7 1 69 0.338874 0.213634 0
g7 1 85 g7 1 93 0.395983 0.297133 0
g7 1 77 g7 1 88 0.361151 0.299293 0
g7 1 79 g7 1 67 0.370003 0.217543 0
g7 1 90 g7 1 66 0.417799 0.204809 0
g7 1 136 g7 1 88 0.6257 0.278841 0
g7 1 66 g7 1 75 0.314764 0.243261 0
g7 1 67 g7 1 97 0.318173 0.255342 0
g7 1 78 g7 1 97 0.366997 0.302368 0
g7 1 78 g7 1 75 0.366141 0.2283 0
g7 1 88 g7 1 79 0.411118 0.267838 0
g7 1 97 g7 1 91 0.451038 0.194214 0
g7 1 62 g7 1 67 0.298345 0.300022 0
g7 1 101 g7 1 77 0.46876 0.175852 0
g7 1 39 g7 1 67 0.200667 0.363805 0
g7 1 70 g7 1 100 0.332398 0.366107 0
g7 1 72 g7 1 66 0.340559 0.154116 0
g7 1 71 g7 1 60 0.337062 0.27246 0
g7 1 72 g7 1 73 0.340172 0.167207 0
g7 1 96 g7 1 79 0.448606 0.237336 0
g7 1 63 g7 1 57 0.302384 0.30922 0
g7 1 66 g7 1 65 0.314319 0.258674 0
g7 1 84 g7 1 89 0.393636 0.162882 1
g7 1 119 g7 1 91 0.55112 0.298131 0
g7 1 110 g7 1 103 0.509509 0.245886 0
g7 1 105 g7 1 72 0.487049 0.384203 0
g7 1 104 g7 1 103 0.483721 0.223071 0
g7 1 91 g7 1 71 0.42252 0.238848 0
g7 1 99 g7 1 94 0.46039 0.159645 0
g7 1 83 g7 1 93 0.389631 0.211323 0
g7 1 92 g7 1 94 0.42932 0.157543 0
g7 1 88 g7 1 91 0.410406 0.186894 0
g7 1 93 g7 1 94 0.434145 0.166753 0
