g1 2 24 g6 2 32 0.073843 0.177839 1
g1 2 23 g6 2 34 0.071858 0.194286 1
g1 2 27 g6 2 25 0.080288 0.156739 1
g1 2 42 g1 2 24 0.12517 0.124555 1
g1 2 33 g2 2 17 0.09642 0.186512 1
g1 2 29 g1 2 25 0.084713 0.155493 1
g1 2 31 g1 2 28 0.089723 0.130339 1
g1 2 20 g1 2 27 0.065709 0.114469 1
g1 2 24 g1 2 33 0.073383 0.163801 1
g1 2 28 g1 2 25 0.082409 0.160279 1
g1 2 21 g1 2 22 0.068313 0.138157 1
g1 2 26 g1 2 22 0.078162 0.114392 1
g1 2 25 g1 2 25 0.076017 0.0740715 1
g1 2 25 g1 2 25 0.076428 0.125773 1
g1 2 28 g1 2 25 0.082919 0.0863041 1
g1 2 54 g6 2 38 0.139868 0.204242 1
g1 2 26 g1 2 22 0.078305 0.0966976 1
g1 2 37 g6 2 36 0.104901 0.215399 1
g1 2 20 g6 2 31 0.0652 0.133138 1
g1 2 24 g6 2 34 0.073635 0.19971 1
g1 2 21 g6 2 32 0.067614 0.148979 1
g1 2 28 g6 2 30 0.082686 0.172967 1
g1 2 22 g2 2 17 0.069834 0.191713 1
g1 2 24 g1 2 19 0.073274 0.0886496 1
g1 2 23 g1 2 20 0.072454 0.0959363 1
g1 2 32 g1 2 29 0.092672 0.134286 1
g1 2 30 g1 2 26 0.087613 0.147948 1
g1 2 39 g1 2 26 0.108985 0.258994 1
g1 2 29 g1 2 24 0.084833 0.203157 1
g1 2 29 g1 2 37 0.085015 0.106014 1
g1 2 23 g1 2 25 0.071639 0.0902134 1
g1 2 23 g1 2 24 0.071628 0.174544 1
g1 2 19 g1 2 26 0.063319 0.0834176 1
g1 2 28 g1 2 28 0.082099 0.210743 1
g1 2 23 g1 2 29 0.07156 0.235269 1
g1 2 24 g1 2 24 0.074111 0.163654 1
g1 2 30 g1 2 24 0.087347 0.169157 1
g1 2 24 g1 2 26 0.075728 0.146512 1
g1 2 22 g1 2 23 0.071401 0.159734 1
g1 2 23 g1 2 24 0.071169 0.134771 1
g1 2 26 g1 2 26 0.078383 0.155951 1
g1 2 28 g1 2 28 0.082407 0.190776 1
g1 2 23 g1 2 25 0.0718 0.184149 1
g1 2 24 g1 2 24 0.07407 0.182284 1
g1 2 28 g1 2 24 0.082471 0.184123 1
g1 2 21 g1 2 28 0.067583 0.251477 1
g1 2 26 g6 2 36 0.078184 0.200737 1
g1 2 28 g6 2 34 0.082644 0.212294 1
g1 2 22 g6 2 37 0.069799 0.185805 1
g1 2 27 g6 2 34 0.080187 0.13539 1
g1 2 37 g2 2 17 0.105616 0.213727 1
g1 2 25 g6 2 25 0.076275 0.165599 1
g1 2 33 g2 2 17 0.095056 0.175089 1
g1 2 22 g1 2 18 0.069451 0.0769956 1
g1 2 20 g1 2 18 0.064786 0.0699969 1
g1 2 16 g1 2 17 0.057146 0.0972281 1
g1 2 16 g1 2 16 0.056937 0.0740709 1
g1 2 17 g1 2 17 0.060019 0.0754636 1
g1 2 17 g1 2 17 0.059112 0.060393 1
g1 2 19 g1 2 18 0.062598 0.0681503 1
g1 2 16 g1 2 17 0.057476 0.103612 1
g2 2 15 g2 2 14 0.05509 0.102294 1
g2 2 15 g2 2 14 0.054883 0.102069 1
g2 2 17 g2 2 17 0.059346 0.180842 1
g2 2 14 g2 2 14 0.053307 0.155019 1
g2 2 15 g2 2 14 0.05573 0.154699 1
g2 2 13 g2 2 17 0.050611 0.163711 1
g2 2 14 g2 2 14 0.053117 0.138865 1
g2 2 15 g2 2 14 0.054849 0.109654 1
g2 2 15 g2 2 14 0.05523 0.179041 1
g2 2 29 g2 2 26 0.085474 0.13883 1
g2 2 16 g2 2 14 0.05727 0.109136 1
g2 2 15 g2 2 14 0.055067 0.0998811 1
g2 2 15 g2 2 14 0.054793 0.119302 1
g2 2 16 g2 2 14 0.057309 0.119978 1
g2 2 16 g2 2 14 0.057049 0.173492 1
g2 2 15 g2 2 14 0.054815 0.139512 1
g2 2 12 g2 2 17 0.048853 0.266786 1
g2 2 15 g2 2 14 0.054989 0.0909069 1
g2 2 16 g2 2 14 0.05675 0.0997465 1
g2 2 15 g2 2 14 0.05522 0.15704 1
g2 2 16 g2 2 14 0.057414 0.136554 1
g2 2 16 g2 2 14 0.057529 0.213739 1
g2 2 14 g2 2 14 0.052721 0.149036 1
g2 2 17 g2 2 14 0.059029 0.104702 1
g2 2 18 g2 2 17 0.06122 0.171124 1
g2 2 15 g2 2 14 0.05471 0.174244 1
g2 2 15 g2 2 17 0.054933 0.234601 1
g2 2 16 g2 2 14 0.057317 0.175422 1
g2 2 18 g2 2 14 0.061242 0.137632 1
g2 2 31 g2 2 28 0.090142 0.125996 1
g2 2 28 g2 2 27 0.083289 0.154531 1
g2 2 29 g2 2 26 0.085629 0.13868 1
g2 2 25 g2 2 26 0.076702 0.145046 1
g2 2 20 g2 2 21 0.065369 0.14081 1
g2 2 22 g2 2 21 0.069574 0.116275 1
g2 2 32 g2 2 29 0.096685 0.128344 1
g2 2 23 g2 2 24 0.072233 0.0911216 1
g2 2 20 g2 2 21 0.065496 0.0914759 1
g2 2 19 g2 2 21 0.063136 0.090553 1
g2 2 21 g2 2 23 0.065874 0.0802652 1
g2 2 20 g2 2 21 0.067117 0.0893105 1
g2 2 21 g2 2 21 0.067762 0.0697141 1
g2 2 19 g2 2 21 0.064531 0.111094 1
g2 2 22 g2 2 21 0.070019 0.0768108 1
g2 2 22 g2 2 21 0.069453 0.0935556 1
g2 2 25 g2 2 23 0.075773 0.151366 1
g2 2 17 g2 2 24 0.059309 0.136608 1
g2 2 22 g2 2 21 0.0696 0.0832263 1
g2 2 42 g2 2 28 0.118143 0.160527 1
g2 2 22 g2 2 22 0.070496 0.0972297 1
g2 2 27 g2 2 23 0.080361 0.0794278 1
g2 2 27 g1 2 31 0.081152 0.219084 1
g2 2 21 g2 2 21 0.067408 0.114951 1
g2 2 19 g2 2 21 0.064552 0.0968977 1
g2 2 24 g1 2 33 0.073528 0.126282 1
g2 2 22 g2 2 21 0.069507 0.112032 1
g2 2 26 g1 2 27 0.077601 0.201474 1
g2 2 24 g2 2 28 0.073738 0.127158 1
g2 2 21 g2 2 29 0.06749 0.124674 1
g2 2 29 g2 2 28 0.085009 0.115389 1
g2 2 19 g2 2 21 0.06348 0.102121 1
g2 2 21 g1 2 33 0.067747 0.311734 1
g2 2 30 g2 2 25 0.08712 0.163577 1
g2 2 16 g2 2 14 0.058073 0.148281 1
g2 2 14 g2 2 14 0.053417 0.130207 1
g2 2 15 g2 2 14 0.05476 0.0822884 1
g3 1 36 g3 1 46 0.105043 0.332445 1
g3 1 35 g3 1 43 0.101962 0.221407 1
g3 1 49 g3 1 42 0.134285 0.300641 1
g3 1 52 g3 1 37 0.142639 0.246244 1
g3 1 55 g1 2 30 0.14565 0.418895 1
g3 1 49 g3 1 37 0.135583 0.259543 1
g3 1 47 g3 1 42 0.129769 0.382585 1
g3 1 47 g3 1 41 0.13098 0.282248 1
g3 1 44 g3 1 45 0.123172 0.289176 1
g3 1 43 g3 1 46 0.122458 0.297155 1
g3 1 44 g3 1 57 0.123276 0.280456 1
g3 1 47 g3 1 46 0.129023 0.231488 1
g3 1 46 g3 1 43 0.127235 0.244426 1
g3 1 47 g3 1 64 0.130166 0.222005 1
g3 1 44 g3 1 47 0.124056 0.509912 0
g3 1 44 g3 1 40 0.122634 0.258925 1
g3 1 41 g3 1 42 0.116428 0.20938 1
g3 1 56 g1 2 26 0.155307 0.384839 1
g3 1 48 g3 1 41 0.131575 0.250921 1
g3 1 48 g3 1 42 0.133475 0.221797 1
g3 1 50 g3 1 47 0.138056 0.226461 1
g3 1 48 g3 1 57 0.133747 0.223474 1
g3 1 46 g3 1 41 0.12857 0.251364 1
g3 1 43 g3 1 37 0.121953 0.252658 1
g3 1 47 g3 1 42 0.130924 0.316269 1
g3 1 44 g3 1 38 0.122263 0.286164 1
g3 1 50 g3 1 53 0.138545 0.323461 1
g3 1 66 g3 1 42 0.175582 0.284546 1
g3 1 58 g1 2 35 0.158127 0.443586 1
g3 1 50 g3 1 39 0.136623 0.201097 1
g3 1 57 g3 1 60 0.154393 0.227756 1
g3 1 53 g3 1 41 0.144871 0.280176 1
g3 1 49 g3 1 40 0.134831 0.220275 1
g3 1 51 g3 1 42 0.140164 0.246952 1
g3 1 52 g3 1 47 0.140925 0.262663 1
g3 1 50 g3 1 59 0.136797 0.273023 1
g3 1 51 g3 1 32 0.141033 0.325366 1
g3 1 59 g3 1 69 0.158269 0.265281 1
g3 1 61 g3 1 69 0.162467 0.26054 1
g3 1 46 g3 1 43 0.12802 0.385156 1
g3 1 28 g3 1 47 0.097244 0.823018 0
g3 1 49 g3 1 44 0.135885 0.299366 1
g3 1 42 g3 1 40 0.118857 0.212053 1
g3 1 40 g3 1 41 0.112038 0.207229 1
g3 1 42 g3 1 42 0.116219 0.229532 1
g3 1 44 g3 1 47 0.121284 0.308689 1
g3 1 39 g3 1 38 0.109981 0.342506 1
g3 1 43 g3 1 42 0.121184 0.173607 1
g3 1 40 g3 1 37 0.114011 0.222603 1
g3 1 39 g3 1 47 0.112074 0.313106 1
g3 1 43 g3 1 47 0.120106 0.257062 1
g4 2 37 g4 2 31 0.105219 0.213731 1
g4 2 37 g4 2 42 0.105234 0.0770925 1
g4 2 44 g4 2 45 0.122468 0.166975 1
g4 2 44 g4 2 42 0.122923 0.168401 1
g4 2 41 g4 2 46 0.115585 0.126542 1
g4 2 42 g4 2 51 0.117559 0.146691 1
g4 2 50 g3 1 44 0.138125 0.268622 1
g4 2 42 g4 2 42 0.11749 0.170647 1
g4 2 49 g4 2 48 0.134887 0.16048 1
g4 2 47 g4 2 49 0.130288 0.169922 1
g4 2 46 g4 2 46 0.127301 0.137594 1
g4 2 48 g4 2 51 0.13397 0.117739 1
g4 2 52 g4 2 51 0.142299 0.0872674 1
g4 2 45 g4 2 31 0.124942 0.127746 1
g4 2 30 g4 2 43 0.086747 0.144586 1
g4 2 31 g4 2 30 0.089606 0.078087 1
g4 2 30 g4 2 29 0.087065 0.0841841 1
g4 2 33 g4 2 34 0.096521 0.155968 1
g4 2 31 g4 2 33 0.089593 0.106797 1
g4 2 34 g4 2 34 0.098504 0.120246 1
g4 2 35 g4 2 40 0.100731 0.0919232 1
g4 2 36 g4 2 32 0.102839 0.107242 1
g4 2 40 g4 2 48 0.112071 0.15742 1
g4 2 30 g4 2 32 0.086733 0.114933 1
g4 2 37 g4 2 35 0.105513 0.0999654 1
g4 2 37 g4 2 37 0.105218 0.0560005 1
g4 2 41 g4 2 36 0.114809 0.0923847 1
g4 2 41 g4 2 43 0.115012 0.113961 1
g4 2 46 g4 2 32 0.126893 0.101124 1
g4 2 46 g4 2 34 0.126669 0.113174 1
g4 2 31 g4 2 37 0.08987 0.0955719 1
g4 2 31 g4 2 33 0.089563 0.103906 1
g4 2 33 g4 2 34 0.097024 0.0887908 1
g4 2 34 g4 2 34 0.097993 0.140199 1
g4 2 45 g4 2 34 0.124637 0.105555 1
g4 2 42 g4 2 34 0.117285 0.195331 1
g4 2 46 g4 2 41 0.127496 0.154758 1
g4 2 33 g4 2 32 0.097109 0.0741617 1
g4 2 45 g4 2 41 0.124386 0.101517 1
g4 2 50 g4 2 41 0.137769 0.113763 1
g4 2 41 g4 2 42 0.115214 0.0753194 1
g4 2 45 g4 2 32 0.124469 0.102625 1
g5 2 43 g5 2 48 0.121162 0.096948 1
g5 2 45 g5 2 44 0.125063 0.0813948 1
g5 2 44 g5 2 52 0.123992 0.109526 1
g5 2 42 g5 2 52 0.119923 0.12298 1
g5 2 36 g5 2 50 0.104337 0.173685 1
g5 2 42 g5 2 50 0.120073 0.103629 1
g5 2 41 g4 2 34 0.116208 0.195062 1
g5 2 46 g5 2 50 0.128345 0.189381 1
g5 2 40 g5 2 51 0.113005 0.211785 1
g5 2 33 g5 2 32 0.09696 0.123193 1
g5 2 35 g5 2 35 0.100972 0.127778 1
g5 2 41 g5 2 35 0.116026 0.115549 1
g5 2 34 g5 2 33 0.098582 0.166843 1
g5 2 36 g4 2 31 0.103191 0.193424 1
g5 2 43 g5 2 51 0.120254 0.166174 1
g5 2 39 g5 2 51 0.110546 0.210268 1
g5 2 38 g5 2 51 0.108242 0.176763 1
g5 2 35 g5 2 35 0.101006 0.193344 1
g5 2 38 g5 2 51 0.108257 0.171544 1
g5 2 38 g4 2 31 0.108018 0.178412 1
g5 2 39 g5 2 51 0.111086 0.144814 1
g5 2 38 g4 2 31 0.108142 0.180962 1
g5 2 39 g4 2 36 0.111341 0.222326 1
g5 2 38 g5 2 50 0.108057 0.172357 1
g5 2 41 g5 2 50 0.117337 0.134481 1
g5 2 41 g5 2 54 0.116378 0.156583 1
g5 2 39 g4 2 31 0.110959 0.153731 1
g5 2 39 g5 2 54 0.110992 0.169357 1
g5 2 40 g5 2 51 0.112731 0.220687 1
g5 2 40 g5 2 51 0.113606 0.173148 1
g5 2 38 g4 2 31 0.108477 0.182182 1
g5 2 39 g5 2 50 0.11186 0.132382 1
g5 2 37 g5 2 45 0.106086 0.13262 1
g5 2 39 g5 2 50 0.112229 0.152406 1
g5 2 39 g5 2 49 0.111178 0.145824 1
g5 2 43 g5 2 49 0.12076 0.104819 1
g5 2 55 g5 2 51 0.150041 0.122428 1
g5 2 40 g5 2 49 0.114159 0.0949954 1
g5 2 47 g5 2 52 0.130506 0.0837979 1
g5 2 47 g5 2 49 0.131623 0.126398 1
g5 2 50 g5 2 59 0.138887 0.137652 1
g5 2 47 g5 2 55 0.131756 0.0960286 1
g5 2 47 g5 2 54 0.131434 0.106302 1
g5 2 50 g5 2 51 0.138079 0.100019 1
g5 2 47 g5 2 48 0.131249 0.0650633 1
g6 2 40 g6 2 38 0.111745 0.0831293 1
g6 2 39 g6 2 38 0.110219 0.0954732 1
g6 2 42 g6 2 38 0.115179 0.09279 1
g6 2 41 g6 2 34 0.114697 0.186611 1
g6 2 35 g6 2 38 0.100752 0.0741795 1
g6 2 34 g6 2 34 0.099063 0.13345 1
g6 2 37 g6 2 38 0.104724 0.0968774 1
g6 2 38 g6 2 38 0.107424 0.132625 1
g6 2 36 g6 2 38 0.102738 0.105043 1
g6 2 32 g6 2 38 0.092778 0.10631 1
g6 2 39 g6 2 37 0.110134 0.158528 1
g6 2 42 g6 2 59 0.117244 0.0806915 1
g6 2 41 g6 2 41 0.115111 0.07077 1
g6 2 31 g6 2 38 0.089762 0.12078 1
g6 2 36 g6 2 41 0.103904 0.164803 1
g6 2 41 g6 2 39 0.114532 0.0869633 1
g6 2 35 g6 2 38 0.100453 0.099564 1
g6 2 43 g6 2 39 0.119304 0.0888546 1
g6 2 36 g6 2 38 0.102672 0.0856295 1
g6 2 35 g6 2 38 0.100145 0.142454 1
g6 2 41 g6 2 38 0.114312 0.0950052 1
g6 2 56 g6 2 38 0.15186 0.112544 1
g6 2 38 g6 2 39 0.107734 0.102009 1
g6 2 34 g6 2 39 0.098002 0.12163 1
g6 2 36 g6 2 38 0.102777 0.119668 1
g6 2 35 g6 2 44 0.100594 0.249863 1
g6 2 44 g6 2 38 0.121521 0.115654 1
g6 2 35 g6 2 38 0.100386 0.0913838 1
g6 2 35 g6 2 38 0.100321 0.0932373 1
g6 2 29 g6 2 33 0.08488 0.101353 1
g6 2 32 g6 2 34 0.093029 0.0869118 1
g6 2 33 g6 2 34 0.095534 0.118859 1
g6 2 51 g6 2 49 0.139407 0.354284 1
g6 2 39 g1 2 25 0.11136 0.255429 1
g6 2 32 g6 2 33 0.092403 0.0479845 1
g6 2 33 g6 2 35 0.095728 0.0866037 1
g6 2 35 g6 2 35 0.100305 0.0756825 1
g6 2 33 g6 2 35 0.095651 0.0790453 1
g6 2 37 g6 2 36 0.104584 0.0800973 1
g6 2 39 g6 2 37 0.110338 0.0710931 1
g6 2 37 g6 2 44 0.105153 0.0960218 1
g7 1 37 g7 1 44 0.107347 0.283729 1
g7 1 34 g7 1 42 0.098698 0.224504 1
g7 1 37 g7 1 39 0.105616 0.322902 1
g7 1 38 g7 1 52 0.10847 0.161921 1
g7 1 40 g7 1 34 0.112793 0.289615 1
g7 1 41 g7 1 41 0.116528 0.267352 1
g7 1 34 g7 1 46 0.098679 0.306425 1
g7 1 35 g7 1 36 0.10327 0.132177 1
g7 1 27 g7 1 31 0.080558 0.224476 1
g7 1 32 g3 1 40 0.095544 0.431618 1
g7 1 34 g7 1 33 0.099212 0.226178 1
g7 1 36 g7 1 34 0.104258 0.171268 1
g7 1 36 g7 1 39 0.102776 0.221251 1
g7 1 34 g7 1 29 0.096869 0.190098 1
g7 1 29 g7 1 29 0.085138 0.229544 1
g7 1 33 g7 1 31 0.096502 0.183661 1
g7 1 33 g7 1 28 0.095831 0.178668 1
g7 1 30 g7 1 32 0.087124 0.223046 1
g7 1 31 g7 1 29 0.089846 0.248928 1
g7 1 31 g7 1 28 0.091143 0.164172 1
g7 1 31 g7 1 32 0.09129 0.208856 1
g7 1 27 g7 1 27 0.082524 0.0615644 1
g7 1 39 g1 2 17 0.111197 0.57738 0
g7 1 35 g7 1 35 0.100125 0.238792 1
g7 1 45 g7 1 28 0.124695 0.334334 1
g7 1 37 g7 1 48 0.104573 0.36491 1
g7 1 34 g2 2 23 0.097999 0.45804 1
g7 1 38 g7 1 37 0.107647 0.16894 1
g7 1 35 g1 2 17 0.101908 0.601892 0
g7 1 36 g7 1 38 0.101941 0.375958 1
g7 1 36 g7 1 36 0.103007 0.22344 1
g7 1 44 g7 1 47 0.122154 0.305023 1
g7 1 39 g7 1 43 0.111536 0.304891 1
g7 1 40 g7 1 35 0.113494 0.22377 1
g7 1 46 g7 1 33 0.126716 0.208856 1
g7 1 68 g7 1 43 0.173441 0.286301 1
g7 1 34 g7 1 51 0.098182 0.347542 1
g7 1 35 g7 1 46 0.099862 0.270526 1
g7 1 39 g7 1 50 0.114456 0.307484 1
g7 1 40 g7 1 39 0.112957 0.2346 1
g7 1 45 g7 1 41 0.125183 0.282181 1
g7 1 48 g7 1 45 0.135631 0.196393 1
g7 1 32 g7 1 34 0.093023 0.31424 1
g7 1 50 g7 1 40 0.138862 0.18407 1
g7 1 21 g7 1 36 0.0676 0.363603 1
g7 1 35 g7 1 51 0.102341 0.376813 1
g7 1 36 g7 1 34 0.104707 0.159465 1
g7 1 36 g7 1 31 0.10444 0.279683 1
g7 1 37 g7 1 31 0.10562 0.223388 1
g7 1 49 g7 1 41 0.134927 0.244423 1
g7 1 33 g7 1 29 0.097707 0.331907 1
g7 1 33 g7 1 33 0.097138 0.27306 1
g7 1 42 g7 1 45 0.118716 0.170613 1
g7 1 61 g7 1 45 0.165875 0.305014 1
g7 1 56 g7 1 52 0.152947 0.246199 1
g7 1 54 g7 1 37 0.147569 0.398423 1
g7 1 53 g7 1 52 0.145082 0.230603 1
g7 1 35 g7 1 35 0.114217 0.243094 1
g7 1 51 g7 1 48 0.140885 0.167706 1
g7 1 43 g7 1 47 0.119251 0.222166 1
g7 1 47 g7 1 48 0.129238 0.168155 1
g7 1 45 g7 1 45 0.124609 0.191072 1
g7 1 47 g7 1 48 0.131087 0.173402 1
