g1 2 24 g6 2 32 0.073422 0.17794 1
g1 2 23 g6 2 34 0.071666 0.194198 1
g1 2 27 g6 2 25 0.08093 0.15724 1
g1 2 42 g1 2 24 0.125714 0.123816 1
g1 2 33 g2 2 17 0.096849 0.187198 1
g1 2 29 g1 2 25 0.084669 0.155603 1
g1 2 31 g1 2 28 0.089946 0.130341 1
g1 2 20 g1 2 27 0.065159 0.114622 1
g1 2 24 g1 2 33 0.073673 0.163865 1
g1 2 28 g1 2 25 0.082371 0.160339 1
g1 2 21 g1 2 31 0.067437 0.14073 1
g1 2 26 g1 2 22 0.078339 0.114373 1
g1 2 25 g1 2 25 0.076299 0.0740661 1
g1 2 25 g1 2 25 0.076171 0.125881 1
g1 2 28 g1 2 25 0.082859 0.0868187 1
g1 2 54 g6 2 38 0.140257 0.204369 1
g1 2 26 g1 2 22 0.078451 0.0972668 1
g1 2 37 g6 2 36 0.104929 0.215971 1
g1 2 20 g6 2 31 0.065452 0.134031 1
g1 2 24 g6 2 34 0.073964 0.199984 1
g1 2 21 g6 2 32 0.067613 0.150999 1
g1 2 28 g6 2 30 0.082471 0.173621 1
g1 2 22 g2 2 17 0.069327 0.193526 1
g1 2 24 g1 2 19 0.073709 0.0891945 1
g1 2 23 g1 2 20 0.072054 0.0969903 1
g1 2 32 g1 2 29 0.093391 0.134032 1
g1 2 30 g1 2 26 0.087319 0.148789 1
g1 2 39 g1 2 26 0.110151 0.259161 0
g1 2 29 g1 2 24 0.08457 0.203512 1
g1 2 29 g1 2 37 0.084873 0.106583 1
g1 2 23 g1 2 25 0.071805 0.0915781 1
g1 2 23 g1 2 24 0.071567 0.174426 1
g1 2 19 g1 2 26 0.063085 0.085179 1
g1 2 28 g1 2 28 0.08238 0.210505 0
g1 2 23 g1 2 29 0.071724 0.236403 0
g1 2 24 g1 2 24 0.073438 0.164906 1
g1 2 30 g1 2 24 0.086905 0.170312 1
g1 2 24 g1 2 26 0.073358 0.146705 1
g1 2 22 g1 2 23 0.069953 0.160308 1
g1 2 23 g1 2 24 0.071867 0.136293 1
g1 2 26 g1 2 26 0.078421 0.157024 1
g1 2 28 g1 2 28 0.082584 0.208836 1
g1 2 23 g1 2 25 0.071617 0.184867 1
g1 2 24 g1 2 24 0.073669 0.181988 1
g1 2 28 g1 2 24 0.083007 0.185135 1
g1 2 21 g1 2 28 0.067841 0.252151 0
g1 2 26 g6 2 36 0.078218 0.200933 1
g1 2 28 g6 2 34 0.08234 0.212761 1
g1 2 22 g6 2 37 0.069559 0.187049 1
g1 2 27 g6 2 34 0.08077 0.136433 1
g1 2 37 g2 2 17 0.105473 0.214004 1
g1 2 25 g6 2 25 0.076635 0.166234 1
g1 2 33 g2 2 17 0.096329 0.175786 1
g1 2 22 g1 2 18 0.069607 0.0772465 1
g1 2 20 g1 2 18 0.06524 0.0702443 1
g1 2 16 g1 2 17 0.057276 0.0958116 1
g1 2 16 g1 2 16 0.057084 0.0742667 1
g1 2 17 g1 2 17 0.059319 0.0748685 1
g1 2 17 g1 2 17 0.058884 0.0620692 1
g1 2 19 g1 2 18 0.063111 0.0683333 1
g1 2 16 g1 2 17 0.057038 0.105744 1
g2 2 15 g2 2 14 0.055006 0.102187 1
g2 2 15 g2 2 14 0.054908 0.10185 1
g2 2 17 g2 2 17 0.058723 0.181372 1
g2 2 14 g2 2 14 0.053657 0.155059 1
g2 2 15 g2 2 14 0.054861 0.154887 1
g2 2 13 g2 2 17 0.050692 0.164817 1
g2 2 14 g2 2 14 0.053192 0.13909 1
g2 2 15 g2 2 14 0.05622 0.110691 1
g2 2 15 g2 2 14 0.054993 0.179236 1
g2 2 29 g2 2 26 0.085883 0.139318 1
g2 2 16 g2 2 14 0.057335 0.110161 1
g2 2 15 g2 2 14 0.054927 0.100015 1
g2 2 15 g2 2 14 0.055045 0.119707 1
g2 2 16 g2 2 14 0.057253 0.121027 1
g2 2 16 g2 2 14 0.057198 0.173813 1
g2 2 15 g2 2 14 0.055017 0.140784 1
g2 2 12 g2 2 17 0.048779 0.269356 0
g2 2 15 g2 2 14 0.054822 0.092682 1
g2 2 16 g2 2 14 0.05715 0.101305 1
g2 2 15 g2 2 14 0.055072 0.158697 1
g2 2 16 g2 2 14 0.056837 0.13721 1
g2 2 16 g2 2 14 0.057262 0.214676 1
g2 2 14 g2 2 14 0.052996 0.148629 1
g2 2 17 g2 2 14 0.059149 0.10577 1
g2 2 18 g2 2 17 0.061499 0.169768 1
g2 2 15 g2 2 14 0.055036 0.174605 1
g2 2 15 g2 2 17 0.054854 0.236373 0
g2 2 16 g2 2 14 0.057256 0.175869 1
g2 2 18 g2 2 14 0.060996 0.137793 1
g2 2 31 g2 2 28 0.090338 0.126317 1
g2 2 28 g2 2 27 0.083132 0.154631 1
g2 2 29 g2 2 26 0.085953 0.139835 1
g2 2 25 g2 2 26 0.07669 0.145608 1
g2 2 20 g2 2 21 0.065139 0.141188 1
g2 2 22 g2 2 21 0.069385 0.116212 1
g2 2 32 g2 2 29 0.099603 0.128335 1
g2 2 23 g2 2 21 0.072778 0.096611 1
g2 2 20 g2 2 21 0.065169 0.0919244 1
g2 2 19 g2 2 21 0.063779 0.0917693 1
g2 2 21 g2 2 21 0.065977 0.0850921 1
g2 2 20 g2 2 21 0.067116 0.0905802 1
g2 2 21 g2 2 21 0.067259 0.0696447 1
g2 2 19 g2 2 21 0.064686 0.111867 1
g2 2 22 g2 2 21 0.069562 0.0774176 1
g2 2 22 g2 2 21 0.069645 0.0948557 1
g2 2 25 g2 2 23 0.076094 0.152061 1
g2 2 17 g2 2 24 0.058954 0.137865 1
g2 2 22 g2 2 21 0.069621 0.0837894 1
g2 2 42 g2 2 28 0.118006 0.160804 1
g2 2 22 g2 2 22 0.069644 0.0964792 1
g2 2 27 g2 2 23 0.083372 0.0798759 1
g2 2 27 g1 2 31 0.080331 0.219936 1
g2 2 21 g2 2 21 0.067312 0.115142 1
g2 2 19 g2 2 21 0.064925 0.0974426 1
g2 2 24 g1 2 33 0.073566 0.127458 1
g2 2 22 g2 2 21 0.069397 0.112631 1
g2 2 26 g1 2 27 0.077583 0.202682 1
g2 2 24 g2 2 28 0.074406 0.128112 1
g2 2 21 g2 2 29 0.067271 0.125182 1
g2 2 29 g2 2 28 0.085766 0.116633 1
g2 2 19 g2 2 21 0.063953 0.102651 1
g2 2 21 g1 2 33 0.067958 0.312074 0
g2 2 30 g2 2 25 0.086909 0.164235 1
g2 2 16 g2 2 14 0.057213 0.14913 1
g2 2 14 g2 2 14 0.052787 0.130177 1
g2 2 15 g2 2 14 0.058077 0.0820335 1
g3 1 36 g3 1 46 0.106419 0.333223 0
g3 1 35 g3 1 43 0.101496 0.221946 1
g3 1 49 g3 1 42 0.135488 0.30178 0
g3 1 52 g3 1 37 0.142428 0.246502 0
g3 1 55 g1 2 30 0.145738 0.418822 0
g3 1 49 g3 1 37 0.13728 0.259881 0
g3 1 47 g3 1 42 0.130133 0.382952 0
g3 1 47 g3 1 41 0.131044 0.282962 0
g3 1 44 g3 1 45 0.12335 0.289696 0
g3 1 43 g3 1 46 0.123303 0.297558 0
g3 1 44 g3 1 57 0.123107 0.28128 0
g3 1 47 g3 1 46 0.129081 0.232351 0
g3 1 46 g3 1 43 0.127016 0.247889 0
g3 1 47 g3 1 64 0.129909 0.222787 1
g3 1 44 g3 1 47 0.123598 0.51036 0
g3 1 44 g3 1 40 0.122297 0.258832 0
g3 1 41 g3 1 42 0.116663 0.209816 0
g3 1 56 g1 2 26 0.155764 0.386249 0
g3 1 48 g3 1 41 0.132004 0.251072 0
g3 1 48 g3 1 42 0.133383 0.221803 1
g3 1 50 g3 1 47 0.137453 0.226277 1
g3 1 48 g3 1 57 0.134161 0.221905 1
g3 1 46 g3 1 41 0.129328 0.25135 0
g3 1 43 g3 1 37 0.121854 0.253234 0
g3 1 47 g3 1 42 0.130857 0.316508 0
g3 1 44 g3 1 38 0.122523 0.28715 0
g3 1 50 g3 1 53 0.138347 0.32382 0
g3 1 66 g3 1 42 0.175818 0.284562 0
g3 1 58 g1 2 35 0.157974 0.4447 0
g3 1 50 g3 1 39 0.136435 0.201403 1
g3 1 57 g3 1 60 0.155169 0.228523 0
g3 1 53 g3 1 41 0.144403 0.280706 0
g3 1 49 g3 1 40 0.136828 0.220627 1
g3 1 51 g3 1 42 0.141762 0.247319 0
g3 1 52 g3 1 47 0.141046 0.263802 0
g3 1 50 g3 1 59 0.136661 0.273868 0
g3 1 51 g3 1 32 0.140886 0.32566 0
g3 1 59 g3 1 69 0.157102 0.265699 0
g3 1 61 g3 1 69 0.161549 0.260838 0
g3 1 46 g3 1 43 0.12869 0.385294 0
g3 1 28 g3 1 47 0.096936 0.823248 0
g3 1 49 g3 1 44 0.135853 0.300426 0
g3 1 42 g3 1 40 0.119135 0.212795 0
g3 1 40 g3 1 41 0.111916 0.20749 0
g3 1 42 g3 1 42 0.115795 0.230677 0
g3 1 44 g3 1 47 0.121101 0.308949 0
g3 1 39 g3 1 38 0.121348 0.342217 0
g3 1 43 g3 1 42 0.122594 0.173902 1
g3 1 40 g3 1 37 0.115885 0.222896 0
g3 1 39 g3 1 47 0.112176 0.313576 0
g3 1 43 g3 1 47 0.121136 0.257709 0
g4 2 37 g4 2 31 0.105706 0.214003 1
g4 2 37 g4 2 42 0.105187 0.0776266 1
g4 2 44 g4 2 45 0.122779 0.166957 1
g4 2 44 g4 2 42 0.122704 0.168567 1
g4 2 41 g4 2 46 0.115503 0.126684 1
g4 2 42 g4 2 51 0.118141 0.146778 1
g4 2 50 g3 1 44 0.138324 0.269455 0
g4 2 42 g4 2 42 0.118135 0.171182 1
g4 2 49 g4 2 48 0.134798 0.160702 1
g4 2 47 g4 2 49 0.129869 0.169863 1
g4 2 46 g4 2 46 0.128146 0.137917 1
g4 2 48 g4 2 51 0.133001 0.118121 1
g4 2 52 g4 2 51 0.142174 0.0872918 1
g4 2 45 g4 2 31 0.124836 0.128089 1
g4 2 30 g4 2 43 0.090011 0.145188 1
g4 2 31 g4 2 30 0.098187 0.0783236 1
g4 2 30 g4 2 29 0.09759 0.0842569 1
g4 2 33 g4 2 34 0.100148 0.155891 1
g4 2 31 g4 2 33 0.113987 0.107021 1
g4 2 34 g4 2 34 0.113584 0.120714 1
g4 2 35 g4 2 40 0.111042 0.0921291 1
g4 2 36 g4 2 32 0.120992 0.107127 1
g4 2 40 g4 2 48 0.120553 0.157677 1
g4 2 30 g4 2 32 0.089896 0.11523 1
g4 2 37 g4 2 35 0.111269 0.0999789 1
g4 2 37 g4 2 37 0.108275 0.0565179 1
g4 2 41 g4 2 36 0.120024 0.0927801 1
g4 2 41 g4 2 43 0.11795 0.114147 1
g4 2 46 g4 2 32 0.134904 0.101447 1
g4 2 46 g4 2 34 0.13763 0.113267 1
g4 2 31 g4 2 37 0.090905 0.0959691 1
g4 2 31 g4 2 33 0.090938 0.104216 1
g4 2 33 g4 2 34 0.099981 0.089046 1
g4 2 34 g4 2 34 0.104424 0.140114 1
g4 2 45 g4 2 34 0.133341 0.10591 1
g4 2 42 g4 2 34 0.122585 0.195535 1
g4 2 46 g4 2 41 0.136542 0.155241 1
g4 2 33 g4 2 32 0.10062 0.0741323 1
g4 2 45 g4 2 41 0.132877 0.101616 1
g4 2 50 g4 2 41 0.137189 0.114166 1
g4 2 41 g4 2 42 0.115385 0.0754929 1
g4 2 45 g4 2 32 0.133645 0.102621 1
g5 2 43 g5 2 48 0.131378 0.0971744 1
g5 2 45 g5 2 44 0.141364 0.0816019 1
g5 2 44 g5 2 52 0.129303 0.109662 1
g5 2 42 g5 2 52 0.124179 0.124991 1
g5 2 36 g5 2 50 0.108901 0.17394 1
g5 2 42 g5 2 50 0.121624 0.10384 1
g5 2 41 g4 2 34 0.117493 0.196252 1
g5 2 46 g5 2 50 0.131461 0.189313 1
g5 2 40 g5 2 51 0.1165 0.211937 1
g5 2 33 g5 2 32 0.09908 0.123541 1
g5 2 35 g5 2 35 0.104349 0.127559 1
g5 2 41 g5 2 35 0.118159 0.116069 1
g5 2 34 g5 2 33 0.10167 0.167177 1
g5 2 36 g4 2 31 0.107655 0.194451 1
g5 2 43 g5 2 51 0.123791 0.16659 1
g5 2 39 g5 2 52 0.119899 0.223702 1
g5 2 38 g5 2 51 0.133259 0.17723 1
g5 2 35 g5 2 35 0.116483 0.193171 1
g5 2 38 g5 2 51 0.110131 0.171682 1
g5 2 38 g4 2 31 0.110627 0.179745 1
g5 2 39 g5 2 51 0.112049 0.145158 1
g5 2 38 g4 2 31 0.109245 0.182144 1
g5 2 39 g4 2 36 0.111979 0.223905 1
g5 2 38 g5 2 50 0.108418 0.172716 1
g5 2 41 g5 2 50 0.118341 0.134535 1
g5 2 41 g5 2 54 0.117799 0.156904 1
g5 2 39 g4 2 31 0.112863 0.154788 1
g5 2 39 g5 2 54 0.112573 0.169673 1
g5 2 40 g5 2 51 0.11575 0.220685 1
g5 2 40 g5 2 51 0.116316 0.173265 1
g5 2 38 g4 2 31 0.111364 0.184001 1
g5 2 39 g5 2 50 0.11122 0.134244 1
g5 2 37 g5 2 45 0.106745 0.133308 1
g5 2 39 g5 2 50 0.112436 0.152698 1
g5 2 39 g5 2 49 0.111441 0.14648 1
g5 2 43 g5 2 49 0.121919 0.105347 1
g5 2 55 g5 2 51 0.151087 0.123206 1
g5 2 40 g5 2 49 0.114179 0.0955829 1
g5 2 47 g5 2 52 0.130429 0.083783 1
g5 2 47 g5 2 49 0.132674 0.126546 1
g5 2 50 g5 2 59 0.138742 0.137976 1
g5 2 47 g5 2 55 0.133131 0.0960784 1
g5 2 47 g5 2 54 0.135117 0.106638 1
g5 2 50 g5 2 51 0.13828 0.100387 1
g5 2 47 g5 2 48 0.132607 0.0650965 1
g6 2 40 g6 2 38 0.112529 0.083175 1
g6 2 39 g6 2 38 0.11024 0.0953195 1
g6 2 42 g6 2 38 0.116516 0.0928561 1
g6 2 41 g6 2 34 0.114373 0.186681 1
g6 2 35 g6 2 38 0.101145 0.0746636 1
g6 2 34 g6 2 34 0.098298 0.133747 1
g6 2 37 g6 2 38 0.106823 0.0972487 1
g6 2 38 g6 2 38 0.108153 0.13291 1
g6 2 36 g6 2 38 0.103232 0.106651 1
g6 2 32 g6 2 38 0.09335 0.106965 1
g6 2 39 g6 2 37 0.110456 0.158648 1
g6 2 42 g6 2 59 0.11689 0.0806673 1
g6 2 41 g6 2 41 0.115839 0.0722909 1
g6 2 31 g6 2 38 0.090584 0.121881 1
g6 2 36 g6 2 41 0.104512 0.165956 1
g6 2 41 g6 2 39 0.119302 0.0874991 1
g6 2 35 g6 2 38 0.121564 0.0999042 1
g6 2 43 g6 2 39 0.121614 0.0893298 1
g6 2 36 g6 2 38 0.104632 0.0858735 1
g6 2 35 g6 2 38 0.101453 0.143103 1
g6 2 41 g6 2 38 0.11454 0.0953615 1
g6 2 56 g6 2 38 0.151994 0.112614 1
g6 2 38 g6 2 39 0.108232 0.102929 1
g6 2 34 g6 2 39 0.09813 0.12231 1
g6 2 36 g6 2 38 0.103614 0.120256 1
g6 2 35 g6 2 44 0.101578 0.250265 0
g6 2 44 g6 2 38 0.121597 0.115719 1
g6 2 35 g6 2 38 0.100597 0.0915789 1
g6 2 35 g6 2 38 0.10038 0.0938618 1
g6 2 29 g6 2 33 0.084646 0.102225 1
g6 2 32 g6 2 34 0.09318 0.0872025 1
g6 2 33 g6 2 34 0.096397 0.119237 1
g6 2 51 g6 2 49 0.141945 0.354557 0
g6 2 39 g1 2 25 0.111719 0.256252 1
g6 2 32 g6 2 33 0.093613 0.0489091 1
g6 2 33 g6 2 35 0.096651 0.0869931 1
g6 2 35 g6 2 35 0.100647 0.0761341 1
g6 2 33 g6 2 35 0.096773 0.0791336 1
g6 2 37 g6 2 36 0.105069 0.0803105 1
g6 2 39 g6 2 37 0.110235 0.0712027 1
g6 2 37 g6 2 44 0.105361 0.0961247 1
g7 1 37 g7 1 44 0.108478 0.284241 1
g7 1 34 g7 1 42 0.099748 0.224965 1
g7 1 37 g7 1 39 0.106013 0.323346 0
g7 1 38 g7 1 52 0.109098 0.162606 1
g7 1 40 g7 1 34 0.112904 0.290341 1
g7 1 41 g7 1 41 0.116764 0.267993 1
g7 1 34 g7 1 46 0.098714 0.307843 0
g7 1 35 g7 1 36 0.103845 0.13242 1
g7 1 27 g7 1 31 0.08052 0.229789 1
g7 1 32 g3 1 40 0.095058 0.432231 0
g7 1 34 g7 1 33 0.099868 0.228633 0
g7 1 36 g7 1 34 0.106121 0.171633 1
g7 1 36 g7 1 39 0.102626 0.221973 1
g7 1 34 g7 1 29 0.098163 0.191086 1
g7 1 29 g7 1 29 0.085457 0.22992 1
g7 1 33 g7 1 31 0.096698 0.183853 1
g7 1 33 g7 1 28 0.096883 0.179065 1
g7 1 30 g7 1 32 0.087486 0.223571 0
g7 1 31 g7 1 29 0.089821 0.24925 0
g7 1 31 g7 1 28 0.091856 0.164834 1
g7 1 31 g7 1 32 0.091621 0.209471 0
g7 1 27 g7 1 27 0.08239 0.0629575 1
g7 1 39 g1 2 17 0.1102 0.578516 0
g7 1 35 g7 1 35 0.109864 0.240379 1
g7 1 45 g7 1 28 0.130621 0.33521 0
g7 1 37 g7 1 48 0.105148 0.365188 0
g7 1 34 g2 2 23 0.098307 0.458612 0
g7 1 38 g7 1 37 0.112397 0.169295 1
g7 1 35 g1 2 17 0.109851 0.602471 0
g7 1 36 g7 1 38 0.10155 0.375783 0
g7 1 36 g7 1 36 0.104607 0.21929 0
g7 1 44 g7 1 47 0.129402 0.305902 0
g7 1 39 g7 1 43 0.113295 0.305301 0
g7 1 40 g7 1 35 0.113251 0.224363 1
g7 1 46 g7 1 33 0.128107 0.209283 1
g7 1 68 g7 1 43 0.173931 0.286404 0
g7 1 34 g7 1 51 0.101312 0.34738 0
g7 1 35 g7 1 46 0.099845 0.270879 0
g7 1 39 g7 1 50 0.113818 0.307819 0
g7 1 40 g7 1 39 0.113077 0.23487 1
g7 1 45 g7 1 41 0.127363 0.28276 0
g7 1 48 g7 1 45 0.136417 0.196207 1
g7 1 32 g7 1 34 0.093762 0.314379 0
g7 1 50 g7 1 40 0.143976 0.185094 1
g7 1 21 g7 1 36 0.067656 0.36312 0
g7 1 35 g7 1 51 0.102175 0.377438 0
g7 1 36 g7 1 34 0.104573 0.159756 1
g7 1 36 g7 1 31 0.104174 0.279676 0
g7 1 37 g7 1 31 0.105548 0.22345 1
g7 1 49 g7 1 41 0.137055 0.244665 1
g7 1 33 g7 1 29 0.097234 0.332379 0
g7 1 33 g7 1 33 0.098399 0.272874 1
g7 1 42 g7 1 45 0.122059 0.170913 1
g7 1 61 g7 1 45 0.167816 0.305385 0
g7 1 56 g7 1 52 0.153415 0.246406 1
g7 1 54 g7 1 37 0.148668 0.398754 0
g7 1 53 g7 1 52 0.153086 0.231176 0
g7 1 35 g7 1 35 0.119164 0.242307 0
g7 1 51 g7 1 48 0.147008 0.167855 1
g7 1 43 g7 1 47 0.121148 0.222068 0
g7 1 47 g7 1 48 0.137758 0.168317 1
g7 1 45 g7 1 45 0.127073 0.191058 1
g7 1 47 g7 1 48 0.132507 0.173907 1
