g1 2 46 g6 2 78 0.229773 0.151288 1
g1 2 44 g6 2 66 0.223747 0.178759 1
g1 2 52 g6 2 50 0.255453 0.133322 1
g1 2 102 g1 2 45 0.470295 0.128455 1
g1 2 63 g2 2 32 0.301678 0.180064 1
g1 2 56 g1 2 48 0.273755 0.143843 1
g1 2 60 g1 2 54 0.289875 0.120497 1
g1 2 37 g1 2 52 0.193237 0.0984114 1
g1 2 46 g1 2 42 0.229487 0.124173 1
g1 2 54 g1 2 48 0.263273 0.15383 1
g1 2 39 g1 2 42 0.201435 0.119368 1
g1 2 50 g1 2 42 0.246773 0.0973216 1
g1 2 48 g1 2 48 0.237943 0.0664936 1
g1 2 47 g1 2 46 0.234726 0.0739914 1
g1 2 53 g1 2 48 0.259278 0.0760608 1
g1 2 111 g6 2 73 0.510353 0.200285 1
g1 2 49 g1 2 42 0.242285 0.0890284 1
g1 2 71 g6 2 70 0.334545 0.199234 1
g1 2 37 g6 2 60 0.193157 0.121699 1
g1 2 46 g6 2 66 0.23005 0.186203 1
g1 2 39 g6 2 51 0.201968 0.130479 1
g1 2 54 g6 2 57 0.262646 0.161004 1
g1 2 42 g2 2 32 0.216481 0.181831 1
g1 2 45 g1 2 38 0.224897 0.0752116 1
g1 2 43 g1 2 38 0.218396 0.076984 1
g1 2 61 g1 2 56 0.29227 0.126833 1
g1 2 58 g1 2 49 0.280206 0.139635 1
g1 2 75 g1 2 49 0.352415 0.246473 1
g1 2 55 g1 2 45 0.267374 0.194773 1
g1 2 56 g1 2 71 0.271511 0.100638 1
g1 2 43 g1 2 48 0.217193 0.0796961 1
g1 2 44 g1 2 45 0.221438 0.162744 1
g1 2 35 g1 2 50 0.186076 0.0640508 1
g1 2 53 g1 2 54 0.258057 0.197304 1
g1 2 43 g1 2 56 0.217969 0.225174 0
g1 2 46 g1 2 45 0.229296 0.149752 1
g1 2 57 g1 2 45 0.274826 0.158249 1
g1 2 46 g1 2 45 0.229083 0.153167 1
g1 2 41 g1 2 43 0.210266 0.154717 1
g1 2 43 g1 2 45 0.216952 0.120064 1
g1 2 49 g1 2 50 0.242583 0.147739 1
g1 2 53 g1 2 54 0.258614 0.204874 1
g1 2 44 g1 2 47 0.221637 0.16863 1
g1 2 46 g1 2 45 0.2294 0.172158 1
g1 2 53 g1 2 45 0.258659 0.161457 1
g1 2 40 g1 2 54 0.205594 0.234592 0
g1 2 50 g6 2 70 0.245751 0.185241 1
g1 2 53 g6 2 65 0.260049 0.195168 1
g1 2 41 g6 2 72 0.210088 0.170864 1
g1 2 52 g6 2 66 0.255153 0.126153 1
g1 2 72 g2 2 32 0.341082 0.2079 1
g1 2 48 g6 2 50 0.238374 0.147781 1
g1 2 64 g2 2 32 0.306442 0.161413 1
g1 2 42 g1 2 34 0.214836 0.0657474 1
g1 2 38 g1 2 34 0.196794 0.0576905 1
g1 2 29 g1 2 32 0.157599 0.0730474 1
g1 2 29 g1 2 29 0.157157 0.0591479 1
g1 2 31 g1 2 32 0.165773 0.0594514 1
g1 2 31 g1 2 31 0.16745 0.0512402 1
g1 2 36 g1 2 34 0.188993 0.0559701 1
g1 2 29 g1 2 29 0.157226 0.0584143 1
g2 2 28 g2 2 26 0.153219 0.0811795 1
g2 2 28 g2 2 26 0.153619 0.0851334 1
g2 2 31 g2 2 32 0.165821 0.152475 1
g2 2 26 g2 2 26 0.144594 0.15096 1
g2 2 27 g2 2 26 0.148492 0.134783 1
g2 2 23 g2 2 32 0.131907 0.14479 1
g2 2 26 g2 2 26 0.144843 0.128871 1
g2 2 27 g2 2 26 0.148837 0.0936361 1
g2 2 28 g2 2 26 0.152991 0.156916 1
g2 2 55 g2 2 50 0.267602 0.125751 1
g2 2 29 g2 2 26 0.156828 0.0853091 1
g2 2 28 g2 2 26 0.153836 0.083249 1
g2 2 28 g2 2 26 0.153231 0.105967 1
g2 2 29 g2 2 26 0.157018 0.106472 1
g2 2 30 g2 2 26 0.160521 0.165983 1
g2 2 27 g2 2 26 0.149103 0.128473 1
g2 2 21 g2 2 32 0.124479 0.237987 1
g2 2 27 g2 2 26 0.149256 0.0734326 1
g2 2 29 g2 2 26 0.157347 0.0851217 1
g2 2 27 g2 2 26 0.150182 0.132623 1
g2 2 30 g2 2 26 0.160666 0.125164 1
g2 2 30 g2 2 26 0.16039 0.203044 1
g2 2 26 g2 2 26 0.144627 0.144111 1
g2 2 31 g2 2 26 0.165937 0.0810045 1
g2 2 33 g2 2 32 0.17718 0.158366 1
g2 2 28 g2 2 26 0.153068 0.150752 1
g2 2 27 g2 2 32 0.148496 0.215898 1
g2 2 30 g2 2 26 0.160167 0.152333 1
g2 2 34 g2 2 26 0.180634 0.12261 1
g2 2 59 g2 2 53 0.285407 0.11708 1
g2 2 54 g2 2 45 0.264208 0.128014 1
g2 2 55 g2 2 50 0.268528 0.115755 1
g2 2 48 g1 2 43 0.238957 0.2597 0
g2 2 38 g2 2 42 0.197092 0.0980483 1
g2 2 42 g2 2 39 0.2151 0.102194 1
g2 2 64 g2 2 53 0.306792 0.107352 1
g2 2 43 g2 2 45 0.217498 0.08175 1
g2 2 37 g2 2 44 0.193299 0.0787427 1
g2 2 36 g2 2 39 0.189292 0.0732876 1
g2 2 39 g2 2 44 0.201482 0.0676211 1
g2 2 39 g2 2 39 0.201301 0.0572556 1
g2 2 41 g2 2 39 0.209027 0.058204 1
g2 2 39 g2 2 39 0.201022 0.0958255 1
g2 2 41 g2 2 39 0.209997 0.068372 1
g2 2 42 g2 2 44 0.213291 0.069749 1
g2 2 47 g2 2 44 0.233548 0.129113 1
g2 2 31 g2 2 41 0.165266 0.117848 1
g2 2 42 g2 2 39 0.213701 0.0603325 1
g2 2 84 g2 2 53 0.395464 0.158532 1
g2 2 41 g2 2 42 0.209832 0.0792109 1
g2 2 52 g2 2 44 0.255353 0.0678666 1
g2 2 52 g1 2 59 0.255367 0.214053 1
g2 2 40 g2 2 39 0.206616 0.100108 1
g2 2 37 g2 2 44 0.193211 0.0734798 1
g2 2 45 g1 2 64 0.225525 0.11533 1
g2 2 41 g2 2 44 0.209722 0.0894534 1
g2 2 49 g1 2 52 0.242466 0.192203 1
g2 2 46 g2 2 53 0.230692 0.113762 1
g2 2 40 g2 2 56 0.205112 0.109518 1
g2 2 56 g2 2 53 0.270988 0.108558 1
g2 2 35 g2 2 39 0.185358 0.0854126 1
g2 2 40 g1 2 57 0.205713 0.290744 0
g2 2 58 g2 2 48 0.280535 0.157088 1
g2 2 29 g2 2 26 0.156985 0.130603 1
g2 2 26 g2 2 26 0.144287 0.124375 1
g2 2 28 g2 2 26 0.153521 0.0648008 1
g3 1 71 g3 1 117 0.342506 0.324802 0
g3 1 68 g3 1 84 0.324689 0.195019 1
g3 1 95 g3 1 81 0.442718 0.297211 1
g3 1 102 g3 1 73 0.47163 0.238231 1
g3 1 107 g1 2 57 0.496226 0.435192 0
g3 1 96 g3 1 73 0.450238 0.256784 1
g3 1 91 g3 1 72 0.424381 0.283782 1
g3 1 93 g3 1 82 0.435328 0.278986 0
g3 1 86 g3 1 87 0.402438 0.278766 0
g3 1 87 g3 1 92 0.406481 0.286671 0
g3 1 88 g3 1 106 0.410774 0.25416 0
g3 1 92 g3 1 81 0.429972 0.213043 1
g3 1 92 g3 1 86 0.432047 0.243595 0
g3 1 92 g3 1 127 0.432883 0.215488 1
g3 1 90 g3 1 78 0.421342 0.48263 0
g3 1 86 g3 1 74 0.403545 0.250771 0
g3 1 80 g3 1 81 0.377377 0.197855 1
g3 1 113 g1 2 49 0.5228 0.365256 0
g3 1 95 g3 1 120 0.44255 0.277623 0
g3 1 95 g3 1 85 0.44337 0.214674 1
g3 1 99 g3 1 91 0.460814 0.21966 1
g3 1 93 g3 1 114 0.437381 0.216507 1
g3 1 92 g3 1 82 0.429334 0.243911 0
g3 1 85 g3 1 73 0.398066 0.253357 0
g3 1 91 g3 1 81 0.425194 0.303233 0
g3 1 88 g3 1 77 0.412014 0.279025 0
g3 1 99 g3 1 112 0.459542 0.301411 1
g3 1 132 g3 1 84 0.606708 0.282255 0
g3 1 114 g1 2 67 0.527911 0.433656 0
g3 1 97 g3 1 80 0.451719 0.194454 1
g3 1 111 g3 1 120 0.515056 0.219352 1
g3 1 104 g3 1 82 0.481339 0.272961 0
g3 1 97 g3 1 78 0.45166 0.214279 1
g3 1 100 g3 1 85 0.464599 0.238413 1
g3 1 101 g3 1 91 0.470911 0.246691 1
g3 1 98 g3 1 83 0.456063 0.266989 1
g3 1 102 g3 1 61 0.473405 0.319321 0
g3 1 115 g3 1 140 0.532752 0.259004 1
g3 1 120 g3 1 140 0.555505 0.257885 0
g3 1 92 g3 1 84 0.428576 0.376836 0
g3 1 76 g3 1 68 0.35771 0.838187 0
g3 1 97 g3 1 85 0.450477 0.281698 0
g3 1 85 g3 1 79 0.397416 0.211924 1
g3 1 77 g3 1 80 0.362798 0.193174 1
g3 1 81 g3 1 81 0.378597 0.214615 1
g3 1 86 g3 1 91 0.400136 0.293187 0
g3 1 77 g3 1 77 0.36121 0.329228 0
g3 1 85 g3 1 84 0.396881 0.171792 1
g3 1 79 g3 1 74 0.371569 0.219377 1
g3 1 78 g3 1 91 0.366851 0.301788 0
g3 1 84 g3 1 91 0.392073 0.249839 0
g4 2 71 g4 2 59 0.335858 0.197981 1
g4 2 71 g4 2 82 0.335736 0.0673577 1
g4 2 86 g4 2 87 0.400741 0.162387 1
g4 2 85 g4 2 82 0.396584 0.163094 1
g4 2 80 g4 2 90 0.376409 0.119479 1
g4 2 81 g4 2 99 0.380274 0.140361 1
g4 2 100 g3 1 89 0.462492 0.256963 1
g4 2 81 g4 2 82 0.381029 0.161404 1
g4 2 95 g4 2 94 0.442516 0.151724 1
g4 2 93 g4 2 95 0.433419 0.166845 1
g4 2 89 g4 2 90 0.414686 0.134421 1
g4 2 94 g4 2 99 0.4369 0.112284 1
g4 2 102 g4 2 101 0.472421 0.0792493 1
g4 2 89 g4 2 60 0.414623 0.120146 1
g4 2 57 g4 2 63 0.274423 0.127532 1
g4 2 60 g4 2 57 0.288843 0.0727951 1
g4 2 57 g4 2 55 0.275169 0.0765809 1
g4 2 63 g4 2 66 0.301094 0.145435 1
g4 2 59 g4 2 64 0.284629 0.103085 1
g4 2 65 g4 2 66 0.310189 0.109033 1
g4 2 67 g4 2 78 0.319174 0.0845207 1
g4 2 69 g4 2 78 0.327474 0.0992632 1
g4 2 77 g4 2 95 0.361355 0.150205 1
g4 2 57 g4 2 62 0.275112 0.105123 1
g4 2 72 g4 2 67 0.340224 0.0917946 1
g4 2 72 g4 2 72 0.340254 0.0487928 1
g4 2 80 g4 2 72 0.374597 0.096792 1
g4 2 79 g4 2 83 0.37051 0.110217 1
g4 2 92 g4 2 62 0.427244 0.0942064 1
g4 2 90 g4 2 66 0.41889 0.104487 1
g4 2 59 g4 2 72 0.28498 0.0842909 1
g4 2 59 g4 2 63 0.284341 0.0951817 1
g4 2 63 g4 2 66 0.302443 0.0775533 1
g4 2 66 g4 2 66 0.315841 0.130783 1
g4 2 87 g4 2 66 0.405044 0.0984169 1
g4 2 82 g4 2 66 0.382919 0.187906 1
g4 2 89 g4 2 79 0.414927 0.146783 1
g4 2 64 g4 2 62 0.306123 0.06811 1
g4 2 88 g4 2 79 0.411388 0.0983666 1
g4 2 100 g4 2 79 0.462103 0.107776 1
g4 2 80 g4 2 82 0.3757 0.0682101 1
g4 2 88 g4 2 62 0.410554 0.0951075 1
g5 2 84 g5 2 94 0.395234 0.0893276 1
g5 2 87 g5 2 85 0.407101 0.07674 1
g5 2 85 g5 2 101 0.400079 0.103887 1
g5 2 82 g5 2 101 0.386017 0.115029 1
g5 2 69 g5 2 98 0.330702 0.161708 1
g5 2 81 g5 2 98 0.382281 0.093637 1
g5 2 80 g4 2 65 0.377113 0.188495 1
g5 2 89 g5 2 98 0.417378 0.177104 1
g5 2 78 g5 2 100 0.367935 0.207057 1
g5 2 64 g5 2 62 0.306751 0.117363 1
g5 2 68 g5 2 68 0.324915 0.118527 1
g5 2 80 g5 2 68 0.37732 0.108617 1
g5 2 66 g5 2 82 0.316503 0.144767 1
g5 2 69 g4 2 60 0.328615 0.184893 1
g5 2 83 g5 2 100 0.389522 0.161194 1
g5 2 76 g5 2 68 0.35831 0.213484 1
g5 2 73 g5 2 100 0.345958 0.169533 1
g5 2 68 g5 2 68 0.324037 0.181235 1
g5 2 73 g5 2 100 0.347098 0.164479 1
g5 2 73 g4 2 59 0.345693 0.169954 1
g5 2 75 g5 2 99 0.355922 0.132889 1
g5 2 73 g4 2 59 0.346322 0.171729 1
g5 2 75 g4 2 70 0.354816 0.208315 1
g5 2 73 g5 2 98 0.345781 0.164008 1
g5 2 80 g5 2 98 0.377997 0.126467 1
g5 2 79 g5 2 106 0.374348 0.150373 1
g5 2 76 g4 2 59 0.360249 0.143915 1
g5 2 75 g5 2 106 0.35481 0.162088 1
g5 2 77 g5 2 100 0.36225 0.212821 1
g5 2 78 g5 2 88 0.369034 0.138219 1
g5 2 73 g4 2 65 0.345492 0.188444 1
g5 2 76 g5 2 98 0.360246 0.126548 1
g5 2 71 g5 2 88 0.338496 0.124091 1
g5 2 75 g5 2 98 0.357799 0.138346 1
g5 2 76 g5 2 98 0.358892 0.14134 1
g5 2 83 g5 2 96 0.391357 0.0967958 1
g5 2 110 g5 2 100 0.508652 0.117764 1
g5 2 77 g5 2 96 0.365334 0.0859853 1
g5 2 92 g5 2 101 0.428644 0.0756882 1
g5 2 92 g5 2 96 0.433804 0.121358 1
g5 2 98 g5 2 115 0.457714 0.128895 1
g5 2 92 g5 2 115 0.432251 0.0887364 1
g5 2 91 g5 2 105 0.429345 0.0983385 1
g5 2 98 g5 2 100 0.457558 0.0920366 1
g5 2 92 g5 2 98 0.43273 0.0726742 1
g6 2 78 g6 2 74 0.364616 0.0771508 1
g6 2 75 g6 2 74 0.351794 0.0886424 1
g6 2 81 g6 2 74 0.378637 0.0836842 1
g6 2 79 g6 2 65 0.369345 0.173104 1
g6 2 67 g6 2 74 0.318632 0.0672741 1
g6 2 66 g6 2 77 0.313924 0.118315 1
g6 2 71 g6 2 74 0.334191 0.0905255 1
g6 2 73 g6 2 74 0.344078 0.124846 1
g6 2 70 g6 2 74 0.330311 0.100239 1
g6 2 61 g6 2 74 0.292101 0.0983939 1
g6 2 76 g6 2 72 0.357229 0.148163 1
g6 2 82 g6 2 179 0.383206 0.0846958 1
g6 2 80 g6 2 79 0.373935 0.063838 1
g6 2 59 g6 2 74 0.283232 0.11493 1
g6 2 70 g6 2 79 0.331925 0.159495 1
g6 2 79 g6 2 75 0.369551 0.0817193 1
g6 2 67 g6 2 74 0.318244 0.091968 1
g6 2 84 g6 2 75 0.390733 0.0825079 1
g6 2 70 g6 2 74 0.330362 0.0787895 1
g6 2 68 g6 2 74 0.321737 0.138218 1
g6 2 80 g6 2 74 0.37444 0.0904658 1
g6 2 115 g6 2 74 0.524185 0.146904 1
g6 2 74 g6 2 75 0.348316 0.0920864 1
g6 2 66 g6 2 75 0.313031 0.116224 1
g6 2 70 g6 2 74 0.331407 0.116515 1
g6 2 68 g6 2 86 0.322758 0.238972 0
g6 2 86 g6 2 74 0.39955 0.111647 1
g6 2 68 g6 2 74 0.322042 0.0831092 1
g6 2 68 g6 2 74 0.321643 0.086832 1
g6 2 56 g6 2 64 0.270655 0.0933762 1
g6 2 61 g6 2 65 0.292305 0.0761368 1
g6 2 63 g6 2 65 0.30087 0.105658 1
g6 2 99 g6 2 94 0.457986 0.363476 0
g6 2 75 g1 2 48 0.353749 0.249605 1
g6 2 61 g6 2 62 0.292184 0.0327492 1
g6 2 63 g6 2 63 0.300419 0.0631679 1
g6 2 67 g6 2 63 0.317655 0.05762 1
g6 2 64 g6 2 67 0.304944 0.0627893 1
g6 2 71 g6 2 70 0.334327 0.0710151 1
g6 2 76 g6 2 72 0.35642 0.0616743 1
g6 2 71 g6 2 86 0.335272 0.0880207 1
g7 1 73 g7 1 87 0.346886 0.276653 1
g7 1 65 g7 1 83 0.310574 0.214454 1
g7 1 71 g7 1 67 0.336445 0.282719 0
g7 1 73 g7 1 102 0.346188 0.152302 1
g7 1 78 g7 1 66 0.366306 0.281868 1
g7 1 82 g7 1 79 0.385614 0.254095 1
g7 1 66 g7 1 90 0.314887 0.298982 0
g7 1 72 g7 1 73 0.340434 0.12482 1
g7 1 52 g7 1 60 0.255213 0.216389 1
g7 1 63 g3 1 83 0.303054 0.402751 0
g7 1 67 g7 1 65 0.31756 0.216339 1
g7 1 72 g7 1 66 0.341503 0.16338 1
g7 1 69 g7 1 76 0.327037 0.217292 1
g7 1 65 g7 1 56 0.308891 0.176963 1
g7 1 56 g7 1 55 0.270362 0.216631 1
g7 1 64 g7 1 60 0.305472 0.174255 1
g7 1 63 g7 1 55 0.300548 0.159184 1
g7 1 58 g7 1 62 0.28077 0.214683 0
g7 1 60 g7 1 89 0.288253 0.287003 1
g7 1 61 g7 1 54 0.292736 0.1594 1
g7 1 61 g7 1 62 0.291582 0.197077 1
g7 1 54 g7 1 51 0.264783 0.0359672 1
g7 1 75 g1 2 31 0.352752 0.531559 0
g7 1 68 g7 1 69 0.322721 0.227489 1
g7 1 88 g7 1 54 0.409396 0.322716 0
g7 1 72 g7 1 94 0.341969 0.355573 0
g7 1 67 g2 2 44 0.317772 0.433212 0
g7 1 74 g7 1 73 0.347542 0.162263 1
g7 1 70 g1 2 31 0.331571 0.556073 0
g7 1 70 g3 1 130 0.329947 0.527538 0
g7 1 72 g7 1 69 0.339323 0.213634 1
g7 1 85 g7 1 93 0.3962 0.297133 0
g7 1 77 g7 1 88 0.360827 0.299293 0
g7 1 79 g7 1 67 0.369931 0.217543 1
g7 1 90 g7 1 66 0.417736 0.204809 1
g7 1 136 g7 1 88 0.624477 0.278841 1
g7 1 66 g7 1 75 0.314579 0.243261 1
g7 1 67 g7 1 97 0.318257 0.255342 1
g7 1 78 g7 1 97 0.367263 0.302368 0
g7 1 78 g7 1 75 0.36645 0.2283 1
g7 1 88 g7 1 79 0.411685 0.267838 1
g7 1 97 g7 1 91 0.451039 0.194214 1
g7 1 62 g7 1 67 0.297416 0.300022 0
g7 1 101 g7 1 77 0.467554 0.175852 1
g7 1 39 g7 1 67 0.200653 0.363805 0
g7 1 70 g7 1 100 0.332068 0.366107 0
g7 1 72 g7 1 66 0.341343 0.154116 1
g7 1 71 g7 1 60 0.336692 0.27246 1
g7 1 72 g7 1 73 0.339994 0.167207 1
g7 1 96 g7 1 79 0.447033 0.237336 1
g7 1 63 g7 1 57 0.30235 0.30922 1
g7 1 66 g7 1 65 0.314066 0.258674 1
g7 1 84 g7 1 89 0.392252 0.162882 1
g7 1 119 g7 1 91 0.550189 0.298131 1
g7 1 110 g7 1 103 0.507916 0.245886 1
g7 1 105 g7 1 72 0.486519 0.384203 0
g7 1 104 g7 1 103 0.483735 0.223071 0
g7 1 91 g7 1 71 0.423159 0.238848 1
g7 1 99 g7 1 94 0.459659 0.159645 1
g7 1 83 g7 1 93 0.389222 0.211323 1
g7 1 92 g7 1 94 0.429423 0.157543 1
g7 1 88 g7 1 91 0.410797 0.186894 1
g7 1 93 g7 1 94 0.434724 0.166753 1
