g1 2 22 g6 2 30 0.065961 0.169768 1
g1 2 21 g6 2 32 0.064041 0.182766 1
g1 2 25 g6 2 23 0.072884 0.142628 1
g1 2 40 g1 2 22 0.11539 0.122917 1
g1 2 31 g2 2 15 0.08575 0.192795 1
g1 2 27 g1 2 23 0.076401 0.153719 1
g1 2 29 g1 2 26 0.081208 0.127131 1
g1 2 18 g1 2 25 0.058164 0.11378 1
g1 2 22 g1 2 25 0.066735 0.13298 1
g1 2 26 g1 2 23 0.075679 0.159024 1
g1 2 19 g1 2 20 0.060264 0.140108 1
g1 2 24 g1 2 20 0.070137 0.1084 1
g1 2 23 g1 2 23 0.068268 0.0709912 1
g1 2 23 g1 2 23 0.068254 0.124063 1
g1 2 26 g1 2 26 0.074249 0.0804248 1
g1 2 52 g6 2 36 0.126121 0.200435 1
g1 2 24 g1 2 20 0.071655 0.0998263 1
g1 2 35 g6 2 34 0.095709 0.203915 1
g1 2 18 g6 2 29 0.057952 0.130181 1
g1 2 22 g6 2 32 0.066399 0.189666 1
g1 2 19 g6 2 30 0.060029 0.141693 1
g1 2 26 g6 2 28 0.078845 0.162342 1
g1 2 20 g2 2 15 0.062771 0.191332 1
g1 2 22 g1 2 17 0.067665 0.0826369 1
g1 2 21 g1 2 18 0.064088 0.0905276 1
g1 2 30 g1 2 27 0.083732 0.133558 1
g1 2 28 g1 2 24 0.082949 0.151798 1
g1 2 37 g1 2 24 0.10069 0.252167 1
g1 2 27 g1 2 22 0.077129 0.202364 1
g1 2 27 g1 2 35 0.076861 0.106825 1
g1 2 21 g1 2 23 0.066225 0.0890126 1
g1 2 21 g1 2 22 0.064134 0.16291 1
g1 2 17 g1 2 24 0.055779 0.0803424 1
g1 2 26 g1 2 23 0.074274 0.224511 1
g1 2 21 g1 2 27 0.064235 0.239584 1
g1 2 22 g1 2 22 0.065777 0.156561 1
g1 2 28 g1 2 22 0.07909 0.164012 1
g1 2 22 g1 2 22 0.067434 0.158704 1
g1 2 20 g1 2 21 0.062039 0.163986 1
g1 2 21 g1 2 22 0.064262 0.127 1
g1 2 24 g1 2 24 0.070179 0.157281 1
g1 2 26 g1 2 26 0.074488 0.208272 1
g1 2 21 g1 2 23 0.064133 0.184014 1
g1 2 22 g1 2 22 0.066325 0.171721 1
g1 2 26 g1 2 22 0.074646 0.166915 1
g1 2 19 g1 2 26 0.061604 0.235 1
g1 2 24 g6 2 34 0.06996 0.18875 1
g1 2 26 g6 2 32 0.0743 0.197104 1
g1 2 20 g6 2 35 0.062378 0.172626 1
g1 2 25 g6 2 37 0.072468 0.129048 1
g1 2 35 g2 2 15 0.09652 0.221742 1
g1 2 23 g6 2 23 0.068992 0.151302 1
g1 2 31 g2 2 15 0.086305 0.17079 1
g1 2 20 g1 2 16 0.061982 0.074766 1
g1 2 18 g1 2 16 0.057877 0.0666175 1
g1 2 14 g1 2 16 0.050237 0.097091 1
g1 2 14 g1 2 14 0.05026 0.0732514 1
g1 2 15 g1 2 15 0.052478 0.0769861 1
g1 2 15 g1 2 15 0.051736 0.0601426 1
g1 2 17 g1 2 16 0.055935 0.0660645 1
g1 2 14 g1 2 15 0.05215 0.111548 1
g2 2 13 g2 2 12 0.048835 0.104895 1
g2 2 13 g2 2 12 0.048393 0.100152 1
g2 2 15 g2 2 15 0.051947 0.181384 1
g2 2 12 g2 2 12 0.045902 0.149102 1
g2 2 13 g2 2 12 0.048654 0.151942 1
g2 2 11 g2 2 15 0.043542 0.165786 1
g2 2 12 g2 2 12 0.046186 0.125499 1
g2 2 13 g2 2 12 0.04895 0.10506 1
g2 2 13 g2 2 12 0.048978 0.16345 1
g2 2 27 g2 2 24 0.078549 0.131999 1
g2 2 14 g2 2 12 0.050126 0.107382 1
g2 2 13 g2 2 12 0.049411 0.106109 1
g2 2 13 g2 2 12 0.048707 0.120002 1
g2 2 14 g2 2 12 0.05051 0.127057 1
g2 2 14 g2 2 12 0.05094 0.180586 1
g2 2 13 g2 2 12 0.048647 0.142003 1
g2 2 10 g2 2 15 0.042095 0.257722 1
g2 2 13 g2 2 12 0.048774 0.0980197 1
g2 2 14 g2 2 12 0.050568 0.105194 1
g2 2 13 g2 2 12 0.051562 0.161468 1
g2 2 14 g2 2 12 0.051053 0.143054 1
g2 2 14 g2 2 12 0.050987 0.214652 1
g2 2 12 g2 2 12 0.046261 0.142436 1
g2 2 15 g2 2 12 0.053377 0.101405 1
g2 2 16 g2 2 15 0.053869 0.171857 1
g2 2 13 g2 2 12 0.048955 0.160181 1
g2 2 13 g2 2 15 0.04888 0.242999 1
g2 2 14 g2 2 12 0.050263 0.163168 1
g2 2 16 g2 2 12 0.054958 0.134649 1
g2 2 29 g2 2 26 0.083245 0.119545 1
g2 2 26 g2 2 25 0.074668 0.152066 1
g2 2 27 g2 2 24 0.07735 0.135915 1
g2 2 23 g1 2 21 0.069061 0.27101 1
g2 2 18 g2 2 20 0.057976 0.108109 1
g2 2 20 g2 2 19 0.062358 0.111781 1
g2 2 30 g2 2 27 0.085809 0.124809 1
g2 2 21 g2 2 22 0.066163 0.0915402 1
g2 2 18 g2 2 21 0.05794 0.09341 1
g2 2 17 g2 2 19 0.056361 0.0936848 1
g2 2 19 g2 2 19 0.058702 0.0877324 1
g2 2 18 g2 2 19 0.059914 0.0914348 1
g2 2 19 g2 2 19 0.060002 0.0712885 1
g2 2 17 g2 2 19 0.057949 0.114198 1
g2 2 20 g2 2 19 0.062568 0.073588 1
g2 2 20 g2 2 19 0.064261 0.0967156 1
g2 2 23 g2 2 21 0.068069 0.144163 1
g2 2 15 g2 2 20 0.052408 0.130696 1
g2 2 20 g2 2 19 0.062175 0.0832217 1
g2 2 40 g2 2 26 0.107556 0.163425 1
g2 2 20 g2 2 20 0.062306 0.0960384 1
g2 2 25 g2 2 21 0.072458 0.0813563 1
g2 2 25 g1 2 29 0.074362 0.220425 1
g2 2 19 g2 2 19 0.05979 0.112486 1
g2 2 17 g2 2 21 0.057651 0.097333 1
g2 2 22 g1 2 31 0.065646 0.122122 1
g2 2 20 g2 2 21 0.062404 0.107351 1
g2 2 24 g1 2 25 0.07056 0.197976 1
g2 2 22 g2 2 26 0.066235 0.120047 1
g2 2 19 g2 2 27 0.059737 0.119208 1
g2 2 27 g2 2 26 0.078993 0.118647 1
g2 2 17 g2 2 19 0.056279 0.100057 1
g2 2 19 g1 2 28 0.060306 0.292518 1
g2 2 28 g2 2 23 0.07903 0.166886 1
g2 2 14 g2 2 12 0.050186 0.14921 1
g2 2 12 g2 2 12 0.046201 0.119037 1
g2 2 13 g2 2 12 0.048737 0.0842657 1
g3 1 34 g3 1 44 0.096623 0.317284 1
g3 1 33 g3 1 46 0.09324 0.219336 1
g3 1 47 g3 1 40 0.123235 0.300735 1
g3 1 50 g3 1 38 0.131894 0.292126 1
g3 1 53 g1 2 28 0.135729 0.394027 1
g3 1 47 g3 1 35 0.127048 0.254261 1
g3 1 45 g3 1 35 0.11911 0.283474 1
g3 1 45 g3 1 39 0.122948 0.271269 1
g3 1 42 g3 1 62 0.113879 0.270819 1
g3 1 41 g3 1 44 0.115769 0.289394 1
g3 1 42 g3 1 55 0.112697 0.278039 1
g3 1 45 g3 1 46 0.119189 0.244614 1
g3 1 44 g3 1 41 0.116447 0.235877 1
g3 1 45 g3 1 58 0.123164 0.252537 1
g3 1 42 g3 1 38 0.112945 0.493665 1
g3 1 42 g3 1 40 0.112248 0.203043 1
g3 1 39 g3 1 40 0.106765 0.203044 1
g3 1 54 g1 2 24 0.145355 0.362888 1
g3 1 46 g3 1 39 0.121727 0.241867 1
g3 1 46 g3 1 40 0.122487 0.209648 1
g3 1 48 g3 1 45 0.127762 0.216754 1
g3 1 46 g3 1 55 0.124239 0.223339 1
g3 1 44 g3 1 39 0.117956 0.239907 1
g3 1 41 g3 1 35 0.111673 0.247535 1
g3 1 45 g3 1 40 0.120461 0.311268 1
g3 1 42 g3 1 36 0.112764 0.292783 1
g3 1 48 g3 1 55 0.129122 0.300204 1
g3 1 64 g3 1 40 0.163541 0.285783 1
g3 1 56 g3 1 36 0.145684 0.289882 1
g3 1 48 g3 1 37 0.128279 0.198829 1
g3 1 55 g3 1 58 0.142502 0.224211 1
g3 1 51 g3 1 39 0.133737 0.271578 1
g3 1 47 g3 1 38 0.124245 0.215558 1
g3 1 49 g3 1 40 0.131448 0.234342 1
g3 1 50 g3 1 45 0.129654 0.252466 1
g3 1 48 g3 1 57 0.128159 0.27381 1
g3 1 49 g3 1 30 0.129994 0.323088 1
g3 1 57 g3 1 67 0.148981 0.266969 1
g3 1 59 g3 1 67 0.149942 0.253434 1
g3 1 44 g3 1 41 0.117927 0.369473 1
g3 1 26 g3 1 45 0.087662 0.815193 0
g3 1 47 g3 1 42 0.127408 0.286109 1
g3 1 40 g3 1 37 0.109535 0.220951 1
g3 1 38 g3 1 39 0.102633 0.198995 1
g3 1 40 g3 1 40 0.105969 0.222099 1
g3 1 42 g3 1 45 0.111301 0.299045 1
g3 1 37 g3 1 36 0.102249 0.333865 1
g3 1 41 g3 1 40 0.111752 0.166086 1
g3 1 38 g3 1 35 0.104542 0.213044 1
g3 1 37 g3 1 45 0.102711 0.298428 1
g3 1 41 g3 1 45 0.11228 0.255173 1
g4 2 35 g4 2 29 0.095424 0.200981 1
g4 2 35 g4 2 40 0.095812 0.074868 1
g4 2 42 g4 2 43 0.112292 0.165537 1
g4 2 42 g4 2 40 0.111928 0.165293 1
g4 2 39 g4 2 44 0.105043 0.123519 1
g4 2 40 g4 2 49 0.110374 0.144795 1
g4 2 48 g3 1 42 0.127764 0.263518 1
g4 2 40 g4 2 40 0.108075 0.163291 1
g4 2 47 g4 2 46 0.124476 0.155578 1
g4 2 45 g4 2 47 0.121065 0.164294 1
g4 2 44 g4 2 44 0.11696 0.139688 1
g4 2 46 g4 2 49 0.12143 0.115756 1
g4 2 50 g4 2 49 0.131293 0.0830325 1
g4 2 43 g4 2 29 0.114799 0.121298 1
g4 2 28 g4 2 31 0.080359 0.135106 1
g4 2 29 g4 2 28 0.080905 0.0741795 1
g4 2 28 g4 2 27 0.081061 0.0812595 1
g4 2 31 g4 2 32 0.086668 0.148538 1
g4 2 29 g4 2 31 0.08059 0.10039 1
g4 2 32 g4 2 32 0.088588 0.113248 1
g4 2 33 g4 2 38 0.093281 0.0895119 1
g4 2 34 g4 2 30 0.093848 0.105078 1
g4 2 38 g4 2 46 0.102428 0.154445 1
g4 2 28 g4 2 30 0.078573 0.111214 1
g4 2 35 g4 2 33 0.096192 0.0928454 1
g4 2 35 g4 2 35 0.097255 0.054118 1
g4 2 39 g4 2 34 0.106852 0.0895005 1
g4 2 39 g4 2 41 0.105291 0.110703 1
g4 2 44 g4 2 30 0.115752 0.100345 1
g4 2 44 g4 2 32 0.116288 0.109677 1
g4 2 29 g4 2 35 0.08115 0.0896642 1
g4 2 29 g4 2 31 0.083547 0.0966102 1
g4 2 31 g4 2 32 0.085946 0.0844094 1
g4 2 32 g4 2 32 0.088393 0.129553 1
g4 2 43 g4 2 32 0.114177 0.104682 1
g4 2 40 g4 2 32 0.10772 0.189227 1
g4 2 44 g4 2 39 0.119093 0.150614 1
g4 2 31 g4 2 30 0.085592 0.0719758 1
g4 2 43 g4 2 39 0.114678 0.100572 1
g4 2 48 g4 2 39 0.126267 0.11545 1
g4 2 39 g4 2 40 0.105069 0.0739062 1
g4 2 43 g4 2 30 0.116434 0.099075 1
g5 2 41 g5 2 48 0.110829 0.0936454 1
g5 2 43 g5 2 42 0.114815 0.0802734 1
g5 2 42 g5 2 50 0.114087 0.110121 1
g5 2 40 g5 2 50 0.10909 0.126498 1
g5 2 34 g5 2 48 0.096581 0.167191 1
g5 2 40 g5 2 48 0.108926 0.10047 1
g5 2 39 g4 2 32 0.106107 0.19223 1
g5 2 44 g5 2 48 0.118206 0.179595 1
g5 2 38 g5 2 49 0.103831 0.208098 1
g5 2 31 g5 2 30 0.088097 0.119656 1
g5 2 33 g5 2 33 0.094325 0.123368 1
g5 2 39 g5 2 33 0.106058 0.114927 1
g5 2 32 g5 2 40 0.09144 0.147538 1
g5 2 34 g4 2 29 0.094427 0.192093 1
g5 2 41 g5 2 49 0.112944 0.168088 1
g5 2 37 g5 2 33 0.101051 0.206707 1
g5 2 36 g5 2 49 0.098621 0.176142 1
g5 2 33 g5 2 33 0.092955 0.183825 1
g5 2 36 g5 2 49 0.099173 0.169152 1
g5 2 36 g4 2 29 0.09884 0.176426 1
g5 2 37 g5 2 49 0.103496 0.142442 1
g5 2 36 g4 2 29 0.098852 0.174111 1
g5 2 37 g4 2 29 0.101726 0.209175 1
g5 2 36 g5 2 48 0.098808 0.172507 1
g5 2 39 g5 2 48 0.106273 0.13397 1
g5 2 39 g5 2 52 0.107573 0.154602 1
g5 2 37 g4 2 29 0.101502 0.149926 1
g5 2 37 g5 2 52 0.101473 0.168346 1
g5 2 38 g5 2 49 0.103776 0.216505 1
g5 2 38 g5 2 48 0.103694 0.163797 1
g5 2 36 g4 2 32 0.100617 0.192569 1
g5 2 37 g5 2 48 0.101632 0.131962 1
g5 2 35 g5 2 47 0.097277 0.142198 1
g5 2 37 g5 2 48 0.102322 0.14226 1
g5 2 37 g5 2 47 0.101293 0.144625 1
g5 2 41 g5 2 47 0.112521 0.101672 1
g5 2 53 g5 2 49 0.138188 0.12125 1
g5 2 38 g5 2 47 0.10439 0.0936596 1
g5 2 45 g5 2 50 0.11948 0.0808529 1
g5 2 45 g5 2 47 0.121697 0.120769 1
g5 2 48 g5 2 57 0.128603 0.133671 1
g5 2 45 g5 2 57 0.122408 0.0969753 1
g5 2 45 g5 2 52 0.121224 0.102699 1
g5 2 48 g5 2 49 0.12809 0.0952967 1
g5 2 45 g5 2 50 0.122502 0.0759647 1
g6 2 38 g6 2 36 0.103148 0.0832649 1
g6 2 37 g6 2 36 0.101101 0.0919877 1
g6 2 40 g6 2 32 0.106841 0.104036 1
g6 2 39 g6 2 32 0.104688 0.177701 1
g6 2 33 g6 2 36 0.093037 0.0739164 1
g6 2 32 g6 2 38 0.08893 0.121687 1
g6 2 35 g6 2 36 0.096237 0.0944504 1
g6 2 36 g6 2 36 0.097643 0.131658 1
g6 2 34 g6 2 36 0.093115 0.102656 1
g6 2 30 g6 2 36 0.083137 0.105279 1
g6 2 37 g6 2 35 0.10211 0.14888 1
g6 2 40 g6 2 57 0.106968 0.0781961 1
g6 2 39 g6 2 39 0.104725 0.0718683 1
g6 2 29 g6 2 36 0.080869 0.12352 1
g6 2 34 g6 2 39 0.093913 0.164024 1
g6 2 39 g6 2 37 0.107131 0.0867312 1
g6 2 33 g6 2 36 0.091568 0.0986273 1
g6 2 41 g6 2 37 0.109351 0.0893568 1
g6 2 34 g6 2 36 0.093146 0.0844872 1
g6 2 33 g6 2 36 0.091666 0.141988 1
g6 2 39 g6 2 36 0.104691 0.0943078 1
g6 2 54 g6 2 36 0.140624 0.153552 1
g6 2 36 g6 2 37 0.098187 0.100885 1
g6 2 32 g6 2 37 0.088159 0.123474 1
g6 2 34 g6 2 36 0.093708 0.119653 1
g6 2 33 g6 2 32 0.091886 0.235521 1
g6 2 42 g6 2 36 0.113964 0.113696 1
g6 2 33 g6 2 36 0.091325 0.0889257 1
g6 2 33 g6 2 36 0.09151 0.0953035 1
g6 2 27 g6 2 31 0.076519 0.105149 1
g6 2 30 g6 2 32 0.082977 0.0827278 1
g6 2 31 g6 2 32 0.086418 0.112569 1
g6 2 49 g6 2 45 0.130062 0.369142 1
g6 2 37 g1 2 27 0.100873 0.24954 1
g6 2 30 g6 2 31 0.08309 0.0481761 1
g6 2 31 g6 2 33 0.085137 0.0835578 1
g6 2 33 g6 2 33 0.091494 0.0749726 1
g6 2 31 g6 2 33 0.087401 0.0741513 1
g6 2 35 g6 2 34 0.096655 0.0786984 1
g6 2 37 g6 2 35 0.101193 0.0650936 1
g6 2 35 g6 2 42 0.097245 0.094644 1
g7 1 35 g7 1 42 0.099305 0.274072 1
g7 1 32 g7 1 40 0.089083 0.213871 1
g7 1 35 g7 1 37 0.098246 0.314541 1
g7 1 36 g7 1 50 0.099277 0.156651 1
g7 1 38 g7 1 32 0.103103 0.283299 1
g7 1 39 g7 1 50 0.106626 0.199292 1
g7 1 32 g7 1 39 0.090209 0.269915 1
g7 1 33 g7 1 34 0.096935 0.128595 1
g7 1 25 g7 1 29 0.072437 0.23025 1
g7 1 30 g3 1 38 0.085372 0.404612 1
g7 1 32 g7 1 31 0.089953 0.224395 1
g7 1 34 g7 1 32 0.095269 0.163102 1
g7 1 34 g7 1 37 0.093568 0.212897 1
g7 1 32 g7 1 27 0.088832 0.175722 1
g7 1 27 g7 1 27 0.076271 0.223942 1
g7 1 31 g7 1 29 0.085846 0.174304 1
g7 1 31 g7 1 26 0.085608 0.169538 1
g7 1 28 g7 1 30 0.08121 0.216126 1
g7 1 29 g7 1 27 0.081746 0.234621 1
g7 1 29 g7 1 26 0.084209 0.163887 1
g7 1 29 g7 1 30 0.082521 0.201632 1
g7 1 25 g7 1 25 0.074496 0.0634586 1
g7 1 37 g1 2 15 0.10031 0.530052 1
g7 1 33 g7 1 33 0.09034 0.236254 1
g7 1 43 g7 1 26 0.116885 0.325197 1
g7 1 35 g7 1 46 0.094902 0.348845 1
g7 1 32 g2 2 21 0.088163 0.420181 1
g7 1 36 g7 1 35 0.098193 0.16725 1
g7 1 33 g1 2 15 0.092979 0.551134 1
g7 1 34 g7 1 36 0.092575 0.358404 1
g7 1 34 g7 1 34 0.095926 0.230783 1
g7 1 42 g7 1 45 0.111441 0.299935 1
g7 1 37 g7 1 41 0.10207 0.295442 1
g7 1 38 g7 1 33 0.103494 0.215944 1
g7 1 44 g7 1 31 0.116553 0.208828 1
g7 1 66 g7 1 41 0.163756 0.282145 1
g7 1 32 g7 1 37 0.090394 0.24747 1
g7 1 33 g7 1 48 0.091339 0.259356 1
g7 1 37 g7 1 41 0.103782 0.258088 1
g7 1 38 g7 1 37 0.103583 0.234551 1
g7 1 43 g7 1 39 0.116764 0.261738 1
g7 1 46 g7 1 43 0.124349 0.186543 1
g7 1 30 g7 1 31 0.083934 0.263501 1
g7 1 48 g7 1 38 0.127809 0.179544 1
g7 1 19 g7 1 34 0.060018 0.362941 1
g7 1 33 g7 1 49 0.094978 0.362298 1
g7 1 34 g7 1 32 0.095254 0.154278 1
g7 1 34 g7 1 29 0.09562 0.281279 1
g7 1 35 g7 1 29 0.097311 0.218815 1
g7 1 47 g7 1 39 0.124293 0.239458 1
g7 1 31 g7 1 27 0.088129 0.320248 1
g7 1 31 g7 1 31 0.087247 0.258225 1
g7 1 40 g7 1 43 0.108974 0.168175 1
g7 1 59 g7 1 43 0.154103 0.298299 1
g7 1 54 g7 1 50 0.141277 0.245747 1
g7 1 52 g7 1 35 0.137972 0.381369 1
g7 1 51 g7 1 50 0.134012 0.22973 1
g7 1 33 g7 1 33 0.104785 0.226786 1
g7 1 49 g7 1 46 0.129347 0.164696 1
g7 1 41 g7 1 45 0.111095 0.208928 1
g7 1 45 g7 1 46 0.121212 0.158187 1
g7 1 43 g7 1 43 0.11448 0.191376 1
g7 1 45 g7 1 46 0.120421 0.173496 1
