g1 2 22 g6 2 30 0.066608 0.169768 1
g1 2 21 g6 2 32 0.065463 0.182766 1
g1 2 25 g6 2 23 0.074364 0.142628 1
g1 2 40 g1 2 22 0.115949 0.122917 1
g1 2 31 g2 2 15 0.085845 0.192795 1
g1 2 27 g1 2 23 0.087723 0.153719 1
g1 2 29 g1 2 26 0.083566 0.127131 1
g1 2 18 g1 2 25 0.058771 0.11378 1
g1 2 22 g1 2 25 0.068355 0.13298 1
g1 2 26 g1 2 23 0.075318 0.159024 1
g1 2 19 g1 2 20 0.061591 0.140108 1
g1 2 24 g1 2 20 0.070615 0.1084 1
g1 2 23 g1 2 23 0.068814 0.0709912 1
g1 2 23 g1 2 23 0.068469 0.124063 1
g1 2 26 g1 2 26 0.075004 0.0804248 1
g1 2 52 g6 2 36 0.126154 0.200435 1
g1 2 24 g1 2 20 0.071825 0.0998263 1
g1 2 35 g6 2 34 0.096008 0.203915 1
g1 2 18 g6 2 29 0.059606 0.130181 1
g1 2 22 g6 2 32 0.068584 0.189666 1
g1 2 19 g6 2 30 0.060745 0.141693 1
g1 2 26 g6 2 28 0.074599 0.162342 1
g1 2 20 g2 2 15 0.06286 0.191332 1
g1 2 22 g1 2 17 0.06699 0.0826369 1
g1 2 21 g1 2 18 0.064756 0.0905276 1
g1 2 30 g1 2 27 0.083564 0.133558 1
g1 2 28 g1 2 24 0.080028 0.151798 1
g1 2 37 g1 2 24 0.101085 0.252167 1
g1 2 27 g1 2 22 0.077577 0.202364 1
g1 2 27 g1 2 35 0.077912 0.106825 1
g1 2 21 g1 2 23 0.065515 0.0890126 1
g1 2 21 g1 2 22 0.064074 0.16291 1
g1 2 17 g1 2 24 0.056779 0.0803424 1
g1 2 26 g1 2 23 0.074961 0.224511 1
g1 2 21 g1 2 27 0.06569 0.239584 1
g1 2 22 g1 2 22 0.066496 0.156561 1
g1 2 28 g1 2 22 0.078765 0.164012 1
g1 2 22 g1 2 22 0.067116 0.158704 1
g1 2 20 g1 2 21 0.063978 0.163986 1
g1 2 21 g1 2 22 0.064353 0.127 1
g1 2 24 g1 2 24 0.071452 0.157281 1
g1 2 26 g1 2 26 0.074781 0.208272 1
g1 2 21 g1 2 23 0.064877 0.184014 1
g1 2 22 g1 2 22 0.066158 0.171721 1
g1 2 26 g1 2 22 0.075161 0.166915 1
g1 2 19 g1 2 26 0.060484 0.235 1
g1 2 24 g6 2 34 0.070578 0.18875 1
g1 2 26 g6 2 32 0.074489 0.197104 1
g1 2 20 g6 2 35 0.065059 0.172626 1
g1 2 25 g6 2 37 0.075379 0.129048 1
g1 2 35 g2 2 15 0.096437 0.221742 1
g1 2 23 g6 2 23 0.069971 0.151302 1
g1 2 31 g2 2 15 0.086554 0.17079 1
g1 2 20 g1 2 16 0.062456 0.074766 1
g1 2 18 g1 2 16 0.058137 0.0666175 1
g1 2 14 g1 2 16 0.050294 0.097091 1
g1 2 14 g1 2 14 0.050771 0.0732514 1
g1 2 15 g1 2 15 0.052398 0.0769861 1
g1 2 15 g1 2 15 0.052444 0.0601426 1
g1 2 17 g1 2 16 0.056912 0.0660645 1
g1 2 14 g1 2 15 0.05038 0.111548 1
g2 2 13 g2 2 12 0.049241 0.104895 1
g2 2 13 g2 2 12 0.050615 0.100152 1
g2 2 15 g2 2 15 0.054801 0.181384 1
g2 2 12 g2 2 12 0.046341 0.149102 1
g2 2 13 g2 2 12 0.049183 0.151942 1
g2 2 11 g2 2 15 0.043395 0.165786 1
g2 2 12 g2 2 12 0.046911 0.125499 1
g2 2 13 g2 2 12 0.048995 0.10506 1
g2 2 13 g2 2 12 0.049307 0.16345 1
g2 2 27 g2 2 24 0.077342 0.131999 1
g2 2 14 g2 2 12 0.051161 0.107382 1
g2 2 13 g2 2 12 0.050161 0.106109 1
g2 2 13 g2 2 12 0.048676 0.120002 1
g2 2 14 g2 2 12 0.050897 0.127057 1
g2 2 14 g2 2 12 0.050542 0.180586 1
g2 2 13 g2 2 12 0.049628 0.142003 1
g2 2 10 g2 2 15 0.042224 0.257722 1
g2 2 13 g2 2 12 0.04888 0.0980197 1
g2 2 14 g2 2 12 0.050791 0.105194 1
g2 2 13 g2 2 12 0.048989 0.161468 1
g2 2 14 g2 2 12 0.050959 0.143054 1
g2 2 14 g2 2 12 0.050533 0.214652 1
g2 2 12 g2 2 12 0.046763 0.142436 1
g2 2 15 g2 2 12 0.052426 0.101405 1
g2 2 16 g2 2 15 0.05422 0.171857 1
g2 2 13 g2 2 12 0.048698 0.160181 1
g2 2 13 g2 2 15 0.048356 0.242999 1
g2 2 14 g2 2 12 0.050059 0.163168 1
g2 2 16 g2 2 12 0.054323 0.134649 1
g2 2 29 g2 2 26 0.081834 0.119545 1
g2 2 26 g2 2 25 0.075148 0.152066 1
g2 2 27 g2 2 24 0.077857 0.135915 1
g2 2 23 g1 2 21 0.06888 0.27101 1
g2 2 18 g2 2 20 0.05863 0.108109 1
g2 2 20 g2 2 19 0.062111 0.111781 1
g2 2 30 g2 2 27 0.08561 0.124809 1
g2 2 21 g2 2 22 0.065318 0.0915402 1
g2 2 18 g2 2 21 0.06194 0.09341 1
g2 2 17 g2 2 19 0.058935 0.0936848 1
g2 2 19 g2 2 19 0.062474 0.0877324 1
g2 2 18 g2 2 19 0.063195 0.0914348 1
g2 2 19 g2 2 19 0.063891 0.0712885 1
g2 2 17 g2 2 19 0.061291 0.114198 1
g2 2 20 g2 2 19 0.065844 0.073588 1
g2 2 20 g2 2 19 0.069739 0.0967156 1
g2 2 23 g2 2 21 0.074322 0.144163 1
g2 2 15 g2 2 20 0.055454 0.130696 1
g2 2 20 g2 2 19 0.065252 0.0832217 1
g2 2 40 g2 2 26 0.113221 0.163425 1
g2 2 20 g2 2 20 0.065669 0.0960384 1
g2 2 25 g2 2 21 0.080483 0.0813563 1
g2 2 25 g1 2 29 0.081436 0.220425 1
g2 2 19 g2 2 19 0.066507 0.112486 1
g2 2 17 g2 2 21 0.062578 0.097333 1
g2 2 22 g1 2 31 0.070177 0.122122 1
g2 2 20 g2 2 21 0.068918 0.107351 1
g2 2 24 g1 2 25 0.074332 0.197976 1
g2 2 22 g2 2 26 0.069195 0.120047 1
g2 2 19 g2 2 27 0.067305 0.119208 1
g2 2 27 g2 2 26 0.082858 0.118647 1
g2 2 17 g2 2 19 0.060314 0.100057 1
g2 2 19 g1 2 28 0.065357 0.292518 0
g2 2 28 g2 2 23 0.086052 0.166886 1
g2 2 14 g2 2 12 0.053851 0.14921 1
g2 2 12 g2 2 12 0.051447 0.119037 1
g2 2 13 g2 2 12 0.053077 0.0842657 1
g3 1 34 g3 1 44 0.104267 0.317284 1
g3 1 33 g3 1 46 0.09913 0.219336 1
g3 1 47 g3 1 40 0.131251 0.300735 1
g3 1 50 g3 1 38 0.138077 0.292126 0
g3 1 53 g1 2 28 0.136969 0.394027 0
g3 1 47 g3 1 35 0.138915 0.254261 1
g3 1 45 g3 1 35 0.126378 0.283474 1
g3 1 45 g3 1 39 0.122415 0.271269 1
g3 1 42 g3 1 62 0.129558 0.270819 1
g3 1 41 g3 1 44 0.11525 0.289394 1
g3 1 42 g3 1 55 0.114015 0.278039 0
g3 1 45 g3 1 46 0.141488 0.244614 1
g3 1 44 g3 1 41 0.131535 0.235877 1
g3 1 45 g3 1 58 0.129603 0.252537 1
g3 1 42 g3 1 38 0.12275 0.493665 0
g3 1 42 g3 1 40 0.123318 0.203043 1
g3 1 39 g3 1 40 0.116452 0.203044 1
g3 1 54 g1 2 24 0.151065 0.362888 0
g3 1 46 g3 1 39 0.123372 0.241867 1
g3 1 46 g3 1 40 0.128782 0.209648 1
g3 1 48 g3 1 45 0.137201 0.216754 1
g3 1 46 g3 1 55 0.133052 0.223339 1
g3 1 44 g3 1 39 0.127726 0.239907 1
g3 1 41 g3 1 35 0.120354 0.247535 1
g3 1 45 g3 1 40 0.123026 0.311268 0
g3 1 42 g3 1 36 0.112088 0.292783 0
g3 1 48 g3 1 55 0.133305 0.300204 1
g3 1 64 g3 1 40 0.167114 0.285783 1
g3 1 56 g3 1 36 0.149674 0.289882 1
g3 1 48 g3 1 37 0.129488 0.198829 1
g3 1 55 g3 1 58 0.144444 0.224211 1
g3 1 51 g3 1 39 0.134654 0.271578 1
g3 1 47 g3 1 38 0.124296 0.215558 1
g3 1 49 g3 1 40 0.130649 0.234342 1
g3 1 50 g3 1 45 0.130224 0.252466 1
g3 1 48 g3 1 57 0.126076 0.27381 1
g3 1 49 g3 1 30 0.139444 0.323088 1
g3 1 57 g3 1 67 0.168012 0.266969 1
g3 1 59 g3 1 67 0.180674 0.253434 1
g3 1 44 g3 1 41 0.131504 0.369473 0
g3 1 26 g3 1 45 0.107968 0.815193 0
g3 1 47 g3 1 42 0.159622 0.286109 0
g3 1 40 g3 1 37 0.15706 0.220951 1
g3 1 38 g3 1 39 0.134753 0.198995 1
g3 1 40 g3 1 40 0.145569 0.222099 1
g3 1 42 g3 1 45 0.132474 0.299045 0
g3 1 37 g3 1 36 0.119364 0.333865 0
g3 1 41 g3 1 40 0.142967 0.166086 1
g3 1 38 g3 1 35 0.158544 0.213044 1
g3 1 37 g3 1 45 0.135155 0.298428 0
g3 1 41 g3 1 45 0.136554 0.255173 0
g4 2 35 g4 2 29 0.106585 0.200981 1
g4 2 35 g4 2 40 0.106439 0.074868 1
g4 2 42 g4 2 43 0.122882 0.165537 1
g4 2 42 g4 2 40 0.132578 0.165293 1
g4 2 39 g4 2 44 0.112852 0.123519 1
g4 2 40 g4 2 49 0.171332 0.144795 1
g4 2 48 g3 1 42 0.141454 0.263518 1
g4 2 40 g4 2 40 0.145394 0.163291 1
g4 2 47 g4 2 46 0.163599 0.155578 1
g4 2 45 g4 2 47 0.138341 0.164294 1
g4 2 44 g4 2 44 0.11786 0.139688 1
g4 2 46 g4 2 49 0.127711 0.115756 1
g4 2 50 g4 2 49 0.141122 0.0830325 1
g4 2 43 g4 2 29 0.125868 0.121298 1
g4 2 28 g4 2 31 0.087646 0.135106 1
g4 2 29 g4 2 28 0.082251 0.0741795 1
g4 2 28 g4 2 27 0.080963 0.0812595 1
g4 2 31 g4 2 32 0.087512 0.148538 1
g4 2 29 g4 2 31 0.081312 0.10039 1
g4 2 32 g4 2 32 0.088885 0.113248 1
g4 2 33 g4 2 38 0.092434 0.0895119 1
g4 2 34 g4 2 30 0.095415 0.105078 1
g4 2 38 g4 2 46 0.11349 0.154445 1
g4 2 28 g4 2 30 0.086088 0.111214 1
g4 2 35 g4 2 33 0.098233 0.0928454 1
g4 2 35 g4 2 35 0.09683 0.054118 1
g4 2 39 g4 2 34 0.105236 0.0895005 1
g4 2 39 g4 2 41 0.104791 0.110703 1
g4 2 44 g4 2 30 0.11875 0.100345 1
g4 2 44 g4 2 32 0.116847 0.109677 1
g4 2 29 g4 2 35 0.081322 0.0896642 1
g4 2 29 g4 2 31 0.081162 0.0966102 1
g4 2 31 g4 2 32 0.086599 0.0844094 1
g4 2 32 g4 2 32 0.088781 0.129553 1
g4 2 43 g4 2 32 0.114101 0.104682 1
g4 2 40 g4 2 32 0.107166 0.189227 1
g4 2 44 g4 2 39 0.116772 0.150614 1
g4 2 31 g4 2 30 0.085476 0.0719758 1
g4 2 43 g4 2 39 0.115044 0.100572 1
g4 2 48 g4 2 39 0.127729 0.11545 1
g4 2 39 g4 2 40 0.112436 0.0739062 1
g4 2 43 g4 2 30 0.123401 0.099075 1
g5 2 41 g5 2 48 0.115921 0.0936454 1
g5 2 43 g5 2 42 0.11516 0.0802734 1
g5 2 42 g5 2 50 0.113835 0.110121 1
g5 2 40 g5 2 50 0.108247 0.126498 1
g5 2 34 g5 2 48 0.094788 0.167191 1
g5 2 40 g5 2 48 0.109252 0.10047 1
g5 2 39 g4 2 32 0.106514 0.19223 1
g5 2 44 g5 2 48 0.117907 0.179595 1
g5 2 38 g5 2 49 0.115902 0.208098 1
g5 2 31 g5 2 30 0.086685 0.119656 1
g5 2 33 g5 2 33 0.091987 0.123368 1
g5 2 39 g5 2 33 0.105572 0.114927 1
g5 2 32 g5 2 40 0.089015 0.147538 1
g5 2 34 g4 2 29 0.093935 0.192093 1
g5 2 41 g5 2 49 0.111249 0.168088 1
g5 2 37 g5 2 33 0.101685 0.206707 1
g5 2 36 g5 2 49 0.099244 0.176142 1
g5 2 33 g5 2 33 0.092678 0.183825 1
g5 2 36 g5 2 49 0.099692 0.169152 1
g5 2 36 g4 2 29 0.103853 0.176426 1
g5 2 37 g5 2 49 0.110354 0.142442 1
g5 2 36 g4 2 29 0.10806 0.174111 1
g5 2 37 g4 2 29 0.103825 0.209175 1
g5 2 36 g5 2 48 0.098964 0.172507 1
g5 2 39 g5 2 48 0.106944 0.13397 1
g5 2 39 g5 2 52 0.106647 0.154602 1
g5 2 37 g4 2 29 0.101479 0.149926 1
g5 2 37 g5 2 52 0.101507 0.168346 1
g5 2 38 g5 2 49 0.104043 0.216505 1
g5 2 38 g5 2 48 0.104188 0.163797 1
g5 2 36 g4 2 32 0.099317 0.192569 1
g5 2 37 g5 2 48 0.102026 0.131962 1
g5 2 35 g5 2 47 0.0972 0.142198 1
g5 2 37 g5 2 48 0.102613 0.14226 1
g5 2 37 g5 2 47 0.101807 0.144625 1
g5 2 41 g5 2 47 0.112232 0.101672 1
g5 2 53 g5 2 49 0.147146 0.12125 1
g5 2 38 g5 2 47 0.113237 0.0936596 1
g5 2 45 g5 2 50 0.124394 0.0808529 1
g5 2 45 g5 2 47 0.122056 0.120769 1
g5 2 48 g5 2 57 0.134117 0.133671 1
g5 2 45 g5 2 57 0.131218 0.0969753 1
g5 2 45 g5 2 52 0.129929 0.102699 1
g5 2 48 g5 2 49 0.129162 0.0952967 1
g5 2 45 g5 2 50 0.123237 0.0759647 1
g6 2 38 g6 2 36 0.110609 0.0832649 1
g6 2 37 g6 2 36 0.106425 0.0919877 1
g6 2 40 g6 2 32 0.113315 0.104036 1
g6 2 39 g6 2 32 0.107089 0.177701 1
g6 2 33 g6 2 36 0.091408 0.0739164 1
g6 2 32 g6 2 38 0.088974 0.121687 1
g6 2 35 g6 2 36 0.095448 0.0944504 1
g6 2 36 g6 2 36 0.099486 0.131658 1
g6 2 34 g6 2 36 0.100053 0.102656 1
g6 2 30 g6 2 36 0.088469 0.105279 1
g6 2 37 g6 2 35 0.107479 0.14888 1
g6 2 40 g6 2 57 0.113134 0.0781961 1
g6 2 39 g6 2 39 0.111405 0.0718683 1
g6 2 29 g6 2 36 0.08622 0.12352 1
g6 2 34 g6 2 39 0.098974 0.164024 1
g6 2 39 g6 2 37 0.105147 0.0867312 1
g6 2 33 g6 2 36 0.091546 0.0986273 1
g6 2 41 g6 2 37 0.10986 0.0893568 1
g6 2 34 g6 2 36 0.099578 0.0844872 1
g6 2 33 g6 2 36 0.098156 0.141988 1
g6 2 39 g6 2 36 0.111538 0.0943078 1
g6 2 54 g6 2 36 0.149379 0.153552 1
g6 2 36 g6 2 37 0.104202 0.100885 1
g6 2 32 g6 2 37 0.094351 0.123474 1
g6 2 34 g6 2 36 0.099896 0.119653 1
g6 2 33 g6 2 32 0.09727 0.235521 0
g6 2 42 g6 2 36 0.120139 0.113696 1
g6 2 33 g6 2 36 0.09679 0.0889257 1
g6 2 33 g6 2 36 0.094852 0.0953035 1
g6 2 27 g6 2 31 0.076796 0.105149 1
g6 2 30 g6 2 32 0.082814 0.0827278 1
g6 2 31 g6 2 32 0.087377 0.112569 1
g6 2 49 g6 2 45 0.134832 0.369142 1
g6 2 37 g1 2 27 0.107872 0.24954 1
g6 2 30 g6 2 31 0.087975 0.0481761 1
g6 2 31 g6 2 33 0.091004 0.0835578 1
g6 2 33 g6 2 33 0.09707 0.0749726 1
g6 2 31 g6 2 33 0.09084 0.0741513 1
g6 2 35 g6 2 34 0.102416 0.0786984 1
g6 2 37 g6 2 35 0.106056 0.0650936 1
g6 2 35 g6 2 42 0.101672 0.094644 1
g7 1 35 g7 1 42 0.104281 0.274072 1
g7 1 32 g7 1 40 0.094457 0.213871 1
g7 1 35 g7 1 37 0.102358 0.314541 0
g7 1 36 g7 1 50 0.106203 0.156651 1
g7 1 38 g7 1 32 0.110091 0.283299 1
g7 1 39 g7 1 50 0.113637 0.199292 1
g7 1 32 g7 1 39 0.096025 0.269915 1
g7 1 33 g7 1 34 0.097091 0.128595 1
g7 1 25 g7 1 29 0.07745 0.23025 1
g7 1 30 g3 1 38 0.091116 0.404612 0
g7 1 32 g7 1 31 0.096093 0.224395 1
g7 1 34 g7 1 32 0.10113 0.163102 1
g7 1 34 g7 1 37 0.096936 0.212897 1
g7 1 32 g7 1 27 0.086934 0.175722 1
g7 1 27 g7 1 27 0.076339 0.223942 1
g7 1 31 g7 1 29 0.086645 0.174304 1
g7 1 31 g7 1 26 0.09172 0.169538 1
g7 1 28 g7 1 30 0.084345 0.216126 1
g7 1 29 g7 1 27 0.089861 0.234621 1
g7 1 29 g7 1 26 0.089491 0.163887 1
g7 1 29 g7 1 30 0.087901 0.201632 1
g7 1 25 g7 1 25 0.081038 0.0634586 1
g7 1 37 g1 2 15 0.111677 0.530052 0
g7 1 33 g7 1 33 0.098393 0.236254 1
g7 1 43 g7 1 26 0.123252 0.325197 1
g7 1 35 g7 1 46 0.100962 0.348845 0
g7 1 32 g2 2 21 0.093423 0.420181 0
g7 1 36 g7 1 35 0.107695 0.16725 1
g7 1 33 g1 2 15 0.099585 0.551134 0
g7 1 34 g7 1 36 0.099471 0.358404 1
g7 1 34 g7 1 34 0.102068 0.230783 1
g7 1 42 g7 1 45 0.115246 0.299935 1
g7 1 37 g7 1 41 0.105701 0.295442 1
g7 1 38 g7 1 33 0.110627 0.215944 1
g7 1 44 g7 1 31 0.123805 0.208828 1
g7 1 66 g7 1 41 0.167209 0.282145 1
g7 1 32 g7 1 37 0.089031 0.24747 1
g7 1 33 g7 1 48 0.091701 0.259356 1
g7 1 37 g7 1 41 0.112943 0.258088 1
g7 1 38 g7 1 37 0.118579 0.234551 1
g7 1 43 g7 1 39 0.127944 0.261738 1
g7 1 46 g7 1 43 0.14663 0.186543 1
g7 1 30 g7 1 31 0.097707 0.263501 1
g7 1 48 g7 1 38 0.149901 0.179544 1
g7 1 19 g7 1 34 0.070037 0.362941 1
g7 1 33 g7 1 49 0.094808 0.362298 0
g7 1 34 g7 1 32 0.095682 0.154278 1
g7 1 34 g7 1 29 0.097433 0.281279 1
g7 1 35 g7 1 29 0.109825 0.218815 1
g7 1 47 g7 1 39 0.151553 0.239458 1
g7 1 31 g7 1 27 0.102616 0.320248 1
g7 1 31 g7 1 31 0.092093 0.258225 1
g7 1 40 g7 1 43 0.109376 0.168175 1
g7 1 59 g7 1 43 0.154783 0.298299 1
g7 1 54 g7 1 50 0.163822 0.245747 1
g7 1 52 g7 1 35 0.1439 0.381369 0
g7 1 51 g7 1 50 0.139856 0.22973 1
g7 1 33 g7 1 33 0.107082 0.226786 1
g7 1 49 g7 1 46 0.134419 0.164696 1
g7 1 41 g7 1 45 0.126622 0.208928 1
g7 1 45 g7 1 46 0.124847 0.158187 1
g7 1 43 g7 1 43 0.123381 0.191376 1
g7 1 45 g7 1 46 0.140577 0.173496 1
