g1 2 46 g6 2 78 0.893339 0.151288 0
g1 2 44 g6 2 66 0.855322 0.178759 0
g1 2 52 g6 2 50 1.05838 0.133322 0
g1 2 102 g1 2 45 1.85263 0.128455 0
g1 2 63 g2 2 32 1.17455 0.180064 0
g1 2 56 g1 2 48 1.08309 0.143843 0
g1 2 60 g1 2 54 1.22415 0.120497 0
g1 2 37 g1 2 52 0.790064 0.0984114 0
g1 2 46 g1 2 42 1.07048 0.124173 0
g1 2 54 g1 2 48 1.03182 0.15383 0
g1 2 39 g1 2 42 0.762521 0.119368 0
g1 2 50 g1 2 42 0.935182 0.0973216 0
g1 2 48 g1 2 48 0.899945 0.0664936 0
g1 2 47 g1 2 46 0.885646 0.0739914 0
g1 2 53 g1 2 48 0.992056 0.0760608 0
g1 2 111 g6 2 73 1.92443 0.200285 0
g1 2 49 g1 2 42 0.92026 0.0890284 0
g1 2 71 g6 2 70 1.26512 0.199234 0
g1 2 37 g6 2 60 0.735518 0.121699 0
g1 2 46 g6 2 66 0.871944 0.186203 0
g1 2 39 g6 2 51 0.761707 0.130479 0
g1 2 54 g6 2 57 0.998075 0.161004 0
g1 2 42 g2 2 32 0.889394 0.181831 0
g1 2 45 g1 2 38 0.917878 0.0752116 0
g1 2 43 g1 2 38 0.880974 0.076984 0
g1 2 61 g1 2 56 1.13607 0.126833 0
g1 2 58 g1 2 49 1.05438 0.139635 0
g1 2 75 g1 2 49 1.43561 0.246473 0
g1 2 55 g1 2 45 1.13427 0.194773 0
g1 2 56 g1 2 71 1.04402 0.100638 0
g1 2 43 g1 2 48 0.817016 0.0796961 0
g1 2 44 g1 2 45 0.831898 0.162744 0
g1 2 35 g1 2 50 0.716157 0.0640508 0
g1 2 53 g1 2 54 1.08635 0.197304 0
g1 2 43 g1 2 56 0.858406 0.225174 0
g1 2 46 g1 2 45 0.90334 0.149752 0
g1 2 57 g1 2 45 1.13682 0.158249 0
g1 2 46 g1 2 45 0.885204 0.153167 0
g1 2 41 g1 2 43 0.819668 0.154717 0
g1 2 43 g1 2 45 0.848484 0.120064 0
g1 2 49 g1 2 50 0.9256 0.147739 0
g1 2 53 g1 2 54 0.987885 0.204874 0
g1 2 44 g1 2 47 0.832986 0.16863 0
g1 2 46 g1 2 45 0.861981 0.172158 0
g1 2 53 g1 2 45 0.97065 0.161457 0
g1 2 40 g1 2 54 0.772978 0.234592 0
g1 2 50 g6 2 70 0.921918 0.185241 0
g1 2 53 g6 2 65 0.970017 0.195168 0
g1 2 41 g6 2 72 0.787133 0.170864 0
g1 2 52 g6 2 66 0.956675 0.126153 0
g1 2 72 g2 2 32 1.28173 0.2079 0
g1 2 48 g6 2 50 0.895872 0.147781 0
g1 2 64 g2 2 32 1.15274 0.161413 0
g1 2 42 g1 2 34 0.797521 0.0657474 0
g1 2 38 g1 2 34 0.738328 0.0576905 0
g1 2 29 g1 2 32 0.588929 0.0730474 0
g1 2 29 g1 2 29 0.589795 0.0591479 0
g1 2 31 g1 2 32 0.620505 0.0594514 0
g1 2 31 g1 2 31 0.619 0.0512402 0
g1 2 36 g1 2 34 0.707184 0.0559701 0
g1 2 29 g1 2 29 0.591852 0.0584143 0
g2 2 28 g2 2 26 0.573899 0.0811795 0
g2 2 28 g2 2 26 0.572841 0.0851334 0
g2 2 31 g2 2 32 0.619396 0.152475 0
g2 2 26 g2 2 26 0.542695 0.15096 0
g2 2 27 g2 2 26 0.557406 0.134783 0
g2 2 23 g2 2 32 0.493504 0.14479 0
g2 2 26 g2 2 26 0.54172 0.128871 0
g2 2 27 g2 2 26 0.558174 0.0936361 0
g2 2 28 g2 2 26 0.573885 0.156916 0
g2 2 55 g2 2 50 1.00347 0.125751 0
g2 2 29 g2 2 26 0.588743 0.0853091 0
g2 2 28 g2 2 26 0.575791 0.083249 0
g2 2 28 g2 2 26 0.575221 0.105967 0
g2 2 29 g2 2 26 0.592987 0.106472 0
g2 2 30 g2 2 26 0.617061 0.165983 0
g2 2 27 g2 2 26 0.557204 0.128473 0
g2 2 21 g2 2 32 0.466471 0.237987 0
g2 2 27 g2 2 26 0.556886 0.0734326 0
g2 2 29 g2 2 26 0.589574 0.0851217 0
g2 2 27 g2 2 26 0.558876 0.132623 0
g2 2 30 g2 2 26 0.602219 0.125164 0
g2 2 30 g2 2 26 0.603154 0.203044 0
g2 2 26 g2 2 26 0.542172 0.144111 0
g2 2 31 g2 2 26 0.619039 0.0810045 0
g2 2 33 g2 2 32 0.664351 0.158366 0
g2 2 28 g2 2 26 0.573293 0.150752 0
g2 2 27 g2 2 32 0.556987 0.215898 0
g2 2 30 g2 2 26 0.602559 0.152333 0
g2 2 34 g2 2 26 0.67692 0.12261 0
g2 2 59 g2 2 53 1.07045 0.11708 0
g2 2 54 g2 2 45 0.991791 0.128014 0
g2 2 55 g2 2 50 1.00604 0.115755 0
g2 2 48 g1 2 43 0.8957 0.2597 0
g2 2 38 g2 2 42 0.738552 0.0980483 0
g2 2 42 g2 2 39 0.799259 0.102194 0
g2 2 64 g2 2 53 1.14883 0.107352 0
g2 2 43 g2 2 45 0.814675 0.08175 0
g2 2 37 g2 2 44 0.724007 0.0787427 0
g2 2 36 g2 2 39 0.710085 0.0732876 0
g2 2 39 g2 2 44 0.79034 0.0676211 0
g2 2 39 g2 2 39 0.754249 0.0572556 0
g2 2 41 g2 2 39 0.654399 0.058204 0
g2 2 39 g2 2 39 0.200685 0.0958255 0
g2 2 41 g2 2 39 0.209717 0.068372 0
g2 2 42 g2 2 44 0.213487 0.069749 0
g2 2 47 g2 2 44 0.234084 0.129113 0
g2 2 31 g2 2 41 0.166661 0.117848 0
g2 2 42 g2 2 39 0.213699 0.0603325 0
g2 2 84 g2 2 53 0.396071 0.158532 0
g2 2 41 g2 2 42 0.209988 0.0792109 0
g2 2 52 g2 2 44 0.255115 0.0678666 0
g2 2 52 g1 2 59 0.25495 0.214053 0
g2 2 40 g2 2 39 0.205303 0.100108 0
g2 2 37 g2 2 44 0.193103 0.0734798 0
g2 2 45 g1 2 64 0.226474 0.11533 0
g2 2 41 g2 2 44 0.20998 0.0894534 0
g2 2 49 g1 2 52 0.242678 0.192203 0
g2 2 46 g2 2 53 0.230062 0.113762 0
g2 2 40 g2 2 56 0.205795 0.109518 0
g2 2 56 g2 2 53 0.272517 0.108558 0
g2 2 35 g2 2 39 0.185592 0.0854126 0
g2 2 40 g1 2 57 0.20577 0.290744 0
g2 2 58 g2 2 48 0.280568 0.157088 0
g2 2 29 g2 2 26 0.158487 0.130603 0
g2 2 26 g2 2 26 0.144548 0.124375 0
g2 2 28 g2 2 26 0.153357 0.0648008 0
g3 1 71 g3 1 117 0.337401 0.324802 0
g3 1 68 g3 1 84 0.324755 0.195019 0
g3 1 95 g3 1 81 0.441962 0.297211 0
g3 1 102 g3 1 73 0.471313 0.238231 0
g3 1 107 g1 2 57 0.497452 0.435192 0
g3 1 96 g3 1 73 0.449253 0.256784 0
g3 1 91 g3 1 72 0.424401 0.283782 0
g3 1 93 g3 1 82 0.435913 0.278986 0
g3 1 86 g3 1 87 0.410674 0.278766 0
g3 1 87 g3 1 92 0.405849 0.286671 0
g3 1 88 g3 1 106 0.411105 0.25416 0
g3 1 92 g3 1 81 0.431069 0.213043 0
g3 1 92 g3 1 86 0.430959 0.243595 0
g3 1 92 g3 1 127 0.431634 0.215488 0
g3 1 90 g3 1 78 0.41872 0.48263 0
g3 1 86 g3 1 74 0.403654 0.250771 0
g3 1 80 g3 1 81 0.377809 0.197855 0
g3 1 113 g1 2 49 0.522866 0.365256 0
g3 1 95 g3 1 120 0.44447 0.277623 0
g3 1 95 g3 1 85 0.443658 0.214674 0
g3 1 99 g3 1 91 0.460347 0.21966 0
g3 1 93 g3 1 114 0.435077 0.216507 0
g3 1 92 g3 1 82 0.429694 0.243911 0
g3 1 85 g3 1 73 0.398352 0.253357 0
g3 1 91 g3 1 81 0.424326 0.303233 0
g3 1 88 g3 1 77 0.410482 0.279025 0
g3 1 99 g3 1 112 0.458797 0.301411 0
g3 1 132 g3 1 84 0.606149 0.282255 0
g3 1 114 g1 2 67 0.526941 0.433656 0
g3 1 97 g3 1 80 0.451525 0.194454 0
g3 1 111 g3 1 120 0.514262 0.219352 0
g3 1 104 g3 1 82 0.481766 0.272961 0
g3 1 97 g3 1 78 0.450324 0.214279 0
g3 1 100 g3 1 85 0.464565 0.238413 0
g3 1 101 g3 1 91 0.469708 0.246691 0
g3 1 98 g3 1 83 0.456451 0.266989 0
g3 1 102 g3 1 61 0.473717 0.319321 0
g3 1 115 g3 1 140 0.530726 0.259004 0
g3 1 120 g3 1 140 0.554923 0.257885 0
g3 1 92 g3 1 84 0.427815 0.376836 0
g3 1 76 g3 1 68 0.357494 0.838187 0
g3 1 97 g3 1 85 0.450613 0.281698 0
g3 1 85 g3 1 79 0.397123 0.211924 0
g3 1 77 g3 1 80 0.362031 0.193174 0
g3 1 81 g3 1 81 0.378472 0.214615 0
g3 1 86 g3 1 91 0.400554 0.293187 0
g3 1 77 g3 1 77 0.361414 0.329228 0
g3 1 85 g3 1 84 0.396894 0.171792 0
g3 1 79 g3 1 74 0.370747 0.219377 0
g3 1 78 g3 1 91 0.366493 0.301788 0
g3 1 84 g3 1 91 0.392632 0.249839 0
g4 2 71 g4 2 59 0.335197 0.197981 0
g4 2 71 g4 2 82 0.335207 0.0673577 0
g4 2 86 g4 2 87 0.40255 0.162387 0
g4 2 85 g4 2 82 0.396018 0.163094 0
g4 2 80 g4 2 90 0.375666 0.119479 0
g4 2 81 g4 2 99 0.379271 0.140361 0
g4 2 100 g3 1 89 0.46236 0.256963 0
g4 2 81 g4 2 82 0.379154 0.161404 0
g4 2 95 g4 2 94 0.441799 0.151724 0
g4 2 93 g4 2 95 0.432312 0.166845 0
g4 2 89 g4 2 90 0.414868 0.134421 0
g4 2 94 g4 2 99 0.43562 0.112284 0
g4 2 102 g4 2 101 0.472429 0.0792493 0
g4 2 89 g4 2 60 0.414223 0.120146 0
g4 2 57 g4 2 63 0.275001 0.127532 0
g4 2 60 g4 2 57 0.287904 0.0727951 0
g4 2 57 g4 2 55 0.275594 0.0765809 0
g4 2 63 g4 2 66 0.300812 0.145435 0
g4 2 59 g4 2 64 0.283984 0.103085 0
g4 2 65 g4 2 66 0.31051 0.109033 0
g4 2 67 g4 2 78 0.318209 0.0845207 0
g4 2 69 g4 2 78 0.327515 0.0992632 0
g4 2 77 g4 2 95 0.360866 0.150205 0
g4 2 57 g4 2 62 0.274439 0.105123 0
g4 2 72 g4 2 67 0.340541 0.0917946 0
g4 2 72 g4 2 72 0.33996 0.0487928 0
g4 2 80 g4 2 72 0.37438 0.096792 0
g4 2 79 g4 2 83 0.370978 0.110217 0
g4 2 92 g4 2 62 0.42802 0.0942064 0
g4 2 90 g4 2 66 0.417625 0.104487 0
g4 2 59 g4 2 72 0.283377 0.0842909 0
g4 2 59 g4 2 63 0.286296 0.0951817 0
g4 2 63 g4 2 66 0.302312 0.0775533 0
g4 2 66 g4 2 66 0.314586 0.130783 0
g4 2 87 g4 2 66 0.404675 0.0984169 0
g4 2 82 g4 2 66 0.383894 0.187906 0
g4 2 89 g4 2 79 0.415198 0.146783 0
g4 2 64 g4 2 62 0.305831 0.06811 0
g4 2 88 g4 2 79 0.409877 0.0983666 0
g4 2 100 g4 2 79 0.462535 0.107776 0
g4 2 80 g4 2 82 0.374863 0.0682101 0
g4 2 88 g4 2 62 0.40883 0.0951075 0
g5 2 84 g5 2 94 0.395271 0.0893276 0
g5 2 87 g5 2 85 0.407604 0.07674 0
g5 2 85 g5 2 101 0.40034 0.103887 0
g5 2 82 g5 2 101 0.384875 0.115029 0
g5 2 69 g5 2 98 0.330408 0.161708 0
g5 2 81 g5 2 98 0.382321 0.093637 0
g5 2 80 g4 2 65 0.377324 0.188495 0
g5 2 89 g5 2 98 0.416786 0.177104 0
g5 2 78 g5 2 100 0.367593 0.207057 0
g5 2 64 g5 2 62 0.306903 0.117363 0
g5 2 68 g5 2 68 0.324869 0.118527 0
g5 2 80 g5 2 68 0.376403 0.108617 0
g5 2 66 g5 2 82 0.315785 0.144767 0
g5 2 69 g4 2 60 0.328564 0.184893 0
g5 2 83 g5 2 100 0.389662 0.161194 0
g5 2 76 g5 2 68 0.357751 0.213484 0
g5 2 73 g5 2 100 0.345748 0.169533 0
g5 2 68 g5 2 68 0.324573 0.181235 0
g5 2 73 g5 2 100 0.346561 0.164479 0
g5 2 73 g4 2 59 0.346522 0.169954 0
g5 2 75 g5 2 99 0.354949 0.132889 0
g5 2 73 g4 2 59 0.345607 0.171729 0
g5 2 75 g4 2 70 0.353903 0.208315 0
g5 2 73 g5 2 98 0.346085 0.164008 0
g5 2 80 g5 2 98 0.378115 0.126467 0
g5 2 79 g5 2 106 0.372843 0.150373 0
g5 2 76 g4 2 59 0.359294 0.143915 0
g5 2 75 g5 2 106 0.355142 0.162088 0
g5 2 77 g5 2 100 0.362026 0.212821 0
g5 2 78 g5 2 88 0.368166 0.138219 0
g5 2 73 g4 2 65 0.346066 0.188444 0
g5 2 76 g5 2 98 0.360223 0.126548 0
g5 2 71 g5 2 88 0.338496 0.124091 0
g5 2 75 g5 2 98 0.357109 0.138346 0
g5 2 76 g5 2 98 0.35956 0.14134 0
g5 2 83 g5 2 96 0.390665 0.0967958 0
g5 2 110 g5 2 100 0.510384 0.117764 0
g5 2 77 g5 2 96 0.365086 0.0859853 0
g5 2 92 g5 2 101 0.429465 0.0756882 0
g5 2 92 g5 2 96 0.43548 0.121358 0
g5 2 98 g5 2 115 0.458138 0.128895 0
g5 2 92 g5 2 115 0.432379 0.0887364 0
g5 2 91 g5 2 105 0.426928 0.0983385 0
g5 2 98 g5 2 100 0.458378 0.0920366 0
g5 2 92 g5 2 98 0.43203 0.0726742 0
g6 2 78 g6 2 74 0.364872 0.0771508 0
g6 2 75 g6 2 74 0.353212 0.0886424 0
g6 2 81 g6 2 74 0.379355 0.0836842 0
g6 2 79 g6 2 65 0.369617 0.173104 0
g6 2 67 g6 2 74 0.319141 0.0672741 0
g6 2 66 g6 2 77 0.314916 0.118315 0
g6 2 71 g6 2 74 0.346239 0.0905255 0
g6 2 73 g6 2 74 0.343947 0.124846 0
g6 2 70 g6 2 74 0.332911 0.100239 0
g6 2 61 g6 2 74 0.326494 0.0983939 0
g6 2 76 g6 2 72 0.361241 0.148163 0
g6 2 82 g6 2 179 0.382758 0.0846958 0
g6 2 80 g6 2 79 0.374105 0.063838 0
g6 2 59 g6 2 74 0.284146 0.11493 0
g6 2 70 g6 2 79 0.331342 0.159495 0
g6 2 79 g6 2 75 0.370687 0.0817193 0
g6 2 67 g6 2 74 0.318447 0.091968 0
g6 2 84 g6 2 75 0.39116 0.0825079 0
g6 2 70 g6 2 74 0.33071 0.0787895 0
g6 2 68 g6 2 74 0.321834 0.138218 0
g6 2 80 g6 2 74 0.373803 0.0904658 0
g6 2 115 g6 2 74 0.526419 0.146904 0
g6 2 74 g6 2 75 0.347631 0.0920864 0
g6 2 66 g6 2 75 0.314255 0.116224 0
g6 2 70 g6 2 74 0.334303 0.116515 0
g6 2 68 g6 2 86 0.324177 0.238972 0
g6 2 86 g6 2 74 0.399956 0.111647 0
g6 2 68 g6 2 74 0.323857 0.0831092 0
g6 2 68 g6 2 74 0.321898 0.086832 0
g6 2 56 g6 2 64 0.271373 0.0933762 0
g6 2 61 g6 2 65 0.292723 0.0761368 0
g6 2 63 g6 2 65 0.301027 0.105658 0
g6 2 99 g6 2 94 0.468013 0.363476 0
g6 2 75 g1 2 48 0.352894 0.249605 0
g6 2 61 g6 2 62 0.292351 0.0327492 1
g6 2 63 g6 2 63 0.301175 0.0631679 0
g6 2 67 g6 2 63 0.317471 0.05762 0
g6 2 64 g6 2 67 0.304511 0.0627893 0
g6 2 71 g6 2 70 0.334565 0.0710151 0
g6 2 76 g6 2 72 0.357145 0.0616743 0
g6 2 71 g6 2 86 0.334971 0.0880207 0
g7 1 73 g7 1 87 0.347061 0.276653 0
g7 1 65 g7 1 83 0.311137 0.214454 0
g7 1 71 g7 1 67 0.335535 0.282719 0
g7 1 73 g7 1 102 0.346129 0.152302 0
g7 1 78 g7 1 66 0.367141 0.281868 0
g7 1 82 g7 1 79 0.384167 0.254095 0
g7 1 66 g7 1 90 0.315708 0.298982 0
g7 1 72 g7 1 73 0.340802 0.12482 0
g7 1 52 g7 1 60 0.254993 0.216389 0
g7 1 63 g3 1 83 0.303316 0.402751 0
g7 1 67 g7 1 65 0.319549 0.216339 0
g7 1 72 g7 1 66 0.340911 0.16338 0
g7 1 69 g7 1 76 0.326514 0.217292 0
g7 1 65 g7 1 56 0.31049 0.176963 0
g7 1 56 g7 1 55 0.270511 0.216631 0
g7 1 64 g7 1 60 0.305615 0.174255 0
g7 1 63 g7 1 55 0.301717 0.159184 0
g7 1 58 g7 1 62 0.280197 0.214683 0
g7 1 60 g7 1 89 0.288146 0.287003 0
g7 1 61 g7 1 54 0.293087 0.1594 0
g7 1 61 g7 1 62 0.292368 0.197077 0
g7 1 54 g7 1 51 0.264403 0.0359672 1
g7 1 75 g1 2 31 0.352541 0.531559 0
g7 1 68 g7 1 69 0.322795 0.227489 0
g7 1 88 g7 1 54 0.408662 0.322716 0
g7 1 72 g7 1 94 0.339786 0.355573 0
g7 1 67 g2 2 44 0.318539 0.433212 0
g7 1 74 g7 1 73 0.347233 0.162263 0
g7 1 70 g1 2 31 0.33135 0.556073 0
g7 1 70 g3 1 130 0.331472 0.527538 0
g7 1 72 g7 1 69 0.338901 0.213634 0
g7 1 85 g7 1 93 0.396132 0.297133 0
g7 1 77 g7 1 88 0.360941 0.299293 0
g7 1 79 g7 1 67 0.369275 0.217543 0
g7 1 90 g7 1 66 0.418463 0.204809 0
g7 1 136 g7 1 88 0.623795 0.278841 0
g7 1 66 g7 1 75 0.314995 0.243261 0
g7 1 67 g7 1 97 0.318736 0.255342 0
g7 1 78 g7 1 97 0.366942 0.302368 0
g7 1 78 g7 1 75 0.366545 0.2283 0
g7 1 88 g7 1 79 0.410941 0.267838 0
g7 1 97 g7 1 91 0.449953 0.194214 0
g7 1 62 g7 1 67 0.298536 0.300022 0
g7 1 101 g7 1 77 0.467159 0.175852 0
g7 1 39 g7 1 67 0.200166 0.363805 0
g7 1 70 g7 1 100 0.333396 0.366107 0
g7 1 72 g7 1 66 0.340649 0.154116 0
g7 1 71 g7 1 60 0.336103 0.27246 0
g7 1 72 g7 1 73 0.340933 0.167207 0
g7 1 96 g7 1 79 0.447187 0.237336 0
g7 1 63 g7 1 57 0.302054 0.30922 0
g7 1 66 g7 1 65 0.314181 0.258674 0
g7 1 84 g7 1 89 0.392438 0.162882 0
g7 1 119 g7 1 91 0.551276 0.298131 0
g7 1 110 g7 1 103 0.507783 0.245886 0
g7 1 105 g7 1 72 0.486504 0.384203 0
g7 1 104 g7 1 103 0.48231 0.223071 0
g7 1 91 g7 1 71 0.422466 0.238848 0
g7 1 99 g7 1 94 0.459849 0.159645 0
g7 1 83 g7 1 93 0.389119 0.211323 0
g7 1 92 g7 1 94 0.431168 0.157543 0
g7 1 88 g7 1 91 0.409593 0.186894 0
g7 1 93 g7 1 94 0.434653 0.166753 0
