g1 2 44 g6 2 60 0.215464 0.160914 0
g1 2 42 g6 2 64 0.207767 0.172727 0
g1 2 50 g6 2 48 0.24064 0.125289 1
g1 2 100 g1 2 43 0.448908 0.129417 1
g1 2 61 g2 2 30 0.290036 0.183151 1
g1 2 54 g1 2 46 0.256575 0.142534 1
g1 2 58 g1 2 46 0.27344 0.113158 1
g1 2 35 g1 2 50 0.180265 0.0970448 1
g1 2 44 g1 2 40 0.215518 0.122193 1
g1 2 52 g1 2 46 0.248205 0.153201 1
g1 2 37 g1 2 40 0.188724 0.117398 1
g1 2 48 g1 2 40 0.231766 0.0942005 1
g1 2 46 g1 2 46 0.223374 0.0653767 1
g1 2 45 g1 2 44 0.220013 0.0742529 1
g1 2 51 g1 2 46 0.245027 0.0742867 1
g1 2 109 g6 2 71 0.486982 0.199637 0
g1 2 47 g1 2 40 0.227917 0.0893916 1
g1 2 69 g6 2 68 0.318514 0.192761 0
g1 2 35 g6 2 69 0.180039 0.134836 1
g1 2 44 g6 2 64 0.215671 0.180735 0
g1 2 37 g6 2 49 0.187883 0.127242 1
g1 2 52 g6 2 55 0.248263 0.15502 1
g1 2 40 g2 2 45 0.200282 0.175992 1
g1 2 43 g1 2 36 0.210966 0.0701902 1
g1 2 41 g1 2 36 0.203183 0.0729246 1
g1 2 59 g1 2 54 0.277645 0.125942 1
g1 2 56 g1 2 47 0.263745 0.139616 1
g1 2 73 g1 2 47 0.334941 0.242762 0
g1 2 53 g1 2 43 0.25149 0.194021 0
g1 2 54 g1 2 69 0.256454 0.100994 1
g1 2 41 g1 2 46 0.203921 0.0782365 1
g1 2 42 g1 2 43 0.207408 0.156364 0
g1 2 33 g1 2 48 0.172367 0.0612619 1
g1 2 51 g1 2 52 0.243094 0.197634 0
g1 2 41 g1 2 54 0.205648 0.226619 0
g1 2 44 g1 2 43 0.215705 0.145674 1
g1 2 55 g1 2 43 0.260135 0.154799 1
g1 2 44 g1 2 43 0.214834 0.14882 1
g1 2 39 g1 2 41 0.195974 0.156408 1
g1 2 41 g1 2 43 0.204007 0.113863 1
g1 2 47 g1 2 48 0.228394 0.148519 1
g1 2 51 g1 2 52 0.243108 0.204624 0
g1 2 42 g1 2 43 0.207659 0.206752 0
g1 2 44 g1 2 43 0.215754 0.166897 0
g1 2 51 g1 2 43 0.244136 0.152267 1
g1 2 38 g1 2 52 0.19208 0.225632 0
g1 2 48 g6 2 67 0.23242 0.191866 0
g1 2 51 g6 2 63 0.243032 0.186925 0
g1 2 39 g6 2 70 0.195854 0.163582 1
g1 2 50 g6 2 64 0.24015 0.123351 1
g1 2 70 g2 2 30 0.32301 0.211961 0
g1 2 46 g6 2 48 0.224288 0.140177 1
g1 2 62 g2 2 30 0.290616 0.158839 1
g1 2 40 g1 2 30 0.199954 0.104996 1
g1 2 36 g1 2 32 0.184333 0.0552752 1
g1 2 27 g1 2 30 0.144812 0.0717766 1
g1 2 27 g1 2 27 0.144771 0.0584145 1
g1 2 29 g1 2 30 0.152942 0.0570191 1
g1 2 29 g1 2 29 0.152527 0.0497548 1
g1 2 34 g1 2 32 0.176378 0.0552609 1
g1 2 27 g1 2 27 0.144807 0.0585002 1
g2 2 26 g2 2 24 0.140613 0.080774 1
g2 2 26 g2 2 24 0.141522 0.0829627 1
g2 2 29 g2 2 30 0.152522 0.150494 1
g2 2 24 g2 2 24 0.133711 0.147788 1
g2 2 25 g2 2 24 0.136868 0.131777 1
g2 2 21 g2 2 30 0.120373 0.144918 1
g2 2 24 g2 2 24 0.134341 0.121557 1
g2 2 25 g2 2 24 0.136933 0.0897749 1
g2 2 26 g2 2 24 0.140336 0.147597 1
g2 2 53 g2 2 48 0.25397 0.12162 0
g2 2 27 g2 2 24 0.144659 0.0821964 1
g2 2 26 g2 2 24 0.140944 0.0848221 1
g2 2 26 g2 2 24 0.140981 0.105094 1
g2 2 27 g2 2 24 0.144849 0.108519 1
g2 2 28 g2 2 24 0.148955 0.168705 0
g2 2 25 g2 2 24 0.136822 0.128441 1
g2 2 19 g2 2 30 0.113196 0.230905 0
g2 2 25 g2 2 24 0.137187 0.0748435 1
g2 2 27 g2 2 24 0.144631 0.0862481 1
g2 2 25 g2 2 24 0.137249 0.132325 0
g2 2 28 g2 2 24 0.148905 0.127187 1
g2 2 28 g2 2 24 0.148724 0.202375 0
g2 2 24 g2 2 24 0.132772 0.140708 1
g2 2 29 g2 2 24 0.153242 0.0773327 1
g2 2 31 g2 2 30 0.160485 0.157309 0
g2 2 26 g2 2 24 0.140424 0.142029 1
g2 2 25 g2 2 30 0.136777 0.218193 0
g2 2 28 g2 2 24 0.148913 0.144577 1
g2 2 32 g2 2 24 0.165455 0.120105 1
g2 2 57 g2 2 51 0.269445 0.113447 1
g2 2 52 g1 2 29 0.249491 0.207128 0
g2 2 53 g2 2 48 0.25442 0.113228 1
g2 2 46 g1 2 41 0.227459 0.255285 0
g2 2 36 g2 2 40 0.184634 0.0945646 1
g2 2 40 g2 2 37 0.2031 0.0997305 1
g2 2 62 g2 2 51 0.29108 0.105391 1
g2 2 41 g2 2 37 0.204445 0.0860249 1
g2 2 35 g2 2 42 0.180802 0.0785681 1
g2 2 34 g2 2 37 0.177251 0.0735559 1
g2 2 37 g2 2 42 0.187929 0.0676064 1
g2 2 37 g2 2 37 0.188118 0.0543996 1
g2 2 39 g2 2 37 0.196135 0.0563116 1
g2 2 37 g2 2 37 0.188131 0.0944887 1
g2 2 39 g2 2 37 0.196269 0.0661056 1
g2 2 40 g2 2 42 0.201121 0.0699725 1
g2 2 45 g2 2 42 0.219174 0.125056 1
g2 2 29 g2 2 40 0.153504 0.117702 1
g2 2 40 g2 2 37 0.200164 0.0587943 1
g2 2 82 g2 2 51 0.376359 0.159875 0
g2 2 39 g2 2 40 0.195535 0.0776896 1
g2 2 50 g2 2 42 0.2399 0.0686868 1
g2 2 50 g1 2 48 0.239598 0.208267 0
g2 2 38 g2 2 37 0.191967 0.097143 1
g2 2 35 g2 2 42 0.180254 0.0715669 1
g2 2 43 g1 2 62 0.211941 0.112596 1
g2 2 39 g2 2 42 0.196323 0.0883543 1
g2 2 47 g1 2 50 0.227778 0.190312 0
g2 2 44 g2 2 51 0.215614 0.108911 1
g2 2 38 g2 2 54 0.192875 0.10608 1
g2 2 54 g2 2 51 0.256411 0.109573 1
g2 2 33 g2 2 37 0.172932 0.083846 1
g2 2 38 g1 2 55 0.192122 0.278588 0
g2 2 56 g2 2 46 0.265311 0.160661 0
g2 2 27 g2 2 24 0.144844 0.129458 1
g2 2 24 g2 2 24 0.133022 0.118578 1
g2 2 26 g2 2 24 0.140993 0.0644475 1
g3 1 69 g3 1 72 0.320403 0.316273 0
g3 1 66 g3 1 82 0.307983 0.190213 0
g3 1 93 g3 1 79 0.421987 0.296692 0
g3 1 100 g3 1 71 0.451763 0.236355 0
g3 1 105 g1 2 55 0.476549 0.423074 0
g3 1 94 g3 1 71 0.427708 0.254154 0
g3 1 89 g3 1 70 0.406374 0.276936 0
g3 1 91 g3 1 80 0.415395 0.273393 0
g3 1 84 g3 1 85 0.384024 0.278647 0
g3 1 85 g3 1 90 0.38614 0.283675 0
g3 1 86 g3 1 104 0.391638 0.250977 0
g3 1 90 g3 1 79 0.409958 0.20536 0
g3 1 90 g3 1 84 0.411011 0.23957 0
g3 1 90 g3 1 125 0.411501 0.213121 0
g3 1 88 g3 1 76 0.399307 0.475727 0
g3 1 84 g3 1 72 0.386112 0.242721 0
g3 1 78 g3 1 79 0.358617 0.195477 0
g3 1 111 g1 2 47 0.500852 0.354061 0
g3 1 93 g3 1 80 0.42282 0.243617 0
g3 1 93 g3 1 83 0.426053 0.208777 0
g3 1 97 g3 1 89 0.440472 0.214353 0
g3 1 91 g3 1 112 0.415387 0.215496 0
g3 1 90 g3 1 80 0.409641 0.237226 0
g3 1 83 g3 1 71 0.381103 0.250708 0
g3 1 89 g3 1 79 0.405714 0.300822 0
g3 1 86 g3 1 75 0.391399 0.281679 0
g3 1 97 g3 1 110 0.438894 0.295255 0
g3 1 130 g3 1 82 0.581775 0.284261 0
g3 1 112 g3 1 87 0.505467 0.287481 0
g3 1 95 g3 1 78 0.433013 0.19328 0
g3 1 109 g3 1 118 0.491467 0.217483 0
g3 1 102 g3 1 80 0.460835 0.268437 0
g3 1 95 g3 1 76 0.430735 0.211657 0
g3 1 98 g3 1 83 0.445077 0.232041 0
g3 1 99 g3 1 89 0.449428 0.239975 0
g3 1 96 g3 1 81 0.436756 0.262869 0
g3 1 100 g7 1 75 0.454075 0.43396 0
g3 1 113 g3 1 138 0.508056 0.259061 0
g3 1 118 g3 1 138 0.531717 0.252984 0
g3 1 90 g3 1 82 0.408183 0.368885 0
g3 1 74 g3 1 66 0.340373 0.834601 0
g3 1 95 g3 1 83 0.430587 0.274813 0
g3 1 83 g3 1 77 0.379012 0.211947 0
g3 1 75 g3 1 78 0.344994 0.188616 0
g3 1 79 g3 1 79 0.361659 0.209933 0
g3 1 84 g3 1 89 0.382565 0.288825 0
g3 1 75 g3 1 75 0.344445 0.323432 0
g3 1 83 g3 1 82 0.378928 0.167859 0
g3 1 77 g3 1 72 0.353033 0.214258 0
g3 1 76 g3 1 89 0.348922 0.294233 0
g3 1 82 g3 1 89 0.374089 0.248577 0
g4 2 69 g4 2 57 0.318703 0.191123 0
g4 2 69 g4 2 80 0.318471 0.0660167 1
g4 2 84 g4 2 85 0.382932 0.161414 1
g4 2 83 g4 2 80 0.378747 0.161243 1
g4 2 78 g4 2 88 0.357384 0.117795 1
g4 2 79 g4 2 97 0.362463 0.13937 1
g4 2 98 g3 1 87 0.442877 0.254056 0
g4 2 79 g4 2 80 0.361388 0.157149 1
g4 2 93 g4 2 92 0.422162 0.149584 1
g4 2 91 g4 2 93 0.411833 0.163987 1
g4 2 87 g4 2 88 0.394383 0.135221 0
g4 2 92 g4 2 97 0.418409 0.111199 1
g4 2 100 g4 2 99 0.452264 0.0772027 1
g4 2 87 g4 2 53 0.395304 0.0994266 1
g4 2 55 g4 2 65 0.259467 0.116808 1
g4 2 58 g4 2 55 0.272677 0.0715552 1
g4 2 55 g4 2 53 0.260087 0.0751592 1
g4 2 61 g4 2 64 0.285354 0.142849 1
g4 2 57 g4 2 62 0.2684 0.0996441 1
g4 2 63 g4 2 64 0.29369 0.105019 1
g4 2 65 g4 2 76 0.302067 0.0836168 1
g4 2 67 g4 2 76 0.310274 0.0981991 1
g4 2 75 g4 2 93 0.343944 0.148781 1
g4 2 55 g4 2 60 0.261382 0.103583 1
g4 2 70 g4 2 65 0.324023 0.0884289 1
g4 2 70 g4 2 70 0.322809 0.0475186 1
g4 2 78 g4 2 68 0.3562 0.0850483 1
g4 2 77 g4 2 81 0.352211 0.108874 1
g4 2 90 g4 2 60 0.406955 0.0948221 1
g4 2 88 g4 2 64 0.39892 0.103041 1
g4 2 57 g4 2 70 0.268022 0.0813742 1
g4 2 57 g4 2 61 0.268585 0.0911389 1
g4 2 61 g4 2 64 0.285034 0.0745925 1
g4 2 64 g4 2 64 0.2985 0.125211 1
g4 2 85 g4 2 64 0.385947 0.0978542 1
g4 2 80 g4 2 64 0.365523 0.184858 0
g4 2 87 g4 2 77 0.395471 0.144483 1
g4 2 62 g4 2 60 0.289556 0.0668608 1
g4 2 86 g4 2 77 0.390477 0.0981559 1
g4 2 98 g4 2 77 0.442929 0.10866 1
g4 2 78 g4 2 80 0.356705 0.0673156 1
g4 2 86 g4 2 60 0.389196 0.0945725 1
g5 2 82 g5 2 92 0.377083 0.0888844 1
g5 2 85 g5 2 83 0.387957 0.0766654 1
g5 2 83 g5 2 99 0.381392 0.104034 1
g5 2 80 g5 2 99 0.367245 0.115317 1
g5 2 67 g5 2 96 0.312804 0.158796 1
g5 2 79 g5 2 96 0.366298 0.0914223 1
g5 2 78 g4 2 63 0.358223 0.186761 1
g5 2 87 g5 2 96 0.397083 0.173141 1
g5 2 76 g5 2 98 0.350324 0.205094 0
g5 2 62 g5 2 60 0.290901 0.115852 1
g5 2 66 g5 2 66 0.307471 0.116191 1
g5 2 78 g5 2 66 0.357942 0.107979 1
g5 2 64 g5 2 80 0.29925 0.141213 1
g5 2 67 g4 2 58 0.311191 0.184074 1
g5 2 81 g5 2 98 0.372148 0.160284 1
g5 2 74 g5 2 66 0.340365 0.202666 0
g5 2 71 g5 2 98 0.328565 0.170467 1
g5 2 66 g5 2 66 0.307162 0.177696 1
g5 2 71 g5 2 98 0.328773 0.163221 1
g5 2 71 g4 2 57 0.331108 0.167461 1
g5 2 73 g5 2 97 0.338054 0.132334 1
g5 2 71 g5 2 63 0.327772 0.154023 1
g5 2 73 g4 2 68 0.337237 0.206301 0
g5 2 71 g5 2 96 0.328752 0.164192 1
g5 2 78 g5 2 96 0.360458 0.126072 1
g5 2 77 g5 2 104 0.35454 0.149785 1
g5 2 74 g4 2 57 0.341229 0.14223 1
g5 2 73 g5 2 104 0.336563 0.163228 1
g5 2 75 g5 2 98 0.344842 0.211005 0
g5 2 76 g5 2 86 0.350252 0.135157 1
g5 2 71 g4 2 63 0.328022 0.186927 0
g5 2 74 g5 2 96 0.341459 0.126245 1
g5 2 69 g5 2 94 0.322968 0.133138 1
g5 2 73 g5 2 96 0.339808 0.133423 1
g5 2 74 g5 2 96 0.341024 0.142666 1
g5 2 81 g5 2 94 0.372228 0.0961288 1
g5 2 108 g5 2 98 0.48637 0.116844 1
g5 2 75 g5 2 94 0.34705 0.08502 1
g5 2 90 g5 2 99 0.409041 0.0742962 1
g5 2 90 g5 2 94 0.41275 0.118403 1
g5 2 96 g5 2 113 0.438701 0.126379 1
g5 2 90 g5 2 113 0.412151 0.0856127 1
g5 2 89 g5 2 103 0.40828 0.0963033 1
g5 2 96 g5 2 98 0.437506 0.089658 1
g5 2 90 g5 2 96 0.412777 0.0717028 1
g6 2 76 g6 2 72 0.346622 0.0771459 1
g6 2 73 g6 2 72 0.334472 0.0880276 1
g6 2 79 g6 2 72 0.360177 0.0822419 1
g6 2 77 g6 2 63 0.355209 0.168577 0
g6 2 65 g6 2 72 0.301675 0.0669014 1
g6 2 64 g6 2 75 0.297701 0.114614 1
g6 2 69 g6 2 72 0.317985 0.0890006 1
g6 2 71 g6 2 72 0.325677 0.123143 1
g6 2 68 g6 2 72 0.313501 0.0985805 1
g6 2 59 g6 2 72 0.277651 0.0973569 1
g6 2 74 g6 2 70 0.338423 0.143305 0
g6 2 80 g6 2 177 0.365085 0.0852704 1
g6 2 78 g6 2 77 0.356507 0.0643359 1
g6 2 57 g6 2 72 0.26876 0.116345 1
g6 2 68 g6 2 77 0.314802 0.158649 1
g6 2 77 g6 2 73 0.352592 0.0807775 1
g6 2 65 g6 2 72 0.301458 0.0915207 1
g6 2 82 g6 2 73 0.373145 0.0823714 1
g6 2 68 g6 2 72 0.313287 0.0777317 1
g6 2 66 g6 2 72 0.305896 0.137876 1
g6 2 78 g6 2 72 0.354983 0.0898468 1
g6 2 113 g6 2 72 0.503061 0.147326 0
g6 2 72 g6 2 73 0.330675 0.0916119 1
g6 2 64 g6 2 69 0.297755 0.111254 1
g6 2 68 g6 2 72 0.314015 0.116217 1
g6 2 66 g6 2 84 0.306165 0.235259 0
g6 2 84 g6 2 72 0.38155 0.11065 1
g6 2 66 g6 2 72 0.306494 0.0817849 1
g6 2 66 g6 2 72 0.305439 0.0878122 1
g6 2 54 g6 2 62 0.255776 0.0951049 1
g6 2 59 g6 2 63 0.276953 0.0737205 1
g6 2 61 g6 2 63 0.286131 0.101849 1
g6 2 97 g6 2 92 0.438367 0.361166 0
g6 2 73 g1 2 54 0.335424 0.242303 0
g6 2 59 g6 2 60 0.276754 0.0325585 1
g6 2 61 g6 2 66 0.285305 0.0781043 1
g6 2 65 g6 2 61 0.30211 0.0581284 1
g6 2 62 g6 2 65 0.289388 0.0600247 1
g6 2 69 g6 2 68 0.318265 0.0699748 1
g6 2 74 g6 2 70 0.338008 0.0584366 1
g6 2 69 g6 2 84 0.318176 0.0875334 1
g7 1 71 g7 1 85 0.329997 0.27168 0
g7 1 63 g7 1 81 0.294896 0.212809 0
g7 1 69 g7 1 73 0.319992 0.308133 0
g7 1 71 g7 1 100 0.329231 0.149006 1
g7 1 76 g7 1 64 0.349026 0.278388 0
g7 1 80 g7 1 77 0.366412 0.250562 0
g7 1 64 g7 1 78 0.299678 0.263044 0
g7 1 70 g7 1 71 0.323617 0.12257 1
g7 1 50 g7 1 58 0.240773 0.217144 0
g7 1 61 g3 1 81 0.286617 0.38893 0
g7 1 65 g7 1 63 0.302809 0.214304 0
g7 1 70 g7 1 64 0.323241 0.160001 1
g7 1 67 g7 1 74 0.309207 0.212843 0
g7 1 63 g7 1 54 0.294413 0.169549 0
g7 1 54 g7 1 53 0.255663 0.213141 0
g7 1 62 g7 1 58 0.289396 0.169683 0
g7 1 61 g7 1 53 0.285562 0.152039 0
g7 1 56 g7 1 60 0.263999 0.210975 0
g7 1 58 g7 1 87 0.272808 0.284984 0
g7 1 59 g7 1 52 0.276809 0.157445 0
g7 1 59 g7 1 60 0.277788 0.193492 0
g7 1 52 g7 1 49 0.249018 0.0354893 1
g7 1 73 g1 2 29 0.334914 0.506446 0
g7 1 66 g7 1 67 0.308559 0.225156 0
g7 1 86 g7 1 52 0.390553 0.317661 0
g7 1 70 g7 1 92 0.323869 0.347275 0
g7 1 65 g2 2 42 0.301794 0.414207 0
g7 1 72 g7 1 71 0.330608 0.161306 0
g7 1 68 g1 2 29 0.314916 0.529818 0
g7 1 68 g3 1 128 0.313556 0.522324 0
g7 1 70 g7 1 67 0.323198 0.215648 0
g7 1 83 g7 1 91 0.376805 0.294133 0
g7 1 75 g7 1 86 0.343205 0.294575 0
g7 1 77 g7 1 65 0.352338 0.213428 0
g7 1 88 g7 1 64 0.398798 0.204561 0
g7 1 134 g7 1 86 0.598526 0.276689 0
g7 1 64 g7 1 73 0.299052 0.24136 0
g7 1 65 g7 1 95 0.302439 0.247475 0
g7 1 76 g7 1 81 0.350049 0.260509 0
g7 1 76 g7 1 73 0.348783 0.23138 0
g7 1 86 g7 1 77 0.391607 0.257496 0
g7 1 95 g7 1 89 0.431491 0.189599 1
g7 1 60 g7 1 63 0.281933 0.262553 0
g7 1 99 g7 1 75 0.450073 0.172561 0
g7 1 37 g7 1 71 0.187021 0.356486 0
g7 1 68 g7 1 98 0.314868 0.358518 0
g7 1 70 g7 1 64 0.323964 0.151632 0
g7 1 69 g7 1 58 0.321254 0.27366 0
g7 1 70 g7 1 71 0.323961 0.163192 0
g7 1 94 g7 1 77 0.426242 0.234385 0
g7 1 61 g7 1 55 0.286495 0.305223 0
g7 1 64 g7 1 63 0.298183 0.253362 0
g7 1 82 g7 1 87 0.374363 0.161789 1
g7 1 117 g7 1 88 0.529181 0.307909 0
g7 1 108 g7 1 101 0.487565 0.245434 0
g7 1 103 g7 1 70 0.46601 0.375397 0
g7 1 102 g7 1 101 0.463143 0.222327 0
g7 1 89 g7 1 69 0.403692 0.232672 0
g7 1 97 g7 1 92 0.439835 0.157676 0
g7 1 81 g7 1 91 0.371156 0.204566 0
g7 1 90 g7 1 92 0.409856 0.152347 0
g7 1 86 g7 1 89 0.390585 0.186012 0
g7 1 91 g7 1 92 0.415442 0.167741 0
