g1 2 22 g6 2 30 0.065951 0.169768 1
g1 2 21 g6 2 32 0.064048 0.182766 1
g1 2 25 g6 2 23 0.072706 0.142628 1
g1 2 40 g1 2 22 0.11441 0.122917 1
g1 2 31 g2 2 15 0.085407 0.192795 1
g1 2 27 g1 2 23 0.076889 0.153719 1
g1 2 29 g1 2 26 0.081246 0.127131 1
g1 2 18 g1 2 25 0.057954 0.11378 1
g1 2 22 g1 2 25 0.066871 0.13298 1
g1 2 26 g1 2 23 0.074105 0.159024 1
g1 2 19 g1 2 20 0.061204 0.140108 1
g1 2 24 g1 2 20 0.070117 0.1084 1
g1 2 23 g1 2 23 0.068131 0.0709912 1
g1 2 23 g1 2 23 0.068221 0.124063 1
g1 2 26 g1 2 26 0.074588 0.0804248 1
g1 2 52 g6 2 36 0.1255 0.200435 1
g1 2 24 g1 2 20 0.070627 0.0998263 1
g1 2 35 g6 2 34 0.098203 0.203915 1
g1 2 18 g6 2 29 0.057882 0.130181 1
g1 2 22 g6 2 32 0.066358 0.189666 1
g1 2 19 g6 2 30 0.059939 0.141693 1
g1 2 26 g6 2 28 0.074919 0.162342 1
g1 2 20 g2 2 15 0.061711 0.191332 1
g1 2 22 g1 2 17 0.065727 0.0826369 1
g1 2 21 g1 2 18 0.063595 0.0905276 1
g1 2 30 g1 2 27 0.083287 0.133558 1
g1 2 28 g1 2 24 0.078488 0.151798 1
g1 2 37 g1 2 24 0.099349 0.252167 1
g1 2 27 g1 2 22 0.076568 0.202364 1
g1 2 27 g1 2 35 0.076267 0.106825 1
g1 2 21 g1 2 23 0.064186 0.0890126 1
g1 2 21 g1 2 22 0.063942 0.16291 1
g1 2 17 g1 2 24 0.056138 0.0803424 1
g1 2 26 g1 2 23 0.074068 0.224511 1
g1 2 21 g1 2 27 0.063971 0.239584 1
g1 2 22 g1 2 22 0.066725 0.156561 1
g1 2 28 g1 2 22 0.07842 0.164012 1
g1 2 22 g1 2 22 0.066039 0.158704 1
g1 2 20 g1 2 21 0.061885 0.163986 1
g1 2 21 g1 2 22 0.064117 0.127 1
g1 2 24 g1 2 24 0.070468 0.157281 1
g1 2 26 g1 2 26 0.074118 0.208272 1
g1 2 21 g1 2 23 0.064263 0.184014 1
g1 2 22 g1 2 22 0.065961 0.171721 1
g1 2 26 g1 2 22 0.074523 0.166915 1
g1 2 19 g1 2 26 0.059919 0.235 1
g1 2 24 g6 2 34 0.070418 0.18875 1
g1 2 26 g6 2 32 0.074338 0.197104 1
g1 2 20 g6 2 35 0.062554 0.172626 1
g1 2 25 g6 2 37 0.072616 0.129048 1
g1 2 35 g2 2 15 0.096605 0.221742 1
g1 2 23 g6 2 23 0.068261 0.151302 1
g1 2 31 g2 2 15 0.085284 0.17079 1
g1 2 20 g1 2 16 0.061618 0.074766 1
g1 2 18 g1 2 16 0.057583 0.0666175 1
g1 2 14 g1 2 16 0.049838 0.097091 1
g1 2 14 g1 2 14 0.049653 0.0732514 1
g1 2 15 g1 2 15 0.05236 0.0769861 1
g1 2 15 g1 2 15 0.052106 0.0601426 1
g1 2 17 g1 2 16 0.05564 0.0660645 1
g1 2 14 g1 2 15 0.049846 0.111548 1
g2 2 13 g2 2 12 0.04857 0.104895 1
g2 2 13 g2 2 12 0.048909 0.100152 1
g2 2 15 g2 2 15 0.052036 0.181384 1
g2 2 12 g2 2 12 0.046097 0.149102 1
g2 2 13 g2 2 12 0.04914 0.151942 1
g2 2 11 g2 2 15 0.04356 0.165786 1
g2 2 12 g2 2 12 0.046249 0.125499 1
g2 2 13 g2 2 12 0.049008 0.10506 1
g2 2 13 g2 2 12 0.048762 0.16345 1
g2 2 27 g2 2 24 0.077219 0.131999 1
g2 2 14 g2 2 12 0.050323 0.107382 1
g2 2 13 g2 2 12 0.049112 0.106109 1
g2 2 13 g2 2 12 0.048777 0.120002 1
g2 2 14 g2 2 12 0.050423 0.127057 1
g2 2 14 g2 2 12 0.050026 0.180586 1
g2 2 13 g2 2 12 0.048476 0.142003 1
g2 2 10 g2 2 15 0.041569 0.257722 1
g2 2 13 g2 2 12 0.048922 0.0980197 1
g2 2 14 g2 2 12 0.05012 0.105194 1
g2 2 13 g2 2 12 0.048952 0.161468 1
g2 2 14 g2 2 12 0.05002 0.143054 1
g2 2 14 g2 2 12 0.050102 0.214652 1
g2 2 12 g2 2 12 0.046007 0.142436 1
g2 2 15 g2 2 12 0.052226 0.101405 1
g2 2 16 g2 2 15 0.054054 0.171857 1
g2 2 13 g2 2 12 0.048782 0.160181 1
g2 2 13 g2 2 15 0.048252 0.242999 1
g2 2 14 g2 2 12 0.050546 0.163168 1
g2 2 16 g2 2 12 0.05432 0.134649 1
g2 2 29 g2 2 26 0.081825 0.119545 1
g2 2 26 g2 2 25 0.074766 0.152066 1
g2 2 27 g2 2 24 0.077603 0.135915 1
g2 2 23 g1 2 21 0.068431 0.27101 1
g2 2 18 g2 2 20 0.057791 0.108109 1
g2 2 20 g2 2 19 0.061955 0.111781 1
g2 2 30 g2 2 27 0.085612 0.124809 1
g2 2 21 g2 2 22 0.064393 0.0915402 1
g2 2 18 g2 2 21 0.058001 0.09341 1
g2 2 17 g2 2 19 0.056358 0.0936848 1
g2 2 19 g2 2 19 0.058764 0.0877324 1
g2 2 18 g2 2 19 0.05952 0.0914348 1
g2 2 19 g2 2 19 0.060431 0.0712885 1
g2 2 17 g2 2 19 0.057686 0.114198 1
g2 2 20 g2 2 19 0.062349 0.073588 1
g2 2 20 g2 2 19 0.061877 0.0967156 1
g2 2 23 g2 2 21 0.068299 0.144163 1
g2 2 15 g2 2 20 0.052457 0.130696 1
g2 2 20 g2 2 19 0.061705 0.0832217 1
g2 2 40 g2 2 26 0.107322 0.163425 1
g2 2 20 g2 2 20 0.061932 0.0960384 1
g2 2 25 g2 2 21 0.072759 0.0813563 1
g2 2 25 g1 2 29 0.072534 0.220425 1
g2 2 19 g2 2 19 0.059828 0.112486 1
g2 2 17 g2 2 21 0.057831 0.097333 1
g2 2 22 g1 2 31 0.065743 0.122122 1
g2 2 20 g2 2 21 0.061855 0.107351 1
g2 2 24 g1 2 25 0.069516 0.197976 1
g2 2 22 g2 2 26 0.066201 0.120047 1
g2 2 19 g2 2 27 0.060166 0.119208 1
g2 2 27 g2 2 26 0.077036 0.118647 1
g2 2 17 g2 2 19 0.055835 0.100057 1
g2 2 19 g1 2 28 0.06041 0.292518 1
g2 2 28 g2 2 23 0.078886 0.166886 1
g2 2 14 g2 2 12 0.050209 0.14921 1
g2 2 12 g2 2 12 0.04625 0.119037 1
g2 2 13 g2 2 12 0.048676 0.0842657 1
g3 1 34 g3 1 44 0.096163 0.317284 1
g3 1 33 g3 1 46 0.092356 0.219336 1
g3 1 47 g3 1 40 0.122765 0.300735 1
g3 1 50 g3 1 38 0.131069 0.292126 1
g3 1 53 g1 2 28 0.134998 0.394027 1
g3 1 47 g3 1 35 0.125413 0.254261 1
g3 1 45 g3 1 35 0.11912 0.283474 1
g3 1 45 g3 1 39 0.120372 0.271269 1
g3 1 42 g3 1 62 0.112798 0.270819 1
g3 1 41 g3 1 44 0.112241 0.289394 1
g3 1 42 g3 1 55 0.112576 0.278039 1
g3 1 45 g3 1 46 0.118518 0.244614 1
g3 1 44 g3 1 41 0.116327 0.235877 1
g3 1 45 g3 1 58 0.120385 0.252537 1
g3 1 42 g3 1 38 0.113565 0.493665 0
g3 1 42 g3 1 40 0.112123 0.203043 1
g3 1 39 g3 1 40 0.106088 0.203044 1
g3 1 54 g1 2 24 0.144109 0.362888 1
g3 1 46 g3 1 39 0.120952 0.241867 1
g3 1 46 g3 1 40 0.122426 0.209648 1
g3 1 48 g3 1 45 0.127348 0.216754 1
g3 1 46 g3 1 55 0.122753 0.223339 1
g3 1 44 g3 1 39 0.117755 0.239907 1
g3 1 41 g3 1 35 0.111924 0.247535 1
g3 1 45 g3 1 40 0.120106 0.311268 1
g3 1 42 g3 1 36 0.112071 0.292783 1
g3 1 48 g3 1 55 0.127684 0.300204 1
g3 1 64 g3 1 40 0.16346 0.285783 1
g3 1 56 g3 1 36 0.145544 0.289882 1
g3 1 48 g3 1 37 0.125598 0.198829 1
g3 1 55 g3 1 58 0.142689 0.224211 1
g3 1 51 g3 1 39 0.133313 0.271578 1
g3 1 47 g3 1 38 0.123927 0.215558 1
g3 1 49 g3 1 40 0.129531 0.234342 1
g3 1 50 g3 1 45 0.129811 0.252466 1
g3 1 48 g3 1 57 0.1257 0.27381 1
g3 1 49 g3 1 30 0.129617 0.323088 1
g3 1 57 g3 1 67 0.145944 0.266969 1
g3 1 59 g3 1 67 0.149659 0.253434 1
g3 1 44 g3 1 41 0.117959 0.369473 1
g3 1 26 g3 1 45 0.087391 0.815193 0
g3 1 47 g3 1 42 0.125267 0.286109 1
g3 1 40 g3 1 37 0.109019 0.220951 1
g3 1 38 g3 1 39 0.102246 0.198995 1
g3 1 40 g3 1 40 0.106341 0.222099 1
g3 1 42 g3 1 45 0.110696 0.299045 1
g3 1 37 g3 1 36 0.100819 0.333865 1
g3 1 41 g3 1 40 0.111916 0.166086 1
g3 1 38 g3 1 35 0.103925 0.213044 1
g3 1 37 g3 1 45 0.102168 0.298428 1
g3 1 41 g3 1 45 0.109824 0.255173 1
g4 2 35 g4 2 29 0.095383 0.200981 1
g4 2 35 g4 2 40 0.095551 0.074868 1
g4 2 42 g4 2 43 0.111766 0.165537 1
g4 2 42 g4 2 40 0.112691 0.165293 1
g4 2 39 g4 2 44 0.105234 0.123519 1
g4 2 40 g4 2 49 0.10819 0.144795 1
g4 2 48 g3 1 42 0.127228 0.263518 1
g4 2 40 g4 2 40 0.107693 0.163291 1
g4 2 47 g4 2 46 0.124009 0.155578 1
g4 2 45 g4 2 47 0.119611 0.164294 1
g4 2 44 g4 2 44 0.116493 0.139688 1
g4 2 46 g4 2 49 0.121393 0.115756 1
g4 2 50 g4 2 49 0.131431 0.0830325 1
g4 2 43 g4 2 29 0.114133 0.121298 1
g4 2 28 g4 2 31 0.079245 0.135106 1
g4 2 29 g4 2 28 0.080733 0.0741795 1
g4 2 28 g4 2 27 0.078684 0.0812595 1
g4 2 31 g4 2 32 0.085562 0.148538 1
g4 2 29 g4 2 31 0.080847 0.10039 1
g4 2 32 g4 2 32 0.088602 0.113248 1
g4 2 33 g4 2 38 0.091356 0.0895119 1
g4 2 34 g4 2 30 0.093072 0.105078 1
g4 2 38 g4 2 46 0.102381 0.154445 1
g4 2 28 g4 2 30 0.078563 0.111214 1
g4 2 35 g4 2 33 0.095782 0.0928454 1
g4 2 35 g4 2 35 0.096812 0.054118 1
g4 2 39 g4 2 34 0.105011 0.0895005 1
g4 2 39 g4 2 41 0.104926 0.110703 1
g4 2 44 g4 2 30 0.115954 0.100345 1
g4 2 44 g4 2 32 0.11575 0.109677 1
g4 2 29 g4 2 35 0.081032 0.0896642 1
g4 2 29 g4 2 31 0.081345 0.0966102 1
g4 2 31 g4 2 32 0.085618 0.0844094 1
g4 2 32 g4 2 32 0.088415 0.129553 1
g4 2 43 g4 2 32 0.113807 0.104682 1
g4 2 40 g4 2 32 0.107569 0.189227 1
g4 2 44 g4 2 39 0.117116 0.150614 1
g4 2 31 g4 2 30 0.085579 0.0719758 1
g4 2 43 g4 2 39 0.114349 0.100572 1
g4 2 48 g4 2 39 0.125666 0.11545 1
g4 2 39 g4 2 40 0.104825 0.0739062 1
g4 2 43 g4 2 30 0.113498 0.099075 1
g5 2 41 g5 2 48 0.111172 0.0936454 1
g5 2 43 g5 2 42 0.115181 0.0802734 1
g5 2 42 g5 2 50 0.113704 0.110121 1
g5 2 40 g5 2 50 0.109047 0.126498 1
g5 2 34 g5 2 48 0.094918 0.167191 1
g5 2 40 g5 2 48 0.108508 0.10047 1
g5 2 39 g4 2 32 0.105806 0.19223 1
g5 2 44 g5 2 48 0.117815 0.179595 1
g5 2 38 g5 2 49 0.10409 0.208098 1
g5 2 31 g5 2 30 0.086037 0.119656 1
g5 2 33 g5 2 33 0.092148 0.123368 1
g5 2 39 g5 2 33 0.105521 0.114927 1
g5 2 32 g5 2 40 0.089374 0.147538 1
g5 2 34 g4 2 29 0.094687 0.192093 1
g5 2 41 g5 2 49 0.110891 0.168088 1
g5 2 37 g5 2 33 0.100567 0.206707 1
g5 2 36 g5 2 49 0.098872 0.176142 1
g5 2 33 g5 2 33 0.092125 0.183825 1
g5 2 36 g5 2 49 0.09963 0.169152 1
g5 2 36 g4 2 29 0.099031 0.176426 1
g5 2 37 g5 2 49 0.101092 0.142442 1
g5 2 36 g4 2 29 0.098585 0.174111 1
g5 2 37 g4 2 29 0.100941 0.209175 1
g5 2 36 g5 2 48 0.099353 0.172507 1
g5 2 39 g5 2 48 0.106759 0.13397 1
g5 2 39 g5 2 52 0.105965 0.154602 1
g5 2 37 g4 2 29 0.101406 0.149926 1
g5 2 37 g5 2 52 0.101383 0.168346 1
g5 2 38 g5 2 49 0.103363 0.216505 1
g5 2 38 g5 2 48 0.103873 0.163797 1
g5 2 36 g4 2 32 0.098931 0.192569 1
g5 2 37 g5 2 48 0.101882 0.131962 1
g5 2 35 g5 2 47 0.096989 0.142198 1
g5 2 37 g5 2 48 0.102973 0.14226 1
g5 2 37 g5 2 47 0.101577 0.144625 1
g5 2 41 g5 2 47 0.110556 0.101672 1
g5 2 53 g5 2 49 0.138131 0.12125 1
g5 2 38 g5 2 47 0.104266 0.0936596 1
g5 2 45 g5 2 50 0.119101 0.0808529 1
g5 2 45 g5 2 47 0.121746 0.120769 1
g5 2 48 g5 2 57 0.1277 0.133671 1
g5 2 45 g5 2 57 0.1224 0.0969753 1
g5 2 45 g5 2 52 0.122037 0.102699 1
g5 2 48 g5 2 49 0.127686 0.0952967 1
g5 2 45 g5 2 50 0.120637 0.0759647 1
g6 2 38 g6 2 36 0.101776 0.0832649 1
g6 2 37 g6 2 36 0.099902 0.0919877 1
g6 2 40 g6 2 32 0.105883 0.104036 1
g6 2 39 g6 2 32 0.104331 0.177701 1
g6 2 33 g6 2 36 0.091077 0.0739164 1
g6 2 32 g6 2 38 0.088299 0.121687 1
g6 2 35 g6 2 36 0.096116 0.0944504 1
g6 2 36 g6 2 36 0.097513 0.131658 1
g6 2 34 g6 2 36 0.092871 0.102656 1
g6 2 30 g6 2 36 0.082964 0.105279 1
g6 2 37 g6 2 35 0.100237 0.14888 1
g6 2 40 g6 2 57 0.106821 0.0781961 1
g6 2 39 g6 2 39 0.104631 0.0718683 1
g6 2 29 g6 2 36 0.08068 0.12352 1
g6 2 34 g6 2 39 0.093645 0.164024 1
g6 2 39 g6 2 37 0.104725 0.0867312 1
g6 2 33 g6 2 36 0.090997 0.0986273 1
g6 2 41 g6 2 37 0.11009 0.0893568 1
g6 2 34 g6 2 36 0.093849 0.0844872 1
g6 2 33 g6 2 36 0.091325 0.141988 1
g6 2 39 g6 2 36 0.104033 0.0943078 1
g6 2 54 g6 2 36 0.139337 0.153552 1
g6 2 36 g6 2 37 0.097994 0.100885 1
g6 2 32 g6 2 37 0.087885 0.123474 1
g6 2 34 g6 2 36 0.093567 0.119653 1
g6 2 33 g6 2 32 0.091229 0.235521 1
g6 2 42 g6 2 36 0.112012 0.113696 1
g6 2 33 g6 2 36 0.091758 0.0889257 1
g6 2 33 g6 2 36 0.091493 0.0953035 1
g6 2 27 g6 2 31 0.076252 0.105149 1
g6 2 30 g6 2 32 0.083115 0.0827278 1
g6 2 31 g6 2 32 0.085371 0.112569 1
g6 2 49 g6 2 45 0.128377 0.369142 1
g6 2 37 g1 2 27 0.100571 0.24954 1
g6 2 30 g6 2 31 0.082526 0.0481761 1
g6 2 31 g6 2 33 0.085618 0.0835578 1
g6 2 33 g6 2 33 0.091063 0.0749726 1
g6 2 31 g6 2 33 0.085327 0.0741513 1
g6 2 35 g6 2 34 0.095762 0.0786984 1
g6 2 37 g6 2 35 0.100585 0.0650936 1
g6 2 35 g6 2 42 0.095571 0.094644 1
g7 1 35 g7 1 42 0.098081 0.274072 1
g7 1 32 g7 1 40 0.08916 0.213871 1
g7 1 35 g7 1 37 0.097578 0.314541 1
g7 1 36 g7 1 50 0.098842 0.156651 1
g7 1 38 g7 1 32 0.102892 0.283299 1
g7 1 39 g7 1 50 0.106646 0.199292 1
g7 1 32 g7 1 39 0.089389 0.269915 1
g7 1 33 g7 1 34 0.095021 0.128595 1
g7 1 25 g7 1 29 0.07288 0.23025 1
g7 1 30 g3 1 38 0.084981 0.404612 1
g7 1 32 g7 1 31 0.089894 0.224395 1
g7 1 34 g7 1 32 0.094674 0.163102 1
g7 1 34 g7 1 37 0.093358 0.212897 1
g7 1 32 g7 1 27 0.086987 0.175722 1
g7 1 27 g7 1 27 0.076505 0.223942 1
g7 1 31 g7 1 29 0.085438 0.174304 1
g7 1 31 g7 1 26 0.08649 0.169538 1
g7 1 28 g7 1 30 0.078726 0.216126 1
g7 1 29 g7 1 27 0.080676 0.234621 1
g7 1 29 g7 1 26 0.082505 0.163887 1
g7 1 29 g7 1 30 0.08347 0.201632 1
g7 1 25 g7 1 25 0.074327 0.0634586 1
g7 1 37 g1 2 15 0.100355 0.530052 0
g7 1 33 g7 1 33 0.090015 0.236254 1
g7 1 43 g7 1 26 0.113971 0.325197 1
g7 1 35 g7 1 46 0.094773 0.348845 1
g7 1 32 g2 2 21 0.088672 0.420181 1
g7 1 36 g7 1 35 0.098393 0.16725 1
g7 1 33 g1 2 15 0.093611 0.551134 0
g7 1 34 g7 1 36 0.09227 0.358404 1
g7 1 34 g7 1 34 0.093884 0.230783 1
g7 1 42 g7 1 45 0.111659 0.299935 1
g7 1 37 g7 1 41 0.101301 0.295442 1
g7 1 38 g7 1 33 0.103565 0.215944 1
g7 1 44 g7 1 31 0.116516 0.208828 1
g7 1 66 g7 1 41 0.161107 0.282145 1
g7 1 32 g7 1 37 0.08856 0.24747 1
g7 1 33 g7 1 48 0.090262 0.259356 1
g7 1 37 g7 1 41 0.102218 0.258088 1
g7 1 38 g7 1 37 0.103481 0.234551 1
g7 1 43 g7 1 39 0.115473 0.261738 1
g7 1 46 g7 1 43 0.124515 0.186543 1
g7 1 30 g7 1 31 0.083648 0.263501 1
g7 1 48 g7 1 38 0.12755 0.179544 1
g7 1 19 g7 1 34 0.059814 0.362941 1
g7 1 33 g7 1 49 0.092942 0.362298 1
g7 1 34 g7 1 32 0.095626 0.154278 1
g7 1 34 g7 1 29 0.095129 0.281279 1
g7 1 35 g7 1 29 0.096339 0.218815 1
g7 1 47 g7 1 39 0.12418 0.239458 1
g7 1 31 g7 1 27 0.086071 0.320248 1
g7 1 31 g7 1 31 0.087541 0.258225 1
g7 1 40 g7 1 43 0.109125 0.168175 1
g7 1 59 g7 1 43 0.153967 0.298299 1
g7 1 54 g7 1 50 0.141123 0.245747 1
g7 1 52 g7 1 35 0.136157 0.381369 1
g7 1 51 g7 1 50 0.134295 0.22973 1
g7 1 33 g7 1 33 0.103855 0.226786 1
g7 1 49 g7 1 46 0.12943 0.164696 1
g7 1 41 g7 1 45 0.109718 0.208928 1
g7 1 45 g7 1 46 0.118179 0.158187 1
g7 1 43 g7 1 43 0.114501 0.191376 1
g7 1 45 g7 1 46 0.1205 0.173496 1
