g1 2 44 g6 2 60 0.217015 0.160914 1
g1 2 42 g6 2 64 0.208454 0.172727 1
g1 2 50 g6 2 48 0.239547 0.125289 1
g1 2 100 g1 2 43 0.449438 0.129417 1
g1 2 61 g2 2 30 0.286888 0.183151 1
g1 2 54 g1 2 46 0.257894 0.142534 1
g1 2 58 g1 2 46 0.27323 0.113158 1
g1 2 35 g1 2 50 0.181337 0.0970448 1
g1 2 44 g1 2 40 0.216473 0.122193 1
g1 2 52 g1 2 46 0.250857 0.153201 1
g1 2 37 g1 2 40 0.187846 0.117398 1
g1 2 48 g1 2 40 0.232235 0.0942005 1
g1 2 46 g1 2 46 0.225002 0.0653767 1
g1 2 45 g1 2 44 0.219589 0.0742529 1
g1 2 51 g1 2 46 0.244538 0.0742867 1
g1 2 109 g6 2 71 0.486435 0.199637 1
g1 2 47 g1 2 40 0.228911 0.0893916 1
g1 2 69 g6 2 68 0.318842 0.192761 1
g1 2 35 g6 2 69 0.18038 0.134836 1
g1 2 44 g6 2 64 0.215856 0.180735 1
g1 2 37 g6 2 49 0.188869 0.127242 1
g1 2 52 g6 2 55 0.24815 0.15502 1
g1 2 40 g2 2 45 0.200184 0.175992 1
g1 2 43 g1 2 36 0.210946 0.0701902 1
g1 2 41 g1 2 36 0.204211 0.0729246 1
g1 2 59 g1 2 54 0.277344 0.125942 1
g1 2 56 g1 2 47 0.263868 0.139616 1
g1 2 73 g1 2 47 0.335295 0.242762 0
g1 2 53 g1 2 43 0.252899 0.194021 1
g1 2 54 g1 2 69 0.2579 0.100994 1
g1 2 41 g1 2 46 0.204408 0.0782365 1
g1 2 42 g1 2 43 0.207157 0.156364 1
g1 2 33 g1 2 48 0.173042 0.0612619 1
g1 2 51 g1 2 52 0.243845 0.197634 0
g1 2 41 g1 2 54 0.204476 0.226619 0
g1 2 44 g1 2 43 0.215982 0.145674 1
g1 2 55 g1 2 43 0.260263 0.154799 1
g1 2 44 g1 2 43 0.215217 0.14882 1
g1 2 39 g1 2 41 0.196103 0.156408 1
g1 2 41 g1 2 43 0.204014 0.113863 1
g1 2 47 g1 2 48 0.228197 0.148519 1
g1 2 51 g1 2 52 0.243464 0.204624 1
g1 2 42 g1 2 43 0.207881 0.206752 0
g1 2 44 g1 2 43 0.21722 0.166897 1
g1 2 51 g1 2 43 0.243803 0.152267 1
g1 2 38 g1 2 52 0.192596 0.225632 0
g1 2 48 g6 2 67 0.231462 0.191866 1
g1 2 51 g6 2 63 0.244196 0.186925 1
g1 2 39 g6 2 70 0.19587 0.163582 1
g1 2 50 g6 2 64 0.239348 0.123351 1
g1 2 70 g2 2 30 0.323625 0.211961 1
g1 2 46 g6 2 48 0.224459 0.140177 1
g1 2 62 g2 2 30 0.289974 0.158839 1
g1 2 40 g1 2 30 0.19964 0.104996 1
g1 2 36 g1 2 32 0.183855 0.0552752 1
g1 2 27 g1 2 30 0.144345 0.0717766 1
g1 2 27 g1 2 27 0.145944 0.0584145 1
g1 2 29 g1 2 30 0.152968 0.0570191 1
g1 2 29 g1 2 29 0.152607 0.0497548 1
g1 2 34 g1 2 32 0.175469 0.0552609 1
g1 2 27 g1 2 27 0.144754 0.0585002 1
g2 2 26 g2 2 24 0.140607 0.080774 1
g2 2 26 g2 2 24 0.140697 0.0829627 1
g2 2 29 g2 2 30 0.152816 0.150494 1
g2 2 24 g2 2 24 0.132993 0.147788 1
g2 2 25 g2 2 24 0.136998 0.131777 1
g2 2 21 g2 2 30 0.119715 0.144918 1
g2 2 24 g2 2 24 0.132993 0.121557 1
g2 2 25 g2 2 24 0.137013 0.0897749 1
g2 2 26 g2 2 24 0.140418 0.147597 1
g2 2 53 g2 2 48 0.253106 0.12162 1
g2 2 27 g2 2 24 0.144995 0.0821964 1
g2 2 26 g2 2 24 0.140649 0.0848221 1
g2 2 26 g2 2 24 0.141098 0.105094 1
g2 2 27 g2 2 24 0.144953 0.108519 1
g2 2 28 g2 2 24 0.148581 0.168705 1
g2 2 25 g2 2 24 0.137028 0.128441 1
g2 2 19 g2 2 30 0.113908 0.230905 0
g2 2 25 g2 2 24 0.137072 0.0748435 1
g2 2 27 g2 2 24 0.145348 0.0862481 1
g2 2 25 g2 2 24 0.136827 0.132325 1
g2 2 28 g2 2 24 0.148646 0.127187 1
g2 2 28 g2 2 24 0.148927 0.202375 1
g2 2 24 g2 2 24 0.132961 0.140708 1
g2 2 29 g2 2 24 0.153229 0.0773327 1
g2 2 31 g2 2 30 0.161112 0.157309 1
g2 2 26 g2 2 24 0.140774 0.142029 1
g2 2 25 g2 2 30 0.136423 0.218193 0
g2 2 28 g2 2 24 0.151899 0.144577 1
g2 2 32 g2 2 24 0.165879 0.120105 1
g2 2 57 g2 2 51 0.270858 0.113447 1
g2 2 52 g1 2 29 0.248568 0.207128 1
g2 2 53 g2 2 48 0.253846 0.113228 1
g2 2 46 g1 2 41 0.224314 0.255285 0
g2 2 36 g2 2 40 0.183849 0.0945646 1
g2 2 40 g2 2 37 0.201184 0.0997305 1
g2 2 62 g2 2 51 0.289971 0.105391 1
g2 2 41 g2 2 37 0.204574 0.0860249 1
g2 2 35 g2 2 42 0.181226 0.0785681 1
g2 2 34 g2 2 37 0.176848 0.0735559 1
g2 2 37 g2 2 42 0.188388 0.0676064 1
g2 2 37 g2 2 37 0.188496 0.0543996 1
g2 2 39 g2 2 37 0.196174 0.0563116 1
g2 2 37 g2 2 37 0.18786 0.0944887 1
g2 2 39 g2 2 37 0.196103 0.0661056 1
g2 2 40 g2 2 42 0.200576 0.0699725 1
g2 2 45 g2 2 42 0.218465 0.125056 1
g2 2 29 g2 2 40 0.153819 0.117702 1
g2 2 40 g2 2 37 0.19998 0.0587943 1
g2 2 82 g2 2 51 0.379638 0.159875 1
g2 2 39 g2 2 40 0.196193 0.0776896 1
g2 2 50 g2 2 42 0.240003 0.0686868 1
g2 2 50 g1 2 48 0.239667 0.208267 1
g2 2 38 g2 2 37 0.191727 0.097143 1
g2 2 35 g2 2 42 0.180802 0.0715669 1
g2 2 43 g1 2 62 0.210882 0.112596 1
g2 2 39 g2 2 42 0.196429 0.0883543 1
g2 2 47 g1 2 50 0.227614 0.190312 1
g2 2 44 g2 2 51 0.215437 0.108911 1
g2 2 38 g2 2 54 0.192716 0.10608 1
g2 2 54 g2 2 51 0.256939 0.109573 1
g2 2 33 g2 2 37 0.173355 0.083846 1
g2 2 38 g1 2 55 0.192079 0.278588 0
g2 2 56 g2 2 46 0.264456 0.160661 1
g2 2 27 g2 2 24 0.145459 0.129458 1
g2 2 24 g2 2 24 0.133249 0.118578 1
g2 2 26 g2 2 24 0.141497 0.0644475 1
g3 1 69 g3 1 72 0.320212 0.316273 0
g3 1 66 g3 1 82 0.308631 0.190213 1
g3 1 93 g3 1 79 0.421585 0.296692 0
g3 1 100 g3 1 71 0.450785 0.236355 1
g3 1 105 g1 2 55 0.475543 0.423074 0
g3 1 94 g3 1 71 0.427518 0.254154 0
g3 1 89 g3 1 70 0.407623 0.276936 0
g3 1 91 g3 1 80 0.414912 0.273393 0
g3 1 84 g3 1 85 0.383581 0.278647 0
g3 1 85 g3 1 90 0.387025 0.283675 0
g3 1 86 g3 1 104 0.3913 0.250977 0
g3 1 90 g3 1 79 0.409544 0.20536 0
g3 1 90 g3 1 84 0.410012 0.23957 0
g3 1 90 g3 1 125 0.41133 0.213121 1
g3 1 88 g3 1 76 0.401083 0.475727 0
g3 1 84 g3 1 72 0.384935 0.242721 0
g3 1 78 g3 1 79 0.358243 0.195477 1
g3 1 111 g1 2 47 0.500505 0.354061 0
g3 1 93 g3 1 80 0.422619 0.243617 0
g3 1 93 g3 1 83 0.425556 0.208777 1
g3 1 97 g3 1 89 0.439172 0.214353 1
g3 1 91 g3 1 112 0.415606 0.215496 1
g3 1 90 g3 1 80 0.409961 0.237226 0
g3 1 83 g3 1 71 0.378988 0.250708 0
g3 1 89 g3 1 79 0.406508 0.300822 0
g3 1 86 g3 1 75 0.390538 0.281679 0
g3 1 97 g3 1 110 0.439086 0.295255 0
g3 1 130 g3 1 82 0.580953 0.284261 0
g3 1 112 g3 1 87 0.507031 0.287481 0
g3 1 95 g3 1 78 0.430323 0.19328 1
g3 1 109 g3 1 118 0.49292 0.217483 0
g3 1 102 g3 1 80 0.460057 0.268437 0
g3 1 95 g3 1 76 0.431047 0.211657 1
g3 1 98 g3 1 83 0.445275 0.232041 0
g3 1 99 g3 1 89 0.448993 0.239975 1
g3 1 96 g3 1 81 0.438391 0.262869 1
g3 1 100 g7 1 75 0.455736 0.43396 0
g3 1 113 g3 1 138 0.507991 0.259061 0
g3 1 118 g3 1 138 0.53073 0.252984 0
g3 1 90 g3 1 82 0.407321 0.368885 0
g3 1 74 g3 1 66 0.339823 0.834601 0
g3 1 95 g3 1 83 0.430254 0.274813 0
g3 1 83 g3 1 77 0.379754 0.211947 0
g3 1 75 g3 1 78 0.344808 0.188616 0
g3 1 79 g3 1 79 0.361189 0.209933 0
g3 1 84 g3 1 89 0.382584 0.288825 0
g3 1 75 g3 1 75 0.343048 0.323432 0
g3 1 83 g3 1 82 0.378471 0.167859 1
g3 1 77 g3 1 72 0.352178 0.214258 0
g3 1 76 g3 1 89 0.349049 0.294233 0
g3 1 82 g3 1 89 0.374952 0.248577 0
g4 2 69 g4 2 57 0.317795 0.191123 1
g4 2 69 g4 2 80 0.318395 0.0660167 1
g4 2 84 g4 2 85 0.38305 0.161414 1
g4 2 83 g4 2 80 0.378535 0.161243 1
g4 2 78 g4 2 88 0.356441 0.117795 1
g4 2 79 g4 2 97 0.361742 0.13937 1
g4 2 98 g3 1 87 0.442049 0.254056 0
g4 2 79 g4 2 80 0.363533 0.157149 1
g4 2 93 g4 2 92 0.421965 0.149584 1
g4 2 91 g4 2 93 0.412164 0.163987 1
g4 2 87 g4 2 88 0.395335 0.135221 1
g4 2 92 g4 2 97 0.417362 0.111199 1
g4 2 100 g4 2 99 0.453041 0.0772027 1
g4 2 87 g4 2 53 0.396831 0.0994266 1
g4 2 55 g4 2 65 0.258799 0.116808 1
g4 2 58 g4 2 55 0.274067 0.0715552 1
g4 2 55 g4 2 53 0.260161 0.0751592 1
g4 2 61 g4 2 64 0.28433 0.142849 1
g4 2 57 g4 2 62 0.267673 0.0996441 1
g4 2 63 g4 2 64 0.294883 0.105019 1
g4 2 65 g4 2 76 0.301964 0.0836168 1
g4 2 67 g4 2 76 0.310176 0.0981991 1
g4 2 75 g4 2 93 0.343455 0.148781 1
g4 2 55 g4 2 60 0.259107 0.103583 1
g4 2 70 g4 2 65 0.322681 0.0884289 1
g4 2 70 g4 2 70 0.323689 0.0475186 1
g4 2 78 g4 2 68 0.356081 0.0850483 1
g4 2 77 g4 2 81 0.352717 0.108874 1
g4 2 90 g4 2 60 0.406443 0.0948221 1
g4 2 88 g4 2 64 0.398723 0.103041 1
g4 2 57 g4 2 70 0.268395 0.0813742 1
g4 2 57 g4 2 61 0.269371 0.0911389 1
g4 2 61 g4 2 64 0.286642 0.0745925 1
g4 2 64 g4 2 64 0.297585 0.125211 1
g4 2 85 g4 2 64 0.38679 0.0978542 1
g4 2 80 g4 2 64 0.366085 0.184858 1
g4 2 87 g4 2 77 0.394946 0.144483 1
g4 2 62 g4 2 60 0.289882 0.0668608 1
g4 2 86 g4 2 77 0.390849 0.0981559 1
g4 2 98 g4 2 77 0.442095 0.10866 1
g4 2 78 g4 2 80 0.356651 0.0673156 1
g4 2 86 g4 2 60 0.38906 0.0945725 1
g5 2 82 g5 2 92 0.37621 0.0888844 1
g5 2 85 g5 2 83 0.387968 0.0766654 1
g5 2 83 g5 2 99 0.380816 0.104034 1
g5 2 80 g5 2 99 0.367774 0.115317 1
g5 2 67 g5 2 96 0.31321 0.158796 1
g5 2 79 g5 2 96 0.364319 0.0914223 1
g5 2 78 g4 2 63 0.357904 0.186761 1
g5 2 87 g5 2 96 0.398128 0.173141 1
g5 2 76 g5 2 98 0.351739 0.205094 1
g5 2 62 g5 2 60 0.291915 0.115852 1
g5 2 66 g5 2 66 0.307199 0.116191 1
g5 2 78 g5 2 66 0.357679 0.107979 1
g5 2 64 g5 2 80 0.299343 0.141213 1
g5 2 67 g4 2 58 0.312091 0.184074 1
g5 2 81 g5 2 98 0.370755 0.160284 1
g5 2 74 g5 2 66 0.339936 0.202666 1
g5 2 71 g5 2 98 0.328988 0.170467 1
g5 2 66 g5 2 66 0.307034 0.177696 1
g5 2 71 g5 2 98 0.330218 0.163221 1
g5 2 71 g4 2 57 0.328453 0.167461 1
g5 2 73 g5 2 97 0.337001 0.132334 1
g5 2 71 g5 2 63 0.327815 0.154023 1
g5 2 73 g4 2 68 0.337705 0.206301 1
g5 2 71 g5 2 96 0.328511 0.164192 1
g5 2 78 g5 2 96 0.359071 0.126072 1
g5 2 77 g5 2 104 0.354619 0.149785 1
g5 2 74 g4 2 57 0.341076 0.14223 1
g5 2 73 g5 2 104 0.337361 0.163228 1
g5 2 75 g5 2 98 0.344929 0.211005 1
g5 2 76 g5 2 86 0.349882 0.135157 1
g5 2 71 g4 2 63 0.328823 0.186927 1
g5 2 74 g5 2 96 0.34193 0.126245 1
g5 2 69 g5 2 94 0.32079 0.133138 1
g5 2 73 g5 2 96 0.338608 0.133423 1
g5 2 74 g5 2 96 0.341362 0.142666 1
g5 2 81 g5 2 94 0.371234 0.0961288 1
g5 2 108 g5 2 98 0.487538 0.116844 1
g5 2 75 g5 2 94 0.346999 0.08502 1
g5 2 90 g5 2 99 0.408954 0.0742962 1
g5 2 90 g5 2 94 0.412927 0.118403 1
g5 2 96 g5 2 113 0.438877 0.126379 1
g5 2 90 g5 2 113 0.412693 0.0856127 1
g5 2 89 g5 2 103 0.408002 0.0963033 1
g5 2 96 g5 2 98 0.438413 0.089658 1
g5 2 90 g5 2 96 0.412033 0.0717028 1
g6 2 76 g6 2 72 0.347281 0.0771459 1
g6 2 73 g6 2 72 0.335728 0.0880276 1
g6 2 79 g6 2 72 0.359992 0.0822419 1
g6 2 77 g6 2 63 0.350008 0.168577 1
g6 2 65 g6 2 72 0.301072 0.0669014 1
g6 2 64 g6 2 75 0.298074 0.114614 1
g6 2 69 g6 2 72 0.318424 0.0890006 1
g6 2 71 g6 2 72 0.325887 0.123143 1
g6 2 68 g6 2 72 0.314245 0.0985805 1
g6 2 59 g6 2 72 0.27684 0.0973569 1
g6 2 74 g6 2 70 0.339066 0.143305 1
g6 2 80 g6 2 177 0.365148 0.0852704 1
g6 2 78 g6 2 77 0.355154 0.0643359 1
g6 2 57 g6 2 72 0.270614 0.116345 1
g6 2 68 g6 2 77 0.314221 0.158649 1
g6 2 77 g6 2 73 0.351515 0.0807775 1
g6 2 65 g6 2 72 0.301857 0.0915207 1
g6 2 82 g6 2 73 0.374198 0.0823714 1
g6 2 68 g6 2 72 0.313198 0.0777317 1
g6 2 66 g6 2 72 0.305604 0.137876 1
g6 2 78 g6 2 72 0.355458 0.0898468 1
g6 2 113 g6 2 72 0.513618 0.147326 1
g6 2 72 g6 2 73 0.3311 0.0916119 1
g6 2 64 g6 2 69 0.297766 0.111254 1
g6 2 68 g6 2 72 0.315382 0.116217 1
g6 2 66 g6 2 84 0.306204 0.235259 0
g6 2 84 g6 2 72 0.382352 0.11065 1
g6 2 66 g6 2 72 0.306648 0.0817849 1
g6 2 66 g6 2 72 0.305626 0.0878122 1
g6 2 54 g6 2 62 0.256216 0.0951049 1
g6 2 59 g6 2 63 0.276375 0.0737205 1
g6 2 61 g6 2 63 0.28471 0.101849 1
g6 2 97 g6 2 92 0.438045 0.361166 0
g6 2 73 g1 2 54 0.335989 0.242303 1
g6 2 59 g6 2 60 0.275937 0.0325585 1
g6 2 61 g6 2 66 0.285413 0.0781043 1
g6 2 65 g6 2 61 0.301644 0.0581284 1
g6 2 62 g6 2 65 0.288369 0.0600247 1
g6 2 69 g6 2 68 0.317928 0.0699748 1
g6 2 74 g6 2 70 0.338557 0.0584366 1
g6 2 69 g6 2 84 0.318709 0.0875334 1
g7 1 71 g7 1 85 0.329076 0.27168 1
g7 1 63 g7 1 81 0.294725 0.212809 1
g7 1 69 g7 1 73 0.319716 0.308133 0
g7 1 71 g7 1 100 0.32878 0.149006 1
g7 1 76 g7 1 64 0.349706 0.278388 1
g7 1 80 g7 1 77 0.366952 0.250562 1
g7 1 64 g7 1 78 0.299247 0.263044 0
g7 1 70 g7 1 71 0.323527 0.12257 1
g7 1 50 g7 1 58 0.241441 0.217144 1
g7 1 61 g3 1 81 0.285778 0.38893 0
g7 1 65 g7 1 63 0.302276 0.214304 1
g7 1 70 g7 1 64 0.323872 0.160001 1
g7 1 67 g7 1 74 0.309771 0.212843 1
g7 1 63 g7 1 54 0.292853 0.169549 1
g7 1 54 g7 1 53 0.256729 0.213141 1
g7 1 62 g7 1 58 0.290561 0.169683 1
g7 1 61 g7 1 53 0.284762 0.152039 1
g7 1 56 g7 1 60 0.263498 0.210975 0
g7 1 58 g7 1 87 0.272528 0.284984 0
g7 1 59 g7 1 52 0.276057 0.157445 1
g7 1 59 g7 1 60 0.276638 0.193492 0
g7 1 52 g7 1 49 0.248862 0.0354893 1
g7 1 73 g1 2 29 0.33517 0.506446 0
g7 1 66 g7 1 67 0.305921 0.225156 1
g7 1 86 g7 1 52 0.390536 0.317661 0
g7 1 70 g7 1 92 0.323513 0.347275 0
g7 1 65 g2 2 42 0.301643 0.414207 0
g7 1 72 g7 1 71 0.330335 0.161306 1
g7 1 68 g1 2 29 0.314399 0.529818 0
g7 1 68 g3 1 128 0.316598 0.522324 0
g7 1 70 g7 1 67 0.323824 0.215648 0
g7 1 83 g7 1 91 0.378892 0.294133 0
g7 1 75 g7 1 86 0.343124 0.294575 0
g7 1 77 g7 1 65 0.352292 0.213428 1
g7 1 88 g7 1 64 0.399473 0.204561 1
g7 1 134 g7 1 86 0.598731 0.276689 0
g7 1 64 g7 1 73 0.299179 0.24136 0
g7 1 65 g7 1 95 0.306399 0.247475 0
g7 1 76 g7 1 81 0.348718 0.260509 0
g7 1 76 g7 1 73 0.349114 0.23138 1
g7 1 86 g7 1 77 0.391322 0.257496 1
g7 1 95 g7 1 89 0.430122 0.189599 1
g7 1 60 g7 1 63 0.282328 0.262553 0
g7 1 99 g7 1 75 0.448797 0.172561 1
g7 1 37 g7 1 71 0.186898 0.356486 0
g7 1 68 g7 1 98 0.315208 0.358518 0
g7 1 70 g7 1 64 0.3233 0.151632 1
g7 1 69 g7 1 58 0.319503 0.27366 0
g7 1 70 g7 1 71 0.323373 0.163192 1
g7 1 94 g7 1 77 0.42584 0.234385 1
g7 1 61 g7 1 55 0.285595 0.305223 0
g7 1 64 g7 1 63 0.299843 0.253362 1
g7 1 82 g7 1 87 0.374723 0.161789 1
g7 1 117 g7 1 88 0.528457 0.307909 0
g7 1 108 g7 1 101 0.487432 0.245434 1
g7 1 103 g7 1 70 0.4649 0.375397 0
g7 1 102 g7 1 101 0.461457 0.222327 0
g7 1 89 g7 1 69 0.404189 0.232672 1
g7 1 97 g7 1 92 0.440521 0.157676 1
g7 1 81 g7 1 91 0.371548 0.204566 1
g7 1 90 g7 1 92 0.4089 0.152347 1
g7 1 86 g7 1 89 0.393723 0.186012 1
g7 1 91 g7 1 92 0.414882 0.167741 1
