g1 2 46 g6 2 78 0.230432 0.151271 1
g1 2 44 g6 2 66 0.221938 0.17884 1
g1 2 52 g6 2 50 0.255305 0.133323 1
g1 2 102 g1 2 45 0.47101 0.128344 1
g1 2 63 g2 2 32 0.304891 0.180019 1
g1 2 56 g1 2 48 0.270964 0.143851 1
g1 2 60 g1 2 54 0.290168 0.120546 1
g1 2 37 g1 2 52 0.193599 0.0984748 1
g1 2 46 g1 2 42 0.23125 0.124197 1
g1 2 54 g1 2 48 0.263809 0.153851 1
g1 2 39 g1 2 42 0.20171 0.11936 1
g1 2 50 g1 2 42 0.246579 0.0973088 1
g1 2 48 g1 2 48 0.238249 0.0665379 1
g1 2 47 g1 2 46 0.235819 0.0739496 1
g1 2 53 g1 2 48 0.258823 0.0760421 1
g1 2 111 g6 2 73 0.510923 0.20023 1
g1 2 49 g1 2 42 0.242497 0.0889367 1
g1 2 71 g6 2 70 0.336215 0.199175 1
g1 2 37 g6 2 60 0.193567 0.12168 1
g1 2 46 g6 2 66 0.230339 0.186226 1
g1 2 39 g6 2 51 0.201089 0.130296 1
g1 2 54 g6 2 57 0.263268 0.160935 1
g1 2 42 g2 2 32 0.214965 0.181488 1
g1 2 45 g1 2 38 0.224916 0.0751975 1
g1 2 43 g1 2 38 0.21715 0.0769938 1
g1 2 61 g1 2 56 0.292675 0.126871 1
g1 2 58 g1 2 49 0.28099 0.139487 1
g1 2 75 g1 2 49 0.352572 0.246594 1
g1 2 55 g1 2 45 0.266834 0.194769 1
g1 2 56 g1 2 71 0.272363 0.100618 1
g1 2 43 g1 2 48 0.218426 0.0795973 1
g1 2 44 g1 2 45 0.221583 0.162819 1
g1 2 35 g1 2 50 0.186734 0.0640499 1
g1 2 53 g1 2 54 0.258771 0.197292 1
g1 2 43 g1 2 56 0.219803 0.225186 1
g1 2 46 g1 2 45 0.229413 0.149562 1
g1 2 57 g1 2 45 0.275444 0.158168 1
g1 2 46 g1 2 45 0.229303 0.153119 1
g1 2 41 g1 2 43 0.210313 0.154605 1
g1 2 43 g1 2 45 0.217158 0.119913 1
g1 2 49 g1 2 50 0.24257 0.147619 1
g1 2 53 g1 2 54 0.258429 0.204712 1
g1 2 44 g1 2 47 0.223372 0.168578 1
g1 2 46 g1 2 45 0.230177 0.172272 1
g1 2 53 g1 2 45 0.258662 0.161407 1
g1 2 40 g1 2 54 0.205517 0.23451 1
g1 2 50 g6 2 70 0.245911 0.185257 1
g1 2 53 g6 2 65 0.259156 0.19522 1
g1 2 41 g6 2 72 0.210236 0.170714 1
g1 2 52 g6 2 66 0.254946 0.125926 1
g1 2 72 g2 2 32 0.340551 0.207837 1
g1 2 48 g6 2 50 0.23964 0.147822 1
g1 2 64 g2 2 32 0.307762 0.161244 1
g1 2 42 g1 2 34 0.213387 0.0657652 1
g1 2 38 g1 2 34 0.196937 0.0576872 1
g1 2 29 g1 2 32 0.157476 0.0730236 1
g1 2 29 g1 2 29 0.160091 0.0591343 1
g1 2 31 g1 2 32 0.166279 0.0594803 1
g1 2 31 g1 2 31 0.165575 0.0511753 1
g1 2 36 g1 2 34 0.188687 0.0559827 1
g1 2 29 g1 2 29 0.158569 0.0583123 1
g2 2 28 g2 2 26 0.153284 0.081189 1
g2 2 28 g2 2 26 0.153919 0.0852107 1
g2 2 31 g2 2 32 0.166318 0.152605 1
g2 2 26 g2 2 26 0.144409 0.150999 1
g2 2 27 g2 2 26 0.149081 0.134901 1
g2 2 23 g2 2 32 0.13191 0.144775 1
g2 2 26 g2 2 26 0.144473 0.128892 1
g2 2 27 g2 2 26 0.148862 0.0937242 1
g2 2 28 g2 2 26 0.153671 0.156895 1
g2 2 55 g2 2 50 0.267501 0.125755 1
g2 2 29 g2 2 26 0.15695 0.0853226 1
g2 2 28 g2 2 26 0.153453 0.0831557 1
g2 2 28 g2 2 26 0.153388 0.10591 1
g2 2 29 g2 2 26 0.157297 0.106393 1
g2 2 30 g2 2 26 0.161114 0.165876 1
g2 2 27 g2 2 26 0.148762 0.128428 1
g2 2 21 g2 2 32 0.124394 0.237872 1
g2 2 27 g2 2 26 0.148873 0.0733698 1
g2 2 29 g2 2 26 0.157267 0.0850396 1
g2 2 27 g2 2 26 0.148961 0.132614 1
g2 2 30 g2 2 26 0.162275 0.125009 1
g2 2 30 g2 2 26 0.160802 0.202935 1
g2 2 26 g2 2 26 0.14528 0.144234 1
g2 2 31 g2 2 26 0.165271 0.0809107 1
g2 2 33 g2 2 32 0.177542 0.158391 1
g2 2 28 g2 2 26 0.152896 0.150766 1
g2 2 27 g2 2 32 0.148498 0.215902 1
g2 2 30 g2 2 26 0.161212 0.15229 1
g2 2 34 g2 2 26 0.181045 0.122504 1
g2 2 59 g2 2 53 0.284895 0.11708 1
g2 2 54 g2 2 45 0.263606 0.128094 1
g2 2 55 g2 2 50 0.268841 0.115822 1
g2 2 48 g1 2 43 0.239132 0.259655 1
g2 2 38 g2 2 42 0.197207 0.0980393 1
g2 2 42 g2 2 39 0.213884 0.102152 1
g2 2 64 g2 2 53 0.307976 0.107338 1
g2 2 43 g2 2 45 0.217388 0.0816044 1
g2 2 37 g2 2 44 0.193239 0.0787732 1
g2 2 36 g2 2 39 0.188527 0.0732656 1
g2 2 39 g2 2 44 0.201445 0.0675561 1
g2 2 39 g2 2 39 0.201512 0.0572417 1
g2 2 41 g2 2 39 0.20959 0.0581594 1
g2 2 39 g2 2 39 0.200802 0.0957513 1
g2 2 41 g2 2 39 0.210111 0.0682864 1
g2 2 42 g2 2 44 0.213406 0.0697143 1
g2 2 47 g2 2 44 0.23417 0.129158 1
g2 2 31 g2 2 41 0.165892 0.117849 1
g2 2 42 g2 2 39 0.213533 0.06024 1
g2 2 84 g2 2 53 0.395806 0.158477 1
g2 2 41 g2 2 42 0.210094 0.0790936 1
g2 2 52 g2 2 44 0.254781 0.0678578 1
g2 2 52 g1 2 59 0.255497 0.213745 1
g2 2 40 g2 2 39 0.205586 0.0999793 1
g2 2 37 g2 2 44 0.193765 0.0734563 1
g2 2 45 g1 2 64 0.225763 0.115191 1
g2 2 41 g2 2 44 0.209837 0.0894141 1
g2 2 49 g1 2 52 0.241579 0.192012 1
g2 2 46 g2 2 53 0.229919 0.113792 1
g2 2 40 g2 2 56 0.206056 0.10944 1
g2 2 56 g2 2 53 0.271381 0.108505 1
g2 2 35 g2 2 39 0.186185 0.0852977 1
g2 2 40 g1 2 57 0.206843 0.290824 1
g2 2 58 g2 2 48 0.280658 0.156959 1
g2 2 29 g2 2 26 0.157562 0.130546 1
g2 2 26 g2 2 26 0.144486 0.124454 1
g2 2 28 g2 2 26 0.153395 0.0648465 1
g3 1 71 g3 1 117 0.336591 0.324805 1
g3 1 68 g3 1 84 0.325001 0.194898 1
g3 1 95 g3 1 81 0.442688 0.296964 1
g3 1 102 g3 1 73 0.470861 0.238218 1
g3 1 107 g1 2 57 0.496335 0.434995 1
g3 1 96 g3 1 73 0.449019 0.256818 1
g3 1 91 g3 1 72 0.425019 0.283774 1
g3 1 93 g3 1 82 0.434395 0.278866 1
g3 1 86 g3 1 87 0.402356 0.278667 1
g3 1 87 g3 1 92 0.406147 0.286612 1
g3 1 88 g3 1 106 0.4104 0.254138 1
g3 1 92 g3 1 81 0.429734 0.212962 1
g3 1 92 g3 1 86 0.430084 0.243562 1
g3 1 92 g3 1 127 0.433498 0.2154 1
g3 1 90 g3 1 78 0.419165 0.482702 0
g3 1 86 g3 1 74 0.405621 0.25076 1
g3 1 80 g3 1 81 0.377391 0.197892 1
g3 1 113 g1 2 49 0.52298 0.365086 1
g3 1 95 g3 1 120 0.443383 0.277557 1
g3 1 95 g3 1 85 0.443123 0.214709 1
g3 1 99 g3 1 91 0.46166 0.219722 1
g3 1 93 g3 1 114 0.435264 0.216527 1
g3 1 92 g3 1 82 0.429891 0.243935 1
g3 1 85 g3 1 73 0.397974 0.253225 1
g3 1 91 g3 1 81 0.424233 0.303278 1
g3 1 88 g3 1 77 0.411354 0.278852 1
g3 1 99 g3 1 112 0.459049 0.301397 1
g3 1 132 g3 1 84 0.607603 0.28222 1
g3 1 114 g1 2 67 0.52616 0.43458 1
g3 1 97 g3 1 80 0.451274 0.1944 1
g3 1 111 g3 1 120 0.514017 0.219216 1
g3 1 104 g3 1 82 0.482517 0.27285 1
g3 1 97 g3 1 78 0.450677 0.214257 1
g3 1 100 g3 1 85 0.465242 0.238382 1
g3 1 101 g3 1 91 0.469552 0.246652 1
g3 1 98 g3 1 83 0.457286 0.267061 1
g3 1 102 g3 1 61 0.475385 0.319308 1
g3 1 115 g3 1 140 0.531357 0.258955 1
g3 1 120 g3 1 140 0.554567 0.257891 1
g3 1 92 g3 1 84 0.429443 0.376797 1
g3 1 76 g3 1 68 0.357223 0.838181 0
g3 1 97 g3 1 85 0.450488 0.281636 1
g3 1 85 g3 1 79 0.39767 0.211361 1
g3 1 77 g3 1 80 0.361899 0.193194 1
g3 1 81 g3 1 81 0.378419 0.214477 1
g3 1 86 g3 1 91 0.400418 0.293181 1
g3 1 77 g3 1 77 0.360665 0.329231 1
g3 1 85 g3 1 84 0.398 0.171705 1
g3 1 79 g3 1 74 0.37038 0.219266 1
g3 1 78 g3 1 91 0.366517 0.301789 1
g3 1 84 g3 1 91 0.392754 0.249773 1
g4 2 71 g4 2 59 0.335289 0.198089 1
g4 2 71 g4 2 82 0.335167 0.0673423 1
g4 2 86 g4 2 87 0.400843 0.162398 1
g4 2 85 g4 2 82 0.3961 0.163126 1
g4 2 80 g4 2 90 0.375995 0.119477 1
g4 2 81 g4 2 99 0.379444 0.14039 1
g4 2 100 g3 1 89 0.462157 0.25683 1
g4 2 81 g4 2 82 0.379875 0.161355 1
g4 2 95 g4 2 94 0.441964 0.151698 1
g4 2 93 g4 2 95 0.433918 0.166844 1
g4 2 89 g4 2 90 0.416473 0.134392 1
g4 2 94 g4 2 99 0.436628 0.112256 1
g4 2 102 g4 2 101 0.471979 0.0792638 1
g4 2 89 g4 2 60 0.414151 0.120179 1
g4 2 57 g4 2 63 0.275039 0.127509 1
g4 2 60 g4 2 57 0.288258 0.0727742 1
g4 2 57 g4 2 55 0.275142 0.0766083 1
g4 2 63 g4 2 66 0.300409 0.145464 1
g4 2 59 g4 2 64 0.288708 0.103054 1
g4 2 65 g4 2 66 0.31014 0.109011 1
g4 2 67 g4 2 78 0.318571 0.0844505 1
g4 2 69 g4 2 78 0.327982 0.0992722 1
g4 2 77 g4 2 95 0.361225 0.150197 1
g4 2 57 g4 2 62 0.27485 0.105125 1
g4 2 72 g4 2 67 0.340684 0.0918328 1
g4 2 72 g4 2 72 0.339113 0.048741 1
g4 2 80 g4 2 70 0.374013 0.0862969 1
g4 2 79 g4 2 83 0.37048 0.110199 1
g4 2 92 g4 2 62 0.42654 0.0941647 1
g4 2 90 g4 2 66 0.418642 0.104492 1
g4 2 59 g4 2 72 0.284023 0.0842472 1
g4 2 59 g4 2 63 0.284848 0.0951659 1
g4 2 63 g4 2 66 0.301133 0.0775823 1
g4 2 66 g4 2 66 0.31449 0.130808 1
g4 2 87 g4 2 66 0.405236 0.0984353 1
g4 2 82 g4 2 66 0.38292 0.18796 1
g4 2 89 g4 2 79 0.415521 0.146736 1
g4 2 64 g4 2 62 0.307196 0.0681309 1
g4 2 88 g4 2 79 0.4107 0.0983634 1
g4 2 100 g4 2 79 0.462941 0.107761 1
g4 2 80 g4 2 82 0.375986 0.0681987 1
g4 2 88 g4 2 62 0.409057 0.0951218 1
g5 2 84 g5 2 94 0.394998 0.0893176 1
g5 2 87 g5 2 85 0.406902 0.0767305 1
g5 2 85 g5 2 101 0.399882 0.103886 1
g5 2 82 g5 2 101 0.385957 0.114987 1
g5 2 69 g5 2 98 0.331635 0.161727 1
g5 2 81 g5 2 98 0.383891 0.0936171 1
g5 2 80 g4 2 65 0.376116 0.188285 1
g5 2 89 g5 2 98 0.41765 0.177105 1
g5 2 78 g5 2 100 0.367844 0.207032 1
g5 2 64 g5 2 62 0.307761 0.117299 1
g5 2 68 g5 2 68 0.324407 0.118591 1
g5 2 80 g5 2 68 0.377019 0.108626 1
g5 2 66 g5 2 82 0.315236 0.144768 1
g5 2 69 g4 2 60 0.328504 0.184751 1
g5 2 83 g5 2 100 0.389974 0.161175 1
g5 2 76 g5 2 68 0.35823 0.213618 1
g5 2 73 g5 2 100 0.346598 0.169501 1
g5 2 68 g5 2 68 0.324197 0.181356 1
g5 2 73 g5 2 100 0.346332 0.164501 1
g5 2 73 g4 2 59 0.346069 0.169759 1
g5 2 75 g5 2 99 0.355311 0.132945 1
g5 2 73 g4 2 59 0.345849 0.171532 1
g5 2 75 g4 2 70 0.354506 0.207991 1
g5 2 73 g5 2 98 0.346005 0.164006 1
g5 2 80 g5 2 98 0.379742 0.126513 1
g5 2 79 g5 2 106 0.373263 0.15038 1
g5 2 76 g4 2 59 0.359582 0.143869 1
g5 2 75 g5 2 106 0.354188 0.162105 1
g5 2 77 g5 2 100 0.362281 0.211992 1
g5 2 78 g5 2 88 0.368251 0.138184 1
g5 2 73 g4 2 65 0.346073 0.188222 1
g5 2 76 g5 2 98 0.360164 0.126581 1
g5 2 71 g5 2 88 0.338398 0.124045 1
g5 2 75 g5 2 98 0.357467 0.138354 1
g5 2 76 g5 2 98 0.358835 0.141297 1
g5 2 83 g5 2 96 0.390848 0.0967482 1
g5 2 110 g5 2 100 0.509516 0.117647 1
g5 2 77 g5 2 96 0.366177 0.0859701 1
g5 2 92 g5 2 101 0.429069 0.0756917 1
g5 2 92 g5 2 96 0.432565 0.121381 1
g5 2 98 g5 2 115 0.458034 0.128892 1
g5 2 92 g5 2 115 0.432869 0.0887555 1
g5 2 91 g5 2 105 0.426806 0.0983107 1
g5 2 98 g5 2 100 0.457311 0.0919861 1
g5 2 92 g5 2 98 0.433757 0.0726379 1
g6 2 78 g6 2 74 0.364749 0.077136 1
g6 2 75 g6 2 74 0.351728 0.0886381 1
g6 2 81 g6 2 74 0.377297 0.0837195 1
g6 2 79 g6 2 65 0.368875 0.173163 1
g6 2 67 g6 2 74 0.317574 0.0672097 1
g6 2 66 g6 2 77 0.313413 0.118371 1
g6 2 71 g6 2 74 0.334566 0.0905135 1
g6 2 73 g6 2 74 0.344092 0.124847 1
g6 2 70 g6 2 74 0.330989 0.100268 1
g6 2 61 g6 2 74 0.292716 0.0983134 1
g6 2 76 g6 2 72 0.356212 0.148182 1
g6 2 82 g6 2 179 0.382097 0.0846512 1
g6 2 80 g6 2 79 0.374536 0.0637393 1
g6 2 59 g6 2 74 0.283508 0.114933 1
g6 2 70 g6 2 79 0.330961 0.159355 1
g6 2 79 g6 2 75 0.369064 0.0816378 1
g6 2 67 g6 2 74 0.318081 0.0919602 1
g6 2 84 g6 2 75 0.391635 0.0824738 1
g6 2 70 g6 2 74 0.331551 0.078759 1
g6 2 68 g6 2 74 0.321749 0.13811 1
g6 2 80 g6 2 74 0.373005 0.0903619 1
g6 2 115 g6 2 74 0.525274 0.146872 1
g6 2 74 g6 2 75 0.347832 0.0920368 1
g6 2 66 g6 2 75 0.31345 0.116205 1
g6 2 70 g6 2 74 0.331383 0.116409 1
g6 2 68 g6 2 86 0.323703 0.238989 1
g6 2 86 g6 2 74 0.401048 0.111651 1
g6 2 68 g6 2 74 0.32196 0.0831518 1
g6 2 68 g6 2 74 0.321351 0.0867334 1
g6 2 56 g6 2 64 0.271373 0.0932688 1
g6 2 61 g6 2 65 0.292088 0.0761259 1
g6 2 63 g6 2 65 0.300683 0.105697 1
g6 2 99 g6 2 94 0.457583 0.363459 1
g6 2 75 g1 2 48 0.352933 0.249492 1
g6 2 61 g6 2 62 0.292679 0.0327055 1
g6 2 63 g6 2 63 0.30049 0.0631527 1
g6 2 67 g6 2 63 0.318818 0.0575263 1
g6 2 64 g6 2 67 0.30505 0.0628013 1
g6 2 71 g6 2 70 0.333911 0.0709974 1
g6 2 76 g6 2 72 0.356759 0.0616879 1
g6 2 71 g6 2 86 0.334545 0.0880182 1
g7 1 73 g7 1 87 0.34632 0.276636 1
g7 1 65 g7 1 83 0.31178 0.214486 1
g7 1 71 g7 1 67 0.336722 0.282669 1
g7 1 73 g7 1 102 0.346045 0.151537 1
g7 1 78 g7 1 66 0.367217 0.281787 1
g7 1 82 g7 1 79 0.38455 0.25401 1
g7 1 66 g7 1 90 0.316227 0.298672 1
g7 1 72 g7 1 73 0.340759 0.124732 1
g7 1 52 g7 1 60 0.254748 0.216303 1
g7 1 63 g3 1 83 0.301909 0.402604 1
g7 1 67 g7 1 65 0.319272 0.217361 1
g7 1 72 g7 1 66 0.341137 0.16331 1
g7 1 69 g7 1 76 0.326331 0.217129 1
g7 1 65 g7 1 56 0.309391 0.176833 1
g7 1 56 g7 1 55 0.269911 0.21659 1
g7 1 64 g7 1 60 0.30552 0.174301 1
g7 1 63 g7 1 55 0.300524 0.15924 1
g7 1 58 g7 1 62 0.2805 0.214666 1
g7 1 60 g7 1 89 0.288724 0.286894 1
g7 1 61 g7 1 54 0.29222 0.15933 1
g7 1 61 g7 1 62 0.292582 0.197059 1
g7 1 54 g7 1 51 0.265847 0.0359619 1
g7 1 75 g1 2 31 0.353231 0.53179 0
g7 1 68 g7 1 69 0.322495 0.227333 1
g7 1 88 g7 1 54 0.411236 0.322597 1
g7 1 72 g7 1 94 0.339319 0.355519 1
g7 1 67 g2 2 44 0.318834 0.433152 0
g7 1 74 g7 1 73 0.3473 0.16219 1
g7 1 70 g1 2 31 0.331213 0.556157 0
g7 1 70 g3 1 130 0.330572 0.527425 0
g7 1 72 g7 1 69 0.339271 0.213426 1
g7 1 85 g7 1 93 0.395283 0.29699 1
g7 1 77 g7 1 88 0.362435 0.299224 1
g7 1 79 g7 1 67 0.370103 0.217459 1
g7 1 90 g7 1 66 0.41772 0.204742 1
g7 1 136 g7 1 88 0.624574 0.27874 1
g7 1 66 g7 1 75 0.314733 0.243244 1
g7 1 67 g7 1 97 0.318714 0.255224 1
g7 1 78 g7 1 97 0.366889 0.302307 1
g7 1 78 g7 1 75 0.366547 0.228199 1
g7 1 88 g7 1 79 0.410957 0.267728 1
g7 1 97 g7 1 91 0.450312 0.194254 1
g7 1 62 g7 1 67 0.298279 0.300008 1
g7 1 101 g7 1 77 0.468117 0.175766 1
g7 1 39 g7 1 67 0.199965 0.364027 1
g7 1 70 g7 1 100 0.331349 0.366034 1
g7 1 72 g7 1 66 0.341842 0.154061 1
g7 1 71 g7 1 60 0.336363 0.270987 1
g7 1 72 g7 1 73 0.340078 0.167195 1
g7 1 96 g7 1 79 0.44765 0.237295 1
g7 1 63 g7 1 57 0.301321 0.309275 1
g7 1 66 g7 1 65 0.313977 0.260375 1
g7 1 84 g7 1 89 0.391861 0.162851 1
g7 1 119 g7 1 91 0.551073 0.298056 1
g7 1 110 g7 1 103 0.508683 0.245831 1
g7 1 105 g7 1 72 0.485379 0.384197 1
g7 1 104 g7 1 103 0.483051 0.22302 1
g7 1 91 g7 1 71 0.422071 0.238911 1
g7 1 99 g7 1 94 0.460669 0.159631 1
g7 1 83 g7 1 93 0.388512 0.211386 1
g7 1 92 g7 1 94 0.429755 0.157546 1
g7 1 88 g7 1 91 0.410899 0.186825 1
g7 1 93 g7 1 94 0.43434 0.166665 1
