g1 2 24 g6 2 32 0.073856 0.177839 0
g1 2 23 g6 2 34 0.071783 0.194286 0
g1 2 27 g6 2 25 0.081142 0.156739 0
g1 2 42 g1 2 24 0.125523 0.124555 0
g1 2 33 g2 2 17 0.096714 0.186512 0
g1 2 29 g1 2 25 0.085215 0.155493 0
g1 2 31 g1 2 28 0.090318 0.130339 0
g1 2 20 g1 2 27 0.066367 0.114469 1
g1 2 24 g1 2 33 0.073918 0.163801 0
g1 2 28 g1 2 25 0.08248 0.160279 0
g1 2 21 g1 2 22 0.067739 0.138157 1
g1 2 26 g1 2 22 0.079159 0.114392 1
g1 2 25 g1 2 25 0.076663 0.0740715 1
g1 2 25 g1 2 25 0.075981 0.125773 0
g1 2 28 g1 2 25 0.083123 0.0863041 1
g1 2 54 g6 2 38 0.14212 0.204242 0
g1 2 26 g1 2 22 0.079827 0.0966976 1
g1 2 37 g6 2 36 0.104727 0.215399 0
g1 2 20 g6 2 31 0.065388 0.133138 1
g1 2 24 g6 2 34 0.074466 0.19971 0
g1 2 21 g6 2 32 0.067519 0.148979 1
g1 2 28 g6 2 30 0.082748 0.172967 0
g1 2 22 g2 2 17 0.069761 0.191713 0
g1 2 24 g1 2 19 0.074329 0.0886496 1
g1 2 23 g1 2 20 0.071238 0.0959363 1
g1 2 32 g1 2 29 0.093034 0.134286 0
g1 2 30 g1 2 26 0.086791 0.147948 0
g1 2 39 g1 2 26 0.10866 0.258994 0
g1 2 29 g1 2 24 0.084883 0.203157 0
g1 2 29 g1 2 37 0.085074 0.106014 0
g1 2 23 g1 2 25 0.071952 0.0902134 1
g1 2 23 g1 2 24 0.071569 0.174544 0
g1 2 19 g1 2 26 0.06404 0.0834176 1
g1 2 28 g1 2 28 0.082511 0.210743 0
g1 2 23 g1 2 29 0.071941 0.235269 0
g1 2 24 g1 2 24 0.073721 0.163654 0
g1 2 30 g1 2 24 0.087967 0.169157 0
g1 2 24 g1 2 26 0.073938 0.146512 0
g1 2 22 g1 2 23 0.069289 0.159734 0
g1 2 23 g1 2 24 0.071545 0.134771 0
g1 2 26 g1 2 26 0.078191 0.155951 0
g1 2 28 g1 2 28 0.082503 0.190776 0
g1 2 23 g1 2 25 0.071707 0.184149 0
g1 2 24 g1 2 24 0.073873 0.182284 0
g1 2 28 g1 2 24 0.082625 0.184123 0
g1 2 21 g1 2 28 0.067551 0.251477 0
g1 2 26 g6 2 36 0.077781 0.200737 0
g1 2 28 g6 2 34 0.082519 0.212294 0
g1 2 22 g6 2 37 0.06959 0.185805 0
g1 2 27 g6 2 34 0.081046 0.13539 1
g1 2 37 g2 2 17 0.105498 0.213727 0
g1 2 25 g6 2 25 0.076055 0.165599 0
g1 2 33 g2 2 17 0.09544 0.175089 0
g1 2 22 g1 2 18 0.070339 0.0769956 1
g1 2 20 g1 2 18 0.065296 0.0699969 1
g1 2 16 g1 2 17 0.057227 0.0972281 1
g1 2 16 g1 2 16 0.057352 0.0740709 1
g1 2 17 g1 2 17 0.059234 0.0754636 1
g1 2 17 g1 2 17 0.059059 0.060393 1
g1 2 19 g1 2 18 0.062908 0.0681503 1
g1 2 16 g1 2 17 0.057152 0.103612 1
g2 2 15 g2 2 14 0.055244 0.102294 1
g2 2 15 g2 2 14 0.055229 0.102069 1
g2 2 17 g2 2 17 0.061137 0.180842 0
g2 2 14 g2 2 14 0.052942 0.155019 0
g2 2 15 g2 2 14 0.056078 0.154699 0
g2 2 13 g2 2 17 0.050608 0.163711 0
g2 2 14 g2 2 14 0.052901 0.138865 0
g2 2 15 g2 2 14 0.054938 0.109654 1
g2 2 15 g2 2 14 0.054873 0.179041 0
g2 2 29 g2 2 26 0.085446 0.13883 0
g2 2 16 g2 2 14 0.057278 0.109136 1
g2 2 15 g2 2 14 0.055262 0.0998811 1
g2 2 15 g2 2 14 0.054978 0.119302 0
g2 2 16 g2 2 14 0.058389 0.119978 1
g2 2 16 g2 2 14 0.057197 0.173492 0
g2 2 15 g2 2 14 0.055446 0.139512 0
g2 2 12 g2 2 17 0.048361 0.266786 0
g2 2 15 g2 2 14 0.055026 0.0909069 1
g2 2 16 g2 2 14 0.05793 0.0997465 1
g2 2 15 g2 2 14 0.054884 0.15704 0
g2 2 16 g2 2 14 0.057082 0.136554 1
g2 2 16 g2 2 14 0.057044 0.213739 0
g2 2 14 g2 2 14 0.053211 0.149036 0
g2 2 17 g2 2 14 0.058745 0.104702 1
g2 2 18 g2 2 17 0.060913 0.171124 0
g2 2 15 g2 2 14 0.054994 0.174244 0
g2 2 15 g2 2 17 0.054812 0.234601 0
g2 2 16 g2 2 14 0.057099 0.175422 0
g2 2 18 g2 2 14 0.060833 0.137632 0
g2 2 31 g2 2 28 0.090285 0.125996 0
g2 2 28 g2 2 27 0.083774 0.154531 0
g2 2 29 g2 2 26 0.085979 0.13868 1
g2 2 25 g2 2 26 0.076545 0.145046 0
g2 2 20 g2 2 21 0.065275 0.14081 0
g2 2 22 g2 2 21 0.069467 0.116275 1
g2 2 32 g2 2 29 0.09539 0.128344 0
g2 2 23 g2 2 24 0.072185 0.0911216 1
g2 2 20 g2 2 21 0.065298 0.0914759 1
g2 2 19 g2 2 21 0.063235 0.090553 1
g2 2 21 g2 2 23 0.065888 0.0802652 1
g2 2 20 g2 2 21 0.067295 0.0893105 1
g2 2 21 g2 2 21 0.067358 0.0697141 1
g2 2 19 g2 2 21 0.065476 0.111094 1
g2 2 22 g2 2 21 0.069537 0.0768108 1
g2 2 22 g2 2 21 0.069868 0.0935556 1
g2 2 25 g2 2 23 0.076016 0.151366 0
g2 2 17 g2 2 24 0.059438 0.136608 1
g2 2 22 g2 2 21 0.069665 0.0832263 1
g2 2 42 g2 2 28 0.118067 0.160527 0
g2 2 22 g2 2 22 0.069532 0.0972297 1
g2 2 27 g2 2 23 0.080612 0.0794278 1
g2 2 27 g1 2 31 0.080405 0.219084 0
g2 2 21 g2 2 21 0.067728 0.114951 1
g2 2 19 g2 2 21 0.064534 0.0968977 1
g2 2 24 g1 2 33 0.073458 0.126282 0
g2 2 22 g2 2 21 0.069976 0.112032 1
g2 2 26 g1 2 27 0.077694 0.201474 0
g2 2 24 g2 2 28 0.074121 0.127158 0
g2 2 21 g2 2 29 0.067553 0.124674 1
g2 2 29 g2 2 28 0.0852 0.115389 0
g2 2 19 g2 2 21 0.063241 0.102121 1
g2 2 21 g1 2 33 0.067954 0.311734 0
g2 2 30 g2 2 25 0.08719 0.163577 0
g2 2 16 g2 2 14 0.057175 0.148281 0
g2 2 14 g2 2 14 0.052898 0.130207 1
g2 2 15 g2 2 14 0.055699 0.0822884 1
g3 1 36 g3 1 46 0.105027 0.332445 0
g3 1 35 g3 1 43 0.101707 0.221407 0
g3 1 49 g3 1 42 0.134129 0.300641 0
g3 1 52 g3 1 37 0.142423 0.246244 0
g3 1 55 g1 2 30 0.146154 0.418895 0
g3 1 49 g3 1 37 0.135341 0.259543 0
g3 1 47 g3 1 42 0.129372 0.382585 0
g3 1 47 g3 1 41 0.13161 0.282248 0
g3 1 44 g3 1 45 0.122849 0.289176 0
g3 1 43 g3 1 46 0.122278 0.297155 0
g3 1 44 g3 1 57 0.122992 0.280456 0
g3 1 47 g3 1 46 0.129094 0.231488 0
g3 1 46 g3 1 43 0.127221 0.244426 0
g3 1 47 g3 1 64 0.130461 0.222005 0
g3 1 44 g3 1 47 0.124134 0.509912 0
g3 1 44 g3 1 40 0.122892 0.258925 0
g3 1 41 g3 1 42 0.116312 0.20938 0
g3 1 56 g1 2 26 0.155779 0.384839 0
g3 1 48 g3 1 41 0.132674 0.250921 0
g3 1 48 g3 1 42 0.13391 0.221797 0
g3 1 50 g3 1 47 0.137759 0.226461 0
g3 1 48 g3 1 57 0.134564 0.223474 0
g3 1 46 g3 1 41 0.128143 0.251364 0
g3 1 43 g3 1 37 0.122222 0.252658 0
g3 1 47 g3 1 42 0.130522 0.316269 0
g3 1 44 g3 1 38 0.122206 0.286164 0
g3 1 50 g3 1 53 0.139001 0.323461 0
g3 1 66 g3 1 42 0.17636 0.284546 0
g3 1 58 g1 2 35 0.157779 0.443586 0
g3 1 50 g3 1 39 0.135892 0.201097 0
g3 1 57 g3 1 60 0.154682 0.227756 0
g3 1 53 g3 1 41 0.144476 0.280176 0
g3 1 49 g3 1 40 0.134843 0.220275 0
g3 1 51 g3 1 42 0.140995 0.246952 0
g3 1 52 g3 1 47 0.140207 0.262663 0
g3 1 50 g3 1 59 0.13661 0.273023 0
g3 1 51 g3 1 32 0.140956 0.325366 0
g3 1 59 g3 1 69 0.157598 0.265281 0
g3 1 61 g3 1 69 0.162485 0.26054 0
g3 1 46 g3 1 43 0.128537 0.385156 0
g3 1 28 g3 1 47 0.097526 0.823018 0
g3 1 49 g3 1 44 0.136326 0.299366 0
g3 1 42 g3 1 40 0.119668 0.212053 0
g3 1 40 g3 1 41 0.112346 0.207229 0
g3 1 42 g3 1 42 0.115828 0.229532 0
g3 1 44 g3 1 47 0.120997 0.308689 0
g3 1 39 g3 1 38 0.10999 0.342506 0
g3 1 43 g3 1 42 0.121335 0.173607 0
g3 1 40 g3 1 37 0.114929 0.222603 0
g3 1 39 g3 1 47 0.111789 0.313106 0
g3 1 43 g3 1 47 0.119856 0.257062 0
g4 2 37 g4 2 31 0.104691 0.213731 0
g4 2 37 g4 2 42 0.10544 0.0770925 1
g4 2 44 g4 2 45 0.122104 0.166975 0
g4 2 44 g4 2 42 0.122712 0.168401 0
g4 2 41 g4 2 46 0.115121 0.126542 1
g4 2 42 g4 2 51 0.117438 0.146691 0
g4 2 50 g3 1 44 0.138513 0.268622 0
g4 2 42 g4 2 42 0.117642 0.170647 0
g4 2 49 g4 2 48 0.135038 0.16048 0
g4 2 47 g4 2 49 0.130474 0.169922 0
g4 2 46 g4 2 46 0.126996 0.137594 0
g4 2 48 g4 2 51 0.132887 0.117739 0
g4 2 52 g4 2 51 0.142146 0.0872674 1
g4 2 45 g4 2 31 0.124656 0.127746 1
g4 2 30 g4 2 43 0.086665 0.144586 0
g4 2 31 g4 2 30 0.089411 0.078087 1
g4 2 30 g4 2 29 0.089387 0.0841841 1
g4 2 33 g4 2 34 0.095597 0.155968 0
g4 2 31 g4 2 33 0.090341 0.106797 1
g4 2 34 g4 2 34 0.099104 0.120246 1
g4 2 35 g4 2 40 0.100608 0.0919232 1
g4 2 36 g4 2 32 0.103206 0.107242 1
g4 2 40 g4 2 48 0.112548 0.15742 0
g4 2 30 g4 2 32 0.087903 0.114933 1
g4 2 37 g4 2 35 0.105501 0.0999654 1
g4 2 37 g4 2 37 0.105413 0.0560005 1
g4 2 41 g4 2 36 0.114743 0.0923847 1
g4 2 41 g4 2 43 0.115316 0.113961 1
g4 2 46 g4 2 32 0.12648 0.101124 1
g4 2 46 g4 2 34 0.126481 0.113174 1
g4 2 31 g4 2 37 0.09 0.0955719 1
g4 2 31 g4 2 33 0.090036 0.103906 1
g4 2 33 g4 2 34 0.096306 0.0887908 1
g4 2 34 g4 2 34 0.097956 0.140199 0
g4 2 45 g4 2 34 0.124514 0.105555 1
g4 2 42 g4 2 34 0.117385 0.195331 0
g4 2 46 g4 2 41 0.127254 0.154758 0
g4 2 33 g4 2 32 0.095839 0.0741617 1
g4 2 45 g4 2 41 0.124423 0.101517 1
g4 2 50 g4 2 41 0.137295 0.113763 1
g4 2 41 g4 2 42 0.115275 0.0753194 1
g4 2 45 g4 2 32 0.12431 0.102625 1
g5 2 43 g5 2 48 0.122295 0.096948 1
g5 2 45 g5 2 44 0.125391 0.0813948 1
g5 2 44 g5 2 52 0.123714 0.109526 1
g5 2 42 g5 2 52 0.118853 0.12298 1
g5 2 36 g5 2 50 0.10398 0.173685 0
g5 2 42 g5 2 50 0.118839 0.103629 1
g5 2 41 g4 2 34 0.116192 0.195062 0
g5 2 46 g5 2 50 0.128293 0.189381 0
g5 2 40 g5 2 51 0.113285 0.211785 0
g5 2 33 g5 2 32 0.096233 0.123193 1
g5 2 35 g5 2 35 0.101133 0.127778 1
g5 2 41 g5 2 35 0.115807 0.115549 1
g5 2 34 g5 2 33 0.09888 0.166843 0
g5 2 36 g4 2 31 0.103197 0.193424 0
g5 2 43 g5 2 51 0.12055 0.166174 0
g5 2 39 g5 2 51 0.110919 0.210268 0
g5 2 38 g5 2 51 0.108734 0.176763 0
g5 2 35 g5 2 35 0.101824 0.193344 0
g5 2 38 g5 2 51 0.10875 0.171544 0
g5 2 38 g4 2 31 0.108197 0.178412 0
g5 2 39 g5 2 51 0.110974 0.144814 0
g5 2 38 g4 2 31 0.108219 0.180962 0
g5 2 39 g4 2 36 0.110568 0.222326 0
g5 2 38 g5 2 50 0.108271 0.172357 0
g5 2 41 g5 2 50 0.116298 0.134481 0
g5 2 41 g5 2 54 0.1165 0.156583 0
g5 2 39 g4 2 31 0.110774 0.153731 0
g5 2 39 g5 2 54 0.110717 0.169357 0
g5 2 40 g5 2 51 0.112715 0.220687 0
g5 2 40 g5 2 51 0.113485 0.173148 0
g5 2 38 g4 2 31 0.108829 0.182182 0
g5 2 39 g5 2 50 0.111265 0.132382 0
g5 2 37 g5 2 45 0.106824 0.13262 0
g5 2 39 g5 2 50 0.112427 0.152406 0
g5 2 39 g5 2 49 0.111396 0.145824 0
g5 2 43 g5 2 49 0.121469 0.104819 1
g5 2 55 g5 2 51 0.149907 0.122428 1
g5 2 40 g5 2 49 0.114045 0.0949954 1
g5 2 47 g5 2 52 0.129878 0.0837979 1
g5 2 47 g5 2 49 0.132284 0.126398 0
g5 2 50 g5 2 59 0.138301 0.137652 0
g5 2 47 g5 2 55 0.131761 0.0960286 1
g5 2 47 g5 2 54 0.132489 0.106302 1
g5 2 50 g5 2 51 0.138098 0.100019 1
g5 2 47 g5 2 48 0.131399 0.0650633 1
g6 2 40 g6 2 38 0.112026 0.0831293 1
g6 2 39 g6 2 38 0.109755 0.0954732 1
g6 2 42 g6 2 38 0.115496 0.09279 1
g6 2 41 g6 2 34 0.114266 0.186611 0
g6 2 35 g6 2 38 0.100608 0.0741795 1
g6 2 34 g6 2 34 0.098612 0.13345 1
g6 2 37 g6 2 38 0.10498 0.0968774 1
g6 2 38 g6 2 38 0.107589 0.132625 0
g6 2 36 g6 2 38 0.102684 0.105043 1
g6 2 32 g6 2 38 0.09269 0.10631 1
g6 2 39 g6 2 37 0.110033 0.158528 0
g6 2 42 g6 2 59 0.117283 0.0806915 1
g6 2 41 g6 2 41 0.115066 0.07077 1
g6 2 31 g6 2 38 0.089839 0.12078 1
g6 2 36 g6 2 41 0.1028 0.164803 0
g6 2 41 g6 2 39 0.115037 0.0869633 1
g6 2 35 g6 2 38 0.100569 0.099564 1
g6 2 43 g6 2 39 0.119015 0.0888546 1
g6 2 36 g6 2 38 0.102301 0.0856295 1
g6 2 35 g6 2 38 0.10021 0.142454 0
g6 2 41 g6 2 38 0.114393 0.0950052 1
g6 2 56 g6 2 38 0.151199 0.112544 1
g6 2 38 g6 2 39 0.107604 0.102009 1
g6 2 34 g6 2 39 0.098148 0.12163 1
g6 2 36 g6 2 38 0.103214 0.119668 1
g6 2 35 g6 2 44 0.100865 0.249863 0
g6 2 44 g6 2 38 0.121443 0.115654 0
g6 2 35 g6 2 38 0.100333 0.0913838 1
g6 2 35 g6 2 38 0.100248 0.0932373 1
g6 2 29 g6 2 33 0.085068 0.101353 1
g6 2 32 g6 2 34 0.092595 0.0869118 1
g6 2 33 g6 2 34 0.095723 0.118859 1
g6 2 51 g6 2 49 0.139296 0.354284 0
g6 2 39 g1 2 25 0.114736 0.255429 0
g6 2 32 g6 2 33 0.092958 0.0479845 1
g6 2 33 g6 2 35 0.095621 0.0866037 1
g6 2 35 g6 2 35 0.1001 0.0756825 1
g6 2 33 g6 2 35 0.097753 0.0790453 1
g6 2 37 g6 2 36 0.104464 0.0800973 1
g6 2 39 g6 2 37 0.110344 0.0710931 1
g6 2 37 g6 2 44 0.104894 0.0960218 1
g7 1 37 g7 1 44 0.107847 0.283729 0
g7 1 34 g7 1 42 0.098689 0.224504 0
g7 1 37 g7 1 39 0.1054 0.322902 0
g7 1 38 g7 1 52 0.109637 0.161921 0
g7 1 40 g7 1 34 0.112811 0.289615 0
g7 1 41 g7 1 41 0.116806 0.267352 0
g7 1 34 g7 1 46 0.098878 0.306425 0
g7 1 35 g7 1 36 0.103447 0.132177 0
g7 1 27 g7 1 31 0.080739 0.224476 0
g7 1 32 g3 1 40 0.09469 0.431618 0
g7 1 34 g7 1 33 0.099426 0.226178 0
g7 1 36 g7 1 34 0.104055 0.171268 0
g7 1 36 g7 1 39 0.102528 0.221251 0
g7 1 34 g7 1 29 0.097568 0.190098 0
g7 1 29 g7 1 29 0.084681 0.229544 0
g7 1 33 g7 1 31 0.096057 0.183661 0
g7 1 33 g7 1 28 0.095844 0.178668 0
g7 1 30 g7 1 32 0.086787 0.223046 0
g7 1 31 g7 1 29 0.089508 0.248928 0
g7 1 31 g7 1 28 0.091098 0.164172 0
g7 1 31 g7 1 32 0.090958 0.208856 0
g7 1 27 g7 1 27 0.082192 0.0615644 1
g7 1 39 g1 2 17 0.109692 0.57738 0
g7 1 35 g7 1 35 0.099276 0.238792 0
g7 1 45 g7 1 28 0.125291 0.334334 0
g7 1 37 g7 1 48 0.104226 0.36491 0
g7 1 34 g2 2 23 0.097835 0.45804 0
g7 1 38 g7 1 37 0.107391 0.16894 0
g7 1 35 g1 2 17 0.102049 0.601892 0
g7 1 36 g7 1 38 0.101362 0.375958 0
g7 1 36 g7 1 36 0.103076 0.22344 0
g7 1 44 g7 1 47 0.122435 0.305023 0
g7 1 39 g7 1 43 0.11134 0.304891 0
g7 1 40 g7 1 35 0.114016 0.22377 0
g7 1 46 g7 1 33 0.126837 0.208856 0
g7 1 68 g7 1 43 0.173582 0.286301 0
g7 1 34 g7 1 51 0.098179 0.347542 0
g7 1 35 g7 1 46 0.101857 0.270526 0
g7 1 39 g7 1 50 0.111791 0.307484 0
g7 1 40 g7 1 39 0.112871 0.2346 0
g7 1 45 g7 1 41 0.124962 0.282181 0
g7 1 48 g7 1 45 0.135592 0.196393 0
g7 1 32 g7 1 34 0.093047 0.31424 0
g7 1 50 g7 1 40 0.138955 0.18407 0
g7 1 21 g7 1 36 0.067049 0.363603 0
g7 1 35 g7 1 51 0.102224 0.376813 0
g7 1 36 g7 1 34 0.105065 0.159465 0
g7 1 36 g7 1 31 0.104387 0.279683 0
g7 1 37 g7 1 31 0.105444 0.223388 0
g7 1 49 g7 1 41 0.134486 0.244423 0
g7 1 33 g7 1 29 0.096219 0.331907 0
g7 1 33 g7 1 33 0.09787 0.27306 0
g7 1 42 g7 1 45 0.11873 0.170613 0
g7 1 61 g7 1 45 0.165332 0.305014 0
g7 1 56 g7 1 52 0.153092 0.246199 0
g7 1 54 g7 1 37 0.148276 0.398423 0
g7 1 53 g7 1 52 0.145313 0.230603 0
g7 1 35 g7 1 35 0.11426 0.243094 0
g7 1 51 g7 1 48 0.141093 0.167706 0
g7 1 43 g7 1 47 0.119563 0.222166 0
g7 1 47 g7 1 48 0.129084 0.168155 0
g7 1 45 g7 1 45 0.124879 0.191072 0
g7 1 47 g7 1 48 0.131173 0.173402 0
