g1 2 46 g6 2 78 0.229744 0.151288 1
g1 2 44 g6 2 66 0.224057 0.178759 1
g1 2 52 g6 2 50 0.255201 0.133322 1
g1 2 102 g1 2 45 0.469689 0.128455 1
g1 2 63 g2 2 32 0.301046 0.180064 1
g1 2 56 g1 2 48 0.273938 0.143843 1
g1 2 60 g1 2 54 0.289092 0.120497 1
g1 2 37 g1 2 52 0.193531 0.0984114 1
g1 2 46 g1 2 42 0.229874 0.124173 1
g1 2 54 g1 2 48 0.262699 0.15383 1
g1 2 39 g1 2 42 0.201728 0.119368 1
g1 2 50 g1 2 42 0.246105 0.0973216 1
g1 2 48 g1 2 48 0.238043 0.0664936 1
g1 2 47 g1 2 46 0.23404 0.0739914 1
g1 2 53 g1 2 48 0.259504 0.0760608 1
g1 2 111 g6 2 73 0.510164 0.200285 1
g1 2 49 g1 2 42 0.241554 0.0890284 1
g1 2 71 g6 2 70 0.335151 0.199234 1
g1 2 37 g6 2 60 0.193284 0.121699 1
g1 2 46 g6 2 66 0.229672 0.186203 1
g1 2 39 g6 2 51 0.201324 0.130479 1
g1 2 54 g6 2 57 0.26417 0.161004 1
g1 2 42 g2 2 32 0.213909 0.181831 1
g1 2 45 g1 2 38 0.22538 0.0752116 1
g1 2 43 g1 2 38 0.216862 0.076984 1
g1 2 61 g1 2 56 0.291809 0.126833 1
g1 2 58 g1 2 49 0.280307 0.139635 1
g1 2 75 g1 2 49 0.351804 0.246473 1
g1 2 55 g1 2 45 0.266894 0.194773 1
g1 2 56 g1 2 71 0.271286 0.100638 1
g1 2 43 g1 2 48 0.217252 0.0796961 1
g1 2 44 g1 2 45 0.220786 0.162744 1
g1 2 35 g1 2 50 0.185023 0.0640508 1
g1 2 53 g1 2 54 0.258083 0.197304 1
g1 2 43 g1 2 56 0.218027 0.225174 1
g1 2 46 g1 2 45 0.229825 0.149752 1
g1 2 57 g1 2 45 0.276028 0.158249 1
g1 2 46 g1 2 45 0.234594 0.153167 1
g1 2 41 g1 2 43 0.209961 0.154717 1
g1 2 43 g1 2 45 0.217302 0.120064 1
g1 2 49 g1 2 50 0.241431 0.147739 1
g1 2 53 g1 2 54 0.258334 0.204874 1
g1 2 44 g1 2 47 0.221752 0.16863 1
g1 2 46 g1 2 45 0.229888 0.172158 1
g1 2 53 g1 2 45 0.258347 0.161457 1
g1 2 40 g1 2 54 0.205238 0.234592 1
g1 2 50 g6 2 70 0.245953 0.185241 1
g1 2 53 g6 2 65 0.258504 0.195168 1
g1 2 41 g6 2 72 0.210532 0.170864 1
g1 2 52 g6 2 66 0.255515 0.126153 1
g1 2 72 g2 2 32 0.339935 0.2079 1
g1 2 48 g6 2 50 0.238759 0.147781 1
g1 2 64 g2 2 32 0.306165 0.161413 1
g1 2 42 g1 2 34 0.213062 0.0657474 1
g1 2 38 g1 2 34 0.196727 0.0576905 1
g1 2 29 g1 2 32 0.157934 0.0730474 1
g1 2 29 g1 2 29 0.157195 0.0591479 1
g1 2 31 g1 2 32 0.165899 0.0594514 1
g1 2 31 g1 2 31 0.165624 0.0512402 1
g1 2 36 g1 2 34 0.188282 0.0559701 1
g1 2 29 g1 2 29 0.15726 0.0584143 1
g2 2 28 g2 2 26 0.153902 0.0811795 1
g2 2 28 g2 2 26 0.152971 0.0851334 1
g2 2 31 g2 2 32 0.165482 0.152475 1
g2 2 26 g2 2 26 0.145075 0.15096 1
g2 2 27 g2 2 26 0.149142 0.134783 1
g2 2 23 g2 2 32 0.13156 0.14479 1
g2 2 26 g2 2 26 0.144338 0.128871 1
g2 2 27 g2 2 26 0.149251 0.0936361 1
g2 2 28 g2 2 26 0.152966 0.156916 1
g2 2 55 g2 2 50 0.267487 0.125751 1
g2 2 29 g2 2 26 0.156805 0.0853091 1
g2 2 28 g2 2 26 0.154112 0.083249 1
g2 2 28 g2 2 26 0.154078 0.105967 1
g2 2 29 g2 2 26 0.157923 0.106472 1
g2 2 30 g2 2 26 0.16088 0.165983 1
g2 2 27 g2 2 26 0.149102 0.128473 1
g2 2 21 g2 2 32 0.124652 0.237987 1
g2 2 27 g2 2 26 0.148612 0.0734326 1
g2 2 29 g2 2 26 0.156779 0.0851217 1
g2 2 27 g2 2 26 0.14909 0.132623 1
g2 2 30 g2 2 26 0.161452 0.125164 1
g2 2 30 g2 2 26 0.160871 0.203044 1
g2 2 26 g2 2 26 0.145071 0.144111 1
g2 2 31 g2 2 26 0.165211 0.0810045 1
g2 2 33 g2 2 32 0.176778 0.158366 1
g2 2 28 g2 2 26 0.152653 0.150752 1
g2 2 27 g2 2 32 0.149094 0.215898 1
g2 2 30 g2 2 26 0.160719 0.152333 1
g2 2 34 g2 2 26 0.181173 0.12261 1
g2 2 59 g2 2 53 0.285198 0.11708 1
g2 2 54 g2 2 45 0.264223 0.128014 1
g2 2 55 g2 2 50 0.269686 0.115755 1
g2 2 48 g1 2 43 0.239174 0.2597 1
g2 2 38 g2 2 42 0.197737 0.0980483 1
g2 2 42 g2 2 39 0.213267 0.102194 1
g2 2 64 g2 2 53 0.307392 0.107352 1
g2 2 43 g2 2 45 0.217728 0.08175 1
g2 2 37 g2 2 44 0.194054 0.0787427 1
g2 2 36 g2 2 39 0.190035 0.0732876 1
g2 2 39 g2 2 44 0.202501 0.0676211 1
g2 2 39 g2 2 39 0.202031 0.0572556 1
g2 2 41 g2 2 39 0.210506 0.058204 1
g2 2 39 g2 2 39 0.202377 0.0958255 1
g2 2 41 g2 2 39 0.219648 0.068372 1
g2 2 42 g2 2 44 0.214358 0.069749 1
g2 2 47 g2 2 44 0.234542 0.129113 1
g2 2 31 g2 2 41 0.16617 0.117848 1
g2 2 42 g2 2 39 0.214674 0.0603325 1
g2 2 84 g2 2 53 0.395966 0.158532 1
g2 2 41 g2 2 42 0.227588 0.0792109 1
g2 2 52 g2 2 44 0.271299 0.0678666 1
g2 2 52 g1 2 59 0.255028 0.214053 1
g2 2 40 g2 2 39 0.205456 0.100108 1
g2 2 37 g2 2 44 0.193483 0.0734798 1
g2 2 45 g1 2 64 0.226249 0.11533 1
g2 2 41 g2 2 44 0.21068 0.0894534 1
g2 2 49 g1 2 52 0.242446 0.192203 1
g2 2 46 g2 2 53 0.230008 0.113762 1
g2 2 40 g2 2 56 0.205752 0.109518 1
g2 2 56 g2 2 53 0.271461 0.108558 1
g2 2 35 g2 2 39 0.185695 0.0854126 1
g2 2 40 g1 2 57 0.206059 0.290744 1
g2 2 58 g2 2 48 0.281033 0.157088 1
g2 2 29 g2 2 26 0.157342 0.130603 1
g2 2 26 g2 2 26 0.144727 0.124375 1
g2 2 28 g2 2 26 0.153671 0.0648008 1
g3 1 71 g3 1 117 0.337147 0.324802 1
g3 1 68 g3 1 84 0.326602 0.195019 1
g3 1 95 g3 1 81 0.443407 0.297211 1
g3 1 102 g3 1 73 0.472515 0.238231 1
g3 1 107 g1 2 57 0.496757 0.435192 1
g3 1 96 g3 1 73 0.44865 0.256784 1
g3 1 91 g3 1 72 0.434177 0.283782 1
g3 1 93 g3 1 82 0.434678 0.278986 1
g3 1 86 g3 1 87 0.402992 0.278766 1
g3 1 87 g3 1 92 0.406356 0.286671 1
g3 1 88 g3 1 106 0.410864 0.25416 1
g3 1 92 g3 1 81 0.429191 0.213043 1
g3 1 92 g3 1 86 0.429603 0.243595 1
g3 1 92 g3 1 127 0.433291 0.215488 1
g3 1 90 g3 1 78 0.418731 0.48263 0
g3 1 86 g3 1 74 0.406239 0.250771 1
g3 1 80 g3 1 81 0.376802 0.197855 1
g3 1 113 g1 2 49 0.52581 0.365256 1
g3 1 95 g3 1 120 0.444861 0.277623 1
g3 1 95 g3 1 85 0.443234 0.214674 1
g3 1 99 g3 1 91 0.46088 0.21966 1
g3 1 93 g3 1 114 0.435721 0.216507 1
g3 1 92 g3 1 82 0.430052 0.243911 1
g3 1 85 g3 1 73 0.398331 0.253357 1
g3 1 91 g3 1 81 0.425268 0.303233 1
g3 1 88 g3 1 77 0.410327 0.279025 1
g3 1 99 g3 1 112 0.459036 0.301411 1
g3 1 132 g3 1 84 0.607787 0.282255 1
g3 1 114 g1 2 67 0.526729 0.433656 1
g3 1 97 g3 1 80 0.450719 0.194454 1
g3 1 111 g3 1 120 0.513888 0.219352 1
g3 1 104 g3 1 82 0.481986 0.272961 1
g3 1 97 g3 1 78 0.449652 0.214279 1
g3 1 100 g3 1 85 0.464638 0.238413 1
g3 1 101 g3 1 91 0.470125 0.246691 1
g3 1 98 g3 1 83 0.456983 0.266989 1
g3 1 102 g3 1 61 0.473627 0.319321 1
g3 1 115 g3 1 140 0.530846 0.259004 1
g3 1 120 g3 1 140 0.553564 0.257885 1
g3 1 92 g3 1 84 0.428484 0.376836 1
g3 1 76 g3 1 68 0.357334 0.838187 0
g3 1 97 g3 1 85 0.451076 0.281698 1
g3 1 85 g3 1 79 0.397344 0.211924 1
g3 1 77 g3 1 80 0.362467 0.193174 1
g3 1 81 g3 1 81 0.37902 0.214615 1
g3 1 86 g3 1 91 0.399428 0.293187 1
g3 1 77 g3 1 77 0.360681 0.329228 1
g3 1 85 g3 1 84 0.396612 0.171792 1
g3 1 79 g3 1 74 0.371258 0.219377 1
g3 1 78 g3 1 91 0.366331 0.301788 1
g3 1 84 g3 1 91 0.392179 0.249839 1
g4 2 71 g4 2 59 0.334711 0.197981 1
g4 2 71 g4 2 82 0.334927 0.0673577 1
g4 2 86 g4 2 87 0.401013 0.162387 1
g4 2 85 g4 2 82 0.395615 0.163094 1
g4 2 80 g4 2 90 0.375263 0.119479 1
g4 2 81 g4 2 99 0.379803 0.140361 1
g4 2 100 g3 1 89 0.461988 0.256963 1
g4 2 81 g4 2 82 0.379095 0.161404 1
g4 2 95 g4 2 94 0.441359 0.151724 1
g4 2 93 g4 2 95 0.4328 0.166845 1
g4 2 89 g4 2 90 0.41404 0.134421 1
g4 2 94 g4 2 99 0.435999 0.112284 1
g4 2 102 g4 2 101 0.47263 0.0792493 1
g4 2 89 g4 2 60 0.414363 0.120146 1
g4 2 57 g4 2 63 0.274846 0.127532 1
g4 2 60 g4 2 57 0.287907 0.0727951 1
g4 2 57 g4 2 55 0.27497 0.0765809 1
g4 2 63 g4 2 66 0.30045 0.145435 1
g4 2 59 g4 2 64 0.284201 0.103085 1
g4 2 65 g4 2 66 0.31017 0.109033 1
g4 2 67 g4 2 78 0.317854 0.0845207 1
g4 2 69 g4 2 78 0.327256 0.0992632 1
g4 2 77 g4 2 95 0.361274 0.150205 1
g4 2 57 g4 2 62 0.277071 0.105123 1
g4 2 72 g4 2 67 0.341125 0.0917946 1
g4 2 72 g4 2 72 0.339807 0.0487928 1
g4 2 80 g4 2 72 0.374553 0.096792 1
g4 2 79 g4 2 83 0.369864 0.110217 1
g4 2 92 g4 2 62 0.426108 0.0942064 1
g4 2 90 g4 2 66 0.418025 0.104487 1
g4 2 59 g4 2 72 0.283749 0.0842909 1
g4 2 59 g4 2 63 0.284549 0.0951817 1
g4 2 63 g4 2 66 0.301141 0.0775533 1
g4 2 66 g4 2 66 0.314797 0.130783 1
g4 2 87 g4 2 66 0.405015 0.0984169 1
g4 2 82 g4 2 66 0.382717 0.187906 1
g4 2 89 g4 2 79 0.414219 0.146783 1
g4 2 64 g4 2 62 0.305393 0.06811 1
g4 2 88 g4 2 79 0.410103 0.0983666 1
g4 2 100 g4 2 79 0.463344 0.107776 1
g4 2 80 g4 2 82 0.374596 0.0682101 1
g4 2 88 g4 2 62 0.408948 0.0951075 1
g5 2 84 g5 2 94 0.394869 0.0893276 1
g5 2 87 g5 2 85 0.406821 0.07674 1
g5 2 85 g5 2 101 0.399729 0.103887 1
g5 2 82 g5 2 101 0.384644 0.115029 1
g5 2 69 g5 2 98 0.330236 0.161708 1
g5 2 81 g5 2 98 0.383632 0.093637 1
g5 2 80 g4 2 65 0.376872 0.188495 1
g5 2 89 g5 2 98 0.417065 0.177104 1
g5 2 78 g5 2 100 0.367094 0.207057 1
g5 2 64 g5 2 62 0.307203 0.117363 1
g5 2 68 g5 2 68 0.324069 0.118527 1
g5 2 80 g5 2 68 0.376693 0.108617 1
g5 2 66 g5 2 82 0.315096 0.144767 1
g5 2 69 g4 2 60 0.329349 0.184893 1
g5 2 83 g5 2 100 0.389856 0.161194 1
g5 2 76 g5 2 68 0.357805 0.213484 1
g5 2 73 g5 2 100 0.345843 0.169533 1
g5 2 68 g5 2 68 0.324255 0.181235 1
g5 2 73 g5 2 100 0.347244 0.164479 1
g5 2 73 g4 2 59 0.345489 0.169954 1
g5 2 75 g5 2 99 0.354927 0.132889 1
g5 2 73 g4 2 59 0.345461 0.171729 1
g5 2 75 g4 2 70 0.354451 0.208315 1
g5 2 73 g5 2 98 0.345946 0.164008 1
g5 2 80 g5 2 98 0.377804 0.126467 1
g5 2 79 g5 2 106 0.37268 0.150373 1
g5 2 76 g4 2 59 0.359384 0.143915 1
g5 2 75 g5 2 106 0.354885 0.162088 1
g5 2 77 g5 2 100 0.363053 0.212821 1
g5 2 78 g5 2 88 0.367559 0.138219 1
g5 2 73 g4 2 65 0.345941 0.188444 1
g5 2 76 g5 2 98 0.360673 0.126548 1
g5 2 71 g5 2 88 0.33804 0.124091 1
g5 2 75 g5 2 98 0.356561 0.138346 1
g5 2 76 g5 2 98 0.358619 0.14134 1
g5 2 83 g5 2 96 0.389861 0.0967958 1
g5 2 110 g5 2 100 0.508056 0.117764 1
g5 2 77 g5 2 96 0.363995 0.0859853 1
g5 2 92 g5 2 101 0.430181 0.0756882 1
g5 2 92 g5 2 96 0.433084 0.121358 1
g5 2 98 g5 2 115 0.458136 0.128895 1
g5 2 92 g5 2 115 0.432311 0.0887364 1
g5 2 91 g5 2 105 0.427008 0.0983385 1
g5 2 98 g5 2 100 0.457048 0.0920366 1
g5 2 92 g5 2 98 0.43142 0.0726742 1
g6 2 78 g6 2 74 0.365075 0.0771508 1
g6 2 75 g6 2 74 0.352908 0.0886424 1
g6 2 81 g6 2 74 0.377232 0.0836842 1
g6 2 79 g6 2 65 0.368718 0.173104 1
g6 2 67 g6 2 74 0.318068 0.0672741 1
g6 2 66 g6 2 77 0.314205 0.118315 1
g6 2 71 g6 2 74 0.334068 0.0905255 1
g6 2 73 g6 2 74 0.342631 0.124846 1
g6 2 70 g6 2 74 0.330384 0.100239 1
g6 2 61 g6 2 74 0.29228 0.0983939 1
g6 2 76 g6 2 72 0.357044 0.148163 1
g6 2 82 g6 2 179 0.382183 0.0846958 1
g6 2 80 g6 2 79 0.373949 0.063838 1
g6 2 59 g6 2 74 0.283597 0.11493 1
g6 2 70 g6 2 79 0.330997 0.159495 1
g6 2 79 g6 2 75 0.369625 0.0817193 1
g6 2 67 g6 2 74 0.31738 0.091968 1
g6 2 84 g6 2 75 0.3918 0.0825079 1
g6 2 70 g6 2 74 0.332518 0.0787895 1
g6 2 68 g6 2 74 0.322234 0.138218 1
g6 2 80 g6 2 74 0.372999 0.0904658 1
g6 2 115 g6 2 74 0.52529 0.146904 1
g6 2 74 g6 2 75 0.347724 0.0920864 1
g6 2 66 g6 2 75 0.313845 0.116224 1
g6 2 70 g6 2 74 0.33084 0.116515 1
g6 2 68 g6 2 86 0.322133 0.238972 1
g6 2 86 g6 2 74 0.400457 0.111647 1
g6 2 68 g6 2 74 0.323913 0.0831092 1
g6 2 68 g6 2 74 0.321404 0.086832 1
g6 2 56 g6 2 64 0.270941 0.0933762 1
g6 2 61 g6 2 65 0.292357 0.0761368 1
g6 2 63 g6 2 65 0.300941 0.105658 1
g6 2 99 g6 2 94 0.457821 0.363476 1
g6 2 75 g1 2 48 0.353261 0.249605 1
g6 2 61 g6 2 62 0.293097 0.0327492 1
g6 2 63 g6 2 63 0.300587 0.0631679 1
g6 2 67 g6 2 63 0.318722 0.05762 1
g6 2 64 g6 2 67 0.30571 0.0627893 1
g6 2 71 g6 2 70 0.334832 0.0710151 1
g6 2 76 g6 2 72 0.357641 0.0616743 1
g6 2 71 g6 2 86 0.334445 0.0880207 1
g7 1 73 g7 1 87 0.34677 0.276653 1
g7 1 65 g7 1 83 0.310801 0.214454 1
g7 1 71 g7 1 67 0.335556 0.282719 1
g7 1 73 g7 1 102 0.3455 0.152302 1
g7 1 78 g7 1 66 0.367863 0.281868 1
g7 1 82 g7 1 79 0.383507 0.254095 1
g7 1 66 g7 1 90 0.315485 0.298982 1
g7 1 72 g7 1 73 0.341167 0.12482 1
g7 1 52 g7 1 60 0.254194 0.216389 1
g7 1 63 g3 1 83 0.302159 0.402751 1
g7 1 67 g7 1 65 0.31807 0.216339 1
g7 1 72 g7 1 66 0.340189 0.16338 1
g7 1 69 g7 1 76 0.325984 0.217292 1
g7 1 65 g7 1 56 0.310023 0.176963 1
g7 1 56 g7 1 55 0.270234 0.216631 1
g7 1 64 g7 1 60 0.306725 0.174255 1
g7 1 63 g7 1 55 0.301403 0.159184 1
g7 1 58 g7 1 62 0.279543 0.214683 1
g7 1 60 g7 1 89 0.2879 0.287003 1
g7 1 61 g7 1 54 0.292026 0.1594 1
g7 1 61 g7 1 62 0.29258 0.197077 1
g7 1 54 g7 1 51 0.263901 0.0359672 1
g7 1 75 g1 2 31 0.352177 0.531559 0
g7 1 68 g7 1 69 0.322994 0.227489 1
g7 1 88 g7 1 54 0.409153 0.322716 1
g7 1 72 g7 1 94 0.340207 0.355573 1
g7 1 67 g2 2 44 0.318237 0.433212 1
g7 1 74 g7 1 73 0.347126 0.162263 1
g7 1 70 g1 2 31 0.332025 0.556073 0
g7 1 70 g3 1 130 0.331071 0.527538 1
g7 1 72 g7 1 69 0.338593 0.213634 1
g7 1 85 g7 1 93 0.394939 0.297133 1
g7 1 77 g7 1 88 0.36181 0.299293 1
g7 1 79 g7 1 67 0.36881 0.217543 1
g7 1 90 g7 1 66 0.418288 0.204809 1
g7 1 136 g7 1 88 0.62456 0.278841 1
g7 1 66 g7 1 75 0.314086 0.243261 1
g7 1 67 g7 1 97 0.318772 0.255342 1
g7 1 78 g7 1 97 0.366728 0.302368 1
g7 1 78 g7 1 75 0.366575 0.2283 1
g7 1 88 g7 1 79 0.411892 0.267838 1
g7 1 97 g7 1 91 0.449219 0.194214 1
g7 1 62 g7 1 67 0.297454 0.300022 1
g7 1 101 g7 1 77 0.46758 0.175852 1
g7 1 39 g7 1 67 0.199561 0.363805 1
g7 1 70 g7 1 100 0.333252 0.366107 1
g7 1 72 g7 1 66 0.340787 0.154116 1
g7 1 71 g7 1 60 0.335955 0.27246 1
g7 1 72 g7 1 73 0.341493 0.167207 1
g7 1 96 g7 1 79 0.44767 0.237336 1
g7 1 63 g7 1 57 0.30126 0.30922 1
g7 1 66 g7 1 65 0.314901 0.258674 1
g7 1 84 g7 1 89 0.393402 0.162882 1
g7 1 119 g7 1 91 0.550934 0.298131 1
g7 1 110 g7 1 103 0.508093 0.245886 1
g7 1 105 g7 1 72 0.485719 0.384203 1
g7 1 104 g7 1 103 0.483879 0.223071 1
g7 1 91 g7 1 71 0.422205 0.238848 1
g7 1 99 g7 1 94 0.460144 0.159645 1
g7 1 83 g7 1 93 0.388838 0.211323 1
g7 1 92 g7 1 94 0.429377 0.157543 1
g7 1 88 g7 1 91 0.411739 0.186894 1
g7 1 93 g7 1 94 0.433854 0.166753 1
