g1 2 44 g6 2 60 0.215376 0.160914 1
g1 2 42 g6 2 64 0.20768 0.172727 1
g1 2 50 g6 2 48 0.23995 0.125289 1
g1 2 100 g1 2 43 0.44814 0.129417 1
g1 2 61 g2 2 30 0.285999 0.183151 1
g1 2 54 g1 2 46 0.258703 0.142534 1
g1 2 58 g1 2 46 0.273166 0.113158 1
g1 2 35 g1 2 50 0.180012 0.0970448 1
g1 2 44 g1 2 40 0.215533 0.122193 1
g1 2 52 g1 2 46 0.247573 0.153201 1
g1 2 37 g1 2 40 0.187871 0.117398 1
g1 2 48 g1 2 40 0.231738 0.0942005 1
g1 2 46 g1 2 46 0.223486 0.0653767 1
g1 2 45 g1 2 44 0.219638 0.0742529 1
g1 2 51 g1 2 46 0.243141 0.0742867 1
g1 2 109 g6 2 71 0.487711 0.199637 1
g1 2 47 g1 2 40 0.228143 0.0893916 1
g1 2 69 g6 2 68 0.317494 0.192761 1
g1 2 35 g6 2 69 0.180317 0.134836 1
g1 2 44 g6 2 64 0.215507 0.180735 1
g1 2 37 g6 2 49 0.188474 0.127242 1
g1 2 52 g6 2 55 0.24824 0.15502 1
g1 2 40 g2 2 45 0.200228 0.175992 1
g1 2 43 g1 2 36 0.211451 0.0701902 1
g1 2 41 g1 2 36 0.202959 0.0729246 1
g1 2 59 g1 2 54 0.278574 0.125942 1
g1 2 56 g1 2 47 0.263936 0.139616 1
g1 2 73 g1 2 47 0.335205 0.242762 1
g1 2 53 g1 2 43 0.252054 0.194021 1
g1 2 54 g1 2 69 0.256019 0.100994 1
g1 2 41 g1 2 46 0.203375 0.0782365 1
g1 2 42 g1 2 43 0.207757 0.156364 1
g1 2 33 g1 2 48 0.173388 0.0612619 1
g1 2 51 g1 2 52 0.242228 0.197634 1
g1 2 41 g1 2 54 0.203801 0.226619 1
g1 2 44 g1 2 43 0.215248 0.145674 1
g1 2 55 g1 2 43 0.260225 0.154799 1
g1 2 44 g1 2 43 0.215598 0.14882 1
g1 2 39 g1 2 41 0.195224 0.156408 1
g1 2 41 g1 2 43 0.203377 0.113863 1
g1 2 47 g1 2 48 0.227575 0.148519 1
g1 2 51 g1 2 52 0.243185 0.204624 1
g1 2 42 g1 2 43 0.207796 0.206752 1
g1 2 44 g1 2 43 0.215218 0.166897 1
g1 2 51 g1 2 43 0.243606 0.152267 1
g1 2 38 g1 2 52 0.192003 0.225632 1
g1 2 48 g6 2 67 0.231209 0.191866 1
g1 2 51 g6 2 63 0.243232 0.186925 1
g1 2 39 g6 2 70 0.195443 0.163582 1
g1 2 50 g6 2 64 0.239488 0.123351 1
g1 2 70 g2 2 30 0.324626 0.211961 1
g1 2 46 g6 2 48 0.225642 0.140177 1
g1 2 62 g2 2 30 0.290978 0.158839 1
g1 2 40 g1 2 30 0.19909 0.104996 1
g1 2 36 g1 2 32 0.183913 0.0552752 1
g1 2 27 g1 2 30 0.145913 0.0717766 1
g1 2 27 g1 2 27 0.144734 0.0584145 1
g1 2 29 g1 2 30 0.153284 0.0570191 1
g1 2 29 g1 2 29 0.152211 0.0497548 1
g1 2 34 g1 2 32 0.175076 0.0552609 1
g1 2 27 g1 2 27 0.145347 0.0585002 1
g2 2 26 g2 2 24 0.140532 0.080774 1
g2 2 26 g2 2 24 0.140549 0.0829627 1
g2 2 29 g2 2 30 0.152367 0.150494 1
g2 2 24 g2 2 24 0.132572 0.147788 1
g2 2 25 g2 2 24 0.137049 0.131777 1
g2 2 21 g2 2 30 0.119644 0.144918 1
g2 2 24 g2 2 24 0.132786 0.121557 1
g2 2 25 g2 2 24 0.137539 0.0897749 1
g2 2 26 g2 2 24 0.141392 0.147597 1
g2 2 53 g2 2 48 0.252839 0.12162 1
g2 2 27 g2 2 24 0.145513 0.0821964 1
g2 2 26 g2 2 24 0.140778 0.0848221 1
g2 2 26 g2 2 24 0.140444 0.105094 1
g2 2 27 g2 2 24 0.145044 0.108519 1
g2 2 28 g2 2 24 0.148274 0.168705 1
g2 2 25 g2 2 24 0.136954 0.128441 1
g2 2 19 g2 2 30 0.11283 0.230905 1
g2 2 25 g2 2 24 0.136607 0.0748435 1
g2 2 27 g2 2 24 0.144561 0.0862481 1
g2 2 25 g2 2 24 0.13749 0.132325 1
g2 2 28 g2 2 24 0.148666 0.127187 1
g2 2 28 g2 2 24 0.148617 0.202375 1
g2 2 24 g2 2 24 0.133456 0.140708 1
g2 2 29 g2 2 24 0.152921 0.0773327 1
g2 2 31 g2 2 30 0.160262 0.157309 1
g2 2 26 g2 2 24 0.140444 0.142029 1
g2 2 25 g2 2 30 0.136245 0.218193 1
g2 2 28 g2 2 24 0.149118 0.144577 1
g2 2 32 g2 2 24 0.165687 0.120105 1
g2 2 57 g2 2 51 0.269274 0.113447 1
g2 2 52 g1 2 29 0.249484 0.207128 1
g2 2 53 g2 2 48 0.253199 0.113228 1
g2 2 46 g1 2 41 0.22529 0.255285 1
g2 2 36 g2 2 40 0.183768 0.0945646 1
g2 2 40 g2 2 37 0.199684 0.0997305 1
g2 2 62 g2 2 51 0.290542 0.105391 1
g2 2 41 g2 2 37 0.204134 0.0860249 1
g2 2 35 g2 2 42 0.180316 0.0785681 1
g2 2 34 g2 2 37 0.175923 0.0735559 1
g2 2 37 g2 2 42 0.187725 0.0676064 1
g2 2 37 g2 2 37 0.187967 0.0543996 1
g2 2 39 g2 2 37 0.19541 0.0563116 1
g2 2 37 g2 2 37 0.188421 0.0944887 1
g2 2 39 g2 2 37 0.197146 0.0661056 1
g2 2 40 g2 2 42 0.200449 0.0699725 1
g2 2 45 g2 2 42 0.218527 0.125056 1
g2 2 29 g2 2 40 0.152874 0.117702 1
g2 2 40 g2 2 37 0.200454 0.0587943 1
g2 2 82 g2 2 51 0.376057 0.159875 1
g2 2 39 g2 2 40 0.195131 0.0776896 1
g2 2 50 g2 2 42 0.239419 0.0686868 1
g2 2 50 g1 2 48 0.240008 0.208267 1
g2 2 38 g2 2 37 0.192295 0.097143 1
g2 2 35 g2 2 42 0.179732 0.0715669 1
g2 2 43 g1 2 62 0.211113 0.112596 1
g2 2 39 g2 2 42 0.19574 0.0883543 1
g2 2 47 g1 2 50 0.227686 0.190312 1
g2 2 44 g2 2 51 0.215838 0.108911 1
g2 2 38 g2 2 54 0.192266 0.10608 1
g2 2 54 g2 2 51 0.255737 0.109573 1
g2 2 33 g2 2 37 0.171992 0.083846 1
g2 2 38 g1 2 55 0.193169 0.278588 1
g2 2 56 g2 2 46 0.263456 0.160661 1
g2 2 27 g2 2 24 0.144868 0.129458 1
g2 2 24 g2 2 24 0.132923 0.118578 1
g2 2 26 g2 2 24 0.140856 0.0644475 1
g3 1 69 g3 1 72 0.320541 0.316273 1
g3 1 66 g3 1 82 0.307871 0.190213 1
g3 1 93 g3 1 79 0.420935 0.296692 1
g3 1 100 g3 1 71 0.451452 0.236355 1
g3 1 105 g1 2 55 0.475221 0.423074 0
g3 1 94 g3 1 71 0.427211 0.254154 1
g3 1 89 g3 1 70 0.404852 0.276936 1
g3 1 91 g3 1 80 0.414636 0.273393 1
g3 1 84 g3 1 85 0.383969 0.278647 1
g3 1 85 g3 1 90 0.386062 0.283675 1
g3 1 86 g3 1 104 0.391788 0.250977 1
g3 1 90 g3 1 79 0.409239 0.20536 1
g3 1 90 g3 1 84 0.409691 0.23957 1
g3 1 90 g3 1 125 0.411483 0.213121 1
g3 1 88 g3 1 76 0.398787 0.475727 0
g3 1 84 g3 1 72 0.385427 0.242721 1
g3 1 78 g3 1 79 0.357666 0.195477 1
g3 1 111 g1 2 47 0.500672 0.354061 1
g3 1 93 g3 1 80 0.422967 0.243617 1
g3 1 93 g3 1 83 0.425264 0.208777 1
g3 1 97 g3 1 89 0.439446 0.214353 1
g3 1 91 g3 1 112 0.413405 0.215496 1
g3 1 90 g3 1 80 0.408859 0.237226 1
g3 1 83 g3 1 71 0.379246 0.250708 1
g3 1 89 g3 1 79 0.405293 0.300822 1
g3 1 86 g3 1 75 0.392841 0.281679 1
g3 1 97 g3 1 110 0.439433 0.295255 1
g3 1 130 g3 1 82 0.581651 0.284261 1
g3 1 112 g3 1 87 0.504912 0.287481 1
g3 1 95 g3 1 78 0.430841 0.19328 1
g3 1 109 g3 1 118 0.491397 0.217483 1
g3 1 102 g3 1 80 0.458818 0.268437 1
g3 1 95 g3 1 76 0.430659 0.211657 1
g3 1 98 g3 1 83 0.444522 0.232041 1
g3 1 99 g3 1 89 0.44987 0.239975 1
g3 1 96 g3 1 81 0.43607 0.262869 1
g3 1 100 g7 1 75 0.452871 0.43396 0
g3 1 113 g3 1 138 0.507003 0.259061 1
g3 1 118 g3 1 138 0.531802 0.252984 1
g3 1 90 g3 1 82 0.407312 0.368885 0
g3 1 74 g3 1 66 0.339268 0.834601 0
g3 1 95 g3 1 83 0.429916 0.274813 1
g3 1 83 g3 1 77 0.378398 0.211947 1
g3 1 75 g3 1 78 0.344686 0.188616 1
g3 1 79 g3 1 79 0.360599 0.209933 1
g3 1 84 g3 1 89 0.382313 0.288825 1
g3 1 75 g3 1 75 0.343256 0.323432 0
g3 1 83 g3 1 82 0.378145 0.167859 1
g3 1 77 g3 1 72 0.351987 0.214258 1
g3 1 76 g3 1 89 0.348216 0.294233 0
g3 1 82 g3 1 89 0.373816 0.248577 1
g4 2 69 g4 2 57 0.319156 0.191123 1
g4 2 69 g4 2 80 0.318593 0.0660167 1
g4 2 84 g4 2 85 0.381955 0.161414 1
g4 2 83 g4 2 80 0.377673 0.161243 1
g4 2 78 g4 2 88 0.35748 0.117795 1
g4 2 79 g4 2 97 0.361455 0.13937 1
g4 2 98 g3 1 87 0.442404 0.254056 1
g4 2 79 g4 2 80 0.361296 0.157149 1
g4 2 93 g4 2 92 0.421197 0.149584 1
g4 2 91 g4 2 93 0.412036 0.163987 1
g4 2 87 g4 2 88 0.394326 0.135221 1
g4 2 92 g4 2 97 0.417903 0.111199 1
g4 2 100 g4 2 99 0.453099 0.0772027 1
g4 2 87 g4 2 53 0.394817 0.0994266 1
g4 2 55 g4 2 65 0.259083 0.116808 1
g4 2 58 g4 2 55 0.272536 0.0715552 1
g4 2 55 g4 2 53 0.258829 0.0751592 1
g4 2 61 g4 2 64 0.283828 0.142849 1
g4 2 57 g4 2 62 0.267935 0.0996441 1
g4 2 63 g4 2 64 0.292975 0.105019 1
g4 2 65 g4 2 76 0.301913 0.0836168 1
g4 2 67 g4 2 76 0.309952 0.0981991 1
g4 2 75 g4 2 93 0.342625 0.148781 1
g4 2 55 g4 2 60 0.260055 0.103583 1
g4 2 70 g4 2 65 0.322441 0.0884289 1
g4 2 70 g4 2 70 0.322532 0.0475186 1
g4 2 78 g4 2 68 0.355911 0.0850483 1
g4 2 77 g4 2 81 0.351353 0.108874 1
g4 2 90 g4 2 60 0.406551 0.0948221 1
g4 2 88 g4 2 64 0.399268 0.103041 1
g4 2 57 g4 2 70 0.26742 0.0813742 1
g4 2 57 g4 2 61 0.268643 0.0911389 1
g4 2 61 g4 2 64 0.284852 0.0745925 1
g4 2 64 g4 2 64 0.297403 0.125211 1
g4 2 85 g4 2 64 0.385695 0.0978542 1
g4 2 80 g4 2 64 0.365597 0.184858 1
g4 2 87 g4 2 77 0.394775 0.144483 1
g4 2 62 g4 2 60 0.289404 0.0668608 1
g4 2 86 g4 2 77 0.39013 0.0981559 1
g4 2 98 g4 2 77 0.441714 0.10866 1
g4 2 78 g4 2 80 0.357215 0.0673156 1
g4 2 86 g4 2 60 0.388388 0.0945725 1
g5 2 82 g5 2 92 0.37628 0.0888844 1
g5 2 85 g5 2 83 0.38752 0.0766654 1
g5 2 83 g5 2 99 0.380898 0.104034 1
g5 2 80 g5 2 99 0.367376 0.115317 1
g5 2 67 g5 2 96 0.312426 0.158796 1
g5 2 79 g5 2 96 0.363885 0.0914223 1
g5 2 78 g4 2 63 0.358394 0.186761 1
g5 2 87 g5 2 96 0.396946 0.173141 1
g5 2 76 g5 2 98 0.349633 0.205094 1
g5 2 62 g5 2 60 0.290286 0.115852 1
g5 2 66 g5 2 66 0.307962 0.116191 1
g5 2 78 g5 2 66 0.357333 0.107979 1
g5 2 64 g5 2 80 0.29984 0.141213 1
g5 2 67 g4 2 58 0.31281 0.184074 1
g5 2 81 g5 2 98 0.371558 0.160284 1
g5 2 74 g5 2 66 0.340024 0.202666 1
g5 2 71 g5 2 98 0.328976 0.170467 1
g5 2 66 g5 2 66 0.306728 0.177696 1
g5 2 71 g5 2 98 0.328508 0.163221 1
g5 2 71 g4 2 57 0.327999 0.167461 1
g5 2 73 g5 2 97 0.336627 0.132334 1
g5 2 71 g5 2 63 0.327001 0.154023 1
g5 2 73 g4 2 68 0.336746 0.206301 1
g5 2 71 g5 2 96 0.327691 0.164192 1
g5 2 78 g5 2 96 0.359116 0.126072 1
g5 2 77 g5 2 104 0.35468 0.149785 1
g5 2 74 g4 2 57 0.340454 0.14223 1
g5 2 73 g5 2 104 0.337066 0.163228 1
g5 2 75 g5 2 98 0.344107 0.211005 1
g5 2 76 g5 2 86 0.349858 0.135157 1
g5 2 71 g4 2 63 0.328432 0.186927 1
g5 2 74 g5 2 96 0.340863 0.126245 1
g5 2 69 g5 2 94 0.320862 0.133138 1
g5 2 73 g5 2 96 0.339477 0.133423 1
g5 2 74 g5 2 96 0.341401 0.142666 1
g5 2 81 g5 2 94 0.371917 0.0961288 1
g5 2 108 g5 2 98 0.486678 0.116844 1
g5 2 75 g5 2 94 0.346485 0.08502 1
g5 2 90 g5 2 99 0.408878 0.0742962 1
g5 2 90 g5 2 94 0.412668 0.118403 1
g5 2 96 g5 2 113 0.438217 0.126379 1
g5 2 90 g5 2 113 0.412738 0.0856127 1
g5 2 89 g5 2 103 0.409139 0.0963033 1
g5 2 96 g5 2 98 0.438603 0.089658 1
g5 2 90 g5 2 96 0.410879 0.0717028 1
g6 2 76 g6 2 72 0.346503 0.0771459 1
g6 2 73 g6 2 72 0.334601 0.0880276 1
g6 2 79 g6 2 72 0.359149 0.0822419 1
g6 2 77 g6 2 63 0.350836 0.168577 1
g6 2 65 g6 2 72 0.30287 0.0669014 1
g6 2 64 g6 2 75 0.29769 0.114614 1
g6 2 69 g6 2 72 0.317729 0.0890006 1
g6 2 71 g6 2 72 0.326049 0.123143 1
g6 2 68 g6 2 72 0.313394 0.0985805 1
g6 2 59 g6 2 72 0.276987 0.0973569 1
g6 2 74 g6 2 70 0.339727 0.143305 1
g6 2 80 g6 2 177 0.364151 0.0852704 1
g6 2 78 g6 2 77 0.354684 0.0643359 1
g6 2 57 g6 2 72 0.268318 0.116345 1
g6 2 68 g6 2 77 0.314743 0.158649 1
g6 2 77 g6 2 73 0.350926 0.0807775 1
g6 2 65 g6 2 72 0.301553 0.0915207 1
g6 2 82 g6 2 73 0.372178 0.0823714 1
g6 2 68 g6 2 72 0.31315 0.0777317 1
g6 2 66 g6 2 72 0.305159 0.137876 1
g6 2 78 g6 2 72 0.355422 0.0898468 1
g6 2 113 g6 2 72 0.501385 0.147326 1
g6 2 72 g6 2 73 0.331221 0.0916119 1
g6 2 64 g6 2 69 0.298999 0.111254 1
g6 2 68 g6 2 72 0.314246 0.116217 1
g6 2 66 g6 2 84 0.305574 0.235259 1
g6 2 84 g6 2 72 0.380973 0.11065 1
g6 2 66 g6 2 72 0.306325 0.0817849 1
g6 2 66 g6 2 72 0.305372 0.0878122 1
g6 2 54 g6 2 62 0.255848 0.0951049 1
g6 2 59 g6 2 63 0.27644 0.0737205 1
g6 2 61 g6 2 63 0.284518 0.101849 1
g6 2 97 g6 2 92 0.438263 0.361166 1
g6 2 73 g1 2 54 0.335708 0.242303 1
g6 2 59 g6 2 60 0.276115 0.0325585 1
g6 2 61 g6 2 66 0.284873 0.0781043 1
g6 2 65 g6 2 61 0.300632 0.0581284 1
g6 2 62 g6 2 65 0.288397 0.0600247 1
g6 2 69 g6 2 68 0.317298 0.0699748 1
g6 2 74 g6 2 70 0.338371 0.0584366 1
g6 2 69 g6 2 84 0.317878 0.0875334 1
g7 1 71 g7 1 85 0.32965 0.27168 1
g7 1 63 g7 1 81 0.295246 0.212809 1
g7 1 69 g7 1 73 0.319036 0.308133 1
g7 1 71 g7 1 100 0.32925 0.149006 1
g7 1 76 g7 1 64 0.348636 0.278388 1
g7 1 80 g7 1 77 0.366428 0.250562 1
g7 1 64 g7 1 78 0.299862 0.263044 1
g7 1 70 g7 1 71 0.323613 0.12257 1
g7 1 50 g7 1 58 0.239677 0.217144 1
g7 1 61 g3 1 81 0.286181 0.38893 0
g7 1 65 g7 1 63 0.301957 0.214304 1
g7 1 70 g7 1 64 0.323685 0.160001 1
g7 1 67 g7 1 74 0.3092 0.212843 1
g7 1 63 g7 1 54 0.294673 0.169549 1
g7 1 54 g7 1 53 0.255495 0.213141 1
g7 1 62 g7 1 58 0.288714 0.169683 1
g7 1 61 g7 1 53 0.284995 0.152039 1
g7 1 56 g7 1 60 0.265271 0.210975 1
g7 1 58 g7 1 87 0.272645 0.284984 1
g7 1 59 g7 1 52 0.277401 0.157445 1
g7 1 59 g7 1 60 0.276268 0.193492 1
g7 1 52 g7 1 49 0.24869 0.0354893 1
g7 1 73 g1 2 29 0.335465 0.506446 0
g7 1 66 g7 1 67 0.305785 0.225156 1
g7 1 86 g7 1 52 0.390127 0.317661 1
g7 1 70 g7 1 92 0.322753 0.347275 1
g7 1 65 g2 2 42 0.301266 0.414207 0
g7 1 72 g7 1 71 0.33068 0.161306 1
g7 1 68 g1 2 29 0.314327 0.529818 0
g7 1 68 g3 1 128 0.312894 0.522324 0
g7 1 70 g7 1 67 0.321774 0.215648 1
g7 1 83 g7 1 91 0.377801 0.294133 1
g7 1 75 g7 1 86 0.343203 0.294575 1
g7 1 77 g7 1 65 0.355668 0.213428 1
g7 1 88 g7 1 64 0.398661 0.204561 1
g7 1 134 g7 1 86 0.597736 0.276689 1
g7 1 64 g7 1 73 0.297939 0.24136 1
g7 1 65 g7 1 95 0.301853 0.247475 1
g7 1 76 g7 1 81 0.34919 0.260509 1
g7 1 76 g7 1 73 0.348601 0.23138 1
g7 1 86 g7 1 77 0.391418 0.257496 1
g7 1 95 g7 1 89 0.429859 0.189599 1
g7 1 60 g7 1 63 0.281591 0.262553 1
g7 1 99 g7 1 75 0.447973 0.172561 1
g7 1 37 g7 1 71 0.187281 0.356486 1
g7 1 68 g7 1 98 0.314673 0.358518 1
g7 1 70 g7 1 64 0.32349 0.151632 1
g7 1 69 g7 1 58 0.319066 0.27366 1
g7 1 70 g7 1 71 0.32428 0.163192 1
g7 1 94 g7 1 77 0.425826 0.234385 1
g7 1 61 g7 1 55 0.285299 0.305223 1
g7 1 64 g7 1 63 0.298497 0.253362 1
g7 1 82 g7 1 87 0.373698 0.161789 1
g7 1 117 g7 1 88 0.528818 0.307909 1
g7 1 108 g7 1 101 0.487575 0.245434 1
g7 1 103 g7 1 70 0.464452 0.375397 1
g7 1 102 g7 1 101 0.461455 0.222327 1
g7 1 89 g7 1 69 0.403127 0.232672 1
g7 1 97 g7 1 92 0.439216 0.157676 1
g7 1 81 g7 1 91 0.370562 0.204566 1
g7 1 90 g7 1 92 0.40941 0.152347 1
g7 1 86 g7 1 89 0.390359 0.186012 1
g7 1 91 g7 1 92 0.413793 0.167741 1
