g1 2 24 g6 2 32 0.073573 0.17794 1
g1 2 23 g6 2 34 0.071515 0.194198 1
g1 2 27 g6 2 25 0.080909 0.15724 1
g1 2 42 g1 2 24 0.125275 0.123816 1
g1 2 33 g2 2 17 0.096109 0.187198 1
g1 2 29 g1 2 25 0.085048 0.155603 1
g1 2 31 g1 2 28 0.09128 0.130341 1
g1 2 20 g1 2 27 0.065283 0.114622 1
g1 2 24 g1 2 33 0.07365 0.163865 1
g1 2 28 g1 2 25 0.083564 0.160339 1
g1 2 21 g1 2 31 0.067443 0.14073 1
g1 2 26 g1 2 22 0.078166 0.114373 1
g1 2 25 g1 2 25 0.076124 0.0740661 1
g1 2 25 g1 2 25 0.076057 0.125881 1
g1 2 28 g1 2 25 0.083396 0.0868187 1
g1 2 54 g6 2 38 0.138162 0.204369 1
g1 2 26 g1 2 22 0.078216 0.0972668 1
g1 2 37 g6 2 36 0.107834 0.215971 1
g1 2 20 g6 2 31 0.065125 0.134031 1
g1 2 24 g6 2 34 0.073901 0.199984 1
g1 2 21 g6 2 32 0.0671 0.150999 1
g1 2 28 g6 2 30 0.08271 0.173621 1
g1 2 22 g2 2 17 0.070306 0.193526 1
g1 2 24 g1 2 19 0.07326 0.0891945 1
g1 2 23 g1 2 20 0.071542 0.0969903 1
g1 2 32 g1 2 29 0.092294 0.134032 1
g1 2 30 g1 2 26 0.087042 0.148789 1
g1 2 39 g1 2 26 0.108957 0.259161 1
g1 2 29 g1 2 24 0.084915 0.203512 1
g1 2 29 g1 2 37 0.084834 0.106583 1
g1 2 23 g1 2 25 0.071502 0.0915781 1
g1 2 23 g1 2 24 0.071502 0.174426 1
g1 2 19 g1 2 26 0.062902 0.085179 1
g1 2 28 g1 2 28 0.082278 0.210505 1
g1 2 23 g1 2 29 0.07143 0.236403 1
g1 2 24 g1 2 24 0.0736 0.164906 1
g1 2 30 g1 2 24 0.087477 0.170312 1
g1 2 24 g1 2 26 0.073416 0.146705 1
g1 2 22 g1 2 23 0.069258 0.160308 1
g1 2 23 g1 2 24 0.071729 0.136293 1
g1 2 26 g1 2 26 0.078511 0.157024 1
g1 2 28 g1 2 28 0.081968 0.208836 1
g1 2 23 g1 2 25 0.071901 0.184867 1
g1 2 24 g1 2 24 0.073788 0.181988 1
g1 2 28 g1 2 24 0.08265 0.185135 1
g1 2 21 g1 2 28 0.067115 0.252151 1
g1 2 26 g6 2 36 0.077948 0.200933 1
g1 2 28 g6 2 34 0.082626 0.212761 1
g1 2 22 g6 2 37 0.069222 0.187049 1
g1 2 27 g6 2 34 0.080509 0.136433 1
g1 2 37 g2 2 17 0.105851 0.214004 1
g1 2 25 g6 2 25 0.07628 0.166234 1
g1 2 33 g2 2 17 0.095753 0.175786 1
g1 2 22 g1 2 18 0.069203 0.0772465 1
g1 2 20 g1 2 18 0.065175 0.0702443 1
g1 2 16 g1 2 17 0.057043 0.0958116 1
g1 2 16 g1 2 16 0.056889 0.0742667 1
g1 2 17 g1 2 17 0.05897 0.0748685 1
g1 2 17 g1 2 17 0.058934 0.0620692 1
g1 2 19 g1 2 18 0.063195 0.0683333 1
g1 2 16 g1 2 17 0.056656 0.105744 1
g2 2 15 g2 2 14 0.054735 0.102187 1
g2 2 15 g2 2 14 0.055054 0.10185 1
g2 2 17 g2 2 17 0.058949 0.181372 1
g2 2 14 g2 2 14 0.054805 0.155059 1
g2 2 15 g2 2 14 0.05532 0.154887 1
g2 2 13 g2 2 17 0.050808 0.164817 1
g2 2 14 g2 2 14 0.052957 0.13909 1
g2 2 15 g2 2 14 0.054696 0.110691 1
g2 2 15 g2 2 14 0.054619 0.179236 1
g2 2 29 g2 2 26 0.085475 0.139318 1
g2 2 16 g2 2 14 0.057165 0.110161 1
g2 2 15 g2 2 14 0.054556 0.100015 1
g2 2 15 g2 2 14 0.054858 0.119707 1
g2 2 16 g2 2 14 0.057126 0.121027 1
g2 2 16 g2 2 14 0.05733 0.173813 1
g2 2 15 g2 2 14 0.055075 0.140784 1
g2 2 12 g2 2 17 0.048489 0.269356 1
g2 2 15 g2 2 14 0.054671 0.092682 1
g2 2 16 g2 2 14 0.057078 0.101305 1
g2 2 15 g2 2 14 0.054679 0.158697 1
g2 2 16 g2 2 14 0.056992 0.13721 1
g2 2 16 g2 2 14 0.057167 0.214676 1
g2 2 14 g2 2 14 0.052673 0.148629 1
g2 2 17 g2 2 14 0.058787 0.10577 1
g2 2 18 g2 2 17 0.060808 0.169768 1
g2 2 15 g2 2 14 0.054871 0.174605 1
g2 2 15 g2 2 17 0.054802 0.236373 1
g2 2 16 g2 2 14 0.057542 0.175869 1
g2 2 18 g2 2 14 0.060993 0.137793 1
g2 2 31 g2 2 28 0.090799 0.126317 1
g2 2 28 g2 2 27 0.082656 0.154631 1
g2 2 29 g2 2 26 0.0856 0.139835 1
g2 2 25 g2 2 26 0.076566 0.145608 1
g2 2 20 g2 2 21 0.064852 0.141188 1
g2 2 22 g2 2 21 0.069252 0.116212 1
g2 2 32 g2 2 29 0.095942 0.128335 1
g2 2 23 g2 2 21 0.071724 0.096611 1
g2 2 20 g2 2 21 0.065284 0.0919244 1
g2 2 19 g2 2 21 0.063061 0.0917693 1
g2 2 21 g2 2 21 0.066019 0.0850921 1
g2 2 20 g2 2 21 0.066979 0.0905802 1
g2 2 21 g2 2 21 0.067894 0.0696447 1
g2 2 19 g2 2 21 0.064553 0.111867 1
g2 2 22 g2 2 21 0.06946 0.0774176 1
g2 2 22 g2 2 21 0.069512 0.0948557 1
g2 2 25 g2 2 23 0.075835 0.152061 1
g2 2 17 g2 2 24 0.059063 0.137865 1
g2 2 22 g2 2 21 0.069342 0.0837894 1
g2 2 42 g2 2 28 0.117239 0.160804 1
g2 2 22 g2 2 22 0.070048 0.0964792 1
g2 2 27 g2 2 23 0.080307 0.0798759 1
g2 2 27 g1 2 31 0.080144 0.219936 1
g2 2 21 g2 2 21 0.067243 0.115142 1
g2 2 19 g2 2 21 0.064465 0.0974426 1
g2 2 24 g1 2 33 0.073474 0.127458 1
g2 2 22 g2 2 21 0.069711 0.112631 1
g2 2 26 g1 2 27 0.077569 0.202682 1
g2 2 24 g2 2 28 0.073736 0.128112 1
g2 2 21 g2 2 29 0.067351 0.125182 1
g2 2 29 g2 2 28 0.08487 0.116633 1
g2 2 19 g2 2 21 0.063308 0.102651 1
g2 2 21 g1 2 33 0.067075 0.312074 1
g2 2 30 g2 2 25 0.086965 0.164235 1
g2 2 16 g2 2 14 0.057616 0.14913 1
g2 2 14 g2 2 14 0.052694 0.130177 1
g2 2 15 g2 2 14 0.05508 0.0820335 1
g3 1 36 g3 1 46 0.104822 0.333223 1
g3 1 35 g3 1 43 0.101507 0.221946 1
g3 1 49 g3 1 42 0.134596 0.30178 1
g3 1 52 g3 1 37 0.142963 0.246502 1
g3 1 55 g1 2 30 0.146312 0.418822 1
g3 1 49 g3 1 37 0.136366 0.259881 1
g3 1 47 g3 1 42 0.129308 0.382952 1
g3 1 47 g3 1 41 0.130895 0.282962 1
g3 1 44 g3 1 45 0.122879 0.289696 1
g3 1 43 g3 1 46 0.122489 0.297558 1
g3 1 44 g3 1 57 0.123099 0.28128 1
g3 1 47 g3 1 46 0.128932 0.232351 1
g3 1 46 g3 1 43 0.127503 0.247889 1
g3 1 47 g3 1 64 0.130397 0.222787 1
g3 1 44 g3 1 47 0.124058 0.51036 0
g3 1 44 g3 1 40 0.122882 0.258832 1
g3 1 41 g3 1 42 0.116033 0.209816 1
g3 1 56 g1 2 26 0.155877 0.386249 1
g3 1 48 g3 1 41 0.132031 0.251072 1
g3 1 48 g3 1 42 0.133083 0.221803 1
g3 1 50 g3 1 47 0.137951 0.226277 1
g3 1 48 g3 1 57 0.133715 0.221905 1
g3 1 46 g3 1 41 0.127962 0.25135 1
g3 1 43 g3 1 37 0.121797 0.253234 1
g3 1 47 g3 1 42 0.13053 0.316508 1
g3 1 44 g3 1 38 0.123294 0.28715 1
g3 1 50 g3 1 53 0.138366 0.32382 1
g3 1 66 g3 1 42 0.176112 0.284562 1
g3 1 58 g1 2 35 0.157873 0.4447 1
g3 1 50 g3 1 39 0.137148 0.201403 1
g3 1 57 g3 1 60 0.154415 0.228523 1
g3 1 53 g3 1 41 0.144376 0.280706 1
g3 1 49 g3 1 40 0.135801 0.220627 1
g3 1 51 g3 1 42 0.140144 0.247319 1
g3 1 52 g3 1 47 0.140722 0.263802 1
g3 1 50 g3 1 59 0.136855 0.273868 1
g3 1 51 g3 1 32 0.141655 0.32566 1
g3 1 59 g3 1 69 0.157527 0.265699 1
g3 1 61 g3 1 69 0.161964 0.260838 1
g3 1 46 g3 1 43 0.129563 0.385294 1
g3 1 28 g3 1 47 0.097157 0.823248 0
g3 1 49 g3 1 44 0.136354 0.300426 1
g3 1 42 g3 1 40 0.119542 0.212795 1
g3 1 40 g3 1 41 0.112466 0.20749 1
g3 1 42 g3 1 42 0.11663 0.230677 1
g3 1 44 g3 1 47 0.121289 0.308949 1
g3 1 39 g3 1 38 0.119479 0.342217 1
g3 1 43 g3 1 42 0.123633 0.173902 1
g3 1 40 g3 1 37 0.114846 0.222896 1
g3 1 39 g3 1 47 0.111584 0.313576 1
g3 1 43 g3 1 47 0.120041 0.257709 1
g4 2 37 g4 2 31 0.105586 0.214003 1
g4 2 37 g4 2 42 0.105883 0.0776266 1
g4 2 44 g4 2 45 0.130906 0.166957 1
g4 2 44 g4 2 42 0.136349 0.168567 1
g4 2 41 g4 2 46 0.123068 0.126684 1
g4 2 42 g4 2 51 0.119175 0.146778 1
g4 2 50 g3 1 44 0.138307 0.269455 1
g4 2 42 g4 2 42 0.117651 0.171182 1
g4 2 49 g4 2 48 0.135052 0.160702 1
g4 2 47 g4 2 49 0.130036 0.169863 1
g4 2 46 g4 2 46 0.127692 0.137917 1
g4 2 48 g4 2 51 0.132317 0.118121 1
g4 2 52 g4 2 51 0.142394 0.0872918 1
g4 2 45 g4 2 31 0.124938 0.128089 1
g4 2 30 g4 2 43 0.087166 0.145188 1
g4 2 31 g4 2 30 0.089854 0.0783236 1
g4 2 30 g4 2 29 0.08688 0.0842569 1
g4 2 33 g4 2 34 0.096483 0.155891 1
g4 2 31 g4 2 33 0.089676 0.107021 1
g4 2 34 g4 2 34 0.098503 0.120714 1
g4 2 35 g4 2 40 0.100353 0.0921291 1
g4 2 36 g4 2 32 0.102746 0.107127 1
g4 2 40 g4 2 48 0.111823 0.157677 1
g4 2 30 g4 2 32 0.086628 0.11523 1
g4 2 37 g4 2 35 0.106067 0.0999789 1
g4 2 37 g4 2 37 0.105394 0.0565179 1
g4 2 41 g4 2 36 0.114698 0.0927801 1
g4 2 41 g4 2 43 0.114769 0.114147 1
g4 2 46 g4 2 32 0.127594 0.101447 1
g4 2 46 g4 2 34 0.127091 0.113267 1
g4 2 31 g4 2 37 0.089682 0.0959691 1
g4 2 31 g4 2 33 0.090256 0.104216 1
g4 2 33 g4 2 34 0.095726 0.089046 1
g4 2 34 g4 2 34 0.098701 0.140114 1
g4 2 45 g4 2 34 0.124529 0.10591 1
g4 2 42 g4 2 34 0.117906 0.195535 1
g4 2 46 g4 2 41 0.126825 0.155241 1
g4 2 33 g4 2 32 0.096143 0.0741323 1
g4 2 45 g4 2 41 0.125223 0.101616 1
g4 2 50 g4 2 41 0.136877 0.114166 1
g4 2 41 g4 2 42 0.114703 0.0754929 1
g4 2 45 g4 2 32 0.124284 0.102621 1
g5 2 43 g5 2 48 0.121518 0.0971744 1
g5 2 45 g5 2 44 0.124842 0.0816019 1
g5 2 44 g5 2 52 0.123604 0.109662 1
g5 2 42 g5 2 52 0.118149 0.124991 1
g5 2 36 g5 2 50 0.103946 0.17394 1
g5 2 42 g5 2 50 0.118901 0.10384 1
g5 2 41 g4 2 34 0.11663 0.196252 1
g5 2 46 g5 2 50 0.128007 0.189313 1
g5 2 40 g5 2 51 0.113849 0.211937 1
g5 2 33 g5 2 32 0.096126 0.123541 1
g5 2 35 g5 2 35 0.10108 0.127559 1
g5 2 41 g5 2 35 0.115444 0.116069 1
g5 2 34 g5 2 33 0.098477 0.167177 1
g5 2 36 g4 2 31 0.105217 0.194451 1
g5 2 43 g5 2 51 0.12049 0.16659 1
g5 2 39 g5 2 52 0.110789 0.223702 1
g5 2 38 g5 2 51 0.108442 0.17723 1
g5 2 35 g5 2 35 0.101256 0.193171 1
g5 2 38 g5 2 51 0.109117 0.171682 1
g5 2 38 g4 2 31 0.108369 0.179745 1
g5 2 39 g5 2 51 0.110623 0.145158 1
g5 2 38 g4 2 31 0.109162 0.182144 1
g5 2 39 g4 2 36 0.11062 0.223905 1
g5 2 38 g5 2 50 0.108662 0.172716 1
g5 2 41 g5 2 50 0.117342 0.134535 1
g5 2 41 g5 2 54 0.115991 0.156904 1
g5 2 39 g4 2 31 0.110787 0.154788 1
g5 2 39 g5 2 54 0.110613 0.169673 1
g5 2 40 g5 2 51 0.112816 0.220685 1
g5 2 40 g5 2 51 0.113075 0.173265 1
g5 2 38 g4 2 31 0.108509 0.184001 1
g5 2 39 g5 2 50 0.111446 0.134244 1
g5 2 37 g5 2 45 0.106279 0.133308 1
g5 2 39 g5 2 50 0.111855 0.152698 1
g5 2 39 g5 2 49 0.121117 0.14648 1
g5 2 43 g5 2 49 0.12035 0.105347 1
g5 2 55 g5 2 51 0.150541 0.123206 1
g5 2 40 g5 2 49 0.113978 0.0955829 1
g5 2 47 g5 2 52 0.130144 0.083783 1
g5 2 47 g5 2 49 0.131697 0.126546 1
g5 2 50 g5 2 59 0.139365 0.137976 1
g5 2 47 g5 2 55 0.131578 0.0960784 1
g5 2 47 g5 2 54 0.132357 0.106638 1
g5 2 50 g5 2 51 0.13793 0.100387 1
g5 2 47 g5 2 48 0.131618 0.0650965 1
g6 2 40 g6 2 38 0.111871 0.083175 1
g6 2 39 g6 2 38 0.109722 0.0953195 1
g6 2 42 g6 2 38 0.115478 0.0928561 1
g6 2 41 g6 2 34 0.115007 0.186681 1
g6 2 35 g6 2 38 0.100117 0.0746636 1
g6 2 34 g6 2 34 0.098015 0.133747 1
g6 2 37 g6 2 38 0.105175 0.0972487 1
g6 2 38 g6 2 38 0.106807 0.13291 1
g6 2 36 g6 2 38 0.102647 0.106651 1
g6 2 32 g6 2 38 0.093018 0.106965 1
g6 2 39 g6 2 37 0.109878 0.158648 1
g6 2 42 g6 2 59 0.116473 0.0806673 1
g6 2 41 g6 2 41 0.114456 0.0722909 1
g6 2 31 g6 2 38 0.089537 0.121881 1
g6 2 36 g6 2 41 0.103031 0.165956 1
g6 2 41 g6 2 39 0.114771 0.0874991 1
g6 2 35 g6 2 38 0.100687 0.0999042 1
g6 2 43 g6 2 39 0.119301 0.0893298 1
g6 2 36 g6 2 38 0.102528 0.0858735 1
g6 2 35 g6 2 38 0.100321 0.143103 1
g6 2 41 g6 2 38 0.11471 0.0953615 1
g6 2 56 g6 2 38 0.150789 0.112614 1
g6 2 38 g6 2 39 0.107241 0.102929 1
g6 2 34 g6 2 39 0.097517 0.12231 1
g6 2 36 g6 2 38 0.102375 0.120256 1
g6 2 35 g6 2 44 0.100185 0.250265 1
g6 2 44 g6 2 38 0.121706 0.115719 1
g6 2 35 g6 2 38 0.100772 0.0915789 1
g6 2 35 g6 2 38 0.100016 0.0938618 1
g6 2 29 g6 2 33 0.084928 0.102225 1
g6 2 32 g6 2 34 0.092677 0.0872025 1
g6 2 33 g6 2 34 0.096419 0.119237 1
g6 2 51 g6 2 49 0.139632 0.354557 1
g6 2 39 g1 2 25 0.110346 0.256252 1
g6 2 32 g6 2 33 0.092039 0.0489091 1
g6 2 33 g6 2 35 0.095338 0.0869931 1
g6 2 35 g6 2 35 0.100481 0.0761341 1
g6 2 33 g6 2 35 0.096934 0.0791336 1
g6 2 37 g6 2 36 0.104446 0.0803105 1
g6 2 39 g6 2 37 0.109844 0.0712027 1
g6 2 37 g6 2 44 0.104977 0.0961247 1
g7 1 37 g7 1 44 0.10761 0.284241 1
g7 1 34 g7 1 42 0.098621 0.224965 1
g7 1 37 g7 1 39 0.105465 0.323346 1
g7 1 38 g7 1 52 0.108779 0.162606 1
g7 1 40 g7 1 34 0.112703 0.290341 1
g7 1 41 g7 1 41 0.117195 0.267993 1
g7 1 34 g7 1 46 0.098783 0.307843 1
g7 1 35 g7 1 36 0.103718 0.13242 1
g7 1 27 g7 1 31 0.080419 0.229789 1
g7 1 32 g3 1 40 0.094903 0.432231 1
g7 1 34 g7 1 33 0.098927 0.228633 1
g7 1 36 g7 1 34 0.104554 0.171633 1
g7 1 36 g7 1 39 0.10288 0.221973 1
g7 1 34 g7 1 29 0.096656 0.191086 1
g7 1 29 g7 1 29 0.085145 0.22992 1
g7 1 33 g7 1 31 0.095889 0.183853 1
g7 1 33 g7 1 28 0.096302 0.179065 1
g7 1 30 g7 1 32 0.086893 0.223571 1
g7 1 31 g7 1 29 0.089766 0.24925 1
g7 1 31 g7 1 28 0.090967 0.164834 1
g7 1 31 g7 1 32 0.090998 0.209471 1
g7 1 27 g7 1 27 0.082731 0.0629575 1
g7 1 39 g1 2 17 0.109878 0.578516 0
g7 1 35 g7 1 35 0.099527 0.240379 1
g7 1 45 g7 1 28 0.124172 0.33521 1
g7 1 37 g7 1 48 0.103863 0.365188 1
g7 1 34 g2 2 23 0.098335 0.458612 0
g7 1 38 g7 1 37 0.107368 0.169295 1
g7 1 35 g1 2 17 0.101928 0.602471 0
g7 1 36 g7 1 38 0.10139 0.375783 1
g7 1 36 g7 1 36 0.102536 0.21929 1
g7 1 44 g7 1 47 0.121713 0.305902 1
g7 1 39 g7 1 43 0.110985 0.305301 1
g7 1 40 g7 1 35 0.113047 0.224363 1
g7 1 46 g7 1 33 0.126642 0.209283 1
g7 1 68 g7 1 43 0.173917 0.286404 1
g7 1 34 g7 1 51 0.098296 0.34738 1
g7 1 35 g7 1 46 0.10235 0.270879 1
g7 1 39 g7 1 50 0.111728 0.307819 1
g7 1 40 g7 1 39 0.113248 0.23487 1
g7 1 45 g7 1 41 0.125518 0.28276 1
g7 1 48 g7 1 45 0.135737 0.196207 1
g7 1 32 g7 1 34 0.093118 0.314379 1
g7 1 50 g7 1 40 0.138396 0.185094 1
g7 1 21 g7 1 36 0.0671 0.36312 1
g7 1 35 g7 1 51 0.103099 0.377438 1
g7 1 36 g7 1 34 0.10429 0.159756 1
g7 1 36 g7 1 31 0.104771 0.279676 1
g7 1 37 g7 1 31 0.105486 0.22345 1
g7 1 49 g7 1 41 0.135291 0.244665 1
g7 1 33 g7 1 29 0.096418 0.332379 1
g7 1 33 g7 1 33 0.097399 0.272874 1
g7 1 42 g7 1 45 0.118996 0.170913 1
g7 1 61 g7 1 45 0.166105 0.305385 1
g7 1 56 g7 1 52 0.152381 0.246406 1
g7 1 54 g7 1 37 0.147478 0.398754 1
g7 1 53 g7 1 52 0.145821 0.231176 1
g7 1 35 g7 1 35 0.114441 0.242307 1
g7 1 51 g7 1 48 0.139836 0.167855 1
g7 1 43 g7 1 47 0.119228 0.222068 1
g7 1 47 g7 1 48 0.128997 0.168317 1
g7 1 45 g7 1 45 0.125056 0.191058 1
g7 1 47 g7 1 48 0.13162 0.173907 1
