g1 2 46 g6 2 78 0.229491 0.151288 1
g1 2 44 g6 2 66 0.223111 0.178759 1
g1 2 52 g6 2 50 0.255503 0.133322 1
g1 2 102 g1 2 45 0.469842 0.128455 1
g1 2 63 g2 2 32 0.301814 0.180064 1
g1 2 56 g1 2 48 0.274568 0.143843 1
g1 2 60 g1 2 54 0.288544 0.120497 1
g1 2 37 g1 2 52 0.193144 0.0984114 1
g1 2 46 g1 2 42 0.230559 0.124173 1
g1 2 54 g1 2 48 0.263318 0.15383 1
g1 2 39 g1 2 42 0.200943 0.119368 1
g1 2 50 g1 2 42 0.246125 0.0973216 1
g1 2 48 g1 2 48 0.23833 0.0664936 1
g1 2 47 g1 2 46 0.234229 0.0739914 1
g1 2 53 g1 2 48 0.2587 0.0760608 1
g1 2 111 g6 2 73 0.510509 0.200285 1
g1 2 49 g1 2 42 0.242288 0.0890284 1
g1 2 71 g6 2 70 0.335085 0.199234 1
g1 2 37 g6 2 60 0.193138 0.121699 1
g1 2 46 g6 2 66 0.230182 0.186203 1
g1 2 39 g6 2 51 0.202101 0.130479 1
g1 2 54 g6 2 57 0.263903 0.161004 1
g1 2 42 g2 2 32 0.213399 0.181831 1
g1 2 45 g1 2 38 0.226353 0.0752116 1
g1 2 43 g1 2 38 0.2174 0.076984 1
g1 2 61 g1 2 56 0.293101 0.126833 1
g1 2 58 g1 2 49 0.281199 0.139635 1
g1 2 75 g1 2 49 0.352816 0.246473 1
g1 2 55 g1 2 45 0.267508 0.194773 1
g1 2 56 g1 2 71 0.271037 0.100638 1
g1 2 43 g1 2 48 0.217357 0.0796961 1
g1 2 44 g1 2 45 0.223122 0.162744 1
g1 2 35 g1 2 50 0.185779 0.0640508 1
g1 2 53 g1 2 54 0.258175 0.197304 1
g1 2 43 g1 2 56 0.218056 0.225174 1
g1 2 46 g1 2 45 0.229581 0.149752 1
g1 2 57 g1 2 45 0.275089 0.158249 1
g1 2 46 g1 2 45 0.229696 0.153167 1
g1 2 41 g1 2 43 0.209715 0.154717 1
g1 2 43 g1 2 45 0.217044 0.120064 1
g1 2 49 g1 2 50 0.242552 0.147739 1
g1 2 53 g1 2 54 0.25864 0.204874 1
g1 2 44 g1 2 47 0.221832 0.16863 1
g1 2 46 g1 2 45 0.229467 0.172158 1
g1 2 53 g1 2 45 0.259358 0.161457 1
g1 2 40 g1 2 54 0.205775 0.234592 1
g1 2 50 g6 2 70 0.246331 0.185241 1
g1 2 53 g6 2 65 0.258769 0.195168 1
g1 2 41 g6 2 72 0.209896 0.170864 1
g1 2 52 g6 2 66 0.254929 0.126153 1
g1 2 72 g2 2 32 0.34094 0.2079 1
g1 2 48 g6 2 50 0.238739 0.147781 1
g1 2 64 g2 2 32 0.30625 0.161413 1
g1 2 42 g1 2 34 0.212986 0.0657474 1
g1 2 38 g1 2 34 0.197024 0.0576905 1
g1 2 29 g1 2 32 0.157361 0.0730474 1
g1 2 29 g1 2 29 0.157079 0.0591479 1
g1 2 31 g1 2 32 0.165803 0.0594514 1
g1 2 31 g1 2 31 0.16559 0.0512402 1
g1 2 36 g1 2 34 0.188974 0.0559701 1
g1 2 29 g1 2 29 0.158477 0.0584143 1
g2 2 28 g2 2 26 0.152863 0.0811795 1
g2 2 28 g2 2 26 0.153316 0.0851334 1
g2 2 31 g2 2 32 0.165141 0.152475 1
g2 2 26 g2 2 26 0.144413 0.15096 1
g2 2 27 g2 2 26 0.148537 0.134783 1
g2 2 23 g2 2 32 0.132272 0.14479 1
g2 2 26 g2 2 26 0.144545 0.128871 1
g2 2 27 g2 2 26 0.148467 0.0936361 1
g2 2 28 g2 2 26 0.153533 0.156916 1
g2 2 55 g2 2 50 0.267467 0.125751 1
g2 2 29 g2 2 26 0.157158 0.0853091 1
g2 2 28 g2 2 26 0.15379 0.083249 1
g2 2 28 g2 2 26 0.152931 0.105967 1
g2 2 29 g2 2 26 0.157141 0.106472 1
g2 2 30 g2 2 26 0.160797 0.165983 1
g2 2 27 g2 2 26 0.149189 0.128473 1
g2 2 21 g2 2 32 0.124145 0.237987 1
g2 2 27 g2 2 26 0.149126 0.0734326 1
g2 2 29 g2 2 26 0.157239 0.0851217 1
g2 2 27 g2 2 26 0.149064 0.132623 1
g2 2 30 g2 2 26 0.160731 0.125164 1
g2 2 30 g2 2 26 0.161254 0.203044 1
g2 2 26 g2 2 26 0.144638 0.144111 1
g2 2 31 g2 2 26 0.164915 0.0810045 1
g2 2 33 g2 2 32 0.17706 0.158366 1
g2 2 28 g2 2 26 0.152816 0.150752 1
g2 2 27 g2 2 32 0.149349 0.215898 1
g2 2 30 g2 2 26 0.160651 0.152333 1
g2 2 34 g2 2 26 0.180556 0.12261 1
g2 2 59 g2 2 53 0.285111 0.11708 1
g2 2 54 g2 2 45 0.266659 0.128014 1
g2 2 55 g2 2 50 0.268234 0.115755 1
g2 2 48 g1 2 43 0.239049 0.2597 1
g2 2 38 g2 2 42 0.199622 0.0980483 1
g2 2 42 g2 2 39 0.213562 0.102194 1
g2 2 64 g2 2 53 0.30666 0.107352 1
g2 2 43 g2 2 45 0.217681 0.08175 1
g2 2 37 g2 2 44 0.19336 0.0787427 1
g2 2 36 g2 2 39 0.188958 0.0732876 1
g2 2 39 g2 2 44 0.201376 0.0676211 1
g2 2 39 g2 2 39 0.200876 0.0572556 1
g2 2 41 g2 2 39 0.209352 0.058204 1
g2 2 39 g2 2 39 0.20098 0.0958255 1
g2 2 41 g2 2 39 0.209665 0.068372 1
g2 2 42 g2 2 44 0.213548 0.069749 1
g2 2 47 g2 2 44 0.233964 0.129113 1
g2 2 31 g2 2 41 0.165927 0.117848 1
g2 2 42 g2 2 39 0.213467 0.0603325 1
g2 2 84 g2 2 53 0.395382 0.158532 1
g2 2 41 g2 2 42 0.209935 0.0792109 1
g2 2 52 g2 2 44 0.255504 0.0678666 1
g2 2 52 g1 2 59 0.254848 0.214053 1
g2 2 40 g2 2 39 0.205687 0.100108 1
g2 2 37 g2 2 44 0.193212 0.0734798 1
g2 2 45 g1 2 64 0.225224 0.11533 1
g2 2 41 g2 2 44 0.20967 0.0894534 1
g2 2 49 g1 2 52 0.24136 0.192203 1
g2 2 46 g2 2 53 0.230011 0.113762 1
g2 2 40 g2 2 56 0.205754 0.109518 1
g2 2 56 g2 2 53 0.272397 0.108558 1
g2 2 35 g2 2 39 0.186176 0.0854126 1
g2 2 40 g1 2 57 0.206057 0.290744 1
g2 2 58 g2 2 48 0.280196 0.157088 1
g2 2 29 g2 2 26 0.156826 0.130603 1
g2 2 26 g2 2 26 0.144445 0.124375 1
g2 2 28 g2 2 26 0.153097 0.0648008 1
g3 1 71 g3 1 117 0.337243 0.324802 1
g3 1 68 g3 1 84 0.324985 0.195019 1
g3 1 95 g3 1 81 0.441471 0.297211 1
g3 1 102 g3 1 73 0.471465 0.238231 1
g3 1 107 g1 2 57 0.496353 0.435192 1
g3 1 96 g3 1 73 0.449041 0.256784 1
g3 1 91 g3 1 72 0.424463 0.283782 1
g3 1 93 g3 1 82 0.434873 0.278986 1
g3 1 86 g3 1 87 0.402333 0.278766 1
g3 1 87 g3 1 92 0.406422 0.286671 1
g3 1 88 g3 1 106 0.410705 0.25416 1
g3 1 92 g3 1 81 0.429203 0.213043 1
g3 1 92 g3 1 86 0.430615 0.243595 1
g3 1 92 g3 1 127 0.431672 0.215488 1
g3 1 90 g3 1 78 0.418287 0.48263 0
g3 1 86 g3 1 74 0.405508 0.250771 1
g3 1 80 g3 1 81 0.3764 0.197855 1
g3 1 113 g1 2 49 0.52353 0.365256 1
g3 1 95 g3 1 120 0.44276 0.277623 1
g3 1 95 g3 1 85 0.444038 0.214674 1
g3 1 99 g3 1 91 0.460689 0.21966 1
g3 1 93 g3 1 114 0.434678 0.216507 1
g3 1 92 g3 1 82 0.429582 0.243911 1
g3 1 85 g3 1 73 0.39739 0.253357 1
g3 1 91 g3 1 81 0.428409 0.303233 1
g3 1 88 g3 1 77 0.409429 0.279025 1
g3 1 99 g3 1 112 0.459426 0.301411 1
g3 1 132 g3 1 84 0.604873 0.282255 1
g3 1 114 g1 2 67 0.526945 0.433656 1
g3 1 97 g3 1 80 0.45009 0.194454 1
g3 1 111 g3 1 120 0.514207 0.219352 1
g3 1 104 g3 1 82 0.480808 0.272961 1
g3 1 97 g3 1 78 0.451593 0.214279 1
g3 1 100 g3 1 85 0.464051 0.238413 1
g3 1 101 g3 1 91 0.46947 0.246691 1
g3 1 98 g3 1 83 0.456311 0.266989 1
g3 1 102 g3 1 61 0.473114 0.319321 1
g3 1 115 g3 1 140 0.531501 0.259004 1
g3 1 120 g3 1 140 0.554392 0.257885 1
g3 1 92 g3 1 84 0.428136 0.376836 0
g3 1 76 g3 1 68 0.356963 0.838187 0
g3 1 97 g3 1 85 0.45046 0.281698 1
g3 1 85 g3 1 79 0.397276 0.211924 1
g3 1 77 g3 1 80 0.362131 0.193174 1
g3 1 81 g3 1 81 0.378787 0.214615 1
g3 1 86 g3 1 91 0.400906 0.293187 1
g3 1 77 g3 1 77 0.362171 0.329228 1
g3 1 85 g3 1 84 0.395789 0.171792 1
g3 1 79 g3 1 74 0.371551 0.219377 1
g3 1 78 g3 1 91 0.366433 0.301788 1
g3 1 84 g3 1 91 0.393875 0.249839 1
g4 2 71 g4 2 59 0.334294 0.197981 1
g4 2 71 g4 2 82 0.33577 0.0673577 1
g4 2 86 g4 2 87 0.401275 0.162387 1
g4 2 85 g4 2 82 0.395691 0.163094 1
g4 2 80 g4 2 90 0.37549 0.119479 1
g4 2 81 g4 2 99 0.379348 0.140361 1
g4 2 100 g3 1 89 0.462679 0.256963 1
g4 2 81 g4 2 82 0.379073 0.161404 1
g4 2 95 g4 2 94 0.441163 0.151724 1
g4 2 93 g4 2 95 0.432573 0.166845 1
g4 2 89 g4 2 90 0.414163 0.134421 1
g4 2 94 g4 2 99 0.441061 0.112284 1
g4 2 102 g4 2 101 0.4715 0.0792493 1
g4 2 89 g4 2 60 0.414164 0.120146 1
g4 2 57 g4 2 63 0.274344 0.127532 1
g4 2 60 g4 2 57 0.287736 0.0727951 1
g4 2 57 g4 2 55 0.27635 0.0765809 1
g4 2 63 g4 2 66 0.300702 0.145435 1
g4 2 59 g4 2 64 0.283443 0.103085 1
g4 2 65 g4 2 66 0.31071 0.109033 1
g4 2 67 g4 2 78 0.318436 0.0845207 1
g4 2 69 g4 2 78 0.327075 0.0992632 1
g4 2 77 g4 2 95 0.360843 0.150205 1
g4 2 57 g4 2 62 0.274927 0.105123 1
g4 2 72 g4 2 67 0.339922 0.0917946 1
g4 2 72 g4 2 72 0.339763 0.0487928 1
g4 2 80 g4 2 72 0.374326 0.096792 1
g4 2 79 g4 2 83 0.369689 0.110217 1
g4 2 92 g4 2 62 0.427557 0.0942064 1
g4 2 90 g4 2 66 0.417659 0.104487 1
g4 2 59 g4 2 72 0.283414 0.0842909 1
g4 2 59 g4 2 63 0.284019 0.0951817 1
g4 2 63 g4 2 66 0.302226 0.0775533 1
g4 2 66 g4 2 66 0.313697 0.130783 1
g4 2 87 g4 2 66 0.404659 0.0984169 1
g4 2 82 g4 2 66 0.382926 0.187906 1
g4 2 89 g4 2 79 0.415303 0.146783 1
g4 2 64 g4 2 62 0.305506 0.06811 1
g4 2 88 g4 2 79 0.409491 0.0983666 1
g4 2 100 g4 2 79 0.461565 0.107776 1
g4 2 80 g4 2 82 0.374486 0.0682101 1
g4 2 88 g4 2 62 0.408157 0.0951075 1
g5 2 84 g5 2 94 0.395215 0.0893276 1
g5 2 87 g5 2 85 0.407007 0.07674 1
g5 2 85 g5 2 101 0.40015 0.103887 1
g5 2 82 g5 2 101 0.385056 0.115029 1
g5 2 69 g5 2 98 0.330475 0.161708 1
g5 2 81 g5 2 98 0.382714 0.093637 1
g5 2 80 g4 2 65 0.376435 0.188495 1
g5 2 89 g5 2 98 0.416268 0.177104 1
g5 2 78 g5 2 100 0.368823 0.207057 1
g5 2 64 g5 2 62 0.306944 0.117363 1
g5 2 68 g5 2 68 0.325117 0.118527 1
g5 2 80 g5 2 68 0.37573 0.108617 1
g5 2 66 g5 2 82 0.315669 0.144767 1
g5 2 69 g4 2 60 0.327675 0.184893 1
g5 2 83 g5 2 100 0.389203 0.161194 1
g5 2 76 g5 2 68 0.358136 0.213484 1
g5 2 73 g5 2 100 0.345489 0.169533 1
g5 2 68 g5 2 68 0.323567 0.181235 1
g5 2 73 g5 2 100 0.346695 0.164479 1
g5 2 73 g4 2 59 0.346779 0.169954 1
g5 2 75 g5 2 99 0.354875 0.132889 1
g5 2 73 g4 2 59 0.345238 0.171729 1
g5 2 75 g4 2 70 0.35359 0.208315 1
g5 2 73 g5 2 98 0.345144 0.164008 1
g5 2 80 g5 2 98 0.378268 0.126467 1
g5 2 79 g5 2 106 0.371911 0.150373 1
g5 2 76 g4 2 59 0.358707 0.143915 1
g5 2 75 g5 2 106 0.355114 0.162088 1
g5 2 77 g5 2 100 0.361823 0.212821 1
g5 2 78 g5 2 88 0.367639 0.138219 1
g5 2 73 g4 2 65 0.34559 0.188444 1
g5 2 76 g5 2 98 0.35988 0.126548 1
g5 2 71 g5 2 88 0.338243 0.124091 1
g5 2 75 g5 2 98 0.356781 0.138346 1
g5 2 76 g5 2 98 0.358893 0.14134 1
g5 2 83 g5 2 96 0.39003 0.0967958 1
g5 2 110 g5 2 100 0.508432 0.117764 1
g5 2 77 g5 2 96 0.364983 0.0859853 1
g5 2 92 g5 2 101 0.42895 0.0756882 1
g5 2 92 g5 2 96 0.434228 0.121358 1
g5 2 98 g5 2 115 0.458291 0.128895 1
g5 2 92 g5 2 115 0.431869 0.0887364 1
g5 2 91 g5 2 105 0.426696 0.0983385 1
g5 2 98 g5 2 100 0.458008 0.0920366 1
g5 2 92 g5 2 98 0.432399 0.0726742 1
g6 2 78 g6 2 74 0.364505 0.0771508 1
g6 2 75 g6 2 74 0.351736 0.0886424 1
g6 2 81 g6 2 74 0.378166 0.0836842 1
g6 2 79 g6 2 65 0.369003 0.173104 1
g6 2 67 g6 2 74 0.317759 0.0672741 1
g6 2 66 g6 2 77 0.313812 0.118315 1
g6 2 71 g6 2 74 0.334667 0.0905255 1
g6 2 73 g6 2 74 0.342614 0.124846 1
g6 2 70 g6 2 74 0.330962 0.100239 1
g6 2 61 g6 2 74 0.291959 0.0983939 1
g6 2 76 g6 2 72 0.356707 0.148163 1
g6 2 82 g6 2 179 0.382505 0.0846958 1
g6 2 80 g6 2 79 0.37417 0.063838 1
g6 2 59 g6 2 74 0.283724 0.11493 1
g6 2 70 g6 2 79 0.331529 0.159495 1
g6 2 79 g6 2 75 0.369761 0.0817193 1
g6 2 67 g6 2 74 0.317637 0.091968 1
g6 2 84 g6 2 75 0.391045 0.0825079 1
g6 2 70 g6 2 74 0.330101 0.0787895 1
g6 2 68 g6 2 74 0.321333 0.138218 1
g6 2 80 g6 2 74 0.37398 0.0904658 1
g6 2 115 g6 2 74 0.525686 0.146904 1
g6 2 74 g6 2 75 0.347972 0.0920864 1
g6 2 66 g6 2 75 0.313327 0.116224 1
g6 2 70 g6 2 74 0.331522 0.116515 1
g6 2 68 g6 2 86 0.322315 0.238972 1
g6 2 86 g6 2 74 0.399185 0.111647 1
g6 2 68 g6 2 74 0.322544 0.0831092 1
g6 2 68 g6 2 74 0.321661 0.086832 1
g6 2 56 g6 2 64 0.270396 0.0933762 1
g6 2 61 g6 2 65 0.29238 0.0761368 1
g6 2 63 g6 2 65 0.300515 0.105658 1
g6 2 99 g6 2 94 0.458809 0.363476 1
g6 2 75 g1 2 48 0.353136 0.249605 1
g6 2 61 g6 2 62 0.29186 0.0327492 1
g6 2 63 g6 2 63 0.301134 0.0631679 1
g6 2 67 g6 2 63 0.317474 0.05762 1
g6 2 64 g6 2 67 0.305432 0.0627893 1
g6 2 71 g6 2 70 0.33436 0.0710151 1
g6 2 76 g6 2 72 0.356323 0.0616743 1
g6 2 71 g6 2 86 0.3343 0.0880207 1
g7 1 73 g7 1 87 0.347947 0.276653 1
g7 1 65 g7 1 83 0.311828 0.214454 1
g7 1 71 g7 1 67 0.336684 0.282719 1
g7 1 73 g7 1 102 0.34622 0.152302 1
g7 1 78 g7 1 66 0.366482 0.281868 1
g7 1 82 g7 1 79 0.384043 0.254095 1
g7 1 66 g7 1 90 0.316839 0.298982 1
g7 1 72 g7 1 73 0.33989 0.12482 1
g7 1 52 g7 1 60 0.255088 0.216389 1
g7 1 63 g3 1 83 0.302906 0.402751 1
g7 1 67 g7 1 65 0.317895 0.216339 1
g7 1 72 g7 1 66 0.341103 0.16338 1
g7 1 69 g7 1 76 0.327036 0.217292 1
g7 1 65 g7 1 56 0.308911 0.176963 1
g7 1 56 g7 1 55 0.269874 0.216631 1
g7 1 64 g7 1 60 0.305697 0.174255 1
g7 1 63 g7 1 55 0.301358 0.159184 1
g7 1 58 g7 1 62 0.280245 0.214683 1
g7 1 60 g7 1 89 0.287644 0.287003 1
g7 1 61 g7 1 54 0.292949 0.1594 1
g7 1 61 g7 1 62 0.292892 0.197077 1
g7 1 54 g7 1 51 0.263835 0.0359672 1
g7 1 75 g1 2 31 0.352873 0.531559 0
g7 1 68 g7 1 69 0.322267 0.227489 1
g7 1 88 g7 1 54 0.408789 0.322716 1
g7 1 72 g7 1 94 0.340463 0.355573 1
g7 1 67 g2 2 44 0.317514 0.433212 0
g7 1 74 g7 1 73 0.347614 0.162263 1
g7 1 70 g1 2 31 0.331508 0.556073 0
g7 1 70 g3 1 130 0.330876 0.527538 0
g7 1 72 g7 1 69 0.338823 0.213634 1
g7 1 85 g7 1 93 0.39572 0.297133 1
g7 1 77 g7 1 88 0.360682 0.299293 1
g7 1 79 g7 1 67 0.369104 0.217543 1
g7 1 90 g7 1 66 0.41779 0.204809 1
g7 1 136 g7 1 88 0.624103 0.278841 1
g7 1 66 g7 1 75 0.314469 0.243261 1
g7 1 67 g7 1 97 0.318693 0.255342 1
g7 1 78 g7 1 97 0.367408 0.302368 1
g7 1 78 g7 1 75 0.365745 0.2283 1
g7 1 88 g7 1 79 0.412885 0.267838 1
g7 1 97 g7 1 91 0.450806 0.194214 1
g7 1 62 g7 1 67 0.297666 0.300022 1
g7 1 101 g7 1 77 0.466667 0.175852 1
g7 1 39 g7 1 67 0.200006 0.363805 1
g7 1 70 g7 1 100 0.331576 0.366107 1
g7 1 72 g7 1 66 0.341316 0.154116 1
g7 1 71 g7 1 60 0.336358 0.27246 1
g7 1 72 g7 1 73 0.340255 0.167207 1
g7 1 96 g7 1 79 0.446806 0.237336 1
g7 1 63 g7 1 57 0.302175 0.30922 1
g7 1 66 g7 1 65 0.313845 0.258674 1
g7 1 84 g7 1 89 0.392514 0.162882 1
g7 1 119 g7 1 91 0.550692 0.298131 1
g7 1 110 g7 1 103 0.509389 0.245886 1
g7 1 105 g7 1 72 0.485789 0.384203 1
g7 1 104 g7 1 103 0.483967 0.223071 1
g7 1 91 g7 1 71 0.422043 0.238848 1
g7 1 99 g7 1 94 0.459407 0.159645 1
g7 1 83 g7 1 93 0.388598 0.211323 1
g7 1 92 g7 1 94 0.429511 0.157543 1
g7 1 88 g7 1 91 0.411094 0.186894 1
g7 1 93 g7 1 94 0.434581 0.166753 1
