g1 2 44 g6 2 60 0.215133 0.160914 0
g1 2 42 g6 2 64 0.207412 0.172727 0
g1 2 50 g6 2 48 0.23985 0.125289 0
g1 2 100 g1 2 43 0.448913 0.129417 0
g1 2 61 g2 2 30 0.287805 0.183151 0
g1 2 54 g1 2 46 0.257583 0.142534 0
g1 2 58 g1 2 46 0.273275 0.113158 0
g1 2 35 g1 2 50 0.18002 0.0970448 0
g1 2 44 g1 2 40 0.215394 0.122193 0
g1 2 52 g1 2 46 0.247643 0.153201 0
g1 2 37 g1 2 40 0.188559 0.117398 0
g1 2 48 g1 2 40 0.233962 0.0942005 0
g1 2 46 g1 2 46 0.223513 0.0653767 0
g1 2 45 g1 2 44 0.219036 0.0742529 0
g1 2 51 g1 2 46 0.244568 0.0742867 0
g1 2 109 g6 2 71 0.487501 0.199637 0
g1 2 47 g1 2 40 0.227654 0.0893916 0
g1 2 69 g6 2 68 0.31821 0.192761 0
g1 2 35 g6 2 69 0.179732 0.134836 0
g1 2 44 g6 2 64 0.215409 0.180735 0
g1 2 37 g6 2 49 0.187711 0.127242 0
g1 2 52 g6 2 55 0.247735 0.15502 0
g1 2 40 g2 2 45 0.201057 0.175992 0
g1 2 43 g1 2 36 0.210895 0.0701902 0
g1 2 41 g1 2 36 0.20341 0.0729246 0
g1 2 59 g1 2 54 0.277296 0.125942 0
g1 2 56 g1 2 47 0.263687 0.139616 0
g1 2 73 g1 2 47 0.334971 0.242762 0
g1 2 53 g1 2 43 0.251955 0.194021 0
g1 2 54 g1 2 69 0.256146 0.100994 0
g1 2 41 g1 2 46 0.203977 0.0782365 0
g1 2 42 g1 2 43 0.207162 0.156364 0
g1 2 33 g1 2 48 0.172361 0.0612619 0
g1 2 51 g1 2 52 0.242724 0.197634 0
g1 2 41 g1 2 54 0.203708 0.226619 0
g1 2 44 g1 2 43 0.215483 0.145674 0
g1 2 55 g1 2 43 0.259485 0.154799 0
g1 2 44 g1 2 43 0.216182 0.14882 0
g1 2 39 g1 2 41 0.195024 0.156408 0
g1 2 41 g1 2 43 0.20383 0.113863 0
g1 2 47 g1 2 48 0.228016 0.148519 0
g1 2 51 g1 2 52 0.243606 0.204624 0
g1 2 42 g1 2 43 0.207253 0.206752 0
g1 2 44 g1 2 43 0.215308 0.166897 0
g1 2 51 g1 2 43 0.249626 0.152267 0
g1 2 38 g1 2 52 0.191359 0.225632 0
g1 2 48 g6 2 67 0.231485 0.191866 0
g1 2 51 g6 2 63 0.242952 0.186925 0
g1 2 39 g6 2 70 0.19607 0.163582 0
g1 2 50 g6 2 64 0.240013 0.123351 0
g1 2 70 g2 2 30 0.322777 0.211961 0
g1 2 46 g6 2 48 0.223934 0.140177 0
g1 2 62 g2 2 30 0.290426 0.158839 0
g1 2 40 g1 2 30 0.199839 0.104996 0
g1 2 36 g1 2 32 0.183173 0.0552752 0
g1 2 27 g1 2 30 0.145364 0.0717766 0
g1 2 27 g1 2 27 0.144473 0.0584145 0
g1 2 29 g1 2 30 0.152603 0.0570191 0
g1 2 29 g1 2 29 0.153305 0.0497548 1
g1 2 34 g1 2 32 0.175812 0.0552609 0
g1 2 27 g1 2 27 0.144521 0.0585002 0
g2 2 26 g2 2 24 0.140823 0.080774 0
g2 2 26 g2 2 24 0.140643 0.0829627 0
g2 2 29 g2 2 30 0.152407 0.150494 0
g2 2 24 g2 2 24 0.132911 0.147788 0
g2 2 25 g2 2 24 0.136791 0.131777 0
g2 2 21 g2 2 30 0.119996 0.144918 0
g2 2 24 g2 2 24 0.132858 0.121557 0
g2 2 25 g2 2 24 0.137023 0.0897749 0
g2 2 26 g2 2 24 0.140336 0.147597 0
g2 2 53 g2 2 48 0.252257 0.12162 0
g2 2 27 g2 2 24 0.145659 0.0821964 0
g2 2 26 g2 2 24 0.140495 0.0848221 0
g2 2 26 g2 2 24 0.140979 0.105094 0
g2 2 27 g2 2 24 0.144623 0.108519 0
g2 2 28 g2 2 24 0.149528 0.168705 0
g2 2 25 g2 2 24 0.137081 0.128441 0
g2 2 19 g2 2 30 0.113035 0.230905 0
g2 2 25 g2 2 24 0.136852 0.0748435 0
g2 2 27 g2 2 24 0.144771 0.0862481 0
g2 2 25 g2 2 24 0.137157 0.132325 0
g2 2 28 g2 2 24 0.148746 0.127187 0
g2 2 28 g2 2 24 0.148771 0.202375 0
g2 2 24 g2 2 24 0.133172 0.140708 0
g2 2 29 g2 2 24 0.15242 0.0773327 0
g2 2 31 g2 2 30 0.160941 0.157309 0
g2 2 26 g2 2 24 0.140473 0.142029 0
g2 2 25 g2 2 30 0.136539 0.218193 0
g2 2 28 g2 2 24 0.148524 0.144577 0
g2 2 32 g2 2 24 0.165665 0.120105 0
g2 2 57 g2 2 51 0.269291 0.113447 0
g2 2 52 g1 2 29 0.248804 0.207128 0
g2 2 53 g2 2 48 0.254221 0.113228 0
g2 2 46 g1 2 41 0.224873 0.255285 0
g2 2 36 g2 2 40 0.184232 0.0945646 0
g2 2 40 g2 2 37 0.199972 0.0997305 0
g2 2 62 g2 2 51 0.290199 0.105391 0
g2 2 41 g2 2 37 0.204149 0.0860249 0
g2 2 35 g2 2 42 0.180044 0.0785681 0
g2 2 34 g2 2 37 0.175909 0.0735559 0
g2 2 37 g2 2 42 0.188193 0.0676064 0
g2 2 37 g2 2 37 0.187677 0.0543996 0
g2 2 39 g2 2 37 0.195884 0.0563116 0
g2 2 37 g2 2 37 0.187695 0.0944887 0
g2 2 39 g2 2 37 0.19559 0.0661056 0
g2 2 40 g2 2 42 0.201426 0.0699725 0
g2 2 45 g2 2 42 0.219288 0.125056 0
g2 2 29 g2 2 40 0.153664 0.117702 0
g2 2 40 g2 2 37 0.199853 0.0587943 0
g2 2 82 g2 2 51 0.377277 0.159875 0
g2 2 39 g2 2 40 0.195563 0.0776896 0
g2 2 50 g2 2 42 0.239705 0.0686868 0
g2 2 50 g1 2 48 0.23891 0.208267 0
g2 2 38 g2 2 37 0.192022 0.097143 0
g2 2 35 g2 2 42 0.180743 0.0715669 0
g2 2 43 g1 2 62 0.211516 0.112596 0
g2 2 39 g2 2 42 0.195973 0.0883543 0
g2 2 47 g1 2 50 0.227732 0.190312 0
g2 2 44 g2 2 51 0.215805 0.108911 0
g2 2 38 g2 2 54 0.191956 0.10608 0
g2 2 54 g2 2 51 0.256473 0.109573 0
g2 2 33 g2 2 37 0.172602 0.083846 0
g2 2 38 g1 2 55 0.192795 0.278588 0
g2 2 56 g2 2 46 0.264095 0.160661 0
g2 2 27 g2 2 24 0.145111 0.129458 0
g2 2 24 g2 2 24 0.132657 0.118578 0
g2 2 26 g2 2 24 0.140626 0.0644475 0
g3 1 69 g3 1 72 0.320085 0.316273 0
g3 1 66 g3 1 82 0.307177 0.190213 0
g3 1 93 g3 1 79 0.421635 0.296692 0
g3 1 100 g3 1 71 0.450978 0.236355 0
g3 1 105 g1 2 55 0.47479 0.423074 0
g3 1 94 g3 1 71 0.427575 0.254154 0
g3 1 89 g3 1 70 0.406073 0.276936 0
g3 1 91 g3 1 80 0.414652 0.273393 0
g3 1 84 g3 1 85 0.384158 0.278647 0
g3 1 85 g3 1 90 0.386847 0.283675 0
g3 1 86 g3 1 104 0.391976 0.250977 0
g3 1 90 g3 1 79 0.409684 0.20536 0
g3 1 90 g3 1 84 0.409514 0.23957 0
g3 1 90 g3 1 125 0.41216 0.213121 0
g3 1 88 g3 1 76 0.399121 0.475727 0
g3 1 84 g3 1 72 0.385117 0.242721 0
g3 1 78 g3 1 79 0.362715 0.195477 0
g3 1 111 g1 2 47 0.508385 0.354061 0
g3 1 93 g3 1 80 0.425207 0.243617 0
g3 1 93 g3 1 83 0.425732 0.208777 0
g3 1 97 g3 1 89 0.441875 0.214353 0
g3 1 91 g3 1 112 0.415241 0.215496 0
g3 1 90 g3 1 80 0.410741 0.237226 0
g3 1 83 g3 1 71 0.380441 0.250708 0
g3 1 89 g3 1 79 0.40937 0.300822 0
g3 1 86 g3 1 75 0.390559 0.281679 0
g3 1 97 g3 1 110 0.43807 0.295255 0
g3 1 130 g3 1 82 0.581728 0.284261 0
g3 1 112 g3 1 87 0.50575 0.287481 0
g3 1 95 g3 1 78 0.429973 0.19328 0
g3 1 109 g3 1 118 0.491249 0.217483 0
g3 1 102 g3 1 80 0.459761 0.268437 0
g3 1 95 g3 1 76 0.430465 0.211657 0
g3 1 98 g3 1 83 0.444459 0.232041 0
g3 1 99 g3 1 89 0.449204 0.239975 0
g3 1 96 g3 1 81 0.436799 0.262869 0
g3 1 100 g7 1 75 0.453726 0.43396 0
g3 1 113 g3 1 138 0.50728 0.259061 0
g3 1 118 g3 1 138 0.531845 0.252984 0
g3 1 90 g3 1 82 0.406863 0.368885 0
g3 1 74 g3 1 66 0.339724 0.834601 0
g3 1 95 g3 1 83 0.432676 0.274813 0
g3 1 83 g3 1 77 0.379067 0.211947 0
g3 1 75 g3 1 78 0.344595 0.188616 0
g3 1 79 g3 1 79 0.360186 0.209933 0
g3 1 84 g3 1 89 0.38101 0.288825 0
g3 1 75 g3 1 75 0.343844 0.323432 0
g3 1 83 g3 1 82 0.377595 0.167859 0
g3 1 77 g3 1 72 0.353012 0.214258 0
g3 1 76 g3 1 89 0.349714 0.294233 0
g3 1 82 g3 1 89 0.373598 0.248577 0
g4 2 69 g4 2 57 0.318068 0.191123 0
g4 2 69 g4 2 80 0.318599 0.0660167 0
g4 2 84 g4 2 85 0.382086 0.161414 0
g4 2 83 g4 2 80 0.378247 0.161243 0
g4 2 78 g4 2 88 0.356172 0.117795 0
g4 2 79 g4 2 97 0.361843 0.13937 0
g4 2 98 g3 1 87 0.443449 0.254056 0
g4 2 79 g4 2 80 0.360759 0.157149 0
g4 2 93 g4 2 92 0.421225 0.149584 0
g4 2 91 g4 2 93 0.411764 0.163987 0
g4 2 87 g4 2 88 0.394898 0.135221 0
g4 2 92 g4 2 97 0.41915 0.111199 0
g4 2 100 g4 2 99 0.45194 0.0772027 0
g4 2 87 g4 2 53 0.395634 0.0994266 0
g4 2 55 g4 2 65 0.259893 0.116808 0
g4 2 58 g4 2 55 0.27244 0.0715552 0
g4 2 55 g4 2 53 0.259857 0.0751592 0
g4 2 61 g4 2 64 0.285313 0.142849 0
g4 2 57 g4 2 62 0.268198 0.0996441 0
g4 2 63 g4 2 64 0.293584 0.105019 0
g4 2 65 g4 2 76 0.301809 0.0836168 0
g4 2 67 g4 2 76 0.309722 0.0981991 0
g4 2 75 g4 2 93 0.342889 0.148781 0
g4 2 55 g4 2 60 0.259002 0.103583 0
g4 2 70 g4 2 65 0.323939 0.0884289 0
g4 2 70 g4 2 70 0.322177 0.0475186 0
g4 2 78 g4 2 68 0.355421 0.0850483 0
g4 2 77 g4 2 81 0.352084 0.108874 0
g4 2 90 g4 2 60 0.405693 0.0948221 0
g4 2 88 g4 2 64 0.398252 0.103041 0
g4 2 57 g4 2 70 0.268132 0.0813742 0
g4 2 57 g4 2 61 0.268912 0.0911389 0
g4 2 61 g4 2 64 0.285818 0.0745925 0
g4 2 64 g4 2 64 0.297867 0.125211 0
g4 2 85 g4 2 64 0.386307 0.0978542 0
g4 2 80 g4 2 64 0.365179 0.184858 0
g4 2 87 g4 2 77 0.395217 0.144483 0
g4 2 62 g4 2 60 0.289108 0.0668608 0
g4 2 86 g4 2 77 0.390243 0.0981559 0
g4 2 98 g4 2 77 0.441669 0.10866 0
g4 2 78 g4 2 80 0.356294 0.0673156 0
g4 2 86 g4 2 60 0.390901 0.0945725 0
g5 2 82 g5 2 92 0.376821 0.0888844 0
g5 2 85 g5 2 83 0.387151 0.0766654 0
g5 2 83 g5 2 99 0.382557 0.104034 0
g5 2 80 g5 2 99 0.369017 0.115317 0
g5 2 67 g5 2 96 0.312454 0.158796 0
g5 2 79 g5 2 96 0.365647 0.0914223 0
g5 2 78 g4 2 63 0.357465 0.186761 0
g5 2 87 g5 2 96 0.397772 0.173141 0
g5 2 76 g5 2 98 0.350299 0.205094 0
g5 2 62 g5 2 60 0.290357 0.115852 0
g5 2 66 g5 2 66 0.308077 0.116191 0
g5 2 78 g5 2 66 0.357744 0.107979 0
g5 2 64 g5 2 80 0.299023 0.141213 0
g5 2 67 g4 2 58 0.310585 0.184074 0
g5 2 81 g5 2 98 0.371356 0.160284 0
g5 2 74 g5 2 66 0.339911 0.202666 0
g5 2 71 g5 2 98 0.328714 0.170467 0
g5 2 66 g5 2 66 0.308067 0.177696 0
g5 2 71 g5 2 98 0.32894 0.163221 0
g5 2 71 g4 2 57 0.32771 0.167461 0
g5 2 73 g5 2 97 0.337188 0.132334 0
g5 2 71 g5 2 63 0.327191 0.154023 0
g5 2 73 g4 2 68 0.33652 0.206301 0
g5 2 71 g5 2 96 0.329006 0.164192 0
g5 2 78 g5 2 96 0.359776 0.126072 0
g5 2 77 g5 2 104 0.354738 0.149785 0
g5 2 74 g4 2 57 0.342513 0.14223 0
g5 2 73 g5 2 104 0.336846 0.163228 0
g5 2 75 g5 2 98 0.345647 0.211005 0
g5 2 76 g5 2 86 0.351067 0.135157 0
g5 2 71 g4 2 63 0.328691 0.186927 0
g5 2 74 g5 2 96 0.341748 0.126245 0
g5 2 69 g5 2 94 0.3216 0.133138 0
g5 2 73 g5 2 96 0.33912 0.133423 0
g5 2 74 g5 2 96 0.341451 0.142666 0
g5 2 81 g5 2 94 0.37265 0.0961288 0
g5 2 108 g5 2 98 0.486232 0.116844 0
g5 2 75 g5 2 94 0.347474 0.08502 0
g5 2 90 g5 2 99 0.408401 0.0742962 0
g5 2 90 g5 2 94 0.412656 0.118403 0
g5 2 96 g5 2 113 0.438646 0.126379 0
g5 2 90 g5 2 113 0.4119 0.0856127 0
g5 2 89 g5 2 103 0.408212 0.0963033 0
g5 2 96 g5 2 98 0.438476 0.089658 0
g5 2 90 g5 2 96 0.412277 0.0717028 0
g6 2 76 g6 2 72 0.346846 0.0771459 0
g6 2 73 g6 2 72 0.334226 0.0880276 0
g6 2 79 g6 2 72 0.359839 0.0822419 0
g6 2 77 g6 2 63 0.351157 0.168577 0
g6 2 65 g6 2 72 0.301323 0.0669014 0
g6 2 64 g6 2 75 0.298533 0.114614 0
g6 2 69 g6 2 72 0.318756 0.0890006 0
g6 2 71 g6 2 72 0.326381 0.123143 0
g6 2 68 g6 2 72 0.31371 0.0985805 0
g6 2 59 g6 2 72 0.276756 0.0973569 0
g6 2 74 g6 2 70 0.338995 0.143305 0
g6 2 80 g6 2 177 0.366617 0.0852704 0
g6 2 78 g6 2 77 0.356263 0.0643359 0
g6 2 57 g6 2 72 0.268566 0.116345 0
g6 2 68 g6 2 77 0.314471 0.158649 0
g6 2 77 g6 2 73 0.352679 0.0807775 0
g6 2 65 g6 2 72 0.301772 0.0915207 0
g6 2 82 g6 2 73 0.372748 0.0823714 0
g6 2 68 g6 2 72 0.313485 0.0777317 0
g6 2 66 g6 2 72 0.305513 0.137876 0
g6 2 78 g6 2 72 0.355703 0.0898468 0
g6 2 113 g6 2 72 0.502066 0.147326 0
g6 2 72 g6 2 73 0.330708 0.0916119 0
g6 2 64 g6 2 69 0.297988 0.111254 0
g6 2 68 g6 2 72 0.314071 0.116217 0
g6 2 66 g6 2 84 0.306129 0.235259 0
g6 2 84 g6 2 72 0.381328 0.11065 0
g6 2 66 g6 2 72 0.306734 0.0817849 0
g6 2 66 g6 2 72 0.305377 0.0878122 0
g6 2 54 g6 2 62 0.256391 0.0951049 0
g6 2 59 g6 2 63 0.276734 0.0737205 0
g6 2 61 g6 2 63 0.285138 0.101849 0
g6 2 97 g6 2 92 0.438744 0.361166 0
g6 2 73 g1 2 54 0.335356 0.242303 0
g6 2 59 g6 2 60 0.277217 0.0325585 1
g6 2 61 g6 2 66 0.284532 0.0781043 0
g6 2 65 g6 2 61 0.301908 0.0581284 0
g6 2 62 g6 2 65 0.288852 0.0600247 0
g6 2 69 g6 2 68 0.318073 0.0699748 0
g6 2 74 g6 2 70 0.338287 0.0584366 0
g6 2 69 g6 2 84 0.318626 0.0875334 0
g7 1 71 g7 1 85 0.328997 0.27168 0
g7 1 63 g7 1 81 0.29588 0.212809 0
g7 1 69 g7 1 73 0.320286 0.308133 0
g7 1 71 g7 1 100 0.32935 0.149006 0
g7 1 76 g7 1 64 0.352793 0.278388 0
g7 1 80 g7 1 77 0.369677 0.250562 0
g7 1 64 g7 1 78 0.299739 0.263044 0
g7 1 70 g7 1 71 0.324512 0.12257 0
g7 1 50 g7 1 58 0.23997 0.217144 0
g7 1 61 g3 1 81 0.286738 0.38893 0
g7 1 65 g7 1 63 0.301738 0.214304 0
g7 1 70 g7 1 64 0.32269 0.160001 0
g7 1 67 g7 1 74 0.309612 0.212843 0
g7 1 63 g7 1 54 0.294178 0.169549 0
g7 1 54 g7 1 53 0.256489 0.213141 0
g7 1 62 g7 1 58 0.28917 0.169683 0
g7 1 61 g7 1 53 0.285318 0.152039 0
g7 1 56 g7 1 60 0.263982 0.210975 0
g7 1 58 g7 1 87 0.272889 0.284984 0
g7 1 59 g7 1 52 0.276954 0.157445 0
g7 1 59 g7 1 60 0.276516 0.193492 0
g7 1 52 g7 1 49 0.250524 0.0354893 1
g7 1 73 g1 2 29 0.335052 0.506446 0
g7 1 66 g7 1 67 0.306393 0.225156 0
g7 1 86 g7 1 52 0.389799 0.317661 0
g7 1 70 g7 1 92 0.322941 0.347275 0
g7 1 65 g2 2 42 0.301933 0.414207 0
g7 1 72 g7 1 71 0.330836 0.161306 0
g7 1 68 g1 2 29 0.31428 0.529818 0
g7 1 68 g3 1 128 0.314296 0.522324 0
g7 1 70 g7 1 67 0.32229 0.215648 0
g7 1 83 g7 1 91 0.376934 0.294133 0
g7 1 75 g7 1 86 0.34375 0.294575 0
g7 1 77 g7 1 65 0.353022 0.213428 0
g7 1 88 g7 1 64 0.399075 0.204561 0
g7 1 134 g7 1 86 0.599712 0.276689 0
g7 1 64 g7 1 73 0.29816 0.24136 0
g7 1 65 g7 1 95 0.302646 0.247475 0
g7 1 76 g7 1 81 0.350586 0.260509 0
g7 1 76 g7 1 73 0.348347 0.23138 0
g7 1 86 g7 1 77 0.392555 0.257496 0
g7 1 95 g7 1 89 0.430745 0.189599 0
g7 1 60 g7 1 63 0.281865 0.262553 0
g7 1 99 g7 1 75 0.448346 0.172561 0
g7 1 37 g7 1 71 0.18752 0.356486 0
g7 1 68 g7 1 98 0.315179 0.358518 0
g7 1 70 g7 1 64 0.324205 0.151632 0
g7 1 69 g7 1 58 0.319672 0.27366 0
g7 1 70 g7 1 71 0.323959 0.163192 0
g7 1 94 g7 1 77 0.425569 0.234385 0
g7 1 61 g7 1 55 0.287135 0.305223 0
g7 1 64 g7 1 63 0.29801 0.253362 0
g7 1 82 g7 1 87 0.3749 0.161789 0
g7 1 117 g7 1 88 0.528813 0.307909 0
g7 1 108 g7 1 101 0.487619 0.245434 0
g7 1 103 g7 1 70 0.465941 0.375397 0
g7 1 102 g7 1 101 0.46194 0.222327 0
g7 1 89 g7 1 69 0.40476 0.232672 0
g7 1 97 g7 1 92 0.439578 0.157676 0
g7 1 81 g7 1 91 0.371148 0.204566 0
g7 1 90 g7 1 92 0.40996 0.152347 0
g7 1 86 g7 1 89 0.390837 0.186012 0
g7 1 91 g7 1 92 0.41488 0.167741 0
