g1 2 22 g6 2 30 0.065926 0.169768 1
g1 2 21 g6 2 32 0.064232 0.182766 1
g1 2 25 g6 2 23 0.072555 0.142628 1
g1 2 40 g1 2 22 0.114327 0.122917 1
g1 2 31 g2 2 15 0.086233 0.192795 1
g1 2 27 g1 2 23 0.076425 0.153719 1
g1 2 29 g1 2 26 0.081124 0.127131 1
g1 2 18 g1 2 25 0.058069 0.11378 1
g1 2 22 g1 2 25 0.06604 0.13298 1
g1 2 26 g1 2 23 0.074473 0.159024 1
g1 2 19 g1 2 20 0.060095 0.140108 1
g1 2 24 g1 2 20 0.070404 0.1084 1
g1 2 23 g1 2 23 0.069053 0.0709912 1
g1 2 23 g1 2 23 0.068292 0.124063 1
g1 2 26 g1 2 26 0.074452 0.0804248 1
g1 2 52 g6 2 36 0.125626 0.200435 1
g1 2 24 g1 2 20 0.071405 0.0998263 1
g1 2 35 g6 2 34 0.098546 0.203915 1
g1 2 18 g6 2 29 0.057851 0.130181 1
g1 2 22 g6 2 32 0.066347 0.189666 1
g1 2 19 g6 2 30 0.05984 0.141693 1
g1 2 26 g6 2 28 0.074364 0.162342 1
g1 2 20 g2 2 15 0.062193 0.191332 1
g1 2 22 g1 2 17 0.065893 0.0826369 1
g1 2 21 g1 2 18 0.064113 0.0905276 1
g1 2 30 g1 2 27 0.083236 0.133558 1
g1 2 28 g1 2 24 0.078334 0.151798 1
g1 2 37 g1 2 24 0.099718 0.252167 1
g1 2 27 g1 2 22 0.076445 0.202364 1
g1 2 27 g1 2 35 0.077229 0.106825 1
g1 2 21 g1 2 23 0.063971 0.0890126 1
g1 2 21 g1 2 22 0.063896 0.16291 1
g1 2 17 g1 2 24 0.056156 0.0803424 1
g1 2 26 g1 2 23 0.074102 0.224511 1
g1 2 21 g1 2 27 0.064234 0.239584 1
g1 2 22 g1 2 22 0.066171 0.156561 1
g1 2 28 g1 2 22 0.078841 0.164012 1
g1 2 22 g1 2 22 0.06579 0.158704 1
g1 2 20 g1 2 21 0.062274 0.163986 1
g1 2 21 g1 2 22 0.063814 0.127 1
g1 2 24 g1 2 24 0.070137 0.157281 1
g1 2 26 g1 2 26 0.074548 0.208272 1
g1 2 21 g1 2 23 0.064653 0.184014 1
g1 2 22 g1 2 22 0.066173 0.171721 1
g1 2 26 g1 2 22 0.074918 0.166915 1
g1 2 19 g1 2 26 0.06008 0.235 1
g1 2 24 g6 2 34 0.070286 0.18875 1
g1 2 26 g6 2 32 0.074403 0.197104 1
g1 2 20 g6 2 35 0.061934 0.172626 1
g1 2 25 g6 2 37 0.072479 0.129048 1
g1 2 35 g2 2 15 0.09617 0.221742 1
g1 2 23 g6 2 23 0.068357 0.151302 1
g1 2 31 g2 2 15 0.085791 0.17079 1
g1 2 20 g1 2 16 0.062062 0.074766 1
g1 2 18 g1 2 16 0.05765 0.0666175 1
g1 2 14 g1 2 16 0.049876 0.097091 1
g1 2 14 g1 2 14 0.050389 0.0732514 1
g1 2 15 g1 2 15 0.052246 0.0769861 1
g1 2 15 g1 2 15 0.052091 0.0601426 1
g1 2 17 g1 2 16 0.055602 0.0660645 1
g1 2 14 g1 2 15 0.050704 0.111548 1
g2 2 13 g2 2 12 0.0486 0.104895 1
g2 2 13 g2 2 12 0.048684 0.100152 1
g2 2 15 g2 2 15 0.051861 0.181384 1
g2 2 12 g2 2 12 0.046077 0.149102 1
g2 2 13 g2 2 12 0.04857 0.151942 1
g2 2 11 g2 2 15 0.043426 0.165786 1
g2 2 12 g2 2 12 0.045811 0.125499 1
g2 2 13 g2 2 12 0.048647 0.10506 1
g2 2 13 g2 2 12 0.048653 0.16345 1
g2 2 27 g2 2 24 0.077249 0.131999 1
g2 2 14 g2 2 12 0.050727 0.107382 1
g2 2 13 g2 2 12 0.048493 0.106109 1
g2 2 13 g2 2 12 0.049276 0.120002 1
g2 2 14 g2 2 12 0.050256 0.127057 1
g2 2 14 g2 2 12 0.050235 0.180586 1
g2 2 13 g2 2 12 0.048818 0.142003 1
g2 2 10 g2 2 15 0.041775 0.257722 1
g2 2 13 g2 2 12 0.048389 0.0980197 1
g2 2 14 g2 2 12 0.050848 0.105194 1
g2 2 13 g2 2 12 0.048668 0.161468 1
g2 2 14 g2 2 12 0.050289 0.143054 1
g2 2 14 g2 2 12 0.050177 0.214652 1
g2 2 12 g2 2 12 0.046247 0.142436 1
g2 2 15 g2 2 12 0.052187 0.101405 1
g2 2 16 g2 2 15 0.053982 0.171857 1
g2 2 13 g2 2 12 0.048437 0.160181 1
g2 2 13 g2 2 15 0.048001 0.242999 1
g2 2 14 g2 2 12 0.049992 0.163168 1
g2 2 16 g2 2 12 0.054261 0.134649 1
g2 2 29 g2 2 26 0.081976 0.119545 1
g2 2 26 g2 2 25 0.075289 0.152066 1
g2 2 27 g2 2 24 0.077213 0.135915 1
g2 2 23 g1 2 21 0.068742 0.27101 1
g2 2 18 g2 2 20 0.058427 0.108109 1
g2 2 20 g2 2 19 0.06242 0.111781 1
g2 2 30 g2 2 27 0.085851 0.124809 1
g2 2 21 g2 2 22 0.064362 0.0915402 1
g2 2 18 g2 2 21 0.058128 0.09341 1
g2 2 17 g2 2 19 0.056089 0.0936848 1
g2 2 19 g2 2 19 0.058841 0.0877324 1
g2 2 18 g2 2 19 0.060131 0.0914348 1
g2 2 19 g2 2 19 0.059955 0.0712885 1
g2 2 17 g2 2 19 0.057641 0.114198 1
g2 2 20 g2 2 19 0.062185 0.073588 1
g2 2 20 g2 2 19 0.063111 0.0967156 1
g2 2 23 g2 2 21 0.068211 0.144163 1
g2 2 15 g2 2 20 0.052441 0.130696 1
g2 2 20 g2 2 19 0.062232 0.0832217 1
g2 2 40 g2 2 26 0.108075 0.163425 1
g2 2 20 g2 2 20 0.061926 0.0960384 1
g2 2 25 g2 2 21 0.072353 0.0813563 1
g2 2 25 g1 2 29 0.073075 0.220425 1
g2 2 19 g2 2 19 0.060046 0.112486 1
g2 2 17 g2 2 21 0.058217 0.097333 1
g2 2 22 g1 2 31 0.065646 0.122122 1
g2 2 20 g2 2 21 0.062162 0.107351 1
g2 2 24 g1 2 25 0.070121 0.197976 1
g2 2 22 g2 2 26 0.066379 0.120047 1
g2 2 19 g2 2 27 0.060999 0.119208 1
g2 2 27 g2 2 26 0.077155 0.118647 1
g2 2 17 g2 2 19 0.056204 0.100057 1
g2 2 19 g1 2 28 0.060311 0.292518 1
g2 2 28 g2 2 23 0.078847 0.166886 1
g2 2 14 g2 2 12 0.051098 0.14921 1
g2 2 12 g2 2 12 0.046081 0.119037 1
g2 2 13 g2 2 12 0.048774 0.0842657 1
g3 1 34 g3 1 44 0.095544 0.317284 1
g3 1 33 g3 1 46 0.093531 0.219336 1
g3 1 47 g3 1 40 0.123604 0.300735 1
g3 1 50 g3 1 38 0.131704 0.292126 1
g3 1 53 g1 2 28 0.139184 0.394027 0
g3 1 47 g3 1 35 0.130948 0.254261 1
g3 1 45 g3 1 35 0.119483 0.283474 1
g3 1 45 g3 1 39 0.121096 0.271269 1
g3 1 42 g3 1 62 0.112711 0.270819 1
g3 1 41 g3 1 44 0.112828 0.289394 1
g3 1 42 g3 1 55 0.113116 0.278039 1
g3 1 45 g3 1 46 0.118932 0.244614 1
g3 1 44 g3 1 41 0.116543 0.235877 1
g3 1 45 g3 1 58 0.125889 0.252537 1
g3 1 42 g3 1 38 0.121496 0.493665 0
g3 1 42 g3 1 40 0.123861 0.203043 1
g3 1 39 g3 1 40 0.111091 0.203044 1
g3 1 54 g1 2 24 0.143708 0.362888 0
g3 1 46 g3 1 39 0.121282 0.241867 1
g3 1 46 g3 1 40 0.122432 0.209648 1
g3 1 48 g3 1 45 0.126934 0.216754 1
g3 1 46 g3 1 55 0.123793 0.223339 1
g3 1 44 g3 1 39 0.117443 0.239907 1
g3 1 41 g3 1 35 0.11172 0.247535 1
g3 1 45 g3 1 40 0.119758 0.311268 0
g3 1 42 g3 1 36 0.112059 0.292783 0
g3 1 48 g3 1 55 0.127976 0.300204 1
g3 1 64 g3 1 40 0.163215 0.285783 1
g3 1 56 g3 1 36 0.14595 0.289882 1
g3 1 48 g3 1 37 0.125574 0.198829 1
g3 1 55 g3 1 58 0.142638 0.224211 1
g3 1 51 g3 1 39 0.133515 0.271578 1
g3 1 47 g3 1 38 0.124082 0.215558 1
g3 1 49 g3 1 40 0.13013 0.234342 1
g3 1 50 g3 1 45 0.129589 0.252466 1
g3 1 48 g3 1 57 0.126109 0.27381 1
g3 1 49 g3 1 30 0.130718 0.323088 1
g3 1 57 g3 1 67 0.14542 0.266969 1
g3 1 59 g3 1 67 0.149471 0.253434 1
g3 1 44 g3 1 41 0.118054 0.369473 0
g3 1 26 g3 1 45 0.087582 0.815193 0
g3 1 47 g3 1 42 0.125747 0.286109 1
g3 1 40 g3 1 37 0.109265 0.220951 1
g3 1 38 g3 1 39 0.102226 0.198995 1
g3 1 40 g3 1 40 0.105978 0.222099 1
g3 1 42 g3 1 45 0.113392 0.299045 0
g3 1 37 g3 1 36 0.10109 0.333865 0
g3 1 41 g3 1 40 0.111411 0.166086 1
g3 1 38 g3 1 35 0.104367 0.213044 1
g3 1 37 g3 1 45 0.102224 0.298428 0
g3 1 41 g3 1 45 0.110213 0.255173 1
g4 2 35 g4 2 29 0.096118 0.200981 1
g4 2 35 g4 2 40 0.09584 0.074868 1
g4 2 42 g4 2 43 0.111947 0.165537 1
g4 2 42 g4 2 40 0.112287 0.165293 1
g4 2 39 g4 2 44 0.104912 0.123519 1
g4 2 40 g4 2 49 0.107822 0.144795 1
g4 2 48 g3 1 42 0.127304 0.263518 1
g4 2 40 g4 2 40 0.107776 0.163291 1
g4 2 47 g4 2 46 0.124414 0.155578 1
g4 2 45 g4 2 47 0.119604 0.164294 1
g4 2 44 g4 2 44 0.116419 0.139688 1
g4 2 46 g4 2 49 0.121532 0.115756 1
g4 2 50 g4 2 49 0.14121 0.0830325 1
g4 2 43 g4 2 29 0.114269 0.121298 1
g4 2 28 g4 2 31 0.078155 0.135106 1
g4 2 29 g4 2 28 0.081682 0.0741795 1
g4 2 28 g4 2 27 0.078544 0.0812595 1
g4 2 31 g4 2 32 0.085526 0.148538 1
g4 2 29 g4 2 31 0.080566 0.10039 1
g4 2 32 g4 2 32 0.088848 0.113248 1
g4 2 33 g4 2 38 0.092418 0.0895119 1
g4 2 34 g4 2 30 0.093762 0.105078 1
g4 2 38 g4 2 46 0.102246 0.154445 1
g4 2 28 g4 2 30 0.078899 0.111214 1
g4 2 35 g4 2 33 0.096764 0.0928454 1
g4 2 35 g4 2 35 0.096155 0.054118 1
g4 2 39 g4 2 34 0.104902 0.0895005 1
g4 2 39 g4 2 41 0.10498 0.110703 1
g4 2 44 g4 2 30 0.115798 0.100345 1
g4 2 44 g4 2 32 0.116102 0.109677 1
g4 2 29 g4 2 35 0.081036 0.0896642 1
g4 2 29 g4 2 31 0.081097 0.0966102 1
g4 2 31 g4 2 32 0.086588 0.0844094 1
g4 2 32 g4 2 32 0.08813 0.129553 1
g4 2 43 g4 2 32 0.113873 0.104682 1
g4 2 40 g4 2 32 0.10727 0.189227 1
g4 2 44 g4 2 39 0.116625 0.150614 1
g4 2 31 g4 2 30 0.085965 0.0719758 1
g4 2 43 g4 2 39 0.114142 0.100572 1
g4 2 48 g4 2 39 0.1262 0.11545 1
g4 2 39 g4 2 40 0.105455 0.0739062 1
g4 2 43 g4 2 30 0.113668 0.099075 1
g5 2 41 g5 2 48 0.111697 0.0936454 1
g5 2 43 g5 2 42 0.114828 0.0802734 1
g5 2 42 g5 2 50 0.113312 0.110121 1
g5 2 40 g5 2 50 0.108263 0.126498 1
g5 2 34 g5 2 48 0.094739 0.167191 1
g5 2 40 g5 2 48 0.108729 0.10047 1
g5 2 39 g4 2 32 0.106041 0.19223 1
g5 2 44 g5 2 48 0.118103 0.179595 1
g5 2 38 g5 2 49 0.103611 0.208098 1
g5 2 31 g5 2 30 0.086116 0.119656 1
g5 2 33 g5 2 33 0.092 0.123368 1
g5 2 39 g5 2 33 0.105824 0.114927 1
g5 2 32 g5 2 40 0.089116 0.147538 1
g5 2 34 g4 2 29 0.094073 0.192093 1
g5 2 41 g5 2 49 0.110809 0.168088 1
g5 2 37 g5 2 33 0.100762 0.206707 1
g5 2 36 g5 2 49 0.099025 0.176142 1
g5 2 33 g5 2 33 0.093052 0.183825 1
g5 2 36 g5 2 49 0.09944 0.169152 1
g5 2 36 g4 2 29 0.098773 0.176426 1
g5 2 37 g5 2 49 0.102204 0.142442 1
g5 2 36 g4 2 29 0.098449 0.174111 1
g5 2 37 g4 2 29 0.101149 0.209175 1
g5 2 36 g5 2 48 0.098661 0.172507 1
g5 2 39 g5 2 48 0.105918 0.13397 1
g5 2 39 g5 2 52 0.106284 0.154602 1
g5 2 37 g4 2 29 0.101077 0.149926 1
g5 2 37 g5 2 52 0.101312 0.168346 1
g5 2 38 g5 2 49 0.103283 0.216505 1
g5 2 38 g5 2 48 0.103594 0.163797 1
g5 2 36 g4 2 32 0.099081 0.192569 1
g5 2 37 g5 2 48 0.101489 0.131962 1
g5 2 35 g5 2 47 0.096994 0.142198 1
g5 2 37 g5 2 48 0.102276 0.14226 1
g5 2 37 g5 2 47 0.101326 0.144625 1
g5 2 41 g5 2 47 0.110834 0.101672 1
g5 2 53 g5 2 49 0.138124 0.12125 1
g5 2 38 g5 2 47 0.104737 0.0936596 1
g5 2 45 g5 2 50 0.119333 0.0808529 1
g5 2 45 g5 2 47 0.121418 0.120769 1
g5 2 48 g5 2 57 0.129029 0.133671 1
g5 2 45 g5 2 57 0.121174 0.0969753 1
g5 2 45 g5 2 52 0.120907 0.102699 1
g5 2 48 g5 2 49 0.127651 0.0952967 1
g5 2 45 g5 2 50 0.120437 0.0759647 1
g6 2 38 g6 2 36 0.102306 0.0832649 1
g6 2 37 g6 2 36 0.100439 0.0919877 1
g6 2 40 g6 2 32 0.105756 0.104036 1
g6 2 39 g6 2 32 0.104167 0.177701 1
g6 2 33 g6 2 36 0.091299 0.0739164 1
g6 2 32 g6 2 38 0.088257 0.121687 1
g6 2 35 g6 2 36 0.095766 0.0944504 1
g6 2 36 g6 2 36 0.097792 0.131658 1
g6 2 34 g6 2 36 0.093177 0.102656 1
g6 2 30 g6 2 36 0.083105 0.105279 1
g6 2 37 g6 2 35 0.100042 0.14888 1
g6 2 40 g6 2 57 0.107468 0.0781961 1
g6 2 39 g6 2 39 0.104686 0.0718683 1
g6 2 29 g6 2 36 0.081349 0.12352 1
g6 2 34 g6 2 39 0.093804 0.164024 1
g6 2 39 g6 2 37 0.104419 0.0867312 1
g6 2 33 g6 2 36 0.091301 0.0986273 1
g6 2 41 g6 2 37 0.109225 0.0893568 1
g6 2 34 g6 2 36 0.093408 0.0844872 1
g6 2 33 g6 2 36 0.091268 0.141988 1
g6 2 39 g6 2 36 0.104483 0.0943078 1
g6 2 54 g6 2 36 0.139098 0.153552 1
g6 2 36 g6 2 37 0.097946 0.100885 1
g6 2 32 g6 2 37 0.088632 0.123474 1
g6 2 34 g6 2 36 0.093324 0.119653 1
g6 2 33 g6 2 32 0.091497 0.235521 1
g6 2 42 g6 2 36 0.11221 0.113696 1
g6 2 33 g6 2 36 0.091483 0.0889257 1
g6 2 33 g6 2 36 0.091114 0.0953035 1
g6 2 27 g6 2 31 0.07653 0.105149 1
g6 2 30 g6 2 32 0.083019 0.0827278 1
g6 2 31 g6 2 32 0.085571 0.112569 1
g6 2 49 g6 2 45 0.128632 0.369142 1
g6 2 37 g1 2 27 0.100393 0.24954 1
g6 2 30 g6 2 31 0.082693 0.0481761 1
g6 2 31 g6 2 33 0.085608 0.0835578 1
g6 2 33 g6 2 33 0.090998 0.0749726 1
g6 2 31 g6 2 33 0.08537 0.0741513 1
g6 2 35 g6 2 34 0.095452 0.0786984 1
g6 2 37 g6 2 35 0.100234 0.0650936 1
g6 2 35 g6 2 42 0.095707 0.094644 1
g7 1 35 g7 1 42 0.098332 0.274072 1
g7 1 32 g7 1 40 0.088741 0.213871 1
g7 1 35 g7 1 37 0.096557 0.314541 1
g7 1 36 g7 1 50 0.099107 0.156651 1
g7 1 38 g7 1 32 0.102657 0.283299 1
g7 1 39 g7 1 50 0.106973 0.199292 1
g7 1 32 g7 1 39 0.089244 0.269915 1
g7 1 33 g7 1 34 0.093951 0.128595 1
g7 1 25 g7 1 29 0.072761 0.23025 1
g7 1 30 g3 1 38 0.085235 0.404612 0
g7 1 32 g7 1 31 0.09103 0.224395 1
g7 1 34 g7 1 32 0.095138 0.163102 1
g7 1 34 g7 1 37 0.093052 0.212897 1
g7 1 32 g7 1 27 0.087345 0.175722 1
g7 1 27 g7 1 27 0.076331 0.223942 1
g7 1 31 g7 1 29 0.085663 0.174304 1
g7 1 31 g7 1 26 0.085375 0.169538 1
g7 1 28 g7 1 30 0.078952 0.216126 1
g7 1 29 g7 1 27 0.08093 0.234621 1
g7 1 29 g7 1 26 0.082537 0.163887 1
g7 1 29 g7 1 30 0.082838 0.201632 1
g7 1 25 g7 1 25 0.074199 0.0634586 1
g7 1 37 g1 2 15 0.100776 0.530052 0
g7 1 33 g7 1 33 0.090202 0.236254 1
g7 1 43 g7 1 26 0.114405 0.325197 1
g7 1 35 g7 1 46 0.095384 0.348845 0
g7 1 32 g2 2 21 0.088242 0.420181 0
g7 1 36 g7 1 35 0.098114 0.16725 1
g7 1 33 g1 2 15 0.092702 0.551134 0
g7 1 34 g7 1 36 0.092198 0.358404 1
g7 1 34 g7 1 34 0.09324 0.230783 1
g7 1 42 g7 1 45 0.111531 0.299935 1
g7 1 37 g7 1 41 0.101538 0.295442 1
g7 1 38 g7 1 33 0.10359 0.215944 1
g7 1 44 g7 1 31 0.116442 0.208828 1
g7 1 66 g7 1 41 0.161758 0.282145 1
g7 1 32 g7 1 37 0.088476 0.24747 1
g7 1 33 g7 1 48 0.091481 0.259356 1
g7 1 37 g7 1 41 0.102074 0.258088 1
g7 1 38 g7 1 37 0.103 0.234551 1
g7 1 43 g7 1 39 0.114989 0.261738 1
g7 1 46 g7 1 43 0.124235 0.186543 1
g7 1 30 g7 1 31 0.084306 0.263501 1
g7 1 48 g7 1 38 0.127686 0.179544 1
g7 1 19 g7 1 34 0.060125 0.362941 1
g7 1 33 g7 1 49 0.093176 0.362298 1
g7 1 34 g7 1 32 0.095458 0.154278 1
g7 1 34 g7 1 29 0.095424 0.281279 1
g7 1 35 g7 1 29 0.096594 0.218815 1
g7 1 47 g7 1 39 0.124208 0.239458 1
g7 1 31 g7 1 27 0.085856 0.320248 1
g7 1 31 g7 1 31 0.087119 0.258225 1
g7 1 40 g7 1 43 0.108859 0.168175 1
g7 1 59 g7 1 43 0.153645 0.298299 1
g7 1 54 g7 1 50 0.141552 0.245747 1
g7 1 52 g7 1 35 0.136484 0.381369 1
g7 1 51 g7 1 50 0.13382 0.22973 1
g7 1 33 g7 1 33 0.104396 0.226786 1
g7 1 49 g7 1 46 0.129165 0.164696 1
g7 1 41 g7 1 45 0.109336 0.208928 1
g7 1 45 g7 1 46 0.11898 0.158187 1
g7 1 43 g7 1 43 0.11465 0.191376 1
g7 1 45 g7 1 46 0.120754 0.173496 1
