g1 2 24 g6 2 32 0.073679 0.177839 0
g1 2 23 g6 2 34 0.071822 0.194286 0
g1 2 27 g6 2 25 0.080399 0.156739 0
g1 2 42 g1 2 24 0.125216 0.124555 0
g1 2 33 g2 2 17 0.095793 0.186512 0
g1 2 29 g1 2 25 0.084582 0.155493 0
g1 2 31 g1 2 28 0.089811 0.130339 0
g1 2 20 g1 2 27 0.06532 0.114469 0
g1 2 24 g1 2 33 0.073967 0.163801 0
g1 2 28 g1 2 25 0.082512 0.160279 0
g1 2 21 g1 2 22 0.067326 0.138157 0
g1 2 26 g1 2 22 0.077935 0.114392 0
g1 2 25 g1 2 25 0.076084 0.0740715 0
g1 2 25 g1 2 25 0.075855 0.125773 0
g1 2 28 g1 2 25 0.082592 0.0863041 0
g1 2 54 g6 2 38 0.14022 0.204242 0
g1 2 26 g1 2 22 0.077933 0.0966976 1
g1 2 37 g6 2 36 0.104708 0.215399 0
g1 2 20 g6 2 31 0.065119 0.133138 0
g1 2 24 g6 2 34 0.074045 0.19971 0
g1 2 21 g6 2 32 0.067417 0.148979 0
g1 2 28 g6 2 30 0.082547 0.172967 0
g1 2 22 g2 2 17 0.069635 0.191713 0
g1 2 24 g1 2 19 0.073597 0.0886496 1
g1 2 23 g1 2 20 0.071366 0.0959363 0
g1 2 32 g1 2 29 0.092507 0.134286 0
g1 2 30 g1 2 26 0.086742 0.147948 0
g1 2 39 g1 2 26 0.109209 0.258994 0
g1 2 29 g1 2 24 0.084829 0.203157 0
g1 2 29 g1 2 37 0.084961 0.106014 0
g1 2 23 g1 2 25 0.07229 0.0902134 1
g1 2 23 g1 2 24 0.071626 0.174544 0
g1 2 19 g1 2 26 0.063328 0.0834176 1
g1 2 28 g1 2 28 0.082166 0.210743 0
g1 2 23 g1 2 29 0.071452 0.235269 0
g1 2 24 g1 2 24 0.073713 0.163654 0
g1 2 30 g1 2 24 0.08673 0.169157 0
g1 2 24 g1 2 26 0.073208 0.146512 0
g1 2 22 g1 2 23 0.06924 0.159734 0
g1 2 23 g1 2 24 0.071624 0.134771 0
g1 2 26 g1 2 26 0.078041 0.155951 0
g1 2 28 g1 2 28 0.082619 0.190776 0
g1 2 23 g1 2 25 0.071637 0.184149 0
g1 2 24 g1 2 24 0.073686 0.182284 0
g1 2 28 g1 2 24 0.082293 0.184123 0
g1 2 21 g1 2 28 0.067241 0.251477 0
g1 2 26 g6 2 36 0.078011 0.200737 0
g1 2 28 g6 2 34 0.082611 0.212294 0
g1 2 22 g6 2 37 0.06984 0.185805 0
g1 2 27 g6 2 34 0.08036 0.13539 0
g1 2 37 g2 2 17 0.105715 0.213727 0
g1 2 25 g6 2 25 0.076104 0.165599 0
g1 2 33 g2 2 17 0.095054 0.175089 0
g1 2 22 g1 2 18 0.069354 0.0769956 1
g1 2 20 g1 2 18 0.065032 0.0699969 1
g1 2 16 g1 2 17 0.056798 0.0972281 0
g1 2 16 g1 2 16 0.057223 0.0740709 1
g1 2 17 g1 2 17 0.058868 0.0754636 1
g1 2 17 g1 2 17 0.05905 0.060393 1
g1 2 19 g1 2 18 0.062826 0.0681503 1
g1 2 16 g1 2 17 0.057147 0.103612 0
g2 2 15 g2 2 14 0.054819 0.102294 0
g2 2 15 g2 2 14 0.054973 0.102069 0
g2 2 17 g2 2 17 0.05897 0.180842 0
g2 2 14 g2 2 14 0.052819 0.155019 0
g2 2 15 g2 2 14 0.054838 0.154699 0
g2 2 13 g2 2 17 0.050573 0.163711 0
g2 2 14 g2 2 14 0.052934 0.138865 0
g2 2 15 g2 2 14 0.054888 0.109654 0
g2 2 15 g2 2 14 0.054978 0.179041 0
g2 2 29 g2 2 26 0.085082 0.13883 0
g2 2 16 g2 2 14 0.0573 0.109136 0
g2 2 15 g2 2 14 0.055218 0.0998811 0
g2 2 15 g2 2 14 0.054843 0.119302 0
g2 2 16 g2 2 14 0.057329 0.119978 0
g2 2 16 g2 2 14 0.056831 0.173492 0
g2 2 15 g2 2 14 0.054958 0.139512 0
g2 2 12 g2 2 17 0.048579 0.266786 0
g2 2 15 g2 2 14 0.055652 0.0909069 1
g2 2 16 g2 2 14 0.057009 0.0997465 0
g2 2 15 g2 2 14 0.055136 0.15704 0
g2 2 16 g2 2 14 0.057142 0.136554 0
g2 2 16 g2 2 14 0.057596 0.213739 0
g2 2 14 g2 2 14 0.052956 0.149036 0
g2 2 17 g2 2 14 0.058924 0.104702 0
g2 2 18 g2 2 17 0.061086 0.171124 0
g2 2 15 g2 2 14 0.054769 0.174244 0
g2 2 15 g2 2 17 0.054889 0.234601 0
g2 2 16 g2 2 14 0.05709 0.175422 0
g2 2 18 g2 2 14 0.060877 0.137632 0
g2 2 31 g2 2 28 0.090131 0.125996 0
g2 2 28 g2 2 27 0.082783 0.154531 0
g2 2 29 g2 2 26 0.085599 0.13868 0
g2 2 25 g2 2 26 0.076378 0.145046 0
g2 2 20 g2 2 21 0.064933 0.14081 0
g2 2 22 g2 2 21 0.069388 0.116275 0
g2 2 32 g2 2 29 0.09521 0.128344 0
g2 2 23 g2 2 24 0.07151 0.0911216 0
g2 2 20 g2 2 21 0.065287 0.0914759 1
g2 2 19 g2 2 21 0.062931 0.090553 1
g2 2 21 g2 2 23 0.065938 0.0802652 1
g2 2 20 g2 2 21 0.067161 0.0893105 0
g2 2 21 g2 2 21 0.067803 0.0697141 1
g2 2 19 g2 2 21 0.064625 0.111094 0
g2 2 22 g2 2 21 0.069478 0.0768108 1
g2 2 22 g2 2 21 0.069309 0.0935556 1
g2 2 25 g2 2 23 0.075651 0.151366 0
g2 2 17 g2 2 24 0.059232 0.136608 0
g2 2 22 g2 2 21 0.069373 0.0832263 0
g2 2 42 g2 2 28 0.11764 0.160527 0
g2 2 22 g2 2 22 0.069466 0.0972297 0
g2 2 27 g2 2 23 0.080388 0.0794278 1
g2 2 27 g1 2 31 0.08007 0.219084 0
g2 2 21 g2 2 21 0.0675 0.114951 0
g2 2 19 g2 2 21 0.064619 0.0968977 0
g2 2 24 g1 2 33 0.073641 0.126282 0
g2 2 22 g2 2 21 0.06976 0.112032 0
g2 2 26 g1 2 27 0.077701 0.201474 0
g2 2 24 g2 2 28 0.074262 0.127158 0
g2 2 21 g2 2 29 0.067583 0.124674 0
g2 2 29 g2 2 28 0.085689 0.115389 0
g2 2 19 g2 2 21 0.063704 0.102121 0
g2 2 21 g1 2 33 0.067439 0.311734 0
g2 2 30 g2 2 25 0.087075 0.163577 0
g2 2 16 g2 2 14 0.057223 0.148281 0
g2 2 14 g2 2 14 0.053039 0.130207 0
g2 2 15 g2 2 14 0.054801 0.0822884 0
g3 1 36 g3 1 46 0.104913 0.332445 0
g3 1 35 g3 1 43 0.101447 0.221407 0
g3 1 49 g3 1 42 0.134349 0.300641 0
g3 1 52 g3 1 37 0.142471 0.246244 0
g3 1 55 g1 2 30 0.145666 0.418895 0
g3 1 49 g3 1 37 0.135576 0.259543 0
g3 1 47 g3 1 42 0.129135 0.382585 0
g3 1 47 g3 1 41 0.131064 0.282248 0
g3 1 44 g3 1 45 0.122815 0.289176 0
g3 1 43 g3 1 46 0.12248 0.297155 0
g3 1 44 g3 1 57 0.122883 0.280456 0
g3 1 47 g3 1 46 0.129112 0.231488 0
g3 1 46 g3 1 43 0.127094 0.244426 0
g3 1 47 g3 1 64 0.130062 0.222005 0
g3 1 44 g3 1 47 0.123192 0.509912 0
g3 1 44 g3 1 40 0.122028 0.258925 0
g3 1 41 g3 1 42 0.115994 0.20938 0
g3 1 56 g1 2 26 0.155535 0.384839 0
g3 1 48 g3 1 41 0.131908 0.250921 0
g3 1 48 g3 1 42 0.1338 0.221797 0
g3 1 50 g3 1 47 0.138042 0.226461 0
g3 1 48 g3 1 57 0.133873 0.223474 0
g3 1 46 g3 1 41 0.127702 0.251364 0
g3 1 43 g3 1 37 0.122112 0.252658 0
g3 1 47 g3 1 42 0.130844 0.316269 0
g3 1 44 g3 1 38 0.122861 0.286164 0
g3 1 50 g3 1 53 0.138271 0.323461 0
g3 1 66 g3 1 42 0.175715 0.284546 0
g3 1 58 g1 2 35 0.157602 0.443586 0
g3 1 50 g3 1 39 0.136224 0.201097 0
g3 1 57 g3 1 60 0.153974 0.227756 0
g3 1 53 g3 1 41 0.144483 0.280176 0
g3 1 49 g3 1 40 0.135319 0.220275 0
g3 1 51 g3 1 42 0.140234 0.246952 0
g3 1 52 g3 1 47 0.140688 0.262663 0
g3 1 50 g3 1 59 0.136863 0.273023 0
g3 1 51 g3 1 32 0.140878 0.325366 0
g3 1 59 g3 1 69 0.157015 0.265281 0
g3 1 61 g3 1 69 0.161413 0.26054 0
g3 1 46 g3 1 43 0.128764 0.385156 0
g3 1 28 g3 1 47 0.096692 0.823018 0
g3 1 49 g3 1 44 0.136831 0.299366 0
g3 1 42 g3 1 40 0.119069 0.212053 0
g3 1 40 g3 1 41 0.112239 0.207229 0
g3 1 42 g3 1 42 0.115818 0.229532 0
g3 1 44 g3 1 47 0.120815 0.308689 0
g3 1 39 g3 1 38 0.11003 0.342506 0
g3 1 43 g3 1 42 0.120892 0.173607 0
g3 1 40 g3 1 37 0.114287 0.222603 0
g3 1 39 g3 1 47 0.112765 0.313106 0
g3 1 43 g3 1 47 0.119599 0.257062 0
g4 2 37 g4 2 31 0.104455 0.213731 0
g4 2 37 g4 2 42 0.105116 0.0770925 1
g4 2 44 g4 2 45 0.122333 0.166975 0
g4 2 44 g4 2 42 0.121983 0.168401 0
g4 2 41 g4 2 46 0.114932 0.126542 0
g4 2 42 g4 2 51 0.117251 0.146691 0
g4 2 50 g3 1 44 0.138681 0.268622 0
g4 2 42 g4 2 42 0.117299 0.170647 0
g4 2 49 g4 2 48 0.134801 0.16048 0
g4 2 47 g4 2 49 0.129488 0.169922 0
g4 2 46 g4 2 46 0.12666 0.137594 0
g4 2 48 g4 2 51 0.133091 0.117739 0
g4 2 52 g4 2 51 0.142862 0.0872674 1
g4 2 45 g4 2 31 0.124528 0.127746 0
g4 2 30 g4 2 43 0.087593 0.144586 0
g4 2 31 g4 2 30 0.089809 0.078087 1
g4 2 30 g4 2 29 0.087112 0.0841841 1
g4 2 33 g4 2 34 0.095591 0.155968 0
g4 2 31 g4 2 33 0.089535 0.106797 0
g4 2 34 g4 2 34 0.097886 0.120246 0
g4 2 35 g4 2 40 0.100463 0.0919232 1
g4 2 36 g4 2 32 0.102477 0.107242 0
g4 2 40 g4 2 48 0.112271 0.15742 0
g4 2 30 g4 2 32 0.086718 0.114933 0
g4 2 37 g4 2 35 0.106008 0.0999654 0
g4 2 37 g4 2 37 0.105088 0.0560005 1
g4 2 41 g4 2 36 0.114698 0.0923847 0
g4 2 41 g4 2 43 0.115541 0.113961 0
g4 2 46 g4 2 32 0.126765 0.101124 0
g4 2 46 g4 2 34 0.126206 0.113174 0
g4 2 31 g4 2 37 0.089517 0.0955719 1
g4 2 31 g4 2 33 0.089679 0.103906 0
g4 2 33 g4 2 34 0.095706 0.0887908 0
g4 2 34 g4 2 34 0.098497 0.140199 0
g4 2 45 g4 2 34 0.125148 0.105555 0
g4 2 42 g4 2 34 0.117055 0.195331 0
g4 2 46 g4 2 41 0.12701 0.154758 0
g4 2 33 g4 2 32 0.096433 0.0741617 1
g4 2 45 g4 2 41 0.124513 0.101517 0
g4 2 50 g4 2 41 0.136608 0.113763 0
g4 2 41 g4 2 42 0.115474 0.0753194 1
g4 2 45 g4 2 32 0.123911 0.102625 0
g5 2 43 g5 2 48 0.122159 0.096948 0
g5 2 45 g5 2 44 0.125192 0.0813948 1
g5 2 44 g5 2 52 0.123598 0.109526 0
g5 2 42 g5 2 52 0.118077 0.12298 0
g5 2 36 g5 2 50 0.103964 0.173685 0
g5 2 42 g5 2 50 0.118842 0.103629 0
g5 2 41 g4 2 34 0.115577 0.195062 0
g5 2 46 g5 2 50 0.128077 0.189381 0
g5 2 40 g5 2 51 0.11341 0.211785 0
g5 2 33 g5 2 32 0.09675 0.123193 0
g5 2 35 g5 2 35 0.100774 0.127778 0
g5 2 41 g5 2 35 0.11543 0.115549 0
g5 2 34 g5 2 33 0.098797 0.166843 0
g5 2 36 g4 2 31 0.103062 0.193424 0
g5 2 43 g5 2 51 0.12044 0.166174 0
g5 2 39 g5 2 51 0.110491 0.210268 0
g5 2 38 g5 2 51 0.107983 0.176763 0
g5 2 35 g5 2 35 0.100856 0.193344 0
g5 2 38 g5 2 51 0.109074 0.171544 0
g5 2 38 g4 2 31 0.107951 0.178412 0
g5 2 39 g5 2 51 0.11065 0.144814 0
g5 2 38 g4 2 31 0.107921 0.180962 0
g5 2 39 g4 2 36 0.110683 0.222326 0
g5 2 38 g5 2 50 0.108404 0.172357 0
g5 2 41 g5 2 50 0.11584 0.134481 0
g5 2 41 g5 2 54 0.115484 0.156583 0
g5 2 39 g4 2 31 0.110734 0.153731 0
g5 2 39 g5 2 54 0.111555 0.169357 0
g5 2 40 g5 2 51 0.113975 0.220687 0
g5 2 40 g5 2 51 0.11328 0.173148 0
g5 2 38 g4 2 31 0.108212 0.182182 0
g5 2 39 g5 2 50 0.111395 0.132382 0
g5 2 37 g5 2 45 0.106266 0.13262 0
g5 2 39 g5 2 50 0.111737 0.152406 0
g5 2 39 g5 2 49 0.110804 0.145824 0
g5 2 43 g5 2 49 0.122451 0.104819 0
g5 2 55 g5 2 51 0.150755 0.122428 0
g5 2 40 g5 2 49 0.113885 0.0949954 0
g5 2 47 g5 2 52 0.129987 0.0837979 1
g5 2 47 g5 2 49 0.131503 0.126398 0
g5 2 50 g5 2 59 0.138279 0.137652 0
g5 2 47 g5 2 55 0.131783 0.0960286 0
g5 2 47 g5 2 54 0.13157 0.106302 0
g5 2 50 g5 2 51 0.138581 0.100019 0
g5 2 47 g5 2 48 0.131846 0.0650633 1
g6 2 40 g6 2 38 0.11181 0.0831293 0
g6 2 39 g6 2 38 0.109462 0.0954732 0
g6 2 42 g6 2 38 0.115423 0.09279 0
g6 2 41 g6 2 34 0.115063 0.186611 0
g6 2 35 g6 2 38 0.100318 0.0741795 1
g6 2 34 g6 2 34 0.097754 0.13345 0
g6 2 37 g6 2 38 0.104545 0.0968774 0
g6 2 38 g6 2 38 0.107271 0.132625 0
g6 2 36 g6 2 38 0.102476 0.105043 0
g6 2 32 g6 2 38 0.092825 0.10631 0
g6 2 39 g6 2 37 0.109756 0.158528 0
g6 2 42 g6 2 59 0.116926 0.0806915 0
g6 2 41 g6 2 41 0.114522 0.07077 1
g6 2 31 g6 2 38 0.090003 0.12078 0
g6 2 36 g6 2 41 0.10278 0.164803 0
g6 2 41 g6 2 39 0.114584 0.0869633 1
g6 2 35 g6 2 38 0.100491 0.099564 0
g6 2 43 g6 2 39 0.119003 0.0888546 1
g6 2 36 g6 2 38 0.103052 0.0856295 1
g6 2 35 g6 2 38 0.100014 0.142454 0
g6 2 41 g6 2 38 0.114329 0.0950052 0
g6 2 56 g6 2 38 0.15109 0.112544 0
g6 2 38 g6 2 39 0.107311 0.102009 0
g6 2 34 g6 2 39 0.097817 0.12163 0
g6 2 36 g6 2 38 0.102372 0.119668 0
g6 2 35 g6 2 44 0.100413 0.249863 0
g6 2 44 g6 2 38 0.121761 0.115654 0
g6 2 35 g6 2 38 0.100566 0.0913838 0
g6 2 35 g6 2 38 0.1004 0.0932373 0
g6 2 29 g6 2 33 0.084932 0.101353 0
g6 2 32 g6 2 34 0.092386 0.0869118 0
g6 2 33 g6 2 34 0.095585 0.118859 0
g6 2 51 g6 2 49 0.139071 0.354284 0
g6 2 39 g1 2 25 0.109858 0.255429 0
g6 2 32 g6 2 33 0.092059 0.0479845 1
g6 2 33 g6 2 35 0.096378 0.0866037 1
g6 2 35 g6 2 35 0.100098 0.0756825 1
g6 2 33 g6 2 35 0.095731 0.0790453 1
g6 2 37 g6 2 36 0.105007 0.0800973 0
g6 2 39 g6 2 37 0.109661 0.0710931 0
g6 2 37 g6 2 44 0.105141 0.0960218 0
g7 1 37 g7 1 44 0.107561 0.283729 0
g7 1 34 g7 1 42 0.100328 0.224504 0
g7 1 37 g7 1 39 0.107192 0.322902 0
g7 1 38 g7 1 52 0.10838 0.161921 0
g7 1 40 g7 1 34 0.116149 0.289615 0
g7 1 41 g7 1 41 0.117628 0.267352 0
g7 1 34 g7 1 46 0.09905 0.306425 0
g7 1 35 g7 1 36 0.103145 0.132177 0
g7 1 27 g7 1 31 0.080594 0.224476 0
g7 1 32 g3 1 40 0.094668 0.431618 0
g7 1 34 g7 1 33 0.099009 0.226178 0
g7 1 36 g7 1 34 0.104138 0.171268 0
g7 1 36 g7 1 39 0.102241 0.221251 0
g7 1 34 g7 1 29 0.096444 0.190098 0
g7 1 29 g7 1 29 0.085155 0.229544 0
g7 1 33 g7 1 31 0.096344 0.183661 0
g7 1 33 g7 1 28 0.096122 0.178668 0
g7 1 30 g7 1 32 0.086924 0.223046 0
g7 1 31 g7 1 29 0.089383 0.248928 0
g7 1 31 g7 1 28 0.090934 0.164172 0
g7 1 31 g7 1 32 0.091257 0.208856 0
g7 1 27 g7 1 27 0.08246 0.0615644 1
g7 1 39 g1 2 17 0.109724 0.57738 0
g7 1 35 g7 1 35 0.099163 0.238792 0
g7 1 45 g7 1 28 0.124424 0.334334 0
g7 1 37 g7 1 48 0.104248 0.36491 0
g7 1 34 g2 2 23 0.097754 0.45804 0
g7 1 38 g7 1 37 0.108283 0.16894 0
g7 1 35 g1 2 17 0.101846 0.601892 0
g7 1 36 g7 1 38 0.101493 0.375958 0
g7 1 36 g7 1 36 0.102465 0.22344 0
g7 1 44 g7 1 47 0.121707 0.305023 0
g7 1 39 g7 1 43 0.111014 0.304891 0
g7 1 40 g7 1 35 0.113246 0.22377 0
g7 1 46 g7 1 33 0.126714 0.208856 0
g7 1 68 g7 1 43 0.174079 0.286301 0
g7 1 34 g7 1 51 0.098575 0.347542 0
g7 1 35 g7 1 46 0.102291 0.270526 0
g7 1 39 g7 1 50 0.111557 0.307484 0
g7 1 40 g7 1 39 0.112442 0.2346 0
g7 1 45 g7 1 41 0.124966 0.282181 0
g7 1 48 g7 1 45 0.13496 0.196393 0
g7 1 32 g7 1 34 0.092741 0.31424 0
g7 1 50 g7 1 40 0.138336 0.18407 0
g7 1 21 g7 1 36 0.067113 0.363603 0
g7 1 35 g7 1 51 0.102411 0.376813 0
g7 1 36 g7 1 34 0.104381 0.159465 0
g7 1 36 g7 1 31 0.104438 0.279683 0
g7 1 37 g7 1 31 0.105343 0.223388 0
g7 1 49 g7 1 41 0.134848 0.244423 0
g7 1 33 g7 1 29 0.096326 0.331907 0
g7 1 33 g7 1 33 0.096922 0.27306 0
g7 1 42 g7 1 45 0.119424 0.170613 0
g7 1 61 g7 1 45 0.165604 0.305014 0
g7 1 56 g7 1 52 0.153516 0.246199 0
g7 1 54 g7 1 37 0.147362 0.398423 0
g7 1 53 g7 1 52 0.145114 0.230603 0
g7 1 35 g7 1 35 0.11402 0.243094 0
g7 1 51 g7 1 48 0.139918 0.167706 0
g7 1 43 g7 1 47 0.119013 0.222166 0
g7 1 47 g7 1 48 0.129312 0.168155 0
g7 1 45 g7 1 45 0.125048 0.191072 0
g7 1 47 g7 1 48 0.130628 0.173402 0
