g1 2 46 g6 2 78 0.229228 0.151271 1
g1 2 44 g6 2 66 0.221786 0.17884 1
g1 2 52 g6 2 50 0.255876 0.133323 1
g1 2 102 g1 2 45 0.471393 0.128344 1
g1 2 63 g2 2 32 0.302144 0.180019 1
g1 2 56 g1 2 48 0.271853 0.143851 1
g1 2 60 g1 2 54 0.289301 0.120546 1
g1 2 37 g1 2 52 0.193238 0.0984748 1
g1 2 46 g1 2 42 0.229845 0.124197 1
g1 2 54 g1 2 48 0.264868 0.153851 1
g1 2 39 g1 2 42 0.201331 0.11936 1
g1 2 50 g1 2 42 0.24877 0.0973088 1
g1 2 48 g1 2 48 0.237895 0.0665379 1
g1 2 47 g1 2 46 0.234516 0.0739496 1
g1 2 53 g1 2 48 0.258869 0.0760421 1
g1 2 111 g6 2 73 0.511475 0.20023 1
g1 2 49 g1 2 42 0.242178 0.0889367 1
g1 2 71 g6 2 70 0.335399 0.199175 1
g1 2 37 g6 2 60 0.193353 0.12168 1
g1 2 46 g6 2 66 0.229289 0.186226 1
g1 2 39 g6 2 51 0.201067 0.130296 1
g1 2 54 g6 2 57 0.263249 0.160935 1
g1 2 42 g2 2 32 0.213397 0.181488 1
g1 2 45 g1 2 38 0.225344 0.0751975 1
g1 2 43 g1 2 38 0.216534 0.0769938 1
g1 2 61 g1 2 56 0.292952 0.126871 1
g1 2 58 g1 2 49 0.281083 0.139487 1
g1 2 75 g1 2 49 0.352372 0.246594 1
g1 2 55 g1 2 45 0.26706 0.194769 1
g1 2 56 g1 2 71 0.272231 0.100618 1
g1 2 43 g1 2 48 0.217295 0.0795973 1
g1 2 44 g1 2 45 0.221755 0.162819 1
g1 2 35 g1 2 50 0.185657 0.0640499 1
g1 2 53 g1 2 54 0.25841 0.197292 1
g1 2 43 g1 2 56 0.217633 0.225186 1
g1 2 46 g1 2 45 0.229331 0.149562 1
g1 2 57 g1 2 45 0.275136 0.158168 1
g1 2 46 g1 2 45 0.229902 0.153119 1
g1 2 41 g1 2 43 0.209642 0.154605 1
g1 2 43 g1 2 45 0.218257 0.119913 1
g1 2 49 g1 2 50 0.241819 0.147619 1
g1 2 53 g1 2 54 0.258808 0.204712 1
g1 2 44 g1 2 47 0.221947 0.168578 1
g1 2 46 g1 2 45 0.230016 0.172272 1
g1 2 53 g1 2 45 0.25973 0.161407 1
g1 2 40 g1 2 54 0.205583 0.23451 1
g1 2 50 g6 2 70 0.246252 0.185257 1
g1 2 53 g6 2 65 0.258772 0.19522 1
g1 2 41 g6 2 72 0.211135 0.170714 1
g1 2 52 g6 2 66 0.25558 0.125926 1
g1 2 72 g2 2 32 0.340844 0.207837 1
g1 2 48 g6 2 50 0.239696 0.147822 1
g1 2 64 g2 2 32 0.306638 0.161244 1
g1 2 42 g1 2 34 0.212419 0.0657652 1
g1 2 38 g1 2 34 0.197527 0.0576872 1
g1 2 29 g1 2 32 0.157143 0.0730236 1
g1 2 29 g1 2 29 0.157299 0.0591343 1
g1 2 31 g1 2 32 0.165934 0.0594803 1
g1 2 31 g1 2 31 0.165441 0.0511753 1
g1 2 36 g1 2 34 0.188951 0.0559827 1
g1 2 29 g1 2 29 0.157938 0.0583123 1
g2 2 28 g2 2 26 0.153105 0.081189 1
g2 2 28 g2 2 26 0.15291 0.0852107 1
g2 2 31 g2 2 32 0.165585 0.152605 1
g2 2 26 g2 2 26 0.144611 0.150999 1
g2 2 27 g2 2 26 0.148644 0.134901 1
g2 2 23 g2 2 32 0.131989 0.144775 1
g2 2 26 g2 2 26 0.1454 0.128892 1
g2 2 27 g2 2 26 0.14909 0.0937242 1
g2 2 28 g2 2 26 0.15379 0.156895 1
g2 2 55 g2 2 50 0.268148 0.125755 1
g2 2 29 g2 2 26 0.156845 0.0853226 1
g2 2 28 g2 2 26 0.153299 0.0831557 1
g2 2 28 g2 2 26 0.153934 0.10591 1
g2 2 29 g2 2 26 0.156835 0.106393 1
g2 2 30 g2 2 26 0.160947 0.165876 1
g2 2 27 g2 2 26 0.148949 0.128428 1
g2 2 21 g2 2 32 0.124732 0.237872 1
g2 2 27 g2 2 26 0.148736 0.0733698 1
g2 2 29 g2 2 26 0.157122 0.0850396 1
g2 2 27 g2 2 26 0.149536 0.132614 1
g2 2 30 g2 2 26 0.160956 0.125009 1
g2 2 30 g2 2 26 0.16101 0.202935 1
g2 2 26 g2 2 26 0.144498 0.144234 1
g2 2 31 g2 2 26 0.166132 0.0809107 1
g2 2 33 g2 2 32 0.176531 0.158391 1
g2 2 28 g2 2 26 0.153763 0.150766 1
g2 2 27 g2 2 32 0.149342 0.215902 1
g2 2 30 g2 2 26 0.160789 0.15229 1
g2 2 34 g2 2 26 0.180728 0.122504 1
g2 2 59 g2 2 53 0.286278 0.11708 1
g2 2 54 g2 2 45 0.264574 0.128094 1
g2 2 55 g2 2 50 0.270805 0.115822 1
g2 2 48 g1 2 43 0.240238 0.259655 1
g2 2 38 g2 2 42 0.197355 0.0980393 1
g2 2 42 g2 2 39 0.213676 0.102152 1
g2 2 64 g2 2 53 0.306148 0.107338 1
g2 2 43 g2 2 45 0.218186 0.0816044 1
g2 2 37 g2 2 44 0.192994 0.0787732 1
g2 2 36 g2 2 39 0.18943 0.0732656 1
g2 2 39 g2 2 44 0.201761 0.0675561 1
g2 2 39 g2 2 39 0.201518 0.0572417 1
g2 2 41 g2 2 39 0.212207 0.0581594 1
g2 2 39 g2 2 39 0.201331 0.0957513 1
g2 2 41 g2 2 39 0.2097 0.0682864 1
g2 2 42 g2 2 44 0.214 0.0697143 1
g2 2 47 g2 2 44 0.234262 0.129158 1
g2 2 31 g2 2 41 0.165969 0.117849 1
g2 2 42 g2 2 39 0.2132 0.06024 1
g2 2 84 g2 2 53 0.39572 0.158477 1
g2 2 41 g2 2 42 0.209762 0.0790936 1
g2 2 52 g2 2 44 0.254949 0.0678578 1
g2 2 52 g1 2 59 0.255482 0.213745 1
g2 2 40 g2 2 39 0.206676 0.0999793 1
g2 2 37 g2 2 44 0.194218 0.0734563 1
g2 2 45 g1 2 64 0.225283 0.115191 1
g2 2 41 g2 2 44 0.209736 0.0894141 1
g2 2 49 g1 2 52 0.242286 0.192012 1
g2 2 46 g2 2 53 0.230449 0.113792 1
g2 2 40 g2 2 56 0.205671 0.10944 1
g2 2 56 g2 2 53 0.272066 0.108505 1
g2 2 35 g2 2 39 0.185995 0.0852977 1
g2 2 40 g1 2 57 0.205936 0.290824 1
g2 2 58 g2 2 48 0.280641 0.156959 1
g2 2 29 g2 2 26 0.157014 0.130546 1
g2 2 26 g2 2 26 0.144367 0.124454 1
g2 2 28 g2 2 26 0.153111 0.0648465 1
g3 1 71 g3 1 117 0.336946 0.324805 1
g3 1 68 g3 1 84 0.325441 0.194898 1
g3 1 95 g3 1 81 0.44112 0.296964 1
g3 1 102 g3 1 73 0.471297 0.238218 1
g3 1 107 g1 2 57 0.495862 0.434995 0
g3 1 96 g3 1 73 0.448841 0.256818 1
g3 1 91 g3 1 72 0.42417 0.283774 1
g3 1 93 g3 1 82 0.434822 0.278866 1
g3 1 86 g3 1 87 0.403384 0.278667 1
g3 1 87 g3 1 92 0.405824 0.286612 1
g3 1 88 g3 1 106 0.411273 0.254138 1
g3 1 92 g3 1 81 0.429657 0.212962 1
g3 1 92 g3 1 86 0.430749 0.243562 1
g3 1 92 g3 1 127 0.431658 0.2154 1
g3 1 90 g3 1 78 0.420414 0.482702 0
g3 1 86 g3 1 74 0.403617 0.25076 1
g3 1 80 g3 1 81 0.377727 0.197892 1
g3 1 113 g1 2 49 0.523487 0.365086 0
g3 1 95 g3 1 120 0.442891 0.277557 1
g3 1 95 g3 1 85 0.44357 0.214709 1
g3 1 99 g3 1 91 0.460137 0.219722 1
g3 1 93 g3 1 114 0.435321 0.216527 1
g3 1 92 g3 1 82 0.430239 0.243935 1
g3 1 85 g3 1 73 0.397583 0.253225 1
g3 1 91 g3 1 81 0.424786 0.303278 0
g3 1 88 g3 1 77 0.409864 0.278852 1
g3 1 99 g3 1 112 0.458493 0.301397 1
g3 1 132 g3 1 84 0.606273 0.28222 1
g3 1 114 g1 2 67 0.527418 0.43458 0
g3 1 97 g3 1 80 0.45108 0.1944 1
g3 1 111 g3 1 120 0.514396 0.219216 1
g3 1 104 g3 1 82 0.480905 0.27285 1
g3 1 97 g3 1 78 0.450315 0.214257 1
g3 1 100 g3 1 85 0.46541 0.238382 1
g3 1 101 g3 1 91 0.469275 0.246652 1
g3 1 98 g3 1 83 0.456681 0.267061 1
g3 1 102 g3 1 61 0.473643 0.319308 1
g3 1 115 g3 1 140 0.529838 0.258955 1
g3 1 120 g3 1 140 0.553953 0.257891 1
g3 1 92 g3 1 84 0.428666 0.376797 0
g3 1 76 g3 1 68 0.35699 0.838181 0
g3 1 97 g3 1 85 0.450308 0.281636 1
g3 1 85 g3 1 79 0.397567 0.211361 1
g3 1 77 g3 1 80 0.368303 0.193194 1
g3 1 81 g3 1 81 0.378948 0.214477 1
g3 1 86 g3 1 91 0.399918 0.293181 0
g3 1 77 g3 1 77 0.360506 0.329231 0
g3 1 85 g3 1 84 0.396761 0.171705 1
g3 1 79 g3 1 74 0.371262 0.219266 1
g3 1 78 g3 1 91 0.367279 0.301789 0
g3 1 84 g3 1 91 0.392655 0.249773 1
g4 2 71 g4 2 59 0.336673 0.198089 1
g4 2 71 g4 2 82 0.335555 0.0673423 1
g4 2 86 g4 2 87 0.401255 0.162398 1
g4 2 85 g4 2 82 0.396116 0.163126 1
g4 2 80 g4 2 90 0.375616 0.119477 1
g4 2 81 g4 2 99 0.379026 0.14039 1
g4 2 100 g3 1 89 0.462648 0.25683 1
g4 2 81 g4 2 82 0.380825 0.161355 1
g4 2 95 g4 2 94 0.441747 0.151698 1
g4 2 93 g4 2 95 0.431873 0.166844 1
g4 2 89 g4 2 90 0.414657 0.134392 1
g4 2 94 g4 2 99 0.436679 0.112256 1
g4 2 102 g4 2 101 0.47183 0.0792638 1
g4 2 89 g4 2 60 0.414001 0.120179 1
g4 2 57 g4 2 63 0.275294 0.127509 1
g4 2 60 g4 2 57 0.288342 0.0727742 1
g4 2 57 g4 2 55 0.275842 0.0766083 1
g4 2 63 g4 2 66 0.301184 0.145464 1
g4 2 59 g4 2 64 0.283791 0.103054 1
g4 2 65 g4 2 66 0.309967 0.109011 1
g4 2 67 g4 2 78 0.318972 0.0844505 1
g4 2 69 g4 2 78 0.326985 0.0992722 1
g4 2 77 g4 2 95 0.361388 0.150197 1
g4 2 57 g4 2 62 0.274932 0.105125 1
g4 2 72 g4 2 67 0.341234 0.0918328 1
g4 2 72 g4 2 72 0.339735 0.048741 1
g4 2 80 g4 2 70 0.374836 0.0862969 1
g4 2 79 g4 2 83 0.370235 0.110199 1
g4 2 92 g4 2 62 0.426538 0.0941647 1
g4 2 90 g4 2 66 0.418247 0.104492 1
g4 2 59 g4 2 72 0.283665 0.0842472 1
g4 2 59 g4 2 63 0.284134 0.0951659 1
g4 2 63 g4 2 66 0.302175 0.0775823 1
g4 2 66 g4 2 66 0.314295 0.130808 1
g4 2 87 g4 2 66 0.40561 0.0984353 1
g4 2 82 g4 2 66 0.383221 0.18796 1
g4 2 89 g4 2 79 0.416012 0.146736 1
g4 2 64 g4 2 62 0.305977 0.0681309 1
g4 2 88 g4 2 79 0.410244 0.0983634 1
g4 2 100 g4 2 79 0.462508 0.107761 1
g4 2 80 g4 2 82 0.375261 0.0681987 1
g4 2 88 g4 2 62 0.410898 0.0951218 1
g5 2 84 g5 2 94 0.395028 0.0893176 1
g5 2 87 g5 2 85 0.406833 0.0767305 1
g5 2 85 g5 2 101 0.399901 0.103886 1
g5 2 82 g5 2 101 0.384966 0.114987 1
g5 2 69 g5 2 98 0.330928 0.161727 1
g5 2 81 g5 2 98 0.3827 0.0936171 1
g5 2 80 g4 2 65 0.377092 0.188285 1
g5 2 89 g5 2 98 0.417598 0.177105 1
g5 2 78 g5 2 100 0.367729 0.207032 1
g5 2 64 g5 2 62 0.30803 0.117299 1
g5 2 68 g5 2 68 0.323814 0.118591 1
g5 2 80 g5 2 68 0.376453 0.108626 1
g5 2 66 g5 2 82 0.315692 0.144768 1
g5 2 69 g4 2 60 0.328167 0.184751 1
g5 2 83 g5 2 100 0.389145 0.161175 1
g5 2 76 g5 2 68 0.359013 0.213618 1
g5 2 73 g5 2 100 0.345935 0.169501 1
g5 2 68 g5 2 68 0.324072 0.181356 1
g5 2 73 g5 2 100 0.346839 0.164501 1
g5 2 73 g4 2 59 0.346003 0.169759 1
g5 2 75 g5 2 99 0.355157 0.132945 1
g5 2 73 g4 2 59 0.346244 0.171532 1
g5 2 75 g4 2 70 0.354437 0.207991 1
g5 2 73 g5 2 98 0.345374 0.164006 1
g5 2 80 g5 2 98 0.378295 0.126513 1
g5 2 79 g5 2 106 0.372553 0.15038 1
g5 2 76 g4 2 59 0.359339 0.143869 1
g5 2 75 g5 2 106 0.354852 0.162105 1
g5 2 77 g5 2 100 0.362062 0.211992 1
g5 2 78 g5 2 88 0.368188 0.138184 1
g5 2 73 g4 2 65 0.345742 0.188222 1
g5 2 76 g5 2 98 0.359335 0.126581 1
g5 2 71 g5 2 88 0.339311 0.124045 1
g5 2 75 g5 2 98 0.357742 0.138354 1
g5 2 76 g5 2 98 0.359574 0.141297 1
g5 2 83 g5 2 96 0.391759 0.0967482 1
g5 2 110 g5 2 100 0.508018 0.117647 1
g5 2 77 g5 2 96 0.366351 0.0859701 1
g5 2 92 g5 2 101 0.429294 0.0756917 1
g5 2 92 g5 2 96 0.43196 0.121381 1
g5 2 98 g5 2 115 0.460731 0.128892 1
g5 2 92 g5 2 115 0.432609 0.0887555 1
g5 2 91 g5 2 105 0.427722 0.0983107 1
g5 2 98 g5 2 100 0.457038 0.0919861 1
g5 2 92 g5 2 98 0.431836 0.0726379 1
g6 2 78 g6 2 74 0.364968 0.077136 1
g6 2 75 g6 2 74 0.351925 0.0886381 1
g6 2 81 g6 2 74 0.37872 0.0837195 1
g6 2 79 g6 2 65 0.369136 0.173163 1
g6 2 67 g6 2 74 0.317722 0.0672097 1
g6 2 66 g6 2 77 0.313982 0.118371 1
g6 2 71 g6 2 74 0.33484 0.0905135 1
g6 2 73 g6 2 74 0.343403 0.124847 1
g6 2 70 g6 2 74 0.330236 0.100268 1
g6 2 61 g6 2 74 0.292199 0.0983134 1
g6 2 76 g6 2 72 0.356544 0.148182 1
g6 2 82 g6 2 179 0.383248 0.0846512 1
g6 2 80 g6 2 79 0.374156 0.0637393 1
g6 2 59 g6 2 74 0.284503 0.114933 1
g6 2 70 g6 2 79 0.331999 0.159355 1
g6 2 79 g6 2 75 0.369635 0.0816378 1
g6 2 67 g6 2 74 0.31763 0.0919602 1
g6 2 84 g6 2 75 0.391216 0.0824738 1
g6 2 70 g6 2 74 0.330424 0.078759 1
g6 2 68 g6 2 74 0.322426 0.13811 1
g6 2 80 g6 2 74 0.374997 0.0903619 1
g6 2 115 g6 2 74 0.524959 0.146872 1
g6 2 74 g6 2 75 0.347963 0.0920368 1
g6 2 66 g6 2 75 0.313704 0.116205 1
g6 2 70 g6 2 74 0.330645 0.116409 1
g6 2 68 g6 2 86 0.322125 0.238989 1
g6 2 86 g6 2 74 0.400265 0.111651 1
g6 2 68 g6 2 74 0.321787 0.0831518 1
g6 2 68 g6 2 74 0.321837 0.0867334 1
g6 2 56 g6 2 64 0.272116 0.0932688 1
g6 2 61 g6 2 65 0.292853 0.0761259 1
g6 2 63 g6 2 65 0.300916 0.105697 1
g6 2 99 g6 2 94 0.458402 0.363459 1
g6 2 75 g1 2 48 0.352909 0.249492 1
g6 2 61 g6 2 62 0.292106 0.0327055 1
g6 2 63 g6 2 63 0.300757 0.0631527 1
g6 2 67 g6 2 63 0.317803 0.0575263 1
g6 2 64 g6 2 67 0.305111 0.0628013 1
g6 2 71 g6 2 70 0.335567 0.0709974 1
g6 2 76 g6 2 72 0.356312 0.0616879 1
g6 2 71 g6 2 86 0.334904 0.0880182 1
g7 1 73 g7 1 87 0.346714 0.276636 1
g7 1 65 g7 1 83 0.310656 0.214486 1
g7 1 71 g7 1 67 0.335741 0.282669 1
g7 1 73 g7 1 102 0.346299 0.151537 1
g7 1 78 g7 1 66 0.366963 0.281787 1
g7 1 82 g7 1 79 0.384268 0.25401 1
g7 1 66 g7 1 90 0.316328 0.298672 1
g7 1 72 g7 1 73 0.340459 0.124732 1
g7 1 52 g7 1 60 0.255309 0.216303 1
g7 1 63 g3 1 83 0.302945 0.402604 0
g7 1 67 g7 1 65 0.317847 0.217361 1
g7 1 72 g7 1 66 0.340414 0.16331 1
g7 1 69 g7 1 76 0.326789 0.217129 1
g7 1 65 g7 1 56 0.309209 0.176833 1
g7 1 56 g7 1 55 0.270652 0.21659 1
g7 1 64 g7 1 60 0.305045 0.174301 1
g7 1 63 g7 1 55 0.301564 0.15924 1
g7 1 58 g7 1 62 0.280313 0.214666 1
g7 1 60 g7 1 89 0.288807 0.286894 1
g7 1 61 g7 1 54 0.293583 0.15933 1
g7 1 61 g7 1 62 0.292032 0.197059 1
g7 1 54 g7 1 51 0.264005 0.0359619 1
g7 1 75 g1 2 31 0.35197 0.53179 0
g7 1 68 g7 1 69 0.322463 0.227333 1
g7 1 88 g7 1 54 0.409014 0.322597 1
g7 1 72 g7 1 94 0.339909 0.355519 0
g7 1 67 g2 2 44 0.318772 0.433152 0
g7 1 74 g7 1 73 0.34778 0.16219 1
g7 1 70 g1 2 31 0.331402 0.556157 0
g7 1 70 g3 1 130 0.33054 0.527425 0
g7 1 72 g7 1 69 0.338784 0.213426 1
g7 1 85 g7 1 93 0.39535 0.29699 1
g7 1 77 g7 1 88 0.361522 0.299224 1
g7 1 79 g7 1 67 0.36912 0.217459 1
g7 1 90 g7 1 66 0.418886 0.204742 1
g7 1 136 g7 1 88 0.624123 0.27874 1
g7 1 66 g7 1 75 0.314834 0.243244 1
g7 1 67 g7 1 97 0.318502 0.255224 1
g7 1 78 g7 1 97 0.36692 0.302307 1
g7 1 78 g7 1 75 0.36652 0.228199 1
g7 1 88 g7 1 79 0.412338 0.267728 1
g7 1 97 g7 1 91 0.450518 0.194254 1
g7 1 62 g7 1 67 0.298721 0.300008 1
g7 1 101 g7 1 77 0.468049 0.175766 1
g7 1 39 g7 1 67 0.199856 0.364027 1
g7 1 70 g7 1 100 0.332223 0.366034 0
g7 1 72 g7 1 66 0.340914 0.154061 1
g7 1 71 g7 1 60 0.336358 0.270987 1
g7 1 72 g7 1 73 0.341303 0.167195 1
g7 1 96 g7 1 79 0.447126 0.237295 1
g7 1 63 g7 1 57 0.30212 0.309275 1
g7 1 66 g7 1 65 0.31465 0.260375 1
g7 1 84 g7 1 89 0.392216 0.162851 1
g7 1 119 g7 1 91 0.551249 0.298056 1
g7 1 110 g7 1 103 0.511215 0.245831 1
g7 1 105 g7 1 72 0.486434 0.384197 1
g7 1 104 g7 1 103 0.482603 0.22302 1
g7 1 91 g7 1 71 0.423566 0.238911 1
g7 1 99 g7 1 94 0.45961 0.159631 1
g7 1 83 g7 1 93 0.389369 0.211386 1
g7 1 92 g7 1 94 0.42956 0.157546 1
g7 1 88 g7 1 91 0.410275 0.186825 1
g7 1 93 g7 1 94 0.434607 0.166665 1
