g1 2 46 g6 2 78 0.230196 0.151288 1
g1 2 44 g6 2 66 0.22381 0.178759 1
g1 2 52 g6 2 50 0.255507 0.133322 1
g1 2 102 g1 2 45 0.470987 0.128455 1
g1 2 63 g2 2 32 0.301049 0.180064 1
g1 2 56 g1 2 48 0.274942 0.143843 1
g1 2 60 g1 2 54 0.289568 0.120497 1
g1 2 37 g1 2 52 0.193694 0.0984114 1
g1 2 46 g1 2 42 0.230064 0.124173 1
g1 2 54 g1 2 48 0.26239 0.15383 1
g1 2 39 g1 2 42 0.201148 0.119368 1
g1 2 50 g1 2 42 0.247109 0.0973216 1
g1 2 48 g1 2 48 0.237861 0.0664936 1
g1 2 47 g1 2 46 0.234339 0.0739914 1
g1 2 53 g1 2 48 0.258395 0.0760608 1
g1 2 111 g6 2 73 0.51259 0.200285 1
g1 2 49 g1 2 42 0.242125 0.0890284 1
g1 2 71 g6 2 70 0.334733 0.199234 1
g1 2 37 g6 2 60 0.193126 0.121699 1
g1 2 46 g6 2 66 0.230369 0.186203 1
g1 2 39 g6 2 51 0.201188 0.130479 1
g1 2 54 g6 2 57 0.262842 0.161004 1
g1 2 42 g2 2 32 0.21473 0.181831 1
g1 2 45 g1 2 38 0.225006 0.0752116 1
g1 2 43 g1 2 38 0.216804 0.076984 1
g1 2 61 g1 2 56 0.292097 0.126833 1
g1 2 58 g1 2 49 0.280401 0.139635 1
g1 2 75 g1 2 49 0.352384 0.246473 1
g1 2 55 g1 2 45 0.266672 0.194773 1
g1 2 56 g1 2 71 0.271293 0.100638 1
g1 2 43 g1 2 48 0.217523 0.0796961 1
g1 2 44 g1 2 45 0.222372 0.162744 1
g1 2 35 g1 2 50 0.185187 0.0640508 1
g1 2 53 g1 2 54 0.258441 0.197304 1
g1 2 43 g1 2 56 0.218928 0.225174 1
g1 2 46 g1 2 45 0.23037 0.149752 1
g1 2 57 g1 2 45 0.275603 0.158249 1
g1 2 46 g1 2 45 0.228981 0.153167 1
g1 2 41 g1 2 43 0.209833 0.154717 1
g1 2 43 g1 2 45 0.217098 0.120064 1
g1 2 49 g1 2 50 0.242711 0.147739 1
g1 2 53 g1 2 54 0.258986 0.204874 1
g1 2 44 g1 2 47 0.221838 0.16863 1
g1 2 46 g1 2 45 0.229784 0.172158 1
g1 2 53 g1 2 45 0.25952 0.161457 1
g1 2 40 g1 2 54 0.205612 0.234592 1
g1 2 50 g6 2 70 0.245815 0.185241 1
g1 2 53 g6 2 65 0.259144 0.195168 1
g1 2 41 g6 2 72 0.210633 0.170864 1
g1 2 52 g6 2 66 0.254924 0.126153 1
g1 2 72 g2 2 32 0.340122 0.2079 1
g1 2 48 g6 2 50 0.238239 0.147781 1
g1 2 64 g2 2 32 0.307036 0.161413 1
g1 2 42 g1 2 34 0.212889 0.0657474 1
g1 2 38 g1 2 34 0.197082 0.0576905 1
g1 2 29 g1 2 32 0.157563 0.0730474 1
g1 2 29 g1 2 29 0.157484 0.0591479 1
g1 2 31 g1 2 32 0.166016 0.0594514 1
g1 2 31 g1 2 31 0.165826 0.0512402 1
g1 2 36 g1 2 34 0.188757 0.0559701 1
g1 2 29 g1 2 29 0.157637 0.0584143 1
g2 2 28 g2 2 26 0.153375 0.0811795 1
g2 2 28 g2 2 26 0.153544 0.0851334 1
g2 2 31 g2 2 32 0.167069 0.152475 1
g2 2 26 g2 2 26 0.144376 0.15096 1
g2 2 27 g2 2 26 0.149678 0.134783 1
g2 2 23 g2 2 32 0.131749 0.14479 1
g2 2 26 g2 2 26 0.144494 0.128871 1
g2 2 27 g2 2 26 0.149339 0.0936361 1
g2 2 28 g2 2 26 0.153104 0.156916 1
g2 2 55 g2 2 50 0.26807 0.125751 1
g2 2 29 g2 2 26 0.156916 0.0853091 1
g2 2 28 g2 2 26 0.153083 0.083249 1
g2 2 28 g2 2 26 0.153554 0.105967 1
g2 2 29 g2 2 26 0.157096 0.106472 1
g2 2 30 g2 2 26 0.160957 0.165983 1
g2 2 27 g2 2 26 0.150233 0.128473 1
g2 2 21 g2 2 32 0.124363 0.237987 1
g2 2 27 g2 2 26 0.149102 0.0734326 1
g2 2 29 g2 2 26 0.157503 0.0851217 1
g2 2 27 g2 2 26 0.149027 0.132623 1
g2 2 30 g2 2 26 0.161582 0.125164 1
g2 2 30 g2 2 26 0.161151 0.203044 1
g2 2 26 g2 2 26 0.145073 0.144111 1
g2 2 31 g2 2 26 0.166542 0.0810045 1
g2 2 33 g2 2 32 0.178216 0.158366 1
g2 2 28 g2 2 26 0.153684 0.150752 1
g2 2 27 g2 2 32 0.148963 0.215898 1
g2 2 30 g2 2 26 0.160844 0.152333 1
g2 2 34 g2 2 26 0.181298 0.12261 1
g2 2 59 g2 2 53 0.285085 0.11708 1
g2 2 54 g2 2 45 0.263619 0.128014 1
g2 2 55 g2 2 50 0.268689 0.115755 1
g2 2 48 g1 2 43 0.239166 0.2597 1
g2 2 38 g2 2 42 0.198115 0.0980483 1
g2 2 42 g2 2 39 0.213566 0.102194 1
g2 2 64 g2 2 53 0.307577 0.107352 1
g2 2 43 g2 2 45 0.217914 0.08175 1
g2 2 37 g2 2 44 0.194026 0.0787427 1
g2 2 36 g2 2 39 0.189002 0.0732876 1
g2 2 39 g2 2 44 0.20145 0.0676211 1
g2 2 39 g2 2 39 0.2011 0.0572556 1
g2 2 41 g2 2 39 0.209942 0.058204 1
g2 2 39 g2 2 39 0.201477 0.0958255 1
g2 2 41 g2 2 39 0.209964 0.068372 1
g2 2 42 g2 2 44 0.213267 0.069749 1
g2 2 47 g2 2 44 0.233531 0.129113 1
g2 2 31 g2 2 41 0.166232 0.117848 1
g2 2 42 g2 2 39 0.213204 0.0603325 1
g2 2 84 g2 2 53 0.395454 0.158532 1
g2 2 41 g2 2 42 0.210153 0.0792109 1
g2 2 52 g2 2 44 0.255153 0.0678666 1
g2 2 52 g1 2 59 0.254706 0.214053 1
g2 2 40 g2 2 39 0.205727 0.100108 1
g2 2 37 g2 2 44 0.193109 0.0734798 1
g2 2 45 g1 2 64 0.225817 0.11533 1
g2 2 41 g2 2 44 0.210521 0.0894534 1
g2 2 49 g1 2 52 0.241977 0.192203 1
g2 2 46 g2 2 53 0.229864 0.113762 1
g2 2 40 g2 2 56 0.20541 0.109518 1
g2 2 56 g2 2 53 0.272012 0.108558 1
g2 2 35 g2 2 39 0.185162 0.0854126 1
g2 2 40 g1 2 57 0.206235 0.290744 1
g2 2 58 g2 2 48 0.281275 0.157088 1
g2 2 29 g2 2 26 0.157382 0.130603 1
g2 2 26 g2 2 26 0.144985 0.124375 1
g2 2 28 g2 2 26 0.153321 0.0648008 1
g3 1 71 g3 1 117 0.336547 0.324802 1
g3 1 68 g3 1 84 0.32487 0.195019 1
g3 1 95 g3 1 81 0.441513 0.297211 1
g3 1 102 g3 1 73 0.471519 0.238231 1
g3 1 107 g1 2 57 0.497465 0.435192 1
g3 1 96 g3 1 73 0.448858 0.256784 1
g3 1 91 g3 1 72 0.425598 0.283782 1
g3 1 93 g3 1 82 0.435215 0.278986 1
g3 1 86 g3 1 87 0.402028 0.278766 1
g3 1 87 g3 1 92 0.407203 0.286671 1
g3 1 88 g3 1 106 0.410694 0.25416 1
g3 1 92 g3 1 81 0.430316 0.213043 1
g3 1 92 g3 1 86 0.430349 0.243595 1
g3 1 92 g3 1 127 0.432963 0.215488 1
g3 1 90 g3 1 78 0.420804 0.48263 0
g3 1 86 g3 1 74 0.404982 0.250771 1
g3 1 80 g3 1 81 0.378629 0.197855 1
g3 1 113 g1 2 49 0.523241 0.365256 1
g3 1 95 g3 1 120 0.443096 0.277623 1
g3 1 95 g3 1 85 0.443384 0.214674 1
g3 1 99 g3 1 91 0.460833 0.21966 1
g3 1 93 g3 1 114 0.43515 0.216507 1
g3 1 92 g3 1 82 0.429497 0.243911 1
g3 1 85 g3 1 73 0.398604 0.253357 1
g3 1 91 g3 1 81 0.424603 0.303233 1
g3 1 88 g3 1 77 0.410468 0.279025 1
g3 1 99 g3 1 112 0.459085 0.301411 1
g3 1 132 g3 1 84 0.607029 0.282255 1
g3 1 114 g1 2 67 0.525779 0.433656 1
g3 1 97 g3 1 80 0.450888 0.194454 1
g3 1 111 g3 1 120 0.514355 0.219352 1
g3 1 104 g3 1 82 0.481179 0.272961 1
g3 1 97 g3 1 78 0.450703 0.214279 1
g3 1 100 g3 1 85 0.464171 0.238413 1
g3 1 101 g3 1 91 0.470867 0.246691 1
g3 1 98 g3 1 83 0.456304 0.266989 1
g3 1 102 g3 1 61 0.474069 0.319321 1
g3 1 115 g3 1 140 0.530397 0.259004 1
g3 1 120 g3 1 140 0.554882 0.257885 1
g3 1 92 g3 1 84 0.428248 0.376836 1
g3 1 76 g3 1 68 0.358342 0.838187 0
g3 1 97 g3 1 85 0.449933 0.281698 1
g3 1 85 g3 1 79 0.397373 0.211924 1
g3 1 77 g3 1 80 0.363168 0.193174 1
g3 1 81 g3 1 81 0.378567 0.214615 1
g3 1 86 g3 1 91 0.400194 0.293187 1
g3 1 77 g3 1 77 0.360917 0.329228 1
g3 1 85 g3 1 84 0.397197 0.171792 1
g3 1 79 g3 1 74 0.372682 0.219377 1
g3 1 78 g3 1 91 0.366698 0.301788 1
g3 1 84 g3 1 91 0.392529 0.249839 1
g4 2 71 g4 2 59 0.334745 0.197981 1
g4 2 71 g4 2 82 0.335235 0.0673577 1
g4 2 86 g4 2 87 0.401428 0.162387 1
g4 2 85 g4 2 82 0.396638 0.163094 1
g4 2 80 g4 2 90 0.375964 0.119479 1
g4 2 81 g4 2 99 0.38071 0.140361 1
g4 2 100 g3 1 89 0.462477 0.256963 1
g4 2 81 g4 2 82 0.379456 0.161404 1
g4 2 95 g4 2 94 0.442425 0.151724 1
g4 2 93 g4 2 95 0.433281 0.166845 1
g4 2 89 g4 2 90 0.414538 0.134421 1
g4 2 94 g4 2 99 0.436163 0.112284 1
g4 2 102 g4 2 101 0.473661 0.0792493 1
g4 2 89 g4 2 60 0.415458 0.120146 1
g4 2 57 g4 2 63 0.274174 0.127532 1
g4 2 60 g4 2 57 0.288451 0.0727951 1
g4 2 57 g4 2 55 0.275324 0.0765809 1
g4 2 63 g4 2 66 0.300565 0.145435 1
g4 2 59 g4 2 64 0.284306 0.103085 1
g4 2 65 g4 2 66 0.310787 0.109033 1
g4 2 67 g4 2 78 0.318624 0.0845207 1
g4 2 69 g4 2 78 0.327143 0.0992632 1
g4 2 77 g4 2 95 0.362169 0.150205 1
g4 2 57 g4 2 62 0.274243 0.105123 1
g4 2 72 g4 2 67 0.340227 0.0917946 1
g4 2 72 g4 2 72 0.339793 0.0487928 1
g4 2 80 g4 2 72 0.37405 0.096792 1
g4 2 79 g4 2 83 0.369324 0.110217 1
g4 2 92 g4 2 62 0.426886 0.0942064 1
g4 2 90 g4 2 66 0.418694 0.104487 1
g4 2 59 g4 2 72 0.28435 0.0842909 1
g4 2 59 g4 2 63 0.284827 0.0951817 1
g4 2 63 g4 2 66 0.301335 0.0775533 1
g4 2 66 g4 2 66 0.313695 0.130783 1
g4 2 87 g4 2 66 0.407169 0.0984169 1
g4 2 82 g4 2 66 0.382288 0.187906 1
g4 2 89 g4 2 79 0.415016 0.146783 1
g4 2 64 g4 2 62 0.305895 0.06811 1
g4 2 88 g4 2 79 0.411754 0.0983666 1
g4 2 100 g4 2 79 0.463465 0.107776 1
g4 2 80 g4 2 82 0.374998 0.0682101 1
g4 2 88 g4 2 62 0.409017 0.0951075 1
g5 2 84 g5 2 94 0.396575 0.0893276 1
g5 2 87 g5 2 85 0.406849 0.07674 1
g5 2 85 g5 2 101 0.400731 0.103887 1
g5 2 82 g5 2 101 0.384514 0.115029 1
g5 2 69 g5 2 98 0.331943 0.161708 1
g5 2 81 g5 2 98 0.382874 0.093637 1
g5 2 80 g4 2 65 0.376113 0.188495 1
g5 2 89 g5 2 98 0.417543 0.177104 1
g5 2 78 g5 2 100 0.367445 0.207057 1
g5 2 64 g5 2 62 0.307267 0.117363 1
g5 2 68 g5 2 68 0.324002 0.118527 1
g5 2 80 g5 2 68 0.37638 0.108617 1
g5 2 66 g5 2 82 0.316411 0.144767 1
g5 2 69 g4 2 60 0.328289 0.184893 1
g5 2 83 g5 2 100 0.390112 0.161194 1
g5 2 76 g5 2 68 0.358034 0.213484 1
g5 2 73 g5 2 100 0.346114 0.169533 1
g5 2 68 g5 2 68 0.323777 0.181235 1
g5 2 73 g5 2 100 0.346121 0.164479 1
g5 2 73 g4 2 59 0.345701 0.169954 1
g5 2 75 g5 2 99 0.354793 0.132889 1
g5 2 73 g4 2 59 0.345327 0.171729 1
g5 2 75 g4 2 70 0.354111 0.208315 1
g5 2 73 g5 2 98 0.345436 0.164008 1
g5 2 80 g5 2 98 0.381309 0.126467 1
g5 2 79 g5 2 106 0.372564 0.150373 1
g5 2 76 g4 2 59 0.359449 0.143915 1
g5 2 75 g5 2 106 0.354138 0.162088 1
g5 2 77 g5 2 100 0.363009 0.212821 1
g5 2 78 g5 2 88 0.368529 0.138219 1
g5 2 73 g4 2 65 0.345566 0.188444 1
g5 2 76 g5 2 98 0.360345 0.126548 1
g5 2 71 g5 2 88 0.339058 0.124091 1
g5 2 75 g5 2 98 0.356855 0.138346 1
g5 2 76 g5 2 98 0.359368 0.14134 1
g5 2 83 g5 2 96 0.389594 0.0967958 1
g5 2 110 g5 2 100 0.509085 0.117764 1
g5 2 77 g5 2 96 0.364782 0.0859853 1
g5 2 92 g5 2 101 0.428498 0.0756882 1
g5 2 92 g5 2 96 0.433112 0.121358 1
g5 2 98 g5 2 115 0.458516 0.128895 1
g5 2 92 g5 2 115 0.433251 0.0887364 1
g5 2 91 g5 2 105 0.426872 0.0983385 1
g5 2 98 g5 2 100 0.457436 0.0920366 1
g5 2 92 g5 2 98 0.432413 0.0726742 1
g6 2 78 g6 2 74 0.365104 0.0771508 1
g6 2 75 g6 2 74 0.352611 0.0886424 1
g6 2 81 g6 2 74 0.377561 0.0836842 1
g6 2 79 g6 2 65 0.37158 0.173104 1
g6 2 67 g6 2 74 0.318663 0.0672741 1
g6 2 66 g6 2 77 0.313429 0.118315 1
g6 2 71 g6 2 74 0.334922 0.0905255 1
g6 2 73 g6 2 74 0.343455 0.124846 1
g6 2 70 g6 2 74 0.331322 0.100239 1
g6 2 61 g6 2 74 0.293527 0.0983939 1
g6 2 76 g6 2 72 0.356718 0.148163 1
g6 2 82 g6 2 179 0.382243 0.0846958 1
g6 2 80 g6 2 79 0.374107 0.063838 1
g6 2 59 g6 2 74 0.284997 0.11493 1
g6 2 70 g6 2 79 0.331985 0.159495 1
g6 2 79 g6 2 75 0.369678 0.0817193 1
g6 2 67 g6 2 74 0.317563 0.091968 1
g6 2 84 g6 2 75 0.392588 0.0825079 1
g6 2 70 g6 2 74 0.33081 0.0787895 1
g6 2 68 g6 2 74 0.323752 0.138218 1
g6 2 80 g6 2 74 0.373645 0.0904658 1
g6 2 115 g6 2 74 0.526004 0.146904 1
g6 2 74 g6 2 75 0.347275 0.0920864 1
g6 2 66 g6 2 75 0.3135 0.116224 1
g6 2 70 g6 2 74 0.331589 0.116515 1
g6 2 68 g6 2 86 0.321478 0.238972 1
g6 2 86 g6 2 74 0.399971 0.111647 1
g6 2 68 g6 2 74 0.322546 0.0831092 1
g6 2 68 g6 2 74 0.321745 0.086832 1
g6 2 56 g6 2 64 0.270281 0.0933762 1
g6 2 61 g6 2 65 0.292945 0.0761368 1
g6 2 63 g6 2 65 0.301952 0.105658 1
g6 2 99 g6 2 94 0.458714 0.363476 1
g6 2 75 g1 2 48 0.355886 0.249605 1
g6 2 61 g6 2 62 0.292462 0.0327492 1
g6 2 63 g6 2 63 0.301414 0.0631679 1
g6 2 67 g6 2 63 0.318055 0.05762 1
g6 2 64 g6 2 67 0.305145 0.0627893 1
g6 2 71 g6 2 70 0.335174 0.0710151 1
g6 2 76 g6 2 72 0.357117 0.0616743 1
g6 2 71 g6 2 86 0.334473 0.0880207 1
g7 1 73 g7 1 87 0.346132 0.276653 1
g7 1 65 g7 1 83 0.311304 0.214454 1
g7 1 71 g7 1 67 0.336383 0.282719 1
g7 1 73 g7 1 102 0.346599 0.152302 1
g7 1 78 g7 1 66 0.366673 0.281868 1
g7 1 82 g7 1 79 0.38495 0.254095 1
g7 1 66 g7 1 90 0.315399 0.298982 1
g7 1 72 g7 1 73 0.340967 0.12482 1
g7 1 52 g7 1 60 0.255209 0.216389 1
g7 1 63 g3 1 83 0.302182 0.402751 1
g7 1 67 g7 1 65 0.318141 0.216339 1
g7 1 72 g7 1 66 0.340175 0.16338 1
g7 1 69 g7 1 76 0.327171 0.217292 1
g7 1 65 g7 1 56 0.309456 0.176963 1
g7 1 56 g7 1 55 0.270657 0.216631 1
g7 1 64 g7 1 60 0.305713 0.174255 1
g7 1 63 g7 1 55 0.301149 0.159184 1
g7 1 58 g7 1 62 0.280799 0.214683 1
g7 1 60 g7 1 89 0.288495 0.287003 1
g7 1 61 g7 1 54 0.292127 0.1594 1
g7 1 61 g7 1 62 0.292223 0.197077 1
g7 1 54 g7 1 51 0.264578 0.0359672 1
g7 1 75 g1 2 31 0.353194 0.531559 0
g7 1 68 g7 1 69 0.323117 0.227489 1
g7 1 88 g7 1 54 0.410353 0.322716 1
g7 1 72 g7 1 94 0.339539 0.355573 1
g7 1 67 g2 2 44 0.317703 0.433212 1
g7 1 74 g7 1 73 0.348048 0.162263 1
g7 1 70 g1 2 31 0.33172 0.556073 0
g7 1 70 g3 1 130 0.330166 0.527538 0
g7 1 72 g7 1 69 0.339107 0.213634 1
g7 1 85 g7 1 93 0.395981 0.297133 1
g7 1 77 g7 1 88 0.361819 0.299293 1
g7 1 79 g7 1 67 0.370684 0.217543 1
g7 1 90 g7 1 66 0.418386 0.204809 1
g7 1 136 g7 1 88 0.624787 0.278841 1
g7 1 66 g7 1 75 0.314803 0.243261 1
g7 1 67 g7 1 97 0.318758 0.255342 1
g7 1 78 g7 1 97 0.368386 0.302368 1
g7 1 78 g7 1 75 0.367316 0.2283 1
g7 1 88 g7 1 79 0.410951 0.267838 1
g7 1 97 g7 1 91 0.450203 0.194214 1
g7 1 62 g7 1 67 0.297274 0.300022 1
g7 1 101 g7 1 77 0.468188 0.175852 1
g7 1 39 g7 1 67 0.200098 0.363805 1
g7 1 70 g7 1 100 0.332039 0.366107 1
g7 1 72 g7 1 66 0.341171 0.154116 1
g7 1 71 g7 1 60 0.335945 0.27246 1
g7 1 72 g7 1 73 0.341601 0.167207 1
g7 1 96 g7 1 79 0.448702 0.237336 1
g7 1 63 g7 1 57 0.301837 0.30922 1
g7 1 66 g7 1 65 0.313809 0.258674 1
g7 1 84 g7 1 89 0.393155 0.162882 1
g7 1 119 g7 1 91 0.550873 0.298131 1
g7 1 110 g7 1 103 0.508729 0.245886 1
g7 1 105 g7 1 72 0.487195 0.384203 1
g7 1 104 g7 1 103 0.482518 0.223071 1
g7 1 91 g7 1 71 0.422899 0.238848 1
g7 1 99 g7 1 94 0.461031 0.159645 1
g7 1 83 g7 1 93 0.389071 0.211323 1
g7 1 92 g7 1 94 0.42863 0.157543 1
g7 1 88 g7 1 91 0.410902 0.186894 1
g7 1 93 g7 1 94 0.43576 0.166753 1
