g1 2 9 g6 2 11 0.01873 0.207 1
g1 2 9 g6 2 11 0.018774 0.200655 1
g1 2 12 g6 2 9 0.022158 0.195368 1
g1 2 13 g1 2 9 0.023336 0.155791 1
g1 2 11 g6 2 11 0.020415 0.253024 1
g1 2 9 g1 2 9 0.019938 0.187297 1
g1 2 10 g1 2 9 0.01913 0.17418 1
g1 2 9 g1 2 9 0.018322 0.201185 1
g1 2 9 g1 2 9 0.018129 0.133859 1
g1 2 9 g1 2 9 0.019252 0.148181 1
g1 2 9 g1 2 9 0.020153 0.149938 1
g1 2 9 g1 2 9 0.018517 0.122388 1
g1 2 10 g1 2 10 0.020324 0.104783 1
g1 2 10 g1 2 9 0.020285 0.10878 1
g1 2 9 g1 2 9 0.019145 0.135804 1
g1 2 13 g6 2 11 0.02172 0.221633 1
g1 2 9 g1 2 10 0.018376 0.138928 1
g1 2 11 g6 2 11 0.020022 0.237682 1
g1 2 9 g6 2 9 0.018616 0.17587 1
g1 2 9 g6 2 11 0.018719 0.222136 1
g1 2 9 g6 2 9 0.018684 0.20125 1
g1 2 9 g6 2 11 0.017504 0.284821 1
g1 2 10 g2 2 12 0.019756 0.235168 1
g1 2 9 g1 2 9 0.01848 0.127528 1
g1 2 9 g1 2 9 0.018585 0.0972801 1
g1 2 12 g1 2 13 0.022972 0.161311 1
g1 2 9 g1 2 9 0.020966 0.202723 1
g1 2 16 g1 2 16 0.027759 0.303281 1
g1 2 14 g1 2 9 0.023798 0.236207 1
g1 2 12 g1 2 15 0.023225 0.13828 1
g1 2 9 g1 2 9 0.018698 0.120527 1
g1 2 10 g1 2 9 0.019534 0.218668 1
g1 2 8 g1 2 9 0.019355 0.161052 1
g1 2 9 g1 2 15 0.018249 0.276075 1
g1 2 9 g1 2 13 0.019411 0.271934 1
g1 2 12 g1 2 13 0.02164 0.193908 1
g1 2 12 g1 2 9 0.022101 0.217895 1
g1 2 12 g1 2 13 0.022789 0.167888 1
g1 2 10 g1 2 10 0.019904 0.195344 1
g1 2 11 g1 2 9 0.020197 0.167621 1
g1 2 11 g1 2 12 0.022289 0.186097 1
g1 2 12 g1 2 13 0.021728 0.235279 1
g1 2 11 g1 2 11 0.021296 0.201079 1
g1 2 9 g1 2 9 0.018918 0.228828 1
g1 2 13 g1 2 9 0.022916 0.21972 1
g1 2 9 g1 2 9 0.018673 0.309071 1
g1 2 9 g6 2 11 0.018633 0.218065 1
g1 2 9 g6 2 10 0.018308 0.216976 1
g1 2 9 g6 2 11 0.018845 0.21532 1
g1 2 9 g6 2 11 0.018822 0.174629 1
g1 2 15 g6 2 11 0.024139 0.230591 1
g1 2 10 g6 2 9 0.019771 0.206208 1
g1 2 13 g2 2 6 0.021893 0.244949 1
g1 2 9 g1 2 9 0.01861 0.117542 1
g1 2 9 g1 2 9 0.019071 0.110549 1
g1 2 5 g1 2 5 0.015782 0.154728 1
g1 2 7 g1 2 7 0.016569 0.081809 1
g1 2 7 g1 2 8 0.017632 0.114106 1
g1 2 7 g1 2 7 0.016838 0.0722003 1
g1 2 9 g1 2 9 0.018645 0.0695519 1
g1 2 6 g1 2 7 0.016785 0.147393 1
g2 2 5 g2 2 5 0.01539 0.102222 1
g2 2 7 g2 2 5 0.016848 0.174286 1
g2 2 7 g2 2 6 0.017019 0.183357 1
g2 2 5 g2 2 5 0.015375 0.19421 1
g2 2 7 g2 2 5 0.017667 0.209643 1
g2 2 5 g2 2 6 0.014887 0.262219 1
g2 2 5 g2 2 5 0.018102 0.1708 1
g2 2 5 g2 2 5 0.019167 0.123602 1
g2 2 5 g2 2 5 0.018075 0.214447 1
g2 2 11 g2 2 9 0.021475 0.152417 1
g2 2 7 g2 2 5 0.018408 0.167315 1
g2 2 5 g2 2 5 0.015711 0.0983311 1
g2 2 5 g2 2 5 0.015514 0.168549 1
g2 2 5 g2 2 5 0.015095 0.127172 1
g2 2 6 g2 2 5 0.01636 0.219791 1
g2 2 5 g2 2 5 0.01541 0.159633 1
g2 2 3 g2 2 6 0.013549 0.498637 0
g2 2 5 g2 2 5 0.015667 0.0882792 1
g2 2 5 g2 2 5 0.015897 0.123272 1
g2 2 5 g2 2 5 0.015213 0.170044 1
g2 2 7 g2 2 5 0.016539 0.205444 1
g2 2 6 g2 2 5 0.016698 0.27755 1
g2 2 5 g2 2 5 0.015113 0.184399 1
g2 2 7 g2 2 5 0.017314 0.167261 1
g2 2 6 g2 2 6 0.016753 0.209239 1
g2 2 5 g2 2 5 0.015221 0.213295 1
g2 2 5 g2 2 6 0.016013 0.279554 1
g2 2 6 g2 2 6 0.016519 0.329381 1
g2 2 8 g2 2 5 0.018443 0.226315 1
g2 2 12 g2 2 9 0.02135 0.15174 1
g2 2 11 g1 2 9 0.020783 0.250447 1
g2 2 11 g2 2 11 0.019754 0.155342 1
g2 2 8 g2 2 11 0.017931 0.20413 1
g2 2 8 g2 2 9 0.018495 0.159091 1
g2 2 8 g2 2 8 0.017824 0.161019 1
g2 2 10 g2 2 9 0.020297 0.194618 1
g2 2 9 g2 2 9 0.018814 0.0995637 1
g2 2 7 g2 2 7 0.017346 0.130824 1
g2 2 6 g2 2 9 0.017309 0.167534 1
g2 2 5 g2 2 8 0.015364 0.208894 1
g2 2 5 g2 2 7 0.015173 0.208373 1
g2 2 7 g2 2 7 0.017524 0.132848 1
g2 2 5 g1 2 5 0.015696 0.280119 1
g2 2 7 g2 2 7 0.016991 0.143709 1
g2 2 8 g2 2 9 0.017967 0.133847 1
g2 2 7 g2 2 8 0.0171 0.23218 1
g2 2 5 g2 2 7 0.015528 0.23306 1
g2 2 7 g2 2 9 0.018102 0.172997 1
g2 2 10 g2 2 9 0.019666 0.199412 1
g2 2 9 g2 2 9 0.019075 0.129853 1
g2 2 8 g2 2 8 0.018552 0.133239 1
g2 2 9 g1 2 9 0.018825 0.259038 1
g2 2 8 g2 2 8 0.018743 0.160328 1
g2 2 5 g2 2 7 0.016361 0.189718 1
g2 2 9 g1 2 9 0.019206 0.211821 1
g2 2 7 g2 2 7 0.017277 0.120153 1
g2 2 10 g1 2 11 0.019291 0.253532 1
g2 2 9 g2 2 9 0.018734 0.18711 1
g2 2 9 g2 2 9 0.018839 0.138649 1
g2 2 10 g2 2 9 0.019117 0.163978 1
g2 2 7 g2 2 9 0.015826 0.22464 1
g2 2 8 g2 2 9 0.018066 0.416986 0
g2 2 11 g2 2 11 0.020246 0.191218 1
g2 2 5 g2 2 5 0.015446 0.168484 1
g2 2 5 g2 2 5 0.015448 0.16625 1
g2 2 5 g2 2 5 0.016395 0.0868537 1
g3 1 14 g3 1 16 0.025256 0.33137 1
g3 1 12 g3 1 10 0.024109 0.206031 1
g3 1 14 g3 1 21 0.027485 0.259147 1
g3 1 15 g3 1 11 0.029153 0.343799 0
g3 1 15 g1 2 10 0.030505 0.427499 0
g3 1 14 g3 1 11 0.031065 0.325238 1
g3 1 15 g3 1 12 0.029582 0.307581 1
g3 1 13 g3 1 14 0.027364 0.348918 0
g3 1 9 g3 1 17 0.025055 0.354165 0
g3 1 14 g3 1 12 0.027611 0.338943 1
g3 1 12 g3 1 11 0.027279 0.381205 0
g3 1 15 g3 1 14 0.028649 0.253916 1
g3 1 14 g3 1 13 0.027586 0.311772 1
g3 1 13 g3 1 17 0.027747 0.228617 1
g3 1 11 g3 1 14 0.025009 0.503973 0
g3 1 11 g3 1 14 0.026292 0.240203 1
g3 1 14 g3 1 14 0.026108 0.227163 1
g3 1 15 g3 1 17 0.030551 0.29437 1
g3 1 10 g3 1 12 0.025002 0.348903 0
g3 1 12 g3 1 16 0.026873 0.31897 1
g3 1 13 g3 1 13 0.029413 0.27666 1
g3 1 13 g3 1 17 0.02744 0.247503 1
g3 1 15 g3 1 14 0.028391 0.290629 1
g3 1 11 g3 1 11 0.025126 0.34547 0
g3 1 17 g3 1 17 0.03003 0.294984 1
g3 1 9 g3 1 11 0.022101 0.373655 0
g3 1 18 g3 1 15 0.030401 0.317855 1
g3 1 14 g3 1 13 0.02857 0.333539 1
g3 1 23 g3 1 16 0.036327 0.235671 1
g3 1 14 g3 1 13 0.02804 0.26242 1
g3 1 21 g3 1 16 0.037024 0.266221 1
g3 1 17 g3 1 20 0.036344 0.270631 1
g3 1 11 g3 1 11 0.028746 0.273 1
g3 1 16 g3 1 13 0.029841 0.269664 1
g3 1 16 g3 1 11 0.033446 0.287337 1
g3 1 13 g3 1 12 0.026399 0.310249 1
g3 1 14 g3 1 14 0.028728 0.349036 1
g3 1 21 g3 1 22 0.032363 0.263956 1
g3 1 20 g3 1 18 0.032071 0.285326 1
g3 1 13 g3 1 15 0.025945 0.358166 0
g3 1 3 g3 1 11 0.020994 0.853368 0
g3 1 13 g3 1 15 0.025342 0.317139 1
g3 1 10 g3 1 16 0.02498 0.265215 1
g3 1 10 g3 1 11 0.024685 0.248041 1
g3 1 13 g3 1 14 0.026387 0.284513 1
g3 1 12 g3 1 14 0.02697 0.319852 0
g3 1 10 g3 1 13 0.024746 0.394732 0
g3 1 13 g3 1 11 0.025954 0.185491 1
g3 1 10 g3 1 9 0.023407 0.272295 1
g3 1 10 g3 1 16 0.024791 0.308074 0
g3 1 15 g3 1 11 0.027564 0.264477 1
g4 2 16 g4 2 14 0.026344 0.22213 1
g4 2 16 g4 2 18 0.027282 0.10125 1
g4 2 17 g4 2 17 0.028897 0.183317 1
g4 2 17 g4 2 17 0.026734 0.19284 1
g4 2 19 g4 2 19 0.029544 0.137549 1
g4 2 17 g4 2 19 0.029209 0.178359 1
g4 2 16 g3 1 11 0.029997 0.345375 1
g4 2 17 g4 2 19 0.028807 0.183669 1
g4 2 19 g4 2 18 0.03066 0.164658 1
g4 2 19 g4 2 20 0.031867 0.176548 1
g4 2 18 g4 2 19 0.028923 0.175785 1
g4 2 19 g4 2 19 0.031388 0.152026 1
g4 2 20 g4 2 21 0.032892 0.0968981 1
g4 2 16 g4 2 14 0.026901 0.144803 1
g4 2 14 g4 2 13 0.024578 0.145411 1
g4 2 14 g4 2 15 0.024183 0.130551 1
g4 2 12 g4 2 13 0.022315 0.0908608 1
g4 2 15 g4 2 17 0.02508 0.15796 1
g4 2 14 g4 2 14 0.023465 0.117585 1
g4 2 15 g4 2 16 0.02483 0.130996 1
g4 2 16 g4 2 18 0.027113 0.101854 1
g4 2 15 g4 2 14 0.025831 0.119018 1
g4 2 17 g4 2 18 0.026993 0.175112 1
g4 2 14 g4 2 14 0.023409 0.13255 1
g4 2 18 g4 2 16 0.028509 0.112383 1
g4 2 19 g4 2 17 0.028763 0.0802719 1
g4 2 17 g4 2 16 0.02734 0.110029 1
g4 2 16 g4 2 16 0.026012 0.119151 1
g4 2 16 g4 2 14 0.026777 0.121176 1
g4 2 19 g4 2 17 0.029641 0.115327 1
g4 2 14 g4 2 15 0.025634 0.115538 1
g4 2 13 g4 2 15 0.024407 0.102327 1
g4 2 15 g4 2 16 0.025236 0.099759 1
g4 2 15 g4 2 16 0.024696 0.152034 1
g4 2 18 g4 2 17 0.029186 0.108785 1
g4 2 16 g4 2 17 0.029372 0.200872 1
g4 2 18 g4 2 17 0.028713 0.17389 1
g4 2 16 g4 2 14 0.02639 0.0937069 1
g4 2 18 g4 2 18 0.028689 0.107459 1
g4 2 19 g4 2 17 0.029907 0.137499 1
g4 2 18 g4 2 18 0.029323 0.0936688 1
g4 2 16 g4 2 14 0.026187 0.131906 1
g5 2 16 g5 2 17 0.026418 0.12387 1
g5 2 16 g5 2 15 0.027526 0.11807 1
g5 2 14 g5 2 17 0.025236 0.149777 1
g5 2 15 g5 2 20 0.025244 0.174743 1
g5 2 12 g5 2 19 0.02047 0.219182 1
g5 2 17 g5 2 19 0.027487 0.136677 1
g5 2 16 g4 2 15 0.025323 0.231659 1
g5 2 18 g5 2 19 0.029384 0.221335 1
g5 2 15 g5 2 19 0.02459 0.241094 1
g5 2 11 g5 2 11 0.01981 0.184516 1
g5 2 11 g5 2 11 0.020536 0.189113 1
g5 2 17 g5 2 13 0.026575 0.166826 1
g5 2 13 g5 2 10 0.021973 0.202443 1
g5 2 13 g4 2 15 0.023799 0.251023 1
g5 2 18 g5 2 19 0.0287 0.190371 1
g5 2 14 g5 2 20 0.022806 0.248821 1
g5 2 14 g5 2 19 0.024198 0.215221 1
g5 2 10 g5 2 19 0.019372 0.231041 1
g5 2 11 g5 2 19 0.02168 0.208534 1
g5 2 13 g5 2 17 0.022264 0.190637 1
g5 2 15 g5 2 20 0.025295 0.174342 1
g5 2 13 g5 2 17 0.023687 0.188927 1
g5 2 14 g5 2 18 0.024459 0.239147 1
g5 2 12 g5 2 19 0.021043 0.203377 1
g5 2 16 g5 2 19 0.025492 0.17266 1
g5 2 17 g5 2 20 0.026897 0.176841 1
g5 2 12 g4 2 14 0.021881 0.185953 1
g5 2 17 g5 2 18 0.027593 0.230905 1
g5 2 13 g5 2 19 0.024288 0.248704 1
g5 2 16 g5 2 22 0.028516 0.214211 1
g5 2 14 g4 2 15 0.036741 0.224928 1
g5 2 12 g5 2 19 0.025717 0.169052 1
g5 2 13 g5 2 12 0.022714 0.183179 1
g5 2 14 g5 2 19 0.023137 0.204192 1
g5 2 15 g5 2 18 0.025075 0.181574 1
g5 2 15 g5 2 18 0.026248 0.136 1
g5 2 19 g5 2 19 0.030269 0.169665 1
g5 2 17 g5 2 20 0.027587 0.125603 1
g5 2 14 g5 2 18 0.025124 0.113133 1
g5 2 16 g5 2 19 0.02658 0.181455 1
g5 2 18 g5 2 20 0.030919 0.17012 1
g5 2 18 g5 2 20 0.030788 0.136143 1
g5 2 17 g5 2 19 0.028658 0.162742 1
g5 2 20 g5 2 20 0.032528 0.131666 1
g5 2 18 g5 2 19 0.035877 0.124925 1
g6 2 13 g6 2 14 0.029413 0.0981391 1
g6 2 14 g6 2 14 0.027179 0.128893 1
g6 2 15 g6 2 14 0.026467 0.13954 1
g6 2 16 g6 2 12 0.02739 0.211155 1
g6 2 14 g6 2 14 0.027202 0.115384 1
g6 2 13 g6 2 12 0.024189 0.152645 1
g6 2 12 g6 2 14 0.025564 0.131589 1
g6 2 13 g6 2 14 0.026054 0.156461 1
g6 2 13 g6 2 14 0.027471 0.129949 1
g6 2 11 g6 2 14 0.023035 0.175267 1
g6 2 15 g6 2 15 0.025237 0.192648 1
g6 2 15 g6 2 17 0.026097 0.110406 1
g6 2 15 g6 2 14 0.02474 0.110725 1
g6 2 11 g6 2 14 0.021361 0.155668 1
g6 2 13 g6 2 16 0.024917 0.205123 1
g6 2 15 g6 2 14 0.027041 0.124651 1
g6 2 12 g6 2 14 0.022753 0.145777 1
g6 2 16 g6 2 15 0.027274 0.130065 1
g6 2 14 g6 2 14 0.025403 0.118196 1
g6 2 14 g6 2 14 0.025924 0.20757 1
g6 2 14 g6 2 14 0.025803 0.132847 1
g6 2 19 g6 2 15 0.029958 0.147426 1
g6 2 15 g6 2 14 0.026421 0.178054 1
g6 2 13 g6 2 15 0.024411 0.158988 1
g6 2 13 g6 2 14 0.023148 0.156817 1
g6 2 14 g6 2 15 0.022992 0.13548 1
g6 2 16 g6 2 14 0.026611 0.156673 1
g6 2 13 g6 2 14 0.024803 0.137846 1
g6 2 12 g6 2 14 0.023417 0.135583 1
g6 2 12 g6 2 11 0.022113 0.164873 1
g6 2 12 g6 2 15 0.021081 0.117357 1
g6 2 12 g6 2 15 0.022451 0.145963 1
g6 2 19 g1 2 9 0.029349 0.438266 1
g6 2 17 g1 2 10 0.027636 0.27992 1
g6 2 10 g6 2 11 0.021698 0.0680855 1
g6 2 11 g6 2 11 0.020726 0.106939 1
g6 2 11 g6 2 11 0.020475 0.0812173 1
g6 2 11 g6 2 11 0.020135 0.109423 1
g6 2 13 g6 2 11 0.022364 0.143538 1
g6 2 14 g6 2 15 0.02536 0.105487 1
g6 2 13 g6 2 15 0.02461 0.135612 1
g7 1 11 g7 1 9 0.023208 0.328697 1
g7 1 13 g7 1 11 0.028099 0.322455 1
g7 1 12 g7 1 18 0.0238 0.348309 1
g7 1 11 g7 1 12 0.026389 0.22274 1
g7 1 13 g7 1 17 0.026867 0.368345 1
g7 1 15 g7 1 14 0.029232 0.295862 1
g7 1 10 g7 1 15 0.022383 0.329814 1
g7 1 7 g7 1 13 0.02162 0.24398 1
g7 1 11 g7 1 10 0.021857 0.305279 1
g7 1 11 g7 1 11 0.020336 0.303186 1
g7 1 9 g7 1 7 0.01947 0.39961 1
g7 1 11 g7 1 13 0.020241 0.197913 1
g7 1 10 g7 1 14 0.02115 0.274994 1
g7 1 7 g7 1 9 0.019209 0.263586 1
g7 1 6 g7 1 9 0.017841 0.276329 1
g7 1 10 g7 1 9 0.020806 0.220595 1
g7 1 6 g7 1 10 0.017924 0.400623 1
g7 1 8 g7 1 8 0.020257 0.243627 1
g7 1 11 g7 1 11 0.021004 0.343528 1
g7 1 9 g7 1 9 0.020299 0.211447 1
g7 1 8 g7 1 8 0.020044 0.279558 1
g7 1 4 g7 1 2 0.018652 0.139656 1
g7 1 10 g2 2 7 0.02153 0.614276 0
g7 1 11 g7 1 11 0.021354 0.272573 1
g7 1 12 g7 1 10 0.024103 0.388857 1
g7 1 15 g7 1 17 0.02498 0.378171 1
g7 1 8 g2 2 9 0.024022 0.539018 0
g7 1 10 g7 1 13 0.02324 0.196192 1
g7 1 9 g2 2 7 0.022205 0.608379 0
g7 1 11 g7 1 13 0.02503 0.451182 0
g7 1 15 g7 1 13 0.028464 0.259794 1
g7 1 14 g7 1 15 0.025396 0.357996 1
g7 1 9 g2 2 9 0.023622 0.469941 0
g7 1 13 g7 1 11 0.024219 0.324472 1
g7 1 16 g7 1 11 0.02862 0.245051 1
g7 1 22 g7 1 11 0.033842 0.351533 1
g7 1 12 g7 1 16 0.023321 0.369131 1
g7 1 10 g7 1 17 0.023177 0.323024 1
g7 1 14 g7 1 13 0.026503 0.376123 1
g7 1 12 g7 1 11 0.024974 0.29498 1
g7 1 13 g7 1 11 0.029611 0.300104 1
g7 1 11 g7 1 12 0.026363 0.244886 1
g7 1 10 g7 1 7 0.021258 0.334643 1
g7 1 16 g7 1 14 0.027738 0.239957 1
g7 1 6 g7 1 10 0.017662 0.410537 1
g7 1 11 g7 1 14 0.020775 0.263522 1
g7 1 8 g7 1 13 0.021362 0.201454 1
g7 1 11 g7 1 17 0.02171 0.418106 1
g7 1 8 g7 1 13 0.020556 0.224069 1
g7 1 13 g7 1 14 0.024613 0.300951 1
g7 1 12 g7 1 8 0.022059 0.40363 1
g7 1 3 g7 1 7 0.017082 0.328986 1
g7 1 12 g7 1 11 0.025996 0.190596 1
g7 1 18 g7 1 9 0.039041 0.360581 1
g7 1 15 g7 1 14 0.042815 0.274195 1
g7 1 16 g7 1 9 0.033005 0.488391 0
g7 1 14 g7 1 14 0.030518 0.259449 1
g7 1 3 g7 1 5 0.022142 0.401089 0
g7 1 15 g7 1 17 0.030324 0.200699 1
g7 1 16 g7 1 13 0.028783 0.256791 1
g7 1 17 g7 1 17 0.029972 0.193028 1
g7 1 12 g7 1 11 0.024647 0.2518 1
g7 1 13 g7 1 17 0.026802 0.204678 1
