g1 2 7 g6 2 7 0.014999 0.181519 1
g1 2 7 g6 2 9 0.016157 0.183833 1
g1 2 10 g6 2 9 0.018005 0.162258 1
g1 2 11 g1 2 11 0.019369 0.195058 1
g1 2 9 g2 2 11 0.017151 0.233986 1
g1 2 7 g1 2 7 0.016176 0.180171 1
g1 2 8 g1 2 7 0.015654 0.130034 1
g1 2 7 g1 2 7 0.0153 0.204901 1
g1 2 7 g1 2 7 0.017423 0.119248 1
g1 2 7 g1 2 7 0.015821 0.142807 1
g1 2 7 g1 2 7 0.01636 0.11768 1
g1 2 7 g1 2 7 0.015566 0.135813 1
g1 2 8 g1 2 8 0.016632 0.100516 1
g1 2 8 g1 2 7 0.016328 0.11711 1
g1 2 7 g1 2 7 0.015181 0.0885855 1
g1 2 11 g6 2 9 0.017855 0.207115 1
g1 2 7 g1 2 7 0.015461 0.110451 1
g1 2 9 g6 2 11 0.016051 0.200656 1
g1 2 7 g6 2 7 0.014838 0.146879 1
g1 2 7 g6 2 9 0.016279 0.200609 1
g1 2 7 g6 2 7 0.014302 0.183141 1
g1 2 7 g6 2 10 0.013801 0.28046 1
g1 2 8 g2 2 12 0.015603 0.198788 1
g1 2 7 g1 2 7 0.016132 0.101647 1
g1 2 7 g1 2 7 0.020047 0.0737012 1
g1 2 10 g1 2 11 0.023287 0.162046 1
g1 2 7 g1 2 9 0.016832 0.187971 1
g1 2 14 g1 2 14 0.022288 0.281546 1
g1 2 12 g1 2 13 0.019761 0.219707 1
g1 2 10 g1 2 13 0.01978 0.146987 1
g1 2 7 g1 2 7 0.015173 0.123999 1
g1 2 8 g1 2 7 0.015489 0.191659 1
g1 2 6 g1 2 7 0.014774 0.142936 1
g1 2 7 g1 2 7 0.014683 0.252797 1
g1 2 7 g1 2 7 0.015373 0.332678 0
g1 2 10 g1 2 8 0.017534 0.163352 1
g1 2 10 g1 2 7 0.018019 0.210225 1
g1 2 10 g1 2 11 0.018017 0.164224 1
g1 2 8 g1 2 7 0.015511 0.207688 1
g1 2 9 g1 2 7 0.016121 0.142471 1
g1 2 9 g1 2 10 0.017767 0.187031 1
g1 2 10 g1 2 8 0.017104 0.225593 1
g1 2 9 g1 2 9 0.01672 0.204222 1
g1 2 7 g1 2 7 0.014644 0.203074 1
g1 2 11 g1 2 7 0.018475 0.181151 1
g1 2 7 g1 2 7 0.015254 0.285865 1
g1 2 7 g6 2 10 0.014838 0.179024 1
g1 2 7 g6 2 9 0.014733 0.211462 1
g1 2 7 g6 2 7 0.014733 0.165326 1
g1 2 7 g6 2 9 0.015033 0.179251 1
g1 2 13 g6 2 9 0.021896 0.195599 1
g1 2 8 g6 2 9 0.019977 0.169947 1
g1 2 11 g2 2 4 0.023593 0.304043 1
g1 2 7 g1 2 7 0.016216 0.113768 1
g1 2 7 g1 2 7 0.017542 0.109492 1
g1 2 3 g1 2 3 0.013703 0.151006 1
g1 2 5 g1 2 5 0.014235 0.0823765 1
g1 2 5 g1 2 6 0.01521 0.124973 1
g1 2 5 g1 2 5 0.013841 0.0613995 1
g1 2 7 g1 2 7 0.016701 0.0611772 1
g1 2 4 g1 2 5 0.013721 0.190049 1
g2 2 3 g2 2 3 0.012143 0.10876 1
g2 2 5 g2 2 3 0.013827 0.207747 1
g2 2 5 g2 2 4 0.013595 0.183968 1
g2 2 3 g2 2 3 0.012023 0.202553 1
g2 2 5 g2 2 3 0.013837 0.24614 1
g2 2 3 g2 2 4 0.009141 0.314867 1
g2 2 3 g2 2 3 0.011177 0.132308 1
g2 2 3 g2 2 3 0.011711 0.105356 1
g2 2 3 g2 2 3 0.011282 0.148706 1
g2 2 9 g2 2 7 0.017655 0.131914 1
g2 2 5 g2 2 3 0.014617 0.203247 1
g2 2 3 g2 2 3 0.011512 0.118788 1
g2 2 3 g2 2 3 0.011979 0.199845 1
g2 2 3 g2 2 3 0.011668 0.163886 1
g2 2 4 g2 2 4 0.0129 0.306448 1
g2 2 3 g2 2 3 0.011688 0.183906 1
g2 2 1 g2 2 11 0.003584 0.570041 0
g2 2 3 g2 2 3 0.011464 0.108775 1
g2 2 3 g2 2 3 0.012137 0.163827 1
g2 2 3 g2 2 3 0.011639 0.195573 1
g2 2 5 g2 2 3 0.01308 0.266295 1
g2 2 4 g2 2 4 0.012926 0.300265 1
g2 2 3 g2 2 3 0.012216 0.190134 1
g2 2 5 g2 2 3 0.014188 0.199658 1
g2 2 4 g2 2 4 0.013369 0.223297 1
g2 2 3 g2 2 3 0.012292 0.165346 1
g2 2 3 g2 2 4 0.011881 0.342926 1
g2 2 4 g2 2 3 0.012839 0.227529 1
g2 2 6 g2 2 3 0.015961 0.254069 1
g2 2 10 g2 2 7 0.016868 0.138287 1
g2 2 9 g1 2 8 0.016611 0.211324 1
g2 2 9 g2 2 9 0.017251 0.141563 1
g2 2 6 g2 2 9 0.016267 0.228545 1
g2 2 6 g2 2 7 0.015669 0.149635 1
g2 2 6 g2 2 7 0.014222 0.177783 1
g2 2 8 g2 2 7 0.015552 0.148972 1
g2 2 7 g2 2 7 0.014811 0.10783 1
g2 2 5 g2 2 5 0.0132 0.123269 1
g2 2 4 g2 2 5 0.015068 0.175887 1
g2 2 3 g1 2 3 0.012878 0.263772 1
g2 2 3 g1 2 3 0.011705 0.279056 1
g2 2 5 g2 2 5 0.013798 0.139708 1
g2 2 3 g2 2 5 0.011529 0.266047 1
g2 2 5 g2 2 5 0.013331 0.141643 1
g2 2 6 g1 2 6 0.014143 0.162036 1
g2 2 5 g2 2 6 0.013347 0.224392 1
g2 2 3 g1 2 6 0.011527 0.275518 1
g2 2 5 g2 2 7 0.014531 0.185469 1
g2 2 8 g2 2 7 0.015509 0.215436 1
g2 2 7 g2 2 7 0.014938 0.116932 1
g2 2 6 g2 2 6 0.014381 0.141955 1
g2 2 7 g1 2 8 0.015014 0.234564 1
g2 2 6 g2 2 6 0.014547 0.164541 1
g2 2 3 g1 2 3 0.011593 0.262615 1
g2 2 7 g1 2 7 0.014511 0.172932 1
g2 2 5 g2 2 5 0.013134 0.108302 1
g2 2 8 g2 2 13 0.015151 0.205796 1
g2 2 7 g2 2 7 0.014738 0.159918 1
g2 2 7 g2 2 7 0.014807 0.114847 1
g2 2 8 g2 2 7 0.015678 0.192256 1
g2 2 5 g2 2 5 0.012303 0.230384 1
g2 2 6 g1 2 7 0.014238 0.413721 0
g2 2 9 g2 2 9 0.016283 0.204858 1
g2 2 3 g2 2 3 0.011404 0.18561 1
g2 2 3 g2 2 3 0.011325 0.145131 1
g2 2 3 g2 2 3 0.011415 0.0989956 1
g3 1 12 g3 1 14 0.020609 0.281271 1
g3 1 10 g3 1 8 0.019709 0.178341 1
g3 1 12 g1 2 8 0.022278 0.367701 1
g3 1 13 g3 1 9 0.024399 0.306196 1
g3 1 13 g1 2 8 0.025136 0.350083 1
g3 1 12 g3 1 9 0.024296 0.295795 1
g3 1 13 g3 1 10 0.023015 0.261105 1
g3 1 11 g3 1 9 0.021527 0.245656 1
g3 1 7 g3 1 15 0.019904 0.29479 1
g3 1 12 g3 1 10 0.022504 0.308547 1
g3 1 10 g3 1 15 0.021374 0.253892 1
g3 1 13 g3 1 12 0.024404 0.217444 1
g3 1 12 g3 1 11 0.023454 0.25715 1
g3 1 11 g2 2 6 0.022304 0.341169 1
g3 1 9 g3 1 16 0.020922 0.513062 0
g3 1 9 g3 1 11 0.020912 0.200595 1
g3 1 12 g3 1 12 0.020977 0.20712 1
g3 1 13 g3 1 15 0.024738 0.256595 1
g3 1 8 g3 1 12 0.020352 0.310624 1
g3 1 10 g3 1 14 0.021768 0.255606 1
g3 1 11 g3 1 11 0.02537 0.232375 1
g3 1 11 g3 1 15 0.024503 0.240642 1
g3 1 13 g3 1 16 0.027823 0.234416 1
g3 1 9 g3 1 9 0.020554 0.325468 1
g3 1 15 g3 1 15 0.025212 0.267123 1
g3 1 7 g3 1 9 0.018081 0.40188 0
g3 1 16 g3 1 13 0.026001 0.28131 1
g3 1 12 g3 1 13 0.024218 0.334566 1
g3 1 21 g3 1 14 0.030219 0.213198 1
g3 1 12 g3 1 23 0.023471 0.223595 1
g3 1 19 g3 1 20 0.027683 0.242727 1
g3 1 15 g3 1 19 0.028549 0.276841 1
g3 1 9 g3 1 9 0.026115 0.24532 1
g3 1 14 g3 1 11 0.025124 0.223533 1
g3 1 14 g3 1 9 0.024576 0.270393 1
g3 1 11 g3 1 10 0.021302 0.27497 1
g3 1 12 g3 1 12 0.022956 0.335221 1
g3 1 19 g3 1 20 0.027117 0.269314 1
g3 1 18 g3 1 16 0.026619 0.256299 1
g3 1 11 g3 1 13 0.021613 0.288226 1
g3 1 1 g3 1 9 0.013477 0.839971 0
g3 1 11 g3 1 13 0.020899 0.23878 1
g3 1 8 g3 1 9 0.020409 0.24173 1
g3 1 8 g3 1 9 0.020746 0.2148 1
g3 1 11 g3 1 12 0.021771 0.274677 1
g3 1 10 g3 1 12 0.020541 0.253509 1
g3 1 8 g3 1 11 0.021382 0.319685 0
g3 1 11 g3 1 9 0.022021 0.155514 1
g3 1 8 g3 1 7 0.019852 0.226006 1
g3 1 8 g3 1 14 0.020459 0.242317 1
g3 1 13 g3 1 9 0.023204 0.230009 1
g4 2 14 g4 2 12 0.02173 0.188194 1
g4 2 14 g4 2 16 0.02301 0.0949026 1
g4 2 15 g4 2 15 0.024365 0.177987 1
g4 2 15 g4 2 15 0.023337 0.181097 1
g4 2 17 g4 2 17 0.024527 0.127432 1
g4 2 15 g4 2 17 0.024104 0.165946 1
g4 2 14 g3 1 11 0.024459 0.354922 0
g4 2 15 g4 2 15 0.023111 0.174864 1
g4 2 17 g4 2 16 0.024718 0.148291 1
g4 2 17 g4 2 18 0.027101 0.16128 1
g4 2 16 g4 2 17 0.025993 0.181385 1
g4 2 17 g4 2 17 0.02988 0.14962 1
g4 2 18 g4 2 19 0.030065 0.0856373 1
g4 2 14 g4 2 11 0.026455 0.0994308 1
g4 2 12 g4 2 14 0.021768 0.137185 1
g4 2 12 g4 2 13 0.020023 0.12229 1
g4 2 10 g4 2 11 0.017405 0.089805 1
g4 2 13 g4 2 14 0.020811 0.149959 1
g4 2 12 g4 2 12 0.018973 0.102001 1
g4 2 13 g4 2 14 0.020511 0.114171 1
g4 2 14 g4 2 16 0.021573 0.0944011 1
g4 2 13 g4 2 12 0.021119 0.114853 1
g4 2 15 g4 2 16 0.022825 0.16537 1
g4 2 12 g4 2 12 0.018808 0.113161 1
g4 2 16 g4 2 15 0.023889 0.106282 1
g4 2 17 g4 2 15 0.024051 0.0740992 1
g4 2 15 g4 2 14 0.022709 0.0985207 1
g4 2 14 g4 2 14 0.022021 0.114066 1
g4 2 14 g4 2 12 0.021126 0.122734 1
g4 2 17 g4 2 15 0.024079 0.0998926 1
g4 2 12 g4 2 11 0.02039 0.109931 1
g4 2 11 g4 2 13 0.019173 0.0868243 1
g4 2 13 g4 2 14 0.020044 0.0881637 1
g4 2 13 g4 2 14 0.020327 0.122454 1
g4 2 16 g4 2 15 0.023377 0.0985065 1
g4 2 14 g4 2 15 0.022766 0.178412 1
g4 2 16 g4 2 15 0.02474 0.159507 1
g4 2 14 g4 2 12 0.021556 0.0895561 1
g4 2 16 g4 2 16 0.023939 0.0918251 1
g4 2 17 g4 2 15 0.025322 0.141109 1
g4 2 16 g4 2 16 0.025106 0.0878253 1
g4 2 14 g4 2 12 0.021429 0.126971 1
g5 2 14 g5 2 17 0.022163 0.138712 1
g5 2 14 g5 2 13 0.023271 0.118087 1
g5 2 12 g5 2 15 0.0226 0.149491 1
g5 2 13 g5 2 17 0.021449 0.169483 1
g5 2 10 g5 2 14 0.016353 0.186379 1
g5 2 15 g5 2 17 0.022357 0.135052 1
g5 2 14 g5 2 14 0.020932 0.196479 1
g5 2 16 g5 2 17 0.024257 0.200225 1
g5 2 13 g5 2 17 0.02007 0.234006 1
g5 2 9 g5 2 10 0.015447 0.143172 1
g5 2 9 g5 2 7 0.016157 0.167776 1
g5 2 15 g5 2 15 0.021677 0.147369 1
g5 2 11 g5 2 8 0.017203 0.181747 1
g5 2 11 g5 2 8 0.018912 0.21512 1
g5 2 16 g5 2 17 0.023027 0.182071 1
g5 2 12 g5 2 9 0.018508 0.210748 1
g5 2 12 g5 2 14 0.018799 0.23477 1
g5 2 8 g5 2 9 0.016018 0.217204 1
g5 2 9 g4 2 14 0.017158 0.233114 1
g5 2 11 g5 2 9 0.017728 0.17058 1
g5 2 13 g5 2 18 0.021231 0.173609 1
g5 2 11 g5 2 10 0.01929 0.190648 1
g5 2 12 g4 2 12 0.02029 0.222684 1
g5 2 10 g5 2 9 0.016885 0.195511 1
g5 2 14 g5 2 14 0.021424 0.152686 1
g5 2 15 g5 2 18 0.022578 0.171037 1
g5 2 10 g4 2 14 0.017879 0.18195 1
g5 2 15 g5 2 18 0.022103 0.216759 1
g5 2 11 g5 2 17 0.018816 0.2504 1
g5 2 14 g5 2 11 0.021 0.172766 1
g5 2 12 g5 2 10 0.019682 0.198416 1
g5 2 10 g5 2 11 0.018379 0.161877 1
g5 2 11 g5 2 10 0.01846 0.170191 1
g5 2 12 g5 2 18 0.018086 0.172542 1
g5 2 13 g5 2 14 0.020206 0.164856 1
g5 2 13 g5 2 16 0.021191 0.136776 1
g5 2 17 g5 2 17 0.024755 0.160532 1
g5 2 15 g5 2 18 0.022203 0.12819 1
g5 2 12 g5 2 11 0.019625 0.144727 1
g5 2 14 g5 2 17 0.022935 0.165503 1
g5 2 16 g5 2 15 0.026043 0.121825 1
g5 2 16 g5 2 18 0.024626 0.123548 1
g5 2 15 g5 2 17 0.02509 0.16021 1
g5 2 18 g5 2 18 0.027013 0.120764 1
g5 2 16 g5 2 15 0.02442 0.0841605 1
g6 2 11 g6 2 12 0.020291 0.0996945 1
g6 2 12 g6 2 12 0.022947 0.121755 1
g6 2 13 g6 2 10 0.021188 0.143498 1
g6 2 14 g6 2 10 0.021623 0.190427 1
g6 2 12 g6 2 13 0.019148 0.122202 1
g6 2 11 g6 2 10 0.017669 0.14375 1
g6 2 10 g6 2 12 0.018866 0.122664 1
g6 2 11 g6 2 13 0.019626 0.135128 1
g6 2 11 g6 2 12 0.018616 0.10426 1
g6 2 9 g6 2 12 0.017101 0.167701 1
g6 2 13 g6 2 13 0.024314 0.168605 1
g6 2 13 g6 2 15 0.027058 0.107714 1
g6 2 13 g6 2 12 0.02414 0.109808 1
g6 2 9 g6 2 12 0.018114 0.179079 1
g6 2 11 g6 2 11 0.019339 0.218811 1
g6 2 13 g6 2 12 0.02247 0.131143 1
g6 2 10 g6 2 12 0.017924 0.152849 1
g6 2 14 g6 2 14 0.021172 0.137145 1
g6 2 12 g6 2 12 0.01913 0.111953 1
g6 2 12 g6 2 13 0.019789 0.2071 1
g6 2 12 g6 2 13 0.019653 0.12527 1
g6 2 17 g6 2 12 0.02301 0.173272 1
g6 2 13 g6 2 13 0.020663 0.127824 1
g6 2 11 g6 2 11 0.018973 0.140512 1
g6 2 11 g6 2 15 0.018638 0.13642 1
g6 2 12 g6 2 13 0.018524 0.126418 1
g6 2 14 g6 2 12 0.021237 0.154014 1
g6 2 11 g6 2 12 0.01881 0.144352 1
g6 2 10 g6 2 12 0.018147 0.150199 1
g6 2 10 g6 2 10 0.017489 0.155677 1
g6 2 10 g6 2 13 0.017536 0.111485 1
g6 2 10 g6 2 13 0.017918 0.127036 1
g6 2 17 g1 2 7 0.024297 0.385051 1
g6 2 15 g1 2 8 0.022778 0.255298 1
g6 2 8 g6 2 9 0.016082 0.0678294 1
g6 2 9 g6 2 9 0.01637 0.0957288 1
g6 2 9 g6 2 9 0.017327 0.0758423 1
g6 2 9 g6 2 9 0.016177 0.0924798 1
g6 2 11 g6 2 11 0.018727 0.149266 1
g6 2 12 g6 2 13 0.01956 0.0866985 1
g6 2 11 g6 2 10 0.019488 0.175336 1
g7 1 9 g7 1 11 0.017356 0.298433 1
g7 1 11 g7 1 10 0.019087 0.21615 1
g7 1 10 g7 1 9 0.016517 0.341197 1
g7 1 9 g3 1 10 0.01864 0.367188 0
g7 1 11 g7 1 12 0.019386 0.28351 1
g7 1 13 g7 1 9 0.021773 0.314858 1
g7 1 8 g7 1 13 0.016922 0.227938 1
g7 1 5 g7 1 5 0.015739 0.181235 1
g7 1 9 g3 1 9 0.01739 0.332154 1
g7 1 9 g3 1 12 0.016414 0.323324 1
g7 1 7 g3 1 13 0.01589 0.435512 0
g7 1 9 g7 1 11 0.016208 0.175858 1
g7 1 8 g7 1 12 0.016732 0.246849 1
g7 1 5 g7 1 7 0.015559 0.16135 1
g7 1 4 g7 1 6 0.014285 0.258949 1
g7 1 8 g7 1 7 0.015707 0.19675 1
g7 1 4 g7 1 4 0.014081 0.182683 1
g7 1 6 g7 1 6 0.015349 0.202892 1
g7 1 9 g7 1 9 0.016088 0.327535 1
g7 1 7 g7 1 7 0.01519 0.212103 1
g7 1 6 g7 1 6 0.01457 0.243255 1
g7 1 2 g7 1 3 0.014099 0.363847 0
g7 1 8 g2 2 5 0.017319 0.432589 0
g7 1 9 g7 1 9 0.016367 0.252996 1
g7 1 10 g7 1 8 0.019531 0.348953 1
g7 1 13 g7 1 10 0.018924 0.29799 1
g7 1 6 g7 1 9 0.015139 0.19921 1
g7 1 8 g7 1 11 0.016957 0.196221 1
g7 1 7 g2 2 5 0.015888 0.419099 0
g7 1 9 g7 1 9 0.018792 0.238327 1
g7 1 13 g7 1 12 0.019874 0.219641 1
g7 1 12 g7 1 8 0.019751 0.327036 1
g7 1 7 g2 2 7 0.017614 0.360112 0
g7 1 11 g7 1 12 0.019303 0.233698 1
g7 1 14 g7 1 12 0.021585 0.220364 1
g7 1 20 g7 1 9 0.024172 0.389014 1
g7 1 10 g7 1 10 0.015364 0.296037 1
g7 1 8 g7 1 11 0.015601 0.236109 1
g7 1 12 g7 1 10 0.019109 0.283725 1
g7 1 10 g7 1 9 0.0174 0.291288 1
g7 1 11 g7 1 13 0.021411 0.250534 1
g7 1 9 g7 1 10 0.019133 0.19748 1
g7 1 8 g7 1 5 0.014378 0.278042 1
g7 1 14 g7 1 12 0.022087 0.226853 1
g7 1 4 g3 1 10 0.013979 0.42277 1
g7 1 9 g3 1 9 0.016996 0.398374 0
g7 1 6 g7 1 5 0.016164 0.170726 1
g7 1 9 g7 1 5 0.017516 0.296558 1
g7 1 6 g7 1 5 0.016042 0.177363 1
g7 1 11 g7 1 12 0.020108 0.209953 1
g7 1 10 g7 1 5 0.018212 0.286763 1
g7 1 1 g7 1 11 0.010149 0.407693 1
g7 1 10 g7 1 9 0.020378 0.18434 1
g7 1 16 g7 1 12 0.027652 0.318624 1
g7 1 13 g7 1 12 0.025352 0.266836 1
g7 1 14 g7 1 13 0.023681 0.408087 1
g7 1 12 g7 1 7 0.024127 0.254643 1
g7 1 1 g7 1 4 0.014082 0.42356 0
g7 1 13 g7 1 15 0.022917 0.191656 1
g7 1 14 g7 1 11 0.02209 0.219872 1
g7 1 15 g7 1 15 0.023199 0.162891 1
g7 1 10 g7 1 9 0.018709 0.235479 1
g7 1 11 g7 1 15 0.020416 0.205164 1
