g1 2 24 g6 2 32 0.073628 0.177839 1
g1 2 23 g6 2 34 0.071835 0.194286 1
g1 2 27 g6 2 25 0.080544 0.156739 1
g1 2 42 g1 2 24 0.124595 0.124555 1
g1 2 33 g2 2 17 0.095884 0.186512 1
g1 2 29 g1 2 25 0.085531 0.155493 1
g1 2 31 g1 2 28 0.090418 0.130339 1
g1 2 20 g1 2 27 0.065175 0.114469 1
g1 2 24 g1 2 33 0.073617 0.163801 1
g1 2 28 g1 2 25 0.082608 0.160279 1
g1 2 21 g1 2 22 0.067487 0.138157 1
g1 2 26 g1 2 22 0.078155 0.114392 1
g1 2 25 g1 2 25 0.076192 0.0740715 1
g1 2 25 g1 2 25 0.075884 0.125773 1
g1 2 28 g1 2 25 0.083333 0.0863041 1
g1 2 54 g6 2 38 0.137249 0.204242 1
g1 2 26 g1 2 22 0.078157 0.0966976 1
g1 2 37 g6 2 36 0.107712 0.215399 1
g1 2 20 g6 2 31 0.065105 0.133138 1
g1 2 24 g6 2 34 0.074556 0.19971 1
g1 2 21 g6 2 32 0.067293 0.148979 1
g1 2 28 g6 2 30 0.082664 0.172967 1
g1 2 22 g2 2 17 0.069355 0.191713 1
g1 2 24 g1 2 19 0.073486 0.0886496 1
g1 2 23 g1 2 20 0.071245 0.0959363 1
g1 2 32 g1 2 29 0.092598 0.134286 1
g1 2 30 g1 2 26 0.087426 0.147948 1
g1 2 39 g1 2 26 0.108863 0.258994 1
g1 2 29 g1 2 24 0.085423 0.203157 1
g1 2 29 g1 2 37 0.085185 0.106014 1
g1 2 23 g1 2 25 0.071279 0.0902134 1
g1 2 23 g1 2 24 0.071867 0.174544 1
g1 2 19 g1 2 26 0.063202 0.0834176 1
g1 2 28 g1 2 28 0.082358 0.210743 1
g1 2 23 g1 2 29 0.071627 0.235269 1
g1 2 24 g1 2 24 0.073777 0.163654 1
g1 2 30 g1 2 24 0.087294 0.169157 1
g1 2 24 g1 2 26 0.073527 0.146512 1
g1 2 22 g1 2 23 0.069318 0.159734 1
g1 2 23 g1 2 24 0.071745 0.134771 1
g1 2 26 g1 2 26 0.078373 0.155951 1
g1 2 28 g1 2 28 0.082836 0.190776 1
g1 2 23 g1 2 25 0.071962 0.184149 1
g1 2 24 g1 2 24 0.073875 0.182284 1
g1 2 28 g1 2 24 0.082987 0.184123 1
g1 2 21 g1 2 28 0.067806 0.251477 1
g1 2 26 g6 2 36 0.077795 0.200737 1
g1 2 28 g6 2 34 0.082842 0.212294 1
g1 2 22 g6 2 37 0.06941 0.185805 1
g1 2 27 g6 2 34 0.080805 0.13539 1
g1 2 37 g2 2 17 0.105587 0.213727 1
g1 2 25 g6 2 25 0.076394 0.165599 1
g1 2 33 g2 2 17 0.095791 0.175089 1
g1 2 22 g1 2 18 0.069465 0.0769956 1
g1 2 20 g1 2 18 0.064921 0.0699969 1
g1 2 16 g1 2 17 0.06113 0.0972281 1
g1 2 16 g1 2 16 0.056877 0.0740709 1
g1 2 17 g1 2 17 0.059082 0.0754636 1
g1 2 17 g1 2 17 0.058602 0.060393 1
g1 2 19 g1 2 18 0.062843 0.0681503 1
g1 2 16 g1 2 17 0.057426 0.103612 1
g2 2 15 g2 2 14 0.055601 0.102294 1
g2 2 15 g2 2 14 0.054915 0.102069 1
g2 2 17 g2 2 17 0.059222 0.180842 1
g2 2 14 g2 2 14 0.052753 0.155019 1
g2 2 15 g2 2 14 0.055395 0.154699 1
g2 2 13 g2 2 17 0.050945 0.163711 1
g2 2 14 g2 2 14 0.052879 0.138865 1
g2 2 15 g2 2 14 0.054596 0.109654 1
g2 2 15 g2 2 14 0.05522 0.179041 1
g2 2 29 g2 2 26 0.085594 0.13883 1
g2 2 16 g2 2 14 0.057189 0.109136 1
g2 2 15 g2 2 14 0.055749 0.0998811 1
g2 2 15 g2 2 14 0.05497 0.119302 1
g2 2 16 g2 2 14 0.056756 0.119978 1
g2 2 16 g2 2 14 0.056971 0.173492 1
g2 2 15 g2 2 14 0.055663 0.139512 1
g2 2 12 g2 2 17 0.048477 0.266786 1
g2 2 15 g2 2 14 0.055117 0.0909069 1
g2 2 16 g2 2 14 0.056965 0.0997465 1
g2 2 15 g2 2 14 0.055109 0.15704 1
g2 2 16 g2 2 14 0.057008 0.136554 1
g2 2 16 g2 2 14 0.057085 0.213739 1
g2 2 14 g2 2 14 0.05306 0.149036 1
g2 2 17 g2 2 14 0.058857 0.104702 1
g2 2 18 g2 2 17 0.060874 0.171124 1
g2 2 15 g2 2 14 0.055405 0.174244 1
g2 2 15 g2 2 17 0.058615 0.234601 1
g2 2 16 g2 2 14 0.057911 0.175422 1
g2 2 18 g2 2 14 0.061549 0.137632 1
g2 2 31 g2 2 28 0.091945 0.125996 1
g2 2 28 g2 2 27 0.084701 0.154531 1
g2 2 29 g2 2 26 0.085407 0.13868 1
g2 2 25 g2 2 26 0.076581 0.145046 1
g2 2 20 g2 2 21 0.065611 0.14081 1
g2 2 22 g2 2 21 0.069902 0.116275 1
g2 2 32 g2 2 29 0.095146 0.128344 1
g2 2 23 g2 2 24 0.072165 0.0911216 1
g2 2 20 g2 2 21 0.065331 0.0914759 1
g2 2 19 g2 2 21 0.06314 0.090553 1
g2 2 21 g2 2 23 0.066066 0.0802652 1
g2 2 20 g2 2 21 0.06751 0.0893105 1
g2 2 21 g2 2 21 0.067485 0.0697141 1
g2 2 19 g2 2 21 0.064843 0.111094 1
g2 2 22 g2 2 21 0.069683 0.0768108 1
g2 2 22 g2 2 21 0.070025 0.0935556 1
g2 2 25 g2 2 23 0.0758 0.151366 1
g2 2 17 g2 2 24 0.059134 0.136608 1
g2 2 22 g2 2 21 0.069467 0.0832263 1
g2 2 42 g2 2 28 0.117727 0.160527 1
g2 2 22 g2 2 22 0.069922 0.0972297 1
g2 2 27 g2 2 23 0.080487 0.0794278 1
g2 2 27 g1 2 31 0.080885 0.219084 1
g2 2 21 g2 2 21 0.067872 0.114951 1
g2 2 19 g2 2 21 0.06469 0.0968977 1
g2 2 24 g1 2 33 0.073085 0.126282 1
g2 2 22 g2 2 21 0.06987 0.112032 1
g2 2 26 g1 2 27 0.077679 0.201474 1
g2 2 24 g2 2 28 0.07398 0.127158 1
g2 2 21 g2 2 29 0.071503 0.124674 1
g2 2 29 g2 2 28 0.093989 0.115389 1
g2 2 19 g2 2 21 0.083947 0.102121 1
g2 2 21 g1 2 33 0.09193 0.311734 1
g2 2 30 g2 2 25 0.129168 0.163577 1
g2 2 16 g2 2 14 0.069304 0.148281 1
g2 2 14 g2 2 14 0.074065 0.130207 1
g2 2 15 g2 2 14 0.056494 0.0822884 1
g3 1 36 g3 1 46 0.110881 0.332445 1
g3 1 35 g3 1 43 0.103299 0.221407 1
g3 1 49 g3 1 42 0.137528 0.300641 1
g3 1 52 g3 1 37 0.149597 0.246244 1
g3 1 55 g1 2 30 0.152783 0.418895 0
g3 1 49 g3 1 37 0.145774 0.259543 1
g3 1 47 g3 1 42 0.13439 0.382585 0
g3 1 47 g3 1 41 0.137409 0.282248 1
g3 1 44 g3 1 45 0.129191 0.289176 1
g3 1 43 g3 1 46 0.124335 0.297155 1
g3 1 44 g3 1 57 0.12633 0.280456 1
g3 1 47 g3 1 46 0.13399 0.231488 1
g3 1 46 g3 1 43 0.129709 0.244426 1
g3 1 47 g3 1 64 0.13003 0.222005 1
g3 1 44 g3 1 47 0.127189 0.509912 0
g3 1 44 g3 1 40 0.122454 0.258925 1
g3 1 41 g3 1 42 0.117178 0.20938 1
g3 1 56 g1 2 26 0.156068 0.384839 0
g3 1 48 g3 1 41 0.132778 0.250921 1
g3 1 48 g3 1 42 0.13683 0.221797 1
g3 1 50 g3 1 47 0.138637 0.226461 1
g3 1 48 g3 1 57 0.134847 0.223474 1
g3 1 46 g3 1 41 0.128695 0.251364 1
g3 1 43 g3 1 37 0.121626 0.252658 1
g3 1 47 g3 1 42 0.131381 0.316269 0
g3 1 44 g3 1 38 0.122666 0.286164 1
g3 1 50 g3 1 53 0.138982 0.323461 1
g3 1 66 g3 1 42 0.176817 0.284546 1
g3 1 58 g1 2 35 0.158062 0.443586 0
g3 1 50 g3 1 39 0.136319 0.201097 1
g3 1 57 g3 1 60 0.154946 0.227756 1
g3 1 53 g3 1 41 0.144932 0.280176 1
g3 1 49 g3 1 40 0.140297 0.220275 1
g3 1 51 g3 1 42 0.153058 0.246952 1
g3 1 52 g3 1 47 0.141607 0.262663 1
g3 1 50 g3 1 59 0.137845 0.273023 1
g3 1 51 g3 1 32 0.140762 0.325366 1
g3 1 59 g3 1 69 0.157471 0.265281 1
g3 1 61 g3 1 69 0.162267 0.26054 1
g3 1 46 g3 1 43 0.1287 0.385156 0
g3 1 28 g3 1 47 0.09812 0.823018 0
g3 1 49 g3 1 44 0.137607 0.299366 1
g3 1 42 g3 1 40 0.119022 0.212053 1
g3 1 40 g3 1 41 0.112022 0.207229 1
g3 1 42 g3 1 42 0.116461 0.229532 1
g3 1 44 g3 1 47 0.123253 0.308689 0
g3 1 39 g3 1 38 0.109787 0.342506 0
g3 1 43 g3 1 42 0.121074 0.173607 1
g3 1 40 g3 1 37 0.114509 0.222603 1
g3 1 39 g3 1 47 0.112192 0.313106 0
g3 1 43 g3 1 47 0.120248 0.257062 1
g4 2 37 g4 2 31 0.105249 0.213731 1
g4 2 37 g4 2 42 0.10602 0.0770925 1
g4 2 44 g4 2 45 0.122604 0.166975 1
g4 2 44 g4 2 42 0.123535 0.168401 1
g4 2 41 g4 2 46 0.114917 0.126542 1
g4 2 42 g4 2 51 0.117647 0.146691 1
g4 2 50 g3 1 44 0.139168 0.268622 1
g4 2 42 g4 2 42 0.11833 0.170647 1
g4 2 49 g4 2 48 0.134943 0.16048 1
g4 2 47 g4 2 49 0.129488 0.169922 1
g4 2 46 g4 2 46 0.127561 0.137594 1
g4 2 48 g4 2 51 0.133068 0.117739 1
g4 2 52 g4 2 51 0.142345 0.0872674 1
g4 2 45 g4 2 31 0.124897 0.127746 1
g4 2 30 g4 2 43 0.087227 0.144586 1
g4 2 31 g4 2 30 0.090058 0.078087 1
g4 2 30 g4 2 29 0.08742 0.0841841 1
g4 2 33 g4 2 34 0.095482 0.155968 1
g4 2 31 g4 2 33 0.090603 0.106797 1
g4 2 34 g4 2 34 0.099685 0.120246 1
g4 2 35 g4 2 40 0.100696 0.0919232 1
g4 2 36 g4 2 32 0.102843 0.107242 1
g4 2 40 g4 2 48 0.112748 0.15742 1
g4 2 30 g4 2 32 0.089646 0.114933 1
g4 2 37 g4 2 35 0.128081 0.0999654 1
g4 2 37 g4 2 37 0.106651 0.0560005 1
g4 2 41 g4 2 36 0.114814 0.0923847 1
g4 2 41 g4 2 43 0.116061 0.113961 1
g4 2 46 g4 2 32 0.126424 0.101124 1
g4 2 46 g4 2 34 0.127014 0.113174 1
g4 2 31 g4 2 37 0.090568 0.0955719 1
g4 2 31 g4 2 33 0.090835 0.103906 1
g4 2 33 g4 2 34 0.09583 0.0887908 1
g4 2 34 g4 2 34 0.099401 0.140199 1
g4 2 45 g4 2 34 0.12517 0.105555 1
g4 2 42 g4 2 34 0.117144 0.195331 1
g4 2 46 g4 2 41 0.127644 0.154758 1
g4 2 33 g4 2 32 0.095748 0.0741617 1
g4 2 45 g4 2 41 0.124873 0.101517 1
g4 2 50 g4 2 41 0.137046 0.113763 1
g4 2 41 g4 2 42 0.115128 0.0753194 1
g4 2 45 g4 2 32 0.124202 0.102625 1
g5 2 43 g5 2 48 0.121568 0.096948 1
g5 2 45 g5 2 44 0.126045 0.0813948 1
g5 2 44 g5 2 52 0.124073 0.109526 1
g5 2 42 g5 2 52 0.118149 0.12298 1
g5 2 36 g5 2 50 0.104434 0.173685 1
g5 2 42 g5 2 50 0.118765 0.103629 1
g5 2 41 g4 2 34 0.115715 0.195062 1
g5 2 46 g5 2 50 0.128112 0.189381 1
g5 2 40 g5 2 51 0.113771 0.211785 1
g5 2 33 g5 2 32 0.096574 0.123193 1
g5 2 35 g5 2 35 0.100921 0.127778 1
g5 2 41 g5 2 35 0.116013 0.115549 1
g5 2 34 g5 2 33 0.098751 0.166843 1
g5 2 36 g4 2 31 0.103341 0.193424 1
g5 2 43 g5 2 51 0.120614 0.166174 1
g5 2 39 g5 2 51 0.110324 0.210268 1
g5 2 38 g5 2 51 0.108187 0.176763 1
g5 2 35 g5 2 35 0.100875 0.193344 1
g5 2 38 g5 2 51 0.109426 0.171544 1
g5 2 38 g4 2 31 0.108502 0.178412 1
g5 2 39 g5 2 51 0.111021 0.144814 1
g5 2 38 g4 2 31 0.108022 0.180962 1
g5 2 39 g4 2 36 0.111351 0.222326 1
g5 2 38 g5 2 50 0.110114 0.172357 1
g5 2 41 g5 2 50 0.116533 0.134481 1
g5 2 41 g5 2 54 0.117629 0.156583 1
g5 2 39 g4 2 31 0.111324 0.153731 1
g5 2 39 g5 2 54 0.111296 0.169357 1
g5 2 40 g5 2 51 0.113033 0.220687 1
g5 2 40 g5 2 51 0.114118 0.173148 1
g5 2 38 g4 2 31 0.108647 0.182182 1
g5 2 39 g5 2 50 0.111578 0.132382 1
g5 2 37 g5 2 45 0.106493 0.13262 1
g5 2 39 g5 2 50 0.111913 0.152406 1
g5 2 39 g5 2 49 0.110996 0.145824 1
g5 2 43 g5 2 49 0.120998 0.104819 1
g5 2 55 g5 2 51 0.150364 0.122428 1
g5 2 40 g5 2 49 0.114323 0.0949954 1
g5 2 47 g5 2 52 0.129754 0.0837979 1
g5 2 47 g5 2 49 0.131479 0.126398 1
g5 2 50 g5 2 59 0.138376 0.137652 1
g5 2 47 g5 2 55 0.13134 0.0960286 1
g5 2 47 g5 2 54 0.131635 0.106302 1
g5 2 50 g5 2 51 0.138119 0.100019 1
g5 2 47 g5 2 48 0.131586 0.0650633 1
g6 2 40 g6 2 38 0.112141 0.0831293 1
g6 2 39 g6 2 38 0.110364 0.0954732 1
g6 2 42 g6 2 38 0.115573 0.09279 1
g6 2 41 g6 2 34 0.114249 0.186611 1
g6 2 35 g6 2 38 0.10065 0.0741795 1
g6 2 34 g6 2 34 0.097968 0.13345 1
g6 2 37 g6 2 38 0.104526 0.0968774 1
g6 2 38 g6 2 38 0.107808 0.132625 1
g6 2 36 g6 2 38 0.1023 0.105043 1
g6 2 32 g6 2 38 0.092894 0.10631 1
g6 2 39 g6 2 37 0.109446 0.158528 1
g6 2 42 g6 2 59 0.117139 0.0806915 1
g6 2 41 g6 2 41 0.114823 0.07077 1
g6 2 31 g6 2 38 0.090118 0.12078 1
g6 2 36 g6 2 41 0.103077 0.164803 1
g6 2 41 g6 2 39 0.114253 0.0869633 1
g6 2 35 g6 2 38 0.100381 0.099564 1
g6 2 43 g6 2 39 0.119585 0.0888546 1
g6 2 36 g6 2 38 0.102236 0.0856295 1
g6 2 35 g6 2 38 0.100242 0.142454 1
g6 2 41 g6 2 38 0.114314 0.0950052 1
g6 2 56 g6 2 38 0.151932 0.112544 1
g6 2 38 g6 2 39 0.107164 0.102009 1
g6 2 34 g6 2 39 0.097888 0.12163 1
g6 2 36 g6 2 38 0.103728 0.119668 1
g6 2 35 g6 2 44 0.105054 0.249863 1
g6 2 44 g6 2 38 0.127302 0.115654 1
g6 2 35 g6 2 38 0.104513 0.0913838 1
g6 2 35 g6 2 38 0.102329 0.0932373 1
g6 2 29 g6 2 33 0.086478 0.101353 1
g6 2 32 g6 2 34 0.094001 0.0869118 1
g6 2 33 g6 2 34 0.095505 0.118859 1
g6 2 51 g6 2 49 0.139911 0.354284 1
g6 2 39 g1 2 25 0.110832 0.255429 1
g6 2 32 g6 2 33 0.092324 0.0479845 1
g6 2 33 g6 2 35 0.095657 0.0866037 1
g6 2 35 g6 2 35 0.101078 0.0756825 1
g6 2 33 g6 2 35 0.096178 0.0790453 1
g6 2 37 g6 2 36 0.106149 0.0800973 1
g6 2 39 g6 2 37 0.109841 0.0710931 1
g6 2 37 g6 2 44 0.105278 0.0960218 1
g7 1 37 g7 1 44 0.1075 0.283729 1
g7 1 34 g7 1 42 0.099601 0.224504 1
g7 1 37 g7 1 39 0.106181 0.322902 1
g7 1 38 g7 1 52 0.10837 0.161921 1
g7 1 40 g7 1 34 0.113184 0.289615 1
g7 1 41 g7 1 41 0.117923 0.267352 1
g7 1 34 g7 1 46 0.098908 0.306425 1
g7 1 35 g7 1 36 0.10384 0.132177 1
g7 1 27 g7 1 31 0.081065 0.224476 1
g7 1 32 g3 1 40 0.095137 0.431618 0
g7 1 34 g7 1 33 0.100497 0.226178 1
g7 1 36 g7 1 34 0.107139 0.171268 1
g7 1 36 g7 1 39 0.102232 0.221251 1
g7 1 34 g7 1 29 0.097061 0.190098 1
g7 1 29 g7 1 29 0.084533 0.229544 1
g7 1 33 g7 1 31 0.096405 0.183661 1
g7 1 33 g7 1 28 0.095342 0.178668 1
g7 1 30 g7 1 32 0.087469 0.223046 1
g7 1 31 g7 1 29 0.089523 0.248928 1
g7 1 31 g7 1 28 0.09141 0.164172 1
g7 1 31 g7 1 32 0.090978 0.208856 1
g7 1 27 g7 1 27 0.08253 0.0615644 1
g7 1 39 g1 2 17 0.110039 0.57738 0
g7 1 35 g7 1 35 0.099423 0.238792 1
g7 1 45 g7 1 28 0.125083 0.334334 1
g7 1 37 g7 1 48 0.104451 0.36491 1
g7 1 34 g2 2 23 0.098916 0.45804 0
g7 1 38 g7 1 37 0.107799 0.16894 1
g7 1 35 g1 2 17 0.10218 0.601892 0
g7 1 36 g7 1 38 0.101487 0.375958 1
g7 1 36 g7 1 36 0.102555 0.22344 1
g7 1 44 g7 1 47 0.121548 0.305023 1
g7 1 39 g7 1 43 0.110886 0.304891 1
g7 1 40 g7 1 35 0.113231 0.22377 1
g7 1 46 g7 1 33 0.127335 0.208856 1
g7 1 68 g7 1 43 0.174005 0.286301 1
g7 1 34 g7 1 51 0.098207 0.347542 1
g7 1 35 g7 1 46 0.099677 0.270526 1
g7 1 39 g7 1 50 0.111758 0.307484 1
g7 1 40 g7 1 39 0.112991 0.2346 1
g7 1 45 g7 1 41 0.125288 0.282181 1
g7 1 48 g7 1 45 0.135544 0.196393 1
g7 1 32 g7 1 34 0.092886 0.31424 1
g7 1 50 g7 1 40 0.138415 0.18407 1
g7 1 21 g7 1 36 0.067078 0.363603 1
g7 1 35 g7 1 51 0.102302 0.376813 1
g7 1 36 g7 1 34 0.104572 0.159465 1
g7 1 36 g7 1 31 0.104731 0.279683 1
g7 1 37 g7 1 31 0.105425 0.223388 1
g7 1 49 g7 1 41 0.135296 0.244423 1
g7 1 33 g7 1 29 0.097636 0.331907 1
g7 1 33 g7 1 33 0.098946 0.27306 1
g7 1 42 g7 1 45 0.118414 0.170613 1
g7 1 61 g7 1 45 0.166863 0.305014 1
g7 1 56 g7 1 52 0.15327 0.246199 1
g7 1 54 g7 1 37 0.147276 0.398423 1
g7 1 53 g7 1 52 0.14495 0.230603 1
g7 1 35 g7 1 35 0.114839 0.243094 1
g7 1 51 g7 1 48 0.140562 0.167706 1
g7 1 43 g7 1 47 0.119026 0.222166 1
g7 1 47 g7 1 48 0.128948 0.168155 1
g7 1 45 g7 1 45 0.124808 0.191072 1
g7 1 47 g7 1 48 0.131039 0.173402 1
