g1 2 9 g6 2 10 0.021489 0.215957 1
g1 2 9 g6 2 9 0.020898 0.193477 1
g1 2 12 g6 2 9 0.023421 0.187965 1
g1 2 13 g1 2 9 0.024251 0.152436 1
g1 2 11 g6 2 11 0.023126 0.243674 1
g1 2 9 g1 2 9 0.021743 0.190266 1
g1 2 10 g1 2 9 0.020577 0.17613 1
g1 2 9 g1 2 9 0.019884 0.193014 1
g1 2 9 g1 2 9 0.021981 0.135198 1
g1 2 9 g1 2 9 0.021368 0.148744 1
g1 2 9 g1 2 9 0.022618 0.141941 1
g1 2 9 g1 2 9 0.02183 0.147665 1
g1 2 10 g1 2 10 0.02235 0.104818 1
g1 2 10 g1 2 9 0.023283 0.107404 1
g1 2 9 g1 2 9 0.021372 0.131309 1
g1 2 13 g6 2 11 0.02307 0.220643 1
g1 2 9 g1 2 9 0.018555 0.114578 1
g1 2 11 g6 2 11 0.02098 0.200215 1
g1 2 9 g6 2 9 0.018456 0.164775 1
g1 2 9 g6 2 11 0.018686 0.214977 1
g1 2 9 g6 2 9 0.018302 0.18585 1
g1 2 9 g6 2 10 0.017663 0.268049 1
g1 2 10 g2 2 12 0.019378 0.248127 1
g1 2 9 g1 2 9 0.019532 0.124664 1
g1 2 9 g1 2 9 0.01853 0.0935672 1
g1 2 12 g1 2 13 0.022634 0.163515 1
g1 2 9 g1 2 10 0.020799 0.195191 1
g1 2 16 g1 2 16 0.027364 0.303474 1
g1 2 14 g1 2 9 0.024065 0.242465 1
g1 2 12 g1 2 15 0.024639 0.141769 1
g1 2 9 g1 2 9 0.018581 0.136009 1
g1 2 10 g1 2 9 0.021332 0.216824 1
g1 2 8 g1 2 8 0.020376 0.144465 1
g1 2 9 g1 2 15 0.019956 0.275053 1
g1 2 9 g1 2 13 0.020251 0.277537 1
g1 2 12 g1 2 13 0.023172 0.186619 1
g1 2 12 g1 2 10 0.024446 0.208328 1
g1 2 12 g1 2 13 0.023391 0.165352 1
g1 2 10 g1 2 10 0.02092 0.190428 1
g1 2 11 g1 2 9 0.020352 0.168635 1
g1 2 11 g1 2 12 0.022229 0.181003 1
g1 2 12 g1 2 13 0.022267 0.222813 1
g1 2 11 g1 2 11 0.02257 0.200916 1
g1 2 9 g1 2 9 0.01931 0.230804 1
g1 2 13 g1 2 9 0.02424 0.222978 1
g1 2 9 g1 2 9 0.025302 0.304154 1
g1 2 9 g6 2 11 0.019196 0.191747 1
g1 2 9 g6 2 10 0.020714 0.205782 1
g1 2 9 g6 2 9 0.019379 0.177055 1
g1 2 9 g6 2 11 0.019479 0.170236 1
g1 2 15 g6 2 11 0.025673 0.226055 1
g1 2 10 g6 2 11 0.020723 0.203669 1
g1 2 13 g2 2 6 0.023361 0.229361 1
g1 2 9 g1 2 9 0.019327 0.114393 1
g1 2 9 g1 2 9 0.022579 0.10433 1
g1 2 5 g1 2 5 0.018075 0.149187 1
g1 2 7 g1 2 7 0.019174 0.0815364 1
g1 2 7 g1 2 8 0.02182 0.119329 1
g1 2 7 g1 2 7 0.01933 0.0706105 1
g1 2 9 g1 2 9 0.021536 0.0656901 1
g1 2 6 g1 2 7 0.018713 0.141598 1
g2 2 5 g2 2 5 0.017551 0.0960336 1
g2 2 7 g2 2 5 0.019378 0.192157 1
g2 2 7 g2 2 6 0.019585 0.186854 1
g2 2 5 g2 2 5 0.017209 0.196061 1
g2 2 7 g2 2 5 0.017683 0.23536 1
g2 2 5 g2 2 6 0.015575 0.268189 1
g2 2 5 g2 2 5 0.016928 0.174641 1
g2 2 5 g2 2 5 0.015932 0.124867 1
g2 2 5 g2 2 5 0.016317 0.209882 1
g2 2 11 g2 2 9 0.021475 0.153127 1
g2 2 7 g2 2 5 0.017944 0.195375 1
g2 2 5 g2 2 5 0.015621 0.0861243 1
g2 2 5 g2 2 5 0.01575 0.169157 1
g2 2 5 g2 2 5 0.015705 0.117305 1
g2 2 6 g2 2 5 0.015776 0.229728 1
g2 2 5 g2 2 5 0.014926 0.154366 1
g2 2 3 g2 2 6 0.013381 0.533252 0
g2 2 5 g2 2 5 0.015193 0.0784048 1
g2 2 5 g2 2 5 0.01542 0.125342 1
g2 2 5 g2 2 5 0.015471 0.163236 1
g2 2 7 g2 2 5 0.01726 0.218283 1
g2 2 6 g2 2 5 0.016918 0.285084 1
g2 2 5 g2 2 5 0.015162 0.189753 1
g2 2 7 g2 2 5 0.016512 0.191721 1
g2 2 6 g2 2 6 0.018302 0.203979 1
g2 2 5 g2 2 5 0.017317 0.214489 1
g2 2 5 g2 2 6 0.018921 0.295484 1
g2 2 6 g2 2 6 0.017851 0.331307 1
g2 2 8 g2 2 5 0.019256 0.235317 1
g2 2 12 g2 2 9 0.022136 0.154273 1
g2 2 11 g2 2 11 0.021479 0.151188 1
g2 2 11 g2 2 11 0.020481 0.147086 1
g2 2 8 g2 2 11 0.018369 0.205527 1
g2 2 8 g2 2 9 0.018582 0.160034 1
g2 2 8 g2 2 9 0.018624 0.190326 1
g2 2 10 g2 2 9 0.021048 0.187655 1
g2 2 9 g2 2 9 0.019653 0.0918932 1
g2 2 7 g2 2 7 0.018705 0.129623 1
g2 2 6 g2 2 9 0.017892 0.155009 1
g2 2 5 g2 2 8 0.016105 0.208274 1
g2 2 5 g1 2 5 0.015766 0.271505 1
g2 2 7 g2 2 7 0.017921 0.12713 1
g2 2 5 g2 2 9 0.015944 0.264127 1
g2 2 7 g2 2 7 0.018804 0.141857 1
g2 2 8 g2 2 9 0.018921 0.125732 1
g2 2 7 g2 2 8 0.016984 0.229903 1
g2 2 5 g2 2 8 0.015357 0.238593 1
g2 2 7 g2 2 9 0.017453 0.158401 1
g2 2 10 g2 2 9 0.019442 0.18742 1
g2 2 9 g2 2 9 0.018557 0.124684 1
g2 2 8 g2 2 8 0.018043 0.118643 1
g2 2 9 g1 2 10 0.018739 0.242436 1
g2 2 8 g2 2 8 0.019118 0.156229 1
g2 2 5 g2 2 7 0.015153 0.220342 1
g2 2 9 g1 2 9 0.01872 0.19463 1
g2 2 7 g2 2 7 0.018477 0.120867 1
g2 2 10 g1 2 11 0.019408 0.244752 1
g2 2 9 g2 2 9 0.018179 0.182404 1
g2 2 9 g2 2 9 0.018752 0.134178 1
g2 2 10 g2 2 9 0.019221 0.168613 1
g2 2 7 g2 2 9 0.016042 0.215576 1
g2 2 8 g1 2 9 0.019067 0.361697 1
g2 2 11 g2 2 11 0.022843 0.189464 1
g2 2 5 g2 2 5 0.016199 0.163484 1
g2 2 5 g2 2 5 0.016161 0.170584 1
g2 2 5 g2 2 5 0.017249 0.0835875 1
g3 1 14 g3 1 16 0.027268 0.332076 1
g3 1 12 g3 1 14 0.025811 0.252047 1
g3 1 14 g3 1 21 0.027816 0.25318 1
g3 1 15 g3 1 11 0.027727 0.336598 0
g3 1 15 g1 2 10 0.03002 0.431236 0
g3 1 14 g3 1 11 0.028521 0.321017 1
g3 1 15 g3 1 12 0.028025 0.306016 1
g3 1 13 g3 1 14 0.026623 0.343578 0
g3 1 9 g3 1 17 0.025258 0.323113 1
g3 1 14 g3 1 12 0.026151 0.329728 1
g3 1 12 g3 1 11 0.025638 0.375076 0
g3 1 15 g3 1 14 0.028021 0.252505 1
g3 1 14 g3 1 17 0.026568 0.303771 1
g3 1 13 g3 1 17 0.026246 0.236413 1
g3 1 11 g3 1 21 0.02446 0.506087 0
g3 1 11 g3 1 14 0.02483 0.223325 1
g3 1 14 g3 1 14 0.02518 0.225276 1
g3 1 15 g3 1 17 0.029859 0.277789 1
g3 1 10 g3 1 16 0.025418 0.329948 1
g3 1 12 g3 1 16 0.026923 0.302884 1
g3 1 13 g3 1 13 0.028725 0.27804 1
g3 1 13 g3 1 17 0.027151 0.24721 1
g3 1 15 g3 1 14 0.029132 0.292495 1
g3 1 11 g3 1 11 0.025394 0.335474 1
g3 1 17 g3 1 17 0.031262 0.290285 1
g3 1 9 g3 1 15 0.024419 0.451933 0
g3 1 18 g3 1 15 0.033693 0.317632 1
g3 1 14 g3 1 13 0.032292 0.332773 1
g3 1 23 g3 1 16 0.041838 0.226493 1
g3 1 14 g3 1 13 0.031933 0.255217 1
g3 1 21 g3 1 16 0.039969 0.256824 1
g3 1 17 g3 1 21 0.03427 0.294217 1
g3 1 11 g3 1 11 0.029161 0.277944 1
g3 1 16 g3 1 13 0.033472 0.271196 1
g3 1 16 g3 1 11 0.047235 0.285947 1
g3 1 13 g3 1 12 0.033499 0.304651 1
g3 1 14 g3 1 14 0.035712 0.350138 1
g3 1 21 g3 1 22 0.040493 0.259948 1
g3 1 20 g3 1 18 0.040437 0.281861 1
g3 1 13 g3 1 15 0.028313 0.354637 0
g3 1 3 g3 1 11 0.020851 0.850335 0
g3 1 13 g3 1 15 0.02522 0.332313 0
g3 1 10 g3 1 11 0.025256 0.251437 1
g3 1 10 g3 1 11 0.025176 0.253966 1
g3 1 13 g3 1 14 0.026013 0.275468 1
g3 1 12 g3 1 14 0.028728 0.32402 0
g3 1 10 g3 1 13 0.029344 0.401031 0
g3 1 13 g3 1 11 0.037497 0.183617 1
g3 1 10 g3 1 9 0.025603 0.268838 1
g3 1 10 g3 1 16 0.028455 0.305922 0
g3 1 15 g3 1 13 0.032369 0.281446 1
g4 2 16 g4 2 14 0.03058 0.224503 1
g4 2 16 g4 2 18 0.029753 0.0973343 1
g4 2 17 g4 2 17 0.035994 0.181927 1
g4 2 17 g4 2 17 0.028665 0.197634 1
g4 2 19 g4 2 19 0.031034 0.135206 1
g4 2 17 g4 2 19 0.030818 0.173256 1
g4 2 16 g3 1 11 0.031862 0.34003 1
g4 2 17 g4 2 19 0.035141 0.169067 1
g4 2 19 g4 2 18 0.033771 0.164277 1
g4 2 19 g4 2 20 0.035415 0.175269 1
g4 2 18 g4 2 19 0.031745 0.171047 1
g4 2 19 g4 2 19 0.033102 0.151422 1
g4 2 20 g4 2 21 0.03383 0.0980149 1
g4 2 16 g4 2 14 0.027103 0.141089 1
g4 2 14 g4 2 13 0.025967 0.142606 1
g4 2 14 g4 2 15 0.025403 0.128833 1
g4 2 12 g4 2 13 0.02275 0.0963944 1
g4 2 15 g4 2 17 0.025968 0.156899 1
g4 2 14 g4 2 14 0.024443 0.116784 1
g4 2 15 g4 2 16 0.025981 0.13297 1
g4 2 16 g4 2 18 0.027406 0.102484 1
g4 2 15 g4 2 14 0.027027 0.116302 1
g4 2 17 g4 2 18 0.028515 0.171945 1
g4 2 14 g4 2 14 0.024632 0.131942 1
g4 2 18 g4 2 16 0.029436 0.113444 1
g4 2 19 g4 2 17 0.030194 0.0762353 1
g4 2 17 g4 2 16 0.029079 0.10707 1
g4 2 16 g4 2 16 0.029204 0.118676 1
g4 2 16 g4 2 14 0.02727 0.118838 1
g4 2 19 g4 2 16 0.030742 0.12717 1
g4 2 14 g4 2 15 0.026527 0.112677 1
g4 2 13 g4 2 15 0.024621 0.105995 1
g4 2 15 g4 2 16 0.026788 0.102589 1
g4 2 15 g4 2 16 0.026181 0.15435 1
g4 2 18 g4 2 17 0.030025 0.106834 1
g4 2 16 g4 2 17 0.029027 0.200977 1
g4 2 18 g4 2 17 0.030796 0.165624 1
g4 2 16 g4 2 14 0.02732 0.0924444 1
g4 2 18 g4 2 18 0.029743 0.106812 1
g4 2 19 g4 2 17 0.030321 0.13527 1
g4 2 18 g4 2 18 0.030596 0.0956046 1
g4 2 16 g4 2 16 0.027377 0.136993 1
g5 2 16 g5 2 17 0.026514 0.116266 1
g5 2 16 g5 2 15 0.027012 0.117868 1
g5 2 14 g5 2 17 0.02526 0.14156 1
g5 2 15 g5 2 20 0.025226 0.168357 1
g5 2 12 g5 2 20 0.020029 0.234367 1
g5 2 17 g5 2 19 0.026294 0.139283 1
g5 2 16 g4 2 15 0.033733 0.221812 1
g5 2 18 g5 2 19 0.03366 0.224662 1
g5 2 15 g5 2 19 0.02555 0.251881 1
g5 2 11 g5 2 12 0.021155 0.156953 1
g5 2 11 g5 2 11 0.025091 0.185211 1
g5 2 17 g5 2 13 0.027333 0.165429 1
g5 2 13 g5 2 15 0.022988 0.198849 1
g5 2 13 g4 2 15 0.023569 0.241092 1
g5 2 18 g5 2 19 0.030342 0.183544 1
g5 2 14 g5 2 19 0.024453 0.238567 1
g5 2 14 g4 2 16 0.024556 0.237567 1
g5 2 10 g4 2 18 0.020262 0.235615 1
g5 2 11 g5 2 19 0.022791 0.218501 1
g5 2 13 g4 2 14 0.025103 0.195764 1
g5 2 15 g5 2 20 0.027064 0.170854 1
g5 2 13 g5 2 17 0.025271 0.178006 1
g5 2 14 g5 2 18 0.02602 0.228325 1
g5 2 12 g5 2 11 0.022062 0.215211 1
g5 2 16 g5 2 19 0.027243 0.164201 1
g5 2 17 g5 2 19 0.028023 0.180423 1
g5 2 12 g4 2 14 0.022293 0.158065 1
g5 2 17 g5 2 20 0.026427 0.196876 1
g5 2 13 g4 2 15 0.023595 0.261326 1
g5 2 16 g5 2 17 0.026745 0.18687 1
g5 2 14 g4 2 15 0.024374 0.20932 1
g5 2 12 g5 2 19 0.022497 0.183569 1
g5 2 13 g5 2 12 0.022566 0.166329 1
g5 2 14 g5 2 17 0.023437 0.197774 1
g5 2 15 g5 2 19 0.024737 0.172116 1
g5 2 15 g5 2 18 0.026214 0.138115 1
g5 2 19 g5 2 19 0.031748 0.1506 1
g5 2 17 g5 2 20 0.028851 0.1216 1
g5 2 14 g5 2 18 0.02597 0.117604 1
g5 2 16 g5 2 19 0.027971 0.172957 1
g5 2 18 g5 2 17 0.03231 0.117708 1
g5 2 18 g5 2 20 0.030317 0.133131 1
g5 2 17 g5 2 15 0.031642 0.153484 1
g5 2 20 g5 2 21 0.032403 0.159617 1
g5 2 18 g5 2 17 0.029591 0.0874627 1
g6 2 13 g6 2 14 0.023232 0.0980247 1
g6 2 14 g6 2 14 0.025226 0.125633 1
g6 2 15 g6 2 12 0.024791 0.148622 1
g6 2 16 g6 2 15 0.025195 0.151617 1
g6 2 14 g6 2 14 0.024676 0.11251 1
g6 2 13 g6 2 12 0.023661 0.153636 1
g6 2 12 g6 2 14 0.02506 0.128199 1
g6 2 13 g6 2 14 0.024813 0.159385 1
g6 2 13 g6 2 14 0.023061 0.128648 1
g6 2 11 g6 2 14 0.02139 0.158776 1
g6 2 15 g6 2 15 0.025784 0.191585 1
g6 2 15 g6 2 17 0.027977 0.110517 1
g6 2 15 g6 2 14 0.026288 0.112856 1
g6 2 11 g6 2 14 0.021769 0.153536 1
g6 2 13 g6 2 16 0.022964 0.200617 1
g6 2 15 g6 2 15 0.025175 0.109219 1
g6 2 12 g6 2 14 0.021799 0.136831 1
g6 2 16 g6 2 15 0.025889 0.127277 1
g6 2 14 g6 2 14 0.023958 0.11942 1
g6 2 14 g6 2 14 0.025179 0.203464 1
g6 2 14 g6 2 14 0.024501 0.128813 1
g6 2 19 g6 2 15 0.028172 0.144241 1
g6 2 15 g6 2 14 0.025455 0.177886 1
g6 2 13 g6 2 13 0.025244 0.154702 1
g6 2 13 g6 2 14 0.022842 0.153459 1
g6 2 14 g6 2 15 0.023288 0.133824 1
g6 2 16 g6 2 14 0.026233 0.15372 1
g6 2 13 g6 2 14 0.023718 0.128893 1
g6 2 12 g6 2 14 0.02198 0.128855 1
g6 2 12 g6 2 10 0.021278 0.148756 1
g6 2 12 g6 2 15 0.021457 0.119915 1
g6 2 12 g6 2 15 0.0222 0.145643 1
g6 2 19 g1 2 9 0.030071 0.442634 1
g6 2 17 g1 2 10 0.027207 0.279776 1
g6 2 10 g6 2 11 0.019727 0.0636586 1
g6 2 11 g6 2 11 0.020382 0.105822 1
g6 2 11 g6 2 11 0.020801 0.0788806 1
g6 2 11 g6 2 11 0.020208 0.104606 1
g6 2 13 g6 2 11 0.02263 0.15425 1
g6 2 14 g6 2 15 0.023677 0.106492 1
g6 2 13 g6 2 15 0.022991 0.138268 1
g7 1 11 g7 1 13 0.02187 0.354127 1
g7 1 13 g7 1 11 0.023684 0.319677 1
g7 1 12 g7 1 12 0.020896 0.41108 1
g7 1 11 g7 1 12 0.022886 0.213365 1
g7 1 13 g7 1 17 0.026377 0.360154 1
g7 1 15 g7 1 14 0.038952 0.297891 1
g7 1 10 g7 1 15 0.030815 0.338745 1
g7 1 7 g7 1 13 0.028972 0.240306 1
g7 1 11 g7 1 10 0.030638 0.301995 1
g7 1 11 g7 1 11 0.026824 0.291667 1
g7 1 9 g7 1 7 0.025906 0.291357 1
g7 1 11 g7 1 13 0.027368 0.198239 1
g7 1 10 g7 1 14 0.0217 0.266153 1
g7 1 7 g7 1 9 0.027124 0.25435 1
g7 1 6 g7 1 9 0.022961 0.266138 1
g7 1 10 g7 1 9 0.025548 0.220103 1
g7 1 6 g7 1 10 0.024807 0.396477 1
g7 1 8 g7 1 8 0.024534 0.244366 1
g7 1 11 g7 1 11 0.02334 0.336321 1
g7 1 9 g7 1 9 0.020546 0.206406 1
g7 1 8 g7 1 8 0.018231 0.26786 1
g7 1 4 g7 1 3 0.017951 0.119108 1
g7 1 10 g1 2 9 0.020936 0.649266 0
g7 1 11 g7 1 11 0.02048 0.260303 1
g7 1 12 g7 1 9 0.023219 0.405679 1
g7 1 15 g7 1 17 0.023285 0.371944 1
g7 1 8 g2 2 9 0.019521 0.544955 0
g7 1 10 g7 1 13 0.021548 0.19626 1
g7 1 9 g1 2 5 0.019969 0.640774 0
g7 1 11 g7 1 13 0.021306 0.458773 0
g7 1 15 g7 1 13 0.024477 0.254457 1
g7 1 14 g7 1 15 0.023626 0.345235 1
g7 1 9 g2 2 9 0.021233 0.494071 0
g7 1 13 g7 1 14 0.024542 0.252952 1
g7 1 16 g7 1 11 0.026397 0.232406 1
g7 1 22 g7 1 11 0.029331 0.361875 1
g7 1 12 g7 1 18 0.021744 0.348898 1
g7 1 10 g7 1 17 0.020054 0.307454 1
g7 1 14 g7 1 13 0.023626 0.351258 1
g7 1 12 g7 1 12 0.02204 0.345257 1
g7 1 13 g7 1 11 0.026198 0.291986 1
g7 1 11 g7 1 12 0.023345 0.241848 1
g7 1 10 g7 1 7 0.018766 0.329754 1
g7 1 16 g7 1 14 0.028165 0.22838 1
g7 1 6 g7 1 10 0.018239 0.407089 1
g7 1 11 g7 1 16 0.022521 0.397509 1
g7 1 8 g7 1 13 0.021888 0.195968 1
g7 1 11 g7 1 17 0.022874 0.413493 1
g7 1 8 g7 1 10 0.021843 0.270385 1
g7 1 13 g7 1 14 0.029103 0.297179 1
g7 1 12 g7 1 7 0.024257 0.311626 1
g7 1 3 g7 1 10 0.017517 0.341293 0
g7 1 12 g7 1 11 0.024141 0.183123 1
g7 1 18 g7 1 9 0.033983 0.361647 1
g7 1 15 g7 1 14 0.030501 0.269354 1
g7 1 16 g7 1 9 0.028402 0.484287 0
g7 1 14 g7 1 14 0.028598 0.252139 1
g7 1 3 g7 1 7 0.02247 0.422698 0
g7 1 15 g7 1 17 0.028185 0.199534 1
g7 1 16 g7 1 13 0.026611 0.260162 1
g7 1 17 g7 1 17 0.027758 0.192256 1
g7 1 12 g7 1 11 0.023462 0.23779 1
g7 1 13 g7 1 17 0.025407 0.209984 1
