g1 2 22 g6 2 30 0.066032 0.169768 1
g1 2 21 g6 2 32 0.064284 0.182766 1
g1 2 25 g6 2 23 0.072266 0.142628 1
g1 2 40 g1 2 22 0.114314 0.122917 1
g1 2 31 g2 2 15 0.086093 0.192795 1
g1 2 27 g1 2 23 0.076561 0.153719 1
g1 2 29 g1 2 26 0.08096 0.127131 1
g1 2 18 g1 2 25 0.058571 0.11378 1
g1 2 22 g1 2 25 0.066039 0.13298 1
g1 2 26 g1 2 23 0.074534 0.159024 1
g1 2 19 g1 2 20 0.059828 0.140108 1
g1 2 24 g1 2 20 0.070146 0.1084 1
g1 2 23 g1 2 23 0.06866 0.0709912 1
g1 2 23 g1 2 23 0.068106 0.124063 1
g1 2 26 g1 2 26 0.074598 0.0804248 1
g1 2 52 g6 2 36 0.130691 0.200435 1
g1 2 24 g1 2 20 0.069741 0.0998263 1
g1 2 35 g6 2 34 0.096538 0.203915 1
g1 2 18 g6 2 29 0.057901 0.130181 1
g1 2 22 g6 2 32 0.06649 0.189666 1
g1 2 19 g6 2 30 0.060914 0.141693 1
g1 2 26 g6 2 28 0.074613 0.162342 1
g1 2 20 g2 2 15 0.062094 0.191332 1
g1 2 22 g1 2 17 0.066134 0.0826369 1
g1 2 21 g1 2 18 0.063862 0.0905276 1
g1 2 30 g1 2 27 0.083388 0.133558 1
g1 2 28 g1 2 24 0.078553 0.151798 1
g1 2 37 g1 2 24 0.098867 0.252167 1
g1 2 27 g1 2 22 0.076755 0.202364 1
g1 2 27 g1 2 35 0.076385 0.106825 1
g1 2 21 g1 2 23 0.064071 0.0890126 1
g1 2 21 g1 2 22 0.064159 0.16291 1
g1 2 17 g1 2 24 0.055972 0.0803424 1
g1 2 26 g1 2 23 0.073806 0.224511 1
g1 2 21 g1 2 27 0.064309 0.239584 1
g1 2 22 g1 2 22 0.066143 0.156561 1
g1 2 28 g1 2 22 0.078856 0.164012 1
g1 2 22 g1 2 22 0.066142 0.158704 1
g1 2 20 g1 2 21 0.062124 0.163986 1
g1 2 21 g1 2 22 0.063588 0.127 1
g1 2 24 g1 2 24 0.070353 0.157281 1
g1 2 26 g1 2 26 0.073898 0.208272 1
g1 2 21 g1 2 23 0.063685 0.184014 1
g1 2 22 g1 2 22 0.065754 0.171721 1
g1 2 26 g1 2 22 0.074187 0.166915 1
g1 2 19 g1 2 26 0.060641 0.235 1
g1 2 24 g6 2 34 0.070372 0.18875 1
g1 2 26 g6 2 32 0.074249 0.197104 1
g1 2 20 g6 2 35 0.062109 0.172626 1
g1 2 25 g6 2 37 0.072373 0.129048 1
g1 2 35 g2 2 15 0.096022 0.221742 1
g1 2 23 g6 2 23 0.068101 0.151302 1
g1 2 31 g2 2 15 0.08543 0.17079 1
g1 2 20 g1 2 16 0.06187 0.074766 1
g1 2 18 g1 2 16 0.057692 0.0666175 1
g1 2 14 g1 2 16 0.050014 0.097091 1
g1 2 14 g1 2 14 0.050354 0.0732514 1
g1 2 15 g1 2 15 0.052258 0.0769861 1
g1 2 15 g1 2 15 0.052173 0.0601426 1
g1 2 17 g1 2 16 0.055872 0.0660645 1
g1 2 14 g1 2 15 0.050446 0.111548 1
g2 2 13 g2 2 12 0.049301 0.104895 1
g2 2 13 g2 2 12 0.048502 0.100152 1
g2 2 15 g2 2 15 0.051959 0.181384 1
g2 2 12 g2 2 12 0.045831 0.149102 1
g2 2 13 g2 2 12 0.048372 0.151942 1
g2 2 11 g2 2 15 0.042996 0.165786 1
g2 2 12 g2 2 12 0.046667 0.125499 1
g2 2 13 g2 2 12 0.048806 0.10506 1
g2 2 13 g2 2 12 0.048768 0.16345 1
g2 2 27 g2 2 24 0.076778 0.131999 1
g2 2 14 g2 2 12 0.050582 0.107382 1
g2 2 13 g2 2 12 0.048669 0.106109 1
g2 2 13 g2 2 12 0.048735 0.120002 1
g2 2 14 g2 2 12 0.050598 0.127057 1
g2 2 14 g2 2 12 0.050271 0.180586 1
g2 2 13 g2 2 12 0.049132 0.142003 1
g2 2 10 g2 2 15 0.042078 0.257722 1
g2 2 13 g2 2 12 0.048763 0.0980197 1
g2 2 14 g2 2 12 0.051008 0.105194 1
g2 2 13 g2 2 12 0.048703 0.161468 1
g2 2 14 g2 2 12 0.050822 0.143054 1
g2 2 14 g2 2 12 0.050587 0.214652 1
g2 2 12 g2 2 12 0.046155 0.142436 1
g2 2 15 g2 2 12 0.05241 0.101405 1
g2 2 16 g2 2 15 0.053755 0.171857 1
g2 2 13 g2 2 12 0.048534 0.160181 1
g2 2 13 g2 2 15 0.048309 0.242999 1
g2 2 14 g2 2 12 0.050149 0.163168 1
g2 2 16 g2 2 12 0.054584 0.134649 1
g2 2 29 g2 2 26 0.081487 0.119545 1
g2 2 26 g2 2 25 0.07489 0.152066 1
g2 2 27 g2 2 24 0.077609 0.135915 1
g2 2 23 g1 2 21 0.068752 0.27101 1
g2 2 18 g2 2 20 0.058191 0.108109 1
g2 2 20 g2 2 19 0.062017 0.111781 1
g2 2 30 g2 2 27 0.08637 0.124809 1
g2 2 21 g2 2 22 0.065627 0.0915402 1
g2 2 18 g2 2 21 0.058406 0.09341 1
g2 2 17 g2 2 19 0.056091 0.0936848 1
g2 2 19 g2 2 19 0.058569 0.0877324 1
g2 2 18 g2 2 19 0.059404 0.0914348 1
g2 2 19 g2 2 19 0.059993 0.0712885 1
g2 2 17 g2 2 19 0.058021 0.114198 1
g2 2 20 g2 2 19 0.061792 0.073588 1
g2 2 20 g2 2 19 0.062019 0.0967156 1
g2 2 23 g2 2 21 0.06823 0.144163 1
g2 2 15 g2 2 20 0.052557 0.130696 1
g2 2 20 g2 2 19 0.061965 0.0832217 1
g2 2 40 g2 2 26 0.107562 0.163425 1
g2 2 20 g2 2 20 0.062393 0.0960384 1
g2 2 25 g2 2 21 0.07233 0.0813563 1
g2 2 25 g1 2 29 0.072616 0.220425 1
g2 2 19 g2 2 19 0.060583 0.112486 1
g2 2 17 g2 2 21 0.057303 0.097333 1
g2 2 22 g1 2 31 0.065585 0.122122 1
g2 2 20 g2 2 21 0.062519 0.107351 1
g2 2 24 g1 2 25 0.069877 0.197976 1
g2 2 22 g2 2 26 0.067103 0.120047 1
g2 2 19 g2 2 27 0.060266 0.119208 1
g2 2 27 g2 2 26 0.076791 0.118647 1
g2 2 17 g2 2 19 0.056254 0.100057 1
g2 2 19 g1 2 28 0.061633 0.292518 1
g2 2 28 g2 2 23 0.078645 0.166886 1
g2 2 14 g2 2 12 0.050293 0.14921 1
g2 2 12 g2 2 12 0.046436 0.119037 1
g2 2 13 g2 2 12 0.048493 0.0842657 1
g3 1 34 g3 1 44 0.095515 0.317284 1
g3 1 33 g3 1 46 0.092299 0.219336 1
g3 1 47 g3 1 40 0.123106 0.300735 1
g3 1 50 g3 1 38 0.131053 0.292126 1
g3 1 53 g1 2 28 0.134866 0.394027 0
g3 1 47 g3 1 35 0.124346 0.254261 1
g3 1 45 g3 1 35 0.119171 0.283474 1
g3 1 45 g3 1 39 0.120158 0.271269 1
g3 1 42 g3 1 62 0.112862 0.270819 1
g3 1 41 g3 1 44 0.112883 0.289394 1
g3 1 42 g3 1 55 0.112322 0.278039 1
g3 1 45 g3 1 46 0.119118 0.244614 1
g3 1 44 g3 1 41 0.116612 0.235877 1
g3 1 45 g3 1 58 0.119871 0.252537 1
g3 1 42 g3 1 38 0.113205 0.493665 0
g3 1 42 g3 1 40 0.112309 0.203043 1
g3 1 39 g3 1 40 0.105729 0.203044 1
g3 1 54 g1 2 24 0.14356 0.362888 1
g3 1 46 g3 1 39 0.121111 0.241867 1
g3 1 46 g3 1 40 0.122019 0.209648 1
g3 1 48 g3 1 45 0.1276 0.216754 1
g3 1 46 g3 1 55 0.123414 0.223339 1
g3 1 44 g3 1 39 0.117561 0.239907 1
g3 1 41 g3 1 35 0.111552 0.247535 1
g3 1 45 g3 1 40 0.120127 0.311268 0
g3 1 42 g3 1 36 0.115554 0.292783 1
g3 1 48 g3 1 55 0.128503 0.300204 1
g3 1 64 g3 1 40 0.163438 0.285783 1
g3 1 56 g3 1 36 0.146088 0.289882 1
g3 1 48 g3 1 37 0.12566 0.198829 1
g3 1 55 g3 1 58 0.142011 0.224211 1
g3 1 51 g3 1 39 0.133352 0.271578 1
g3 1 47 g3 1 38 0.123832 0.215558 1
g3 1 49 g3 1 40 0.12975 0.234342 1
g3 1 50 g3 1 45 0.129577 0.252466 1
g3 1 48 g3 1 57 0.126043 0.27381 1
g3 1 49 g3 1 30 0.130414 0.323088 1
g3 1 57 g3 1 67 0.145091 0.266969 1
g3 1 59 g3 1 67 0.149193 0.253434 1
g3 1 44 g3 1 41 0.11778 0.369473 0
g3 1 26 g3 1 45 0.087803 0.815193 0
g3 1 47 g3 1 42 0.126199 0.286109 1
g3 1 40 g3 1 37 0.108825 0.220951 1
g3 1 38 g3 1 39 0.101957 0.198995 1
g3 1 40 g3 1 40 0.106615 0.222099 1
g3 1 42 g3 1 45 0.111538 0.299045 0
g3 1 37 g3 1 36 0.100368 0.333865 0
g3 1 41 g3 1 40 0.111591 0.166086 1
g3 1 38 g3 1 35 0.104258 0.213044 1
g3 1 37 g3 1 45 0.101975 0.298428 0
g3 1 41 g3 1 45 0.110067 0.255173 1
g4 2 35 g4 2 29 0.095753 0.200981 1
g4 2 35 g4 2 40 0.096069 0.074868 1
g4 2 42 g4 2 43 0.111918 0.165537 1
g4 2 42 g4 2 40 0.112142 0.165293 1
g4 2 39 g4 2 44 0.105612 0.123519 1
g4 2 40 g4 2 49 0.107964 0.144795 1
g4 2 48 g3 1 42 0.127531 0.263518 1
g4 2 40 g4 2 40 0.10779 0.163291 1
g4 2 47 g4 2 46 0.125554 0.155578 1
g4 2 45 g4 2 47 0.119412 0.164294 1
g4 2 44 g4 2 44 0.116807 0.139688 1
g4 2 46 g4 2 49 0.122334 0.115756 1
g4 2 50 g4 2 49 0.134492 0.0830325 1
g4 2 43 g4 2 29 0.114702 0.121298 1
g4 2 28 g4 2 31 0.078558 0.135106 1
g4 2 29 g4 2 28 0.081912 0.0741795 1
g4 2 28 g4 2 27 0.078427 0.0812595 1
g4 2 31 g4 2 32 0.085957 0.148538 1
g4 2 29 g4 2 31 0.080923 0.10039 1
g4 2 32 g4 2 32 0.088476 0.113248 1
g4 2 33 g4 2 38 0.091471 0.0895119 1
g4 2 34 g4 2 30 0.093347 0.105078 1
g4 2 38 g4 2 46 0.102795 0.154445 1
g4 2 28 g4 2 30 0.078352 0.111214 1
g4 2 35 g4 2 33 0.09611 0.0928454 1
g4 2 35 g4 2 35 0.096179 0.054118 1
g4 2 39 g4 2 34 0.105135 0.0895005 1
g4 2 39 g4 2 41 0.104671 0.110703 1
g4 2 44 g4 2 30 0.116239 0.100345 1
g4 2 44 g4 2 32 0.116626 0.109677 1
g4 2 29 g4 2 35 0.081059 0.0896642 1
g4 2 29 g4 2 31 0.080719 0.0966102 1
g4 2 31 g4 2 32 0.085827 0.0844094 1
g4 2 32 g4 2 32 0.088536 0.129553 1
g4 2 43 g4 2 32 0.114187 0.104682 1
g4 2 40 g4 2 32 0.107316 0.189227 1
g4 2 44 g4 2 39 0.116416 0.150614 1
g4 2 31 g4 2 30 0.085547 0.0719758 1
g4 2 43 g4 2 39 0.114465 0.100572 1
g4 2 48 g4 2 39 0.125997 0.11545 1
g4 2 39 g4 2 40 0.105291 0.0739062 1
g4 2 43 g4 2 30 0.113489 0.099075 1
g5 2 41 g5 2 48 0.111215 0.0936454 1
g5 2 43 g5 2 42 0.115038 0.0802734 1
g5 2 42 g5 2 50 0.113544 0.110121 1
g5 2 40 g5 2 50 0.10818 0.126498 1
g5 2 34 g5 2 48 0.094493 0.167191 1
g5 2 40 g5 2 48 0.109432 0.10047 1
g5 2 39 g4 2 32 0.105668 0.19223 1
g5 2 44 g5 2 48 0.117359 0.179595 1
g5 2 38 g5 2 49 0.103863 0.208098 1
g5 2 31 g5 2 30 0.086534 0.119656 1
g5 2 33 g5 2 33 0.092258 0.123368 1
g5 2 39 g5 2 33 0.106151 0.114927 1
g5 2 32 g5 2 40 0.088763 0.147538 1
g5 2 34 g4 2 29 0.093718 0.192093 1
g5 2 41 g5 2 49 0.11071 0.168088 1
g5 2 37 g5 2 33 0.101066 0.206707 1
g5 2 36 g5 2 49 0.098545 0.176142 1
g5 2 33 g5 2 33 0.091747 0.183825 1
g5 2 36 g5 2 49 0.099663 0.169152 1
g5 2 36 g4 2 29 0.09862 0.176426 1
g5 2 37 g5 2 49 0.101526 0.142442 1
g5 2 36 g4 2 29 0.098298 0.174111 1
g5 2 37 g4 2 29 0.101079 0.209175 1
g5 2 36 g5 2 48 0.102106 0.172507 1
g5 2 39 g5 2 48 0.106619 0.13397 1
g5 2 39 g5 2 52 0.106219 0.154602 1
g5 2 37 g4 2 29 0.101018 0.149926 1
g5 2 37 g5 2 52 0.10101 0.168346 1
g5 2 38 g5 2 49 0.103083 0.216505 1
g5 2 38 g5 2 48 0.103382 0.163797 1
g5 2 36 g4 2 32 0.099515 0.192569 1
g5 2 37 g5 2 48 0.101334 0.131962 1
g5 2 35 g5 2 47 0.097157 0.142198 1
g5 2 37 g5 2 48 0.102995 0.14226 1
g5 2 37 g5 2 47 0.101625 0.144625 1
g5 2 41 g5 2 47 0.110677 0.101672 1
g5 2 53 g5 2 49 0.138615 0.12125 1
g5 2 38 g5 2 47 0.104205 0.0936596 1
g5 2 45 g5 2 50 0.119607 0.0808529 1
g5 2 45 g5 2 47 0.123603 0.120769 1
g5 2 48 g5 2 57 0.128396 0.133671 1
g5 2 45 g5 2 57 0.121972 0.0969753 1
g5 2 45 g5 2 52 0.122048 0.102699 1
g5 2 48 g5 2 49 0.129575 0.0952967 1
g5 2 45 g5 2 50 0.121116 0.0759647 1
g6 2 38 g6 2 36 0.102057 0.0832649 1
g6 2 37 g6 2 36 0.100065 0.0919877 1
g6 2 40 g6 2 32 0.10563 0.104036 1
g6 2 39 g6 2 32 0.104347 0.177701 1
g6 2 33 g6 2 36 0.09151 0.0739164 1
g6 2 32 g6 2 38 0.088596 0.121687 1
g6 2 35 g6 2 36 0.095756 0.0944504 1
g6 2 36 g6 2 36 0.097911 0.131658 1
g6 2 34 g6 2 36 0.093707 0.102656 1
g6 2 30 g6 2 36 0.083251 0.105279 1
g6 2 37 g6 2 35 0.100182 0.14888 1
g6 2 40 g6 2 57 0.107016 0.0781961 1
g6 2 39 g6 2 39 0.104769 0.0718683 1
g6 2 29 g6 2 36 0.080898 0.12352 1
g6 2 34 g6 2 39 0.09376 0.164024 1
g6 2 39 g6 2 37 0.1048 0.0867312 1
g6 2 33 g6 2 36 0.092026 0.0986273 1
g6 2 41 g6 2 37 0.109131 0.0893568 1
g6 2 34 g6 2 36 0.093462 0.0844872 1
g6 2 33 g6 2 36 0.095046 0.141988 1
g6 2 39 g6 2 36 0.113097 0.0943078 1
g6 2 54 g6 2 36 0.163394 0.153552 1
g6 2 36 g6 2 37 0.135689 0.100885 1
g6 2 32 g6 2 37 0.098454 0.123474 1
g6 2 34 g6 2 36 0.106335 0.119653 1
g6 2 33 g6 2 32 0.098296 0.235521 1
g6 2 42 g6 2 36 0.122371 0.113696 1
g6 2 33 g6 2 36 0.100042 0.0889257 1
g6 2 33 g6 2 36 0.097813 0.0953035 1
g6 2 27 g6 2 31 0.076765 0.105149 1
g6 2 30 g6 2 32 0.085595 0.0827278 1
g6 2 31 g6 2 32 0.086427 0.112569 1
g6 2 49 g6 2 45 0.129236 0.369142 1
g6 2 37 g1 2 27 0.101305 0.24954 1
g6 2 30 g6 2 31 0.084475 0.0481761 1
g6 2 31 g6 2 33 0.0872 0.0835578 1
g6 2 33 g6 2 33 0.093508 0.0749726 1
g6 2 31 g6 2 33 0.08584 0.0741513 1
g6 2 35 g6 2 34 0.098406 0.0786984 1
g6 2 37 g6 2 35 0.101363 0.0650936 1
g6 2 35 g6 2 42 0.096959 0.094644 1
g7 1 35 g7 1 42 0.100722 0.274072 1
g7 1 32 g7 1 40 0.091424 0.213871 1
g7 1 35 g7 1 37 0.098287 0.314541 1
g7 1 36 g7 1 50 0.101521 0.156651 1
g7 1 38 g7 1 32 0.104197 0.283299 1
g7 1 39 g7 1 50 0.111035 0.199292 1
g7 1 32 g7 1 39 0.092907 0.269915 1
g7 1 33 g7 1 34 0.096273 0.128595 1
g7 1 25 g7 1 29 0.073855 0.23025 1
g7 1 30 g3 1 38 0.086614 0.404612 0
g7 1 32 g7 1 31 0.093818 0.224395 1
g7 1 34 g7 1 32 0.098462 0.163102 1
g7 1 34 g7 1 37 0.098054 0.212897 1
g7 1 32 g7 1 27 0.090327 0.175722 1
g7 1 27 g7 1 27 0.079796 0.223942 1
g7 1 31 g7 1 29 0.089358 0.174304 1
g7 1 31 g7 1 26 0.089465 0.169538 1
g7 1 28 g7 1 30 0.080804 0.216126 1
g7 1 29 g7 1 27 0.081379 0.234621 1
g7 1 29 g7 1 26 0.084975 0.163887 1
g7 1 29 g7 1 30 0.087964 0.201632 1
g7 1 25 g7 1 25 0.075172 0.0634586 1
g7 1 37 g1 2 15 0.112494 0.530052 0
g7 1 33 g7 1 33 0.098246 0.236254 1
g7 1 43 g7 1 26 0.134066 0.325197 1
g7 1 35 g7 1 46 0.135475 0.348845 1
g7 1 32 g2 2 21 0.102211 0.420181 0
g7 1 36 g7 1 35 0.107678 0.16725 1
g7 1 33 g1 2 15 0.155023 0.551134 0
g7 1 34 g7 1 36 0.140235 0.358404 1
g7 1 34 g7 1 34 0.126946 0.230783 1
g7 1 42 g7 1 45 0.121065 0.299935 1
g7 1 37 g7 1 41 0.111772 0.295442 1
g7 1 38 g7 1 33 0.113774 0.215944 1
g7 1 44 g7 1 31 0.12893 0.208828 1
g7 1 66 g7 1 41 0.17809 0.282145 1
g7 1 32 g7 1 37 0.102117 0.24747 1
g7 1 33 g7 1 48 0.106312 0.259356 1
g7 1 37 g7 1 41 0.117542 0.258088 1
g7 1 38 g7 1 37 0.112272 0.234551 1
g7 1 43 g7 1 39 0.133654 0.261738 1
g7 1 46 g7 1 43 0.135437 0.186543 1
g7 1 30 g7 1 31 0.090476 0.263501 1
g7 1 48 g7 1 38 0.145919 0.179544 1
g7 1 19 g7 1 34 0.071942 0.362941 1
g7 1 33 g7 1 49 0.108387 0.362298 1
g7 1 34 g7 1 32 0.111626 0.154278 1
g7 1 34 g7 1 29 0.104804 0.281279 1
g7 1 35 g7 1 29 0.108425 0.218815 1
g7 1 47 g7 1 39 0.138049 0.239458 1
g7 1 31 g7 1 27 0.096552 0.320248 1
g7 1 31 g7 1 31 0.09552 0.258225 1
g7 1 40 g7 1 43 0.119987 0.168175 1
g7 1 59 g7 1 43 0.181814 0.298299 1
g7 1 54 g7 1 50 0.168092 0.245747 1
g7 1 52 g7 1 35 0.155476 0.381369 1
g7 1 51 g7 1 50 0.158635 0.22973 1
g7 1 33 g7 1 33 0.115489 0.226786 1
g7 1 49 g7 1 46 0.148498 0.164696 1
g7 1 41 g7 1 45 0.125494 0.208928 1
g7 1 45 g7 1 46 0.122584 0.158187 1
g7 1 43 g7 1 43 0.125065 0.191376 1
g7 1 45 g7 1 46 0.138373 0.173496 1
