gesture cancelar hands 1
258.062 310.919 1461.71
256.711 309.929 1462.11
257.417 312.008 1462.74
256.055 308.432 1461.32
255.417 303.264 1463.6
255.16 299.199 1463.33
255.363 298.796 1463.15
254.728 299.063 1460.03
253.362 298.545 1458.81
252.297 298.466 1458.17
250.836 297.376 1458.04
248.748 294.901 1457.41
248.111 291.378 1457.51
247.506 289.409 1455.24
244.104 287.896 1448.42
235.951 281.07 1433.94
224.205 271.107 1418.53
202.254 219.499 1398.22
179.819 190.143 1375.19
150.639 157.638 1348.81
121.269 107.718 1323.92
86.4347 54.863 1303.29
48.2789 -11.0919 1291.92
12.7459 -56.2252 1286.06
-21.6376 -103.322 1286.67
-51.0822 -134.877 1292.46
-78.31 -158.831 1299.18
-97.863 -173.524 1310.11
-109.614 -174.38 1317.86
-120.286 -162.995 1321.65
-137.261 -144.128 1316.95
-155.345 -116.425 1308.99
-167.208 -76.4834 1304.59
-167.783 -32.132 1309.68
-174.605 15.0712 1312.49
-172.727 62.7802 1319.89
-177.553 116.761 1325.45
-178.765 165.281 1332.59
-170.917 204.42 1340.54
-150.863 221.711 1353.95
-136.401 242.629 1361.04
-123.444 257.731 1362.8
-106.515 260.88 1362.05
-88.8663 261.565 1357.67
-55.2136 240.067 1350.02
-25.9682 218.045 1336.08
-1.65407 195.597 1322.77
29.5242 166.983 1307.11
68.1624 123.936 1305.89
97.6107 88.8538 1300.09
125.322 48.2806 1299.15
150.064 10.6361 1297.62
170.497 -26.4703 1304.24
187.65 -55.527 1307.6
202.352 -81.7249 1312.66
210.091 -101.316 1318.68
216.297 -116.991 1324.27
218.177 -128.126 1329.78
217.753 -135.458 1335.1
217.43 -138.522 1338.91
217.596 -141.16 1339.05
217.496 -140.751 1339.04
217.645 -141.584 1338
216.578 -143.852 1335.41
220.328 -144.82 1336.06
220.03 -145.123 1336.2
221.454 -146.205 1339.08
218.801 -144.253 1337.86
end
gesture cancelar hands 1
205.777 297.793 1387.52
205.133 295.787 1386.04
205.054 295.543 1386.73
204.84 293.799 1386.22
204.243 295.129 1387.03
203.74 295.122 1386.65
202.704 295.714 1386.81
202.614 296.142 1386.67
202.295 295.136 1386.71
201.664 295.782 1386.2
202.51 298.301 1391.23
202.01 298.6 1388.73
200.81 299.285 1387.69
200.696 300.941 1389.12
201.791 301.733 1389.08
200.456 302.722 1387.6
200.017 302.381 1386.95
200.138 302.706 1386.86
200.238 302.502 1387.16
200.04 302.527 1387.58
200.496 302.61 1387.42
200.775 302.699 1388.09
201.788 304.05 1387.7
201.249 303.671 1389.11
201.917 303.465 1389.38
203.953 305.05 1389.34
203.639 305.6 1389.75
203.942 305.89 1389.08
205.589 305.247 1389.6
204.884 304.324 1389.96
204.697 305.59 1389.97
205.347 304.883 1390.23
205.756 305.171 1390.1
205.043 304.802 1390.16
205.366 305.492 1390.24
204.507 305.801 1389.59
205.103 305.391 1389.85
204.862 303.709 1388.89
204.417 303.529 1388.69
205.51 303.581 1387.85
205.804 303.107 1387.75
205.353 302.424 1386.71
205.081 302.802 1386.5
203.946 302.539 1384.56
202.199 302.625 1383.77
200.534 302.772 1379.67
195.169 298.893 1374.24
189.296 290.908 1367.26
178.7 277.121 1356.59
163.19 264.315 1341.6
150.12 248.662 1322.9
130.719 230.028 1306.34
105.748 206.376 1287.29
73.8762 170.41 1272.24
47.3417 139.156 1254.91
17.7788 109.936 1235.71
-17.6835 59.9122 1223.67
-50.7856 27.3564 1214.85
-81.579 -6.21169 1209.74
-115.665 -38.3165 1209.13
-144.485 -66.7557 1214.88
-171.791 -88.8737 1221.95
-195.299 -104.582 1227.93
-216.181 -115.116 1233.01
-232.106 -121.627 1237.74
-245.735 -117.915 1241.51
-257.372 -106.04 1239.56
-262.891 -86.5178 1238.16
-269.933 -62.5912 1235.85
-275.183 -34.8772 1230.3
-280.094 -0.556281 1224.96
-287.181 39.523 1217.26
-284.526 73.4125 1215.24
-287.512 113.073 1214.24
-285.585 150.081 1213.35
-278.574 181.762 1215.15
-272.802 210.55 1218.17
-264.441 235.578 1221.85
-256.73 258.051 1227.07
-248.001 278.466 1232.56
-241.314 297.097 1236.93
-232.047 311.865 1242.3
-215.957 311.736 1245.82
-204.123 312.363 1245.24
-190.894 316.445 1246.38
-172.642 316.962 1245
-145.483 294.918 1244.55
-123.017 275.912 1243.93
-100.151 260.823 1240.32
-82.3147 245.623 1235.87
-60.077 224.342 1235.69
-31.8476 196.915 1235.96
-8.02119 175.391 1238.75
17.6048 154.858 1241.86
40.6602 130.82 1245.5
60.0859 103.751 1253.67
82.7864 78.318 1262.04
102.459 59.907 1266.21
118.448 47.5905 1268.01
136.132 37.7786 1270.03
147.313 26.1879 1274.07
157.026 14.8853 1279.76
164.429 5.51429 1283.04
169.75 -1.31565 1285.79
176.025 -5.36506 1287.22
178.795 -5.29229 1288.03
178.979 -6.67242 1288.57
177.376 -8.45117 1290.09
179.297 -9.24735 1290.67
179.232 -10.062 1291.42
180.029 -9.92257 1290.48
179.196 -10.2024 1290.76
178.964 -10.4409 1290.68
end
gesture cancelar hands 1
229.478 320.531 1397.32
228.577 322.501 1396.55
226.834 322.922 1392.24
225.702 321.87 1390.59
223.102 322.012 1390.09
221.983 315.657 1388.57
219.682 306.048 1390.4
215.805 298.788 1388.21
206.998 290.17 1379.1
203.992 281.75 1376.9
189.412 268.263 1364.37
174.553 252.656 1356.33
152.522 220.101 1341.79
126.782 181.991 1330.42
102.263 143.363 1312.12
71.8608 105.61 1295.87
38.3345 41.6187 1289.76
3.71342 -2.43017 1284.91
-32.1796 -47.3366 1284.61
-63.427 -84.1289 1290.11
-94.3546 -115.56 1297.04
-115.057 -134.993 1308.22
-132.59 -147.937 1317.48
-150.565 -145.931 1321.19
-164.044 -135.262 1321.18
-176.278 -112.514 1317.85
-179.847 -80.088 1319.38
-186.694 -43.1251 1317.81
-194.29 3.42 1316.74
-202.308 52.7849 1316.1
-221.318 120.429 1315.5
-212.719 162.447 1326.8
-202.356 213.263 1334.91
-191.638 247.232 1342.72
-169.065 268.834 1349.68
-146.62 277.064 1352.27
-126.38 284.336 1349.88
-106.888 285.638 1343.04
-78.4847 279.825 1329.39
-49.6891 254.434 1317.11
-18.5754 228.688 1303.98
9.4452 192.33 1290
44.6021 151.046 1280.17
76.6599 115.276 1273.17
106.514 64.0447 1271.06
129.436 19.6692 1271.97
147.103 -16.4417 1274.52
164.748 -50.2872 1279.74
177.105 -75.1875 1284.12
190.19 -96.9865 1291.5
199.366 -113.364 1295.5
204.687 -125.077 1301.11
209.653 -132.525 1308.09
208.42 -137.448 1313.95
211.629 -140.598 1315.34
214.582 -140.965 1315.51
214.819 -141.886 1317.12
215.26 -141.187 1317.31
215.124 -141.862 1317.97
216.003 -142.275 1318.23
215.728 -142.81 1318.6
214.381 -143.839 1319.89
end
gesture cancelar hands 1
183.777 335.25 1349.8
183.436 334.707 1350.47
182.868 333.703 1349.66
183.979 333.509 1350.08
184.14 332.95 1350.37
184.805 331.574 1349.94
186.806 330.582 1354.87
185.967 327.396 1352.71
185.082 325.199 1349.94
186.149 323.218 1350.22
187.502 320.926 1351.94
186.765 320.061 1352.29
188.475 320.964 1352.85
190.165 323.015 1352.9
192.278 327.894 1355.26
192.881 330.806 1353.98
192.707 333.542 1353.3
191.908 336.829 1352.5
189.567 334.199 1351.4
188.195 328.572 1351.63
182.966 321.027 1347.58
175.267 307.683 1341.89
167.031 295.309 1335.19
156.959 286.896 1323.66
143.159 279.062 1312.05
128.183 262.743 1297.68
108.16 229.986 1287.21
83.8998 202.523 1272.83
54.8879 172.191 1256.91
29.3732 143.818 1240.8
1.01403 117.209 1228.53
-33.2327 78.0548 1218
-62.2281 45.337 1214.71
-94.1953 12.7938 1212.26
-125.469 -14.5819 1214.64
-155.311 -38.1764 1221.68
-184.064 -57.7577 1228.67
-206.857 -77.7331 1237.61
-230.44 -90.2679 1246.96
-250.599 -92.4922 1251.33
-265.355 -89.7847 1251.92
-276.13 -76.0375 1249.05
-274.956 -55.6343 1245.3
-277.373 -29.15 1237.49
-277.183 1.84472 1229.94
-281.957 40.0819 1221.11
-284.47 76.7519 1214.8
-282.26 119.371 1212.62
-276.433 158.68 1210.23
-267.604 196.327 1210.83
-258.039 232.296 1215.23
-246.983 259.446 1217.77
-235.485 283.698 1223.27
-225.182 304.28 1227.58
-213.369 311.682 1231.37
-199.295 317.038 1233.75
-186.667 321.191 1233.37
-170.467 324.83 1229.29
-152.431 322.257 1225.05
-124.024 290.437 1226.03
-102.506 269.84 1221.04
-80.8904 250.495 1214.39
-62.0377 232.237 1206.59
-33.1422 197.252 1208.41
-8.67794 165.118 1210.21
15.8773 133.808 1215.79
38.3131 104.211 1220.32
58.3498 75.1146 1224.69
74.6113 53.1263 1228.53
93.6723 30.881 1233.02
111.6 10.4601 1238.08
124.05 -8.53085 1244.13
133.321 -24.1 1249.75
140.78 -36.7194 1255.12
146.558 -47.4174 1262.4
151.709 -55.5117 1265.59
155.8 -58.4659 1267.42
160.364 -60.6124 1269.76
160.669 -60.5564 1271.4
160.071 -61.7304 1273.36
160.13 -62.2588 1275.03
158.064 -61.5832 1274.95
160.51 -61.5485 1275.66
160.346 -60.8636 1274.38
163.697 -61.8882 1274.79
end
