gesture a02 hands 2
1.39257 0.871516 1.23905 0.859922 0.976057 1.13791
0.971513 1.12638 0.820735 0.960563 0.961573 1.0856
0.659298 1.15974 0.851348 0.990466 0.939984 1.01576
0.714023 1.15823 0.842016 0.949581 0.990863 1.05192
1.23291 1.10691 0.946733 0.939521 0.97812 1.0775
1.1074 1.10035 0.884027 0.965227 0.939668 1.0286
0.623098 1.10667 0.890341 0.951264 0.969573 1.04433
0.959122 0.990146 0.898632 0.975211 0.965469 1.00814
1.04771 0.630724 1.37111 0.960083 0.965799 1.03878
0.999045 0.601922 1.45442 1.01745 0.960497 0.949819
end
gesture a02 hands 2
0.984167 0.703912 1.37226 1.012 0.960805 0.986313
1.32062 0.952842 1.05917 0.984724 0.966569 1.01025
0.618606 1.16085 0.842315 0.964229 0.950526 1.06965
0.547656 1.16638 0.892613 0.979827 0.944727 1.03682
1.06619 1.1689 0.798931 0.941144 0.98485 1.0644
1.21888 1.1368 0.901291 0.949023 0.979098 1.01648
1.08448 1.14056 0.818682 0.940008 0.988522 1.06973
0.630656 1.12888 0.839375 0.959235 0.975805 1.04472
1.14197 0.961522 0.969424 0.951488 0.967289 1.07307
0.986962 0.73752 1.41606 1.00239 0.95972 1.00156
end
gesture a02 hands 2
1.02816 0.678478 1.37124 1.01386 0.965995 0.982125
1.21748 1.02895 0.892403 0.990535 0.950879 1.00802
0.546422 1.19792 0.923066 0.929484 0.971611 1.10239
0.603461 1.19171 0.870948 0.912428 0.982266 1.12947
1.21784 1.1667 0.888346 0.922325 0.960257 1.05953
1.27177 1.14571 0.927574 0.926899 0.984108 1.05277
0.770218 1.15676 0.777402 0.972334 0.937677 1.01898
0.696279 1.14111 0.822989 0.931473 1.00796 1.04601
1.086 0.692643 1.32225 0.93515 0.985652 1.11476
1.01538 0.709296 1.45912 0.971053 0.969822 1.0144
end
gesture a02 hands 2
0.926431 0.544745 1.39639 0.98631 0.933989 1.04337
1.45012 0.985611 1.10572 0.964342 1.00162 1.05225
1.13118 1.16241 0.808775 0.987613 0.940301 1.05138
0.611405 1.26126 0.79559 0.941818 1.00315 1.07055
1.33719 1.20393 0.875271 0.96067 0.968606 1.04564
0.719923 1.26412 0.755483 0.986641 1.00979 1.03139
0.55881 1.21726 0.913553 0.980013 0.973061 1.04322
1.24217 1.18765 0.827605 0.925293 1.02458 1.03077
1.19583 1.09555 0.911134 0.97693 0.963578 1.02374
0.961033 0.576148 1.41891 0.913107 1.03277 1.01883
end
gesture a02 hands 2
0.909647 0.460245 1.41854 1.00994 0.903563 1.03434
1.31564 1.08144 0.935274 0.893474 1.01543 1.05382
0.862125 1.23651 0.776038 0.950591 1.03361 1.06052
0.51882 1.21167 0.976319 0.98524 0.958251 1.05943
1.24741 1.2169 0.858977 1.01323 0.983242 0.999295
1.30375 1.20396 0.923149 0.942371 1.0177 1.00734
0.610371 1.27026 0.830189 1.0054 0.999791 0.992496
1.15645 1.20339 0.803823 0.918751 1.02918 1.01002
1.02669 0.47803 1.43613 0.892777 1.0034 1.00451
0.924711 0.437585 1.43285 1.02065 0.917521 1.02524
end
gesture a02 hands 2
0.91862 0.517166 1.38062 1.023 0.909301 1.03634
1.35801 1.22437 0.901609 0.967946 1.044 1.05489
0.558475 1.29202 0.870662 0.958767 0.976163 1.07682
0.504584 1.26797 0.946705 0.91807 1.02157 0.957969
1.21292 1.30057 0.778202 0.967015 0.982742 1.06318
1.34185 1.233 0.879665 0.913916 1.02512 1.00877
0.705806 1.31854 0.740894 0.966407 0.986224 1.03543
0.535204 1.2691 0.907488 0.883158 1.00745 1.01182
1.1487 1.27759 0.759508 0.983904 0.973259 1.04432
0.914201 0.529627 1.37817 1.01712 0.941777 1.04703
end
gesture a02 hands 2
1.01289 0.675543 1.3423 0.974042 0.975974 1.01923
1.19192 0.854008 1.05124 0.971654 0.975333 1.0342
1.32528 0.885874 1.07501 0.977729 0.977565 1.00714
0.949751 1.03327 0.782298 0.967845 0.973761 1.04543
0.44534 1.18897 1.09234 0.962451 0.978775 1.02847
0.42371 1.19149 1.14207 0.951076 0.927675 1.03489
0.64586 1.1817 0.814764 0.949126 0.914316 1.09005
1.16664 1.19097 0.715984 0.952912 0.986944 1.10045
1.40359 1.13183 0.857531 0.965392 0.976683 1.0024
1.10644 0.670656 1.28113 0.99211 0.974334 0.994964
end
gesture a02 hands 2
1.02159 0.647948 1.41187 0.976205 0.972637 1.01798
1.32884 0.932655 0.955641 0.957104 0.9689 1.02206
1.18757 1.10302 0.788629 0.965002 0.973566 1.08503
0.393991 1.16879 1.09937 0.972307 0.94354 1.21761
0.397189 1.18444 1.05572 0.968641 0.950918 1.1559
0.73879 1.22572 0.714728 0.973712 0.934904 1.17232
1.25083 1.21734 0.74155 0.965891 0.956452 1.10962
1.39271 1.05442 0.90809 0.978784 0.91889 1.18874
1.13814 0.640027 1.31333 0.948438 0.993258 1.04389
1.00451 0.649422 1.40009 0.977288 0.977353 1.00346
end
gesture a02 hands 2
1.04436 0.657102 1.39302 0.983876 0.973301 1.02636
1.25459 0.875734 0.934433 0.947 0.969706 1.06051
1.12771 1.09933 0.75796 0.973641 0.962969 1.0749
0.506742 1.24967 0.94173 0.922037 0.969132 1.07596
0.531812 1.24975 0.903569 0.952826 0.948016 1.09882
0.936179 1.24516 0.716148 0.94322 0.965078 1.05082
1.23045 1.22564 0.739763 0.925674 0.922549 1.06814
1.2537 0.771095 1.06637 0.942024 0.9645 1.03413
1.08035 0.632165 1.37471 0.977313 0.973557 0.998899
1.0582 0.653588 1.3872 0.983181 0.9756 1.04131
end
gesture a02 hands 2
0.983922 0.848176 1.12701 0.983112 0.980755 0.983641
1.14301 1.04909 0.891069 0.983223 0.961509 1.02282
1.01285 1.19163 0.75358 0.992863 0.961467 1.00667
0.5839 1.2438 0.79142 0.962122 0.986189 1.00712
0.594142 1.27177 0.874601 0.987136 0.963285 1.00649
0.785979 1.25542 0.703782 0.963122 0.962578 1.00233
1.18717 1.2502 0.76722 0.955067 0.95911 1.10643
1.00993 0.87947 1.08855 0.954278 0.967854 1.10029
1.01421 0.835165 1.29159 0.948754 0.975213 1.04254
1.00916 0.820134 1.23706 0.961877 0.957565 1.04081
end
gesture a02 hands 2
0.989894 0.758898 1.23176 0.968161 0.946764 1.00238
1.14829 1.00808 0.934702 0.948027 0.955063 1.0212
0.925128 1.20893 0.7727 0.924712 0.954113 1.1206
0.588283 1.21301 0.832793 0.934074 0.971321 1.1501
0.610512 1.23762 0.8549 0.946204 0.957424 1.08778
0.964391 1.22509 0.756691 0.95804 0.961541 1.08194
1.12875 1.23993 0.827479 0.980052 0.982778 0.994436
1.12395 1.12456 0.918447 0.97212 0.966099 1.01917
1.04525 0.832889 1.12463 0.956267 0.962482 1.09942
1.01009 0.768548 1.26065 0.964187 0.94942 1.04391
end
gesture a02 hands 2
1.01983 0.767257 1.21764 0.964191 0.938396 1.02841
1.14715 1.07059 0.912546 0.938784 0.955394 1.00125
0.924005 1.16514 0.78953 0.940228 0.961849 1.09603
0.533713 1.1738 0.879647 0.926551 0.955524 1.11671
0.590998 1.2278 0.89468 0.917693 0.973476 1.15502
0.859913 1.22539 0.755762 0.908395 0.964322 1.09133
0.990797 1.11588 0.863318 0.959278 0.981548 1.00258
1.10446 1.2109 0.836406 0.993159 0.963466 1.01698
1.04835 0.793546 1.2061 0.949688 0.945369 1.03025
1.01737 0.77587 1.16804 0.964438 0.946945 1.00242
end
gesture a02 hands 2
0.965778 0.693187 1.28452 0.926388 0.951405 1.01335
1.26661 0.912152 1.11923 0.930925 0.94103 1.00406
1.10539 1.04836 0.858305 0.983842 0.928609 1.0416
0.583022 1.17756 1.04282 0.974746 0.963125 1.04778
0.612949 1.18169 0.993289 0.956841 0.937365 1.00768
1.22321 1.10029 0.903137 0.965651 0.997642 1.05395
0.691361 1.10489 0.883167 0.976736 0.99005 1.00851
0.589432 1.08651 1.02884 0.972806 0.977489 1.05867
1.16256 1.08362 0.879344 0.963828 0.974244 1.02457
0.964962 0.704982 1.34108 0.986742 0.961965 1.04014
end
gesture a02 hands 2
1.02463 0.765787 1.25182 0.974218 0.955072 1.04597
1.18288 0.894466 1.02059 0.983795 0.95083 1.04788
0.878359 1.05063 0.797968 0.962547 0.953357 1.07313
0.570615 1.24106 1.03126 1.00152 0.951268 1.0308
0.785372 1.25455 0.795997 0.973732 0.978703 1.05116
1.21756 1.05841 0.901514 0.959026 0.956324 1.08129
0.611868 1.14326 0.947545 0.964469 0.987848 1.05795
0.976369 1.11305 0.742971 0.950473 0.966054 1.05881
1.28984 1.03365 0.970387 0.977037 0.985361 1.0124
0.992776 0.758995 1.23298 0.974925 0.961522 1.01091
end
gesture a02 hands 2
1.02782 0.708088 1.2869 0.985713 0.961755 1.00358
0.948811 1.03384 0.810466 0.946599 0.95393 0.98119
0.578875 1.14003 1.00437 0.97038 0.957656 1.01231
1.23284 1.05406 0.897418 0.99457 0.96798 1.04607
0.633922 1.15362 0.969377 0.962109 0.996432 1.02498
1.2903 1.09646 0.934002 0.960122 0.967863 1.06176
0.661465 1.10098 1.03965 0.967816 1.0076 1.04451
0.980637 1.21273 0.773914 0.979653 0.967922 1.04882
1.22746 1.0811 0.891897 0.959646 0.962395 0.998903
1.01928 0.689889 1.3385 0.978294 0.967906 1.05029
end
gesture a02 hands 2
0.853014 0.632643 1.32691 0.968482 0.974865 1.0373
1.36663 0.945667 1.2378 1.00187 0.940684 1.02666
1.15547 1.11428 0.825 0.979194 0.981902 1.03072
0.334007 1.18117 0.890145 0.991386 0.961899 1.02852
0.638712 1.21556 0.719548 0.971331 0.997813 1.03211
1.38155 1.21241 1.09176 0.981556 0.981787 1.03026
1.37818 1.18054 1.0589 0.956518 1.02312 1.03478
0.54497 1.20376 0.774058 1.00661 0.934339 1.01362
1.29298 1.21596 0.908375 0.976611 0.993856 1.02607
0.843233 0.605865 1.30421 0.969189 0.971494 1.02536
end
gesture a02 hands 2
0.89319 0.605803 1.35254 0.968189 0.954154 1.04253
1.28353 0.865108 1.14632 0.998099 0.941053 1.02286
1.26231 1.09495 0.893307 0.986558 0.968867 1.01602
0.628281 1.29434 0.753656 0.996601 0.944859 1.01365
0.6445 1.27567 0.833238 0.9783 0.983728 1.01807
1.26591 1.29219 0.904692 0.998388 0.935711 1.01335
0.655792 1.26638 0.779904 0.984154 0.943386 1.02951
0.655971 1.23323 0.868025 0.961786 1.01345 1.02218
1.14502 1.2232 0.847326 0.969919 0.951061 1.04567
0.896646 0.614465 1.35301 0.971507 0.967078 1.02733
end
gesture a02 hands 2
0.923951 0.622394 1.35342 0.973803 0.963976 1.02119
1.22064 0.942366 0.956999 0.982688 0.960332 1.01881
0.963681 1.35151 0.745739 0.96832 0.961019 1.05537
0.676269 1.29102 0.807079 0.960213 1.01853 1.03692
1.22347 1.36261 0.847335 0.960959 1.01241 1.0329
0.810806 1.30191 0.761287 0.968709 0.982643 1.02524
0.660026 1.24013 0.84437 0.961705 1.0063 1.02888
1.06752 1.31231 0.775127 0.982686 0.937494 1.01519
1.02859 0.689009 1.15025 0.965622 1.00887 1.02168
0.91806 0.62405 1.32982 0.990211 0.934994 1.03689
end
gesture a02 hands 2
0.955356 0.580198 1.3078 0.985153 1.0226 0.989021
1.42781 1.10075 0.8961 0.999081 0.99202 1.07818
0.714442 1.26899 0.709332 0.943179 0.972745 1.00253
1.49195 1.12986 1.00285 0.984482 1.01177 1.06268
0.636445 1.25973 0.763542 0.935907 0.942279 1.02909
1.52483 1.11763 1.08061 0.997476 1.01072 1.0157
1.4006 1.16749 0.898704 0.948055 0.958832 1.03316
0.535227 1.24526 0.928144 1.00524 0.989107 1.07119
0.99351 0.530915 1.08601 0.962501 0.903472 1.00996
0.977985 0.558501 1.35288 1.02169 0.966356 0.952288
end
gesture a02 hands 2
0.981275 0.53329 1.34298 0.964423 0.913723 1.0351
1.32973 1.24636 0.793708 0.945944 0.873427 0.998842
0.641109 1.2431 0.982326 0.940036 0.964836 1.02192
1.55425 1.09896 1.05074 0.971668 1.54804 1.06151
0.586404 1.22142 1.03291 0.934178 1.59607 0.832262
0.669504 1.22355 0.93086 1.51419 0.94482 0.843432
1.51516 1.14714 0.973947 1.06096 1.33182 0.700829
0.891672 1.30112 0.71249 1.3298 1.10345 0.757482
0.576676 0.543687 1.29785 1.38863 0.90498 1.06106
0.54147 0.518888 1.25939 1.37239 0.884389 1.23226
end
gesture a02 hands 2
0.54255 0.509785 1.2654 1.32545 0.960406 1.11986
0.514852 0.519391 1.30269 1.35648 0.873683 1.13766
1.48652 0.915565 1.09489 1.32323 0.95833 1.10474
0.61537 1.21364 1.01512 1.33911 0.949003 1.07222
1.61229 1.01402 1.28749 1.11014 0.956797 1.02208
0.588883 1.20515 0.930339 1.54512 1.11346 0.845194
1.58309 1.0479 1.12115 0.881164 0.964591 0.971931
0.896143 1.19509 0.733657 0.94243 0.992304 1.03855
0.544788 1.11123 1.14968 0.874663 0.982231 1.02108
1.02887 0.5164 1.23548 0.917298 0.987044 1.01407
end
gesture a02 hands 2
0.930097 0.791682 1.1884 0.961384 0.971627 1.00437
1.27132 0.940842 1.37836 0.9531 0.964458 0.998639
1.33764 0.980773 1.2824 0.968669 0.954433 1.06647
0.828718 1.00238 0.781912 0.954778 0.971964 1.01759
0.550359 1.05833 0.85523 0.965262 0.962771 1.05877
1.23045 1.08817 0.87742 0.940883 0.965889 1.02133
1.42048 1.09003 1.17595 0.971201 0.965599 1.0707
1.06761 1.12843 0.743285 0.973343 0.967269 1.07254
0.509755 1.18772 0.813169 0.96183 0.981567 1.02238
0.944689 0.798823 1.25237 0.95425 0.982042 1.04867
end
gesture a02 hands 2
0.950144 0.78489 1.29072 0.975867 0.973487 1.02379
1.2931 1.07846 0.922114 0.985487 0.970692 1.02254
0.576603 1.13857 0.756252 0.956634 0.975597 1.06146
0.793193 1.11499 0.708776 0.971647 0.945815 1.07895
1.39875 1.10848 1.15543 0.95698 0.977747 1.06606
1.40528 1.09366 1.15964 0.960212 0.976431 1.01843
0.774344 1.02045 0.802114 0.969594 0.953405 1.04872
0.49085 1.0664 1.01287 0.963359 0.984607 1.02305
1.12265 0.831626 1.20426 0.962756 0.965756 1.0561
0.941169 0.762186 1.24658 0.946239 0.973633 1.02745
end
gesture a02 hands 2
0.945452 0.764969 1.27882 0.954239 0.979482 1.07058
1.30944 0.993029 1.07547 0.951188 0.97229 1.04223
1.03608 1.09366 0.775349 0.961121 0.974099 1.07438
0.526584 1.112 0.910201 0.973289 0.972054 1.03737
1.29087 1.10394 0.959243 0.965944 0.95267 1.08191
1.25855 1.06636 0.939584 0.964669 0.953179 1.04325
0.567367 1.08303 0.910805 0.974592 0.972026 1.01328
0.570377 1.05374 0.976743 0.949312 0.951222 1.04615
1.05891 0.807065 1.14094 0.965498 0.982117 1.03243
0.975378 0.770264 1.30862 0.955369 0.967074 1.06393
end
gesture a02 hands 2
1.00025 0.62111 1.36371 0.976543 0.971072 1.03503
0.986218 1.13221 0.791391 0.955994 0.964341 1.03709
0.689968 1.25273 0.90817 0.971682 0.969429 1.04062
1.17471 1.23153 0.835491 0.935445 0.957609 1.03914
1.07151 1.2442 0.793975 0.966821 0.967787 1.0462
0.68931 1.26179 0.911535 0.965889 0.974468 1.03452
0.845724 1.30312 0.829608 0.962821 0.991183 1.0414
1.1716 1.18077 0.864102 0.962284 0.973722 1.04106
1.07129 0.661531 1.2006 0.951332 0.963448 1.05655
1.00492 0.626734 1.38315 0.94517 0.966153 1.03452
end
gesture a02 hands 2
0.998641 0.560128 1.4619 0.946485 0.956759 1.05135
1.04602 0.698733 1.10483 0.957353 0.961226 1.05271
1.03831 1.10435 0.899503 0.950772 0.959547 1.04052
0.696134 1.19226 0.984633 0.968222 0.965693 1.05406
0.869908 1.22773 0.883185 0.968163 0.960663 1.05572
1.15274 1.12015 0.897686 0.963658 0.969234 1.05343
0.693595 1.17867 0.941283 0.968103 0.955633 1.05739
1.04256 1.13155 0.869832 0.962817 0.968577 1.04998
1.19238 0.93298 0.967772 0.959495 0.957787 1.03249
1.03337 0.554208 1.46802 0.952076 0.964898 1.03147
end
gesture a02 hands 2
0.995402 0.495665 1.50801 0.946244 0.960379 1.03376
1.08211 0.73564 1.07398 0.953774 0.957544 1.04615
0.987021 1.14416 0.87823 0.971291 0.955488 1.02291
0.726331 1.16109 0.955706 0.940323 0.955163 1.03391
0.778248 1.16545 0.949406 0.944215 0.957092 1.10811
1.16556 1.0913 0.934512 0.966344 0.962906 1.06744
0.667257 1.1533 0.996469 0.948341 0.947812 1.04543
1.01105 1.14118 0.919101 0.957349 0.964788 1.05811
1.16891 0.8134 1.04722 0.965772 0.949119 1.05484
1.07168 0.581351 1.24455 0.953867 0.944877 1.09094
end
gesture a03 hands 2
0.940637 0.743649 1.1719 0.920653 0.969585 1.10773
1.39437 1.15888 1.13712 1.0031 0.982847 1.05718
1.36423 1.59448 1.2939 1.00016 0.983263 1.10157
1.05198 1.74853 1.32083 1.03283 0.992481 1.02033
0.939133 1.63705 0.757267 0.956362 0.9857 0.975777
0.731032 0.95187 0.588205 0.950673 0.973792 0.990525
0.666648 0.837592 0.653793 0.885689 0.905871 1.06159
0.733483 0.848806 0.634242 0.868598 0.932462 1.0603
0.919605 0.731402 1.04851 0.965353 0.962917 0.967214
0.977572 0.736172 1.17814 0.990871 0.983234 1.10103
end
gesture a03 hands 2
0.946817 0.700017 1.21139 0.954966 0.981357 1.12775
1.28286 0.823084 1.27258 0.942908 0.975591 1.12546
1.41249 1.26394 1.33717 1.02554 1.00409 1.00051
1.26776 1.58145 1.39331 1.03049 0.991964 0.955559
1.01499 1.64792 1.11844 0.947982 0.972281 0.948646
0.859027 1.3813 0.571324 0.888064 0.901688 1.06107
0.66414 0.821745 0.639782 0.943474 0.947906 0.989607
0.807524 0.865512 0.641956 0.968769 0.977773 1.07821
0.970434 0.684263 1.08963 0.957164 0.977775 1.13502
0.968164 0.689088 1.2305 0.966716 0.97964 1.12351
end
gesture a03 hands 2
0.911036 0.63507 1.19886 0.950641 0.961432 1.04759
1.26437 0.816846 1.2412 0.951149 0.971314 1.11699
1.24717 1.49217 1.4167 0.947312 0.968048 1.07332
1.09328 1.64004 1.36976 0.943475 0.964782 1.02966
0.969389 1.6262 1.17871 1.01973 0.966053 1.02469
0.803187 1.25466 0.559991 0.945516 0.938797 1.00322
0.635127 0.79764 0.630023 0.935802 0.958251 0.942322
0.884768 0.880703 0.704331 0.934914 0.934903 1.00015
1.08613 0.638399 1.26979 0.966137 0.9705 1.14936
0.968729 0.632349 1.35433 0.966223 0.967273 1.11667
end
gesture a03 hands 2
0.941394 0.670353 1.29803 0.96972 0.887068 1.20693
1.18523 0.747974 1.22871 0.987177 0.969891 1.00024
1.34075 1.19904 1.30478 1.03922 0.953269 0.9097
1.23591 1.43531 1.35119 1.0312 1.04317 0.971777
1.0943 1.50664 1.20183 1.05338 0.91195 0.984764
0.956809 1.38149 0.821568 0.913152 0.927095 1.01455
0.778833 1.0191 0.593454 0.883605 0.910722 1.02295
0.778096 1.03747 0.541699 0.900772 1.0039 0.954204
0.887923 0.781832 0.876045 0.838372 1.06339 0.963172
0.950606 0.727026 1.20122 0.88176 1.08365 1.01448
end
gesture a03 hands 2
0.985173 0.811752 1.18505 0.886931 1.03343 1.01916
0.828594 0.680936 1.26388 0.956933 0.896044 1.13264
1.29729 1.23581 1.41282 1.11733 0.973978 1.12495
1.09807 1.54408 1.10443 0.994328 0.98863 0.930739
0.866031 1.35393 0.872555 1.06169 0.868224 0.902345
0.85138 1.05219 0.364834 0.918018 0.91125 0.952382
0.851768 1.20334 0.360122 1.03497 0.902331 1.03703
0.896215 1.14576 0.470602 0.774347 0.954276 1.00242
0.958878 0.736812 1.13202 0.858145 1.05655 0.906529
0.999934 0.777188 1.22511 0.935427 1.00323 1.04711
end
gesture a03 hands 2
0.973271 0.777835 1.19347 0.997462 0.959153 1.07932
0.835153 0.748488 1.27319 1.10023 0.928532 1.09637
1.00208 1.14188 1.28123 1.10144 0.962802 0.94762
1.28355 1.25021 1.40936 1.02727 1.00963 0.917734
1.16901 1.53528 1.28928 0.929637 0.861186 0.98325
0.957779 1.38962 0.775962 0.86973 1.00891 0.926207
0.933567 1.56966 0.64362 0.707 1.11675 0.976093
0.83187 1.06137 0.34328 0.826773 1.15516 1.03991
0.879207 1.20452 0.480159 0.989124 0.967604 1.08197
0.943508 0.790019 1.17567 0.990058 0.890156 1.13978
end
gesture a03 hands 2
1.03137 0.79088 1.21122 0.966868 0.965069 1.0115
1.1314 0.858644 1.07088 0.970548 0.988838 0.897471
1.2528 1.26156 0.899421 0.927134 0.983575 0.934818
1.22396 1.69654 1.01228 0.930667 0.973368 1.24279
1.18069 1.82553 1.03235 1.15172 0.990227 1.37757
1.10692 1.74204 0.728101 1.14402 0.987514 1.39672
0.676303 0.94197 0.583914 0.959576 0.905173 1.19973
0.615745 0.773612 0.846339 0.802975 0.957147 1.05895
0.660139 0.89653 0.820283 0.92452 0.9857 0.8488
1.00803 0.794023 1.17127 0.931774 0.975774 0.871246
end
gesture a03 hands 2
1.08051 0.705478 1.31341 0.890486 0.961137 0.836595
1.22927 0.884812 1.06983 0.969996 0.977518 1.19167
1.309 1.45933 1.00805 1.1469 0.98771 1.34425
1.19216 1.81109 0.976915 1.14047 0.97331 1.34661
0.997477 1.36083 0.556017 1.22103 1.01702 1.36984
0.609967 0.808038 0.802114 1.13404 0.958911 1.34897
0.583855 0.755095 0.950022 1.00629 0.890441 1.23138
0.728773 0.89884 0.831892 0.858658 0.921384 1.11223
1.10983 0.777729 1.12608 0.897632 0.939285 0.918743
1.06533 0.723744 1.28831 0.922086 0.956392 0.848225
end
gesture a03 hands 2
1.05441 0.735744 1.30803 0.959494 0.977047 0.925554
1.29219 1.07775 0.914364 0.919797 0.900081 1.0637
1.22884 1.82977 1.02449 0.964069 0.990728 1.11127
1.14064 1.82358 0.870705 1.06004 0.993511 1.29466
0.837847 1.46099 0.492598 1.18508 1.01522 1.32583
0.58048 0.907332 0.672006 1.10456 1.00033 1.33693
0.528724 0.787768 0.816326 0.9039 0.934576 1.18989
0.67509 0.989136 0.654959 0.874651 0.954445 0.968413
1.17705 0.798899 1.21365 0.958546 0.969547 0.939455
1.05007 0.744873 1.3186 0.955317 0.993444 0.919679
end
gesture a03 hands 2
1.10562 0.723181 1.17455 0.902916 0.925723 1.03703
1.09382 1.10166 0.991988 0.924348 0.938832 0.979957
1.09913 1.45162 1.24152 1.08156 1.02495 0.850644
1.04048 1.46337 1.11243 1.2138 1.13902 0.813243
1.02815 1.51296 1.28058 1.18244 1.07723 0.867797
0.981829 1.47512 0.983346 0.888152 0.94968 0.994403
0.758932 0.931868 0.777129 0.831622 0.888293 1.14402
0.721685 0.801951 0.866487 0.992674 0.895952 1.34393
0.76726 0.895988 0.834218 0.897291 0.900672 1.24011
0.992941 0.782528 1.04796 0.866086 0.955982 0.96584
end
gesture a03 hands 2
1.09312 0.785869 1.12827 0.828413 0.91431 1.00774
1.01111 0.871779 1.03194 1.30734 1.2694 0.97668
1.22062 1.34626 1.28469 1.32005 1.38912 0.990353
1.06957 1.53503 1.26612 1.18711 1.27394 0.908288
0.888065 1.24008 0.938481 0.961083 1.00137 0.959661
1.01656 1.60094 1.18405 0.868402 0.825018 1.16198
0.809893 1.16373 0.801912 0.913326 0.820875 1.37161
0.802128 0.81349 0.877595 0.864194 0.782396 1.30422
0.787678 0.89433 0.858859 0.79815 0.857324 1.07888
0.90182 0.818092 1.03768 0.831536 0.879703 1.05048
end
gesture a03 hands 2
0.87006 0.81552 0.997965 0.988633 0.969123 0.980226
1.24664 0.974748 1.09394 0.974369 0.958237 1.08806
1.23567 1.38887 1.33611 0.91551 0.975383 0.950068
1.09005 1.48768 1.33007 0.902803 1.02597 0.879482
1.0547 1.52988 1.13845 0.911587 1.00311 0.943702
0.791396 1.16436 0.816498 0.943282 0.919115 1.13839
0.732954 0.788224 0.88798 1.03841 0.89764 1.29999
0.754414 0.87322 0.83354 0.999187 0.889134 1.23317
1.09849 0.753471 1.15351 0.926037 0.914203 1.0852
1.08974 0.752213 1.13561 0.948058 0.96922 0.953661
end
gesture a03 hands 2
1.01184 0.729859 1.16561 0.996312 0.974901 1.01631
1.10443 1.20281 0.861295 0.955544 0.962207 1.03749
1.00658 1.61159 1.08688 0.976498 0.962933 0.987389
0.89424 1.22098 0.65833 0.971401 0.999221 1.02381
0.862482 1.06177 0.68064 0.994088 0.963017 1.00886
0.989809 1.62696 0.967893 0.968724 1.00065 1.06005
0.790158 1.00082 0.738825 1.0109 0.974192 1.01606
0.941629 1.08841 0.807379 0.946733 0.976162 0.996891
1.05263 0.735654 1.22614 1.00446 0.9672 1.01736
1.02439 0.718931 1.18133 0.959869 0.960701 0.993026
end
gesture a03 hands 2
0.987944 0.616037 1.31494 0.980649 0.923318 1.04197
1.02603 0.619757 1.27801 0.952689 0.933416 1.07342
1.19797 0.957293 0.955505 0.962242 0.932917 1.04799
1.12877 1.45278 1.0801 0.90648 1.01591 0.943043
1.07039 1.49574 1.17973 0.922408 1.00351 0.995142
0.840277 0.846332 0.838871 0.959555 0.969764 1.06748
0.994095 1.51119 1.01925 0.977181 0.968973 1.06414
0.842629 0.957869 0.781822 0.944217 0.95577 1.08901
1.0468 0.641166 1.27459 0.976607 0.972134 1.03143
0.984459 0.598187 1.40064 0.978725 0.941627 1.0631
end
gesture a03 hands 2
1.02638 0.615266 1.29495 0.948287 0.943593 1.02452
1.05999 1.47654 1.1844 0.970851 0.936771 1.01817
0.832464 0.879186 0.827471 0.957021 1.01182 1.03038
1.01642 1.47016 0.995944 0.982229 0.997182 1.01256
0.822209 0.90595 0.827087 0.971842 0.984338 1.05629
1.04746 1.44023 1.01564 0.981548 1.00485 1.01838
0.874972 0.919311 0.7901 0.967731 0.991859 1.06041
1.04836 1.42303 1.0125 0.978101 0.960909 1.01979
0.925393 0.896541 0.789021 1.00469 0.995782 1.01216
1.0351 0.624787 1.27249 0.941218 0.948336 0.984162
end
gesture a03 hands 2
0.978968 0.558618 1.31263 0.965255 0.92803 1.05536
1.1592 0.890159 0.982369 0.953452 1.02658 1.04463
1.14267 1.31833 1.03496 0.961599 0.983021 1.0535
1.02403 1.46607 1.31927 0.943848 1.0306 1.04621
1.0161 1.51029 1.00139 0.95078 0.982313 1.04874
0.782148 1.08569 0.673329 0.941144 1.03043 1.04502
0.864565 1.27671 0.712883 0.948076 0.982136 1.04755
0.941172 1.11821 0.818537 0.947625 0.982107 1.04735
1.03575 0.637348 1.11994 0.93331 1.07866 1.0421
0.985328 0.563801 1.30859 0.957309 0.942787 1.03057
end
gesture a03 hands 2
0.989287 0.540314 1.2798 0.958427 0.944972 1.04516
1.13904 0.876981 1.04573 0.970165 0.951163 1.00963
1.05212 1.37534 1.25921 0.958206 0.993937 1.0551
0.958021 1.4583 1.09697 0.975219 0.951203 1.05322
0.879782 1.16318 0.584422 0.960635 0.984522 1.0495
0.873471 1.30352 0.769344 0.969126 0.947514 1.04703
0.914821 1.06125 0.809538 0.957589 0.982677 1.0464
1.00165 0.666914 1.01591 0.964557 0.944747 1.04239
0.988045 0.538508 1.29302 0.946051 1.01784 1.04578
0.995942 0.539285 1.30043 0.963034 0.943825 1.04084
end
gesture a03 hands 2
1.00546 0.532952 1.3734 0.962877 0.942212 1.04198
1.13591 0.901032 1.09605 0.972509 0.949255 1.01363
0.999873 1.40031 1.25358 0.946781 1.01696 1.05436
0.931023 1.40077 0.880939 0.958374 0.980092 1.05738
0.855575 1.12924 0.696945 0.985654 0.953409 1.03619
0.865935 1.24383 0.69156 0.969967 0.943223 1.0604
0.881868 1.21135 0.755112 0.966393 0.984827 1.05018
0.97015 0.865487 0.909835 0.964856 1.091 1.02382
0.996725 0.553929 1.31687 0.964409 0.953727 1.047
0.995466 0.559266 1.33631 0.961389 0.943416 1.05035
end
gesture a03 hands 2
0.990876 0.648427 1.32831 0.971097 0.967606 1.0202
0.988027 0.653598 1.2157 0.934674 0.978416 1.00391
1.02713 0.886654 0.896284 0.955643 0.962065 1.04824
1.02996 1.25202 0.805123 0.927745 0.932374 1.06446
0.953701 1.67764 0.97895 0.943565 0.941404 1.12729
0.932588 1.78614 1.12525 0.93873 0.963302 1.08387
0.941955 1.6679 1.02998 0.954548 0.943699 1.16627
0.892714 0.874984 0.666991 0.940729 0.975809 1.07212
0.893943 0.758436 0.887359 0.977195 0.953659 1.01137
1.00077 0.662505 1.26505 0.978288 0.957296 1.01611
end
gesture a03 hands 2
0.973863 0.695954 1.26441 0.984342 0.946362 1.04032
0.999483 0.896704 0.895617 0.948189 0.956225 0.994765
1.046 1.33853 0.811531 0.96119 0.97594 1.02956
0.986208 1.66577 0.965871 0.976566 0.96017 1.0794
0.939123 1.81072 1.07203 0.962409 0.96436 1.15928
0.950001 1.70552 0.941414 0.941367 0.951991 1.1519
0.90653 0.779323 0.78832 0.983428 0.957811 1.11233
0.937694 0.717523 1.04086 0.920324 0.939623 1.14452
1.02703 0.741899 0.98862 0.98456 0.983435 0.960327
0.961939 0.68673 1.2517 0.9497 0.988463 0.940754
end
gesture a03 hands 2
0.926575 0.631468 1.31883 0.9561 0.958575 1.01076
0.943273 0.635485 1.25133 0.936239 0.955343 1.03121
1.04899 0.870693 0.995956 0.977534 0.969562 1.03405
0.981418 1.59873 1.08949 0.979705 0.943033 1.06238
0.944409 1.60144 0.975231 0.952436 0.977348 1.0544
0.938453 0.964885 0.627811 0.981876 0.916505 1.0907
0.923993 0.650954 0.964115 0.970232 0.961746 1.08121
0.946591 0.642963 1.111 0.947406 0.950518 1.131
0.986613 0.920693 0.932973 0.952439 0.992431 0.987099
0.950769 0.594639 1.2793 0.967881 0.957106 1.03455
end
gesture a03 hands 2
0.961807 0.558292 1.35929 0.956076 0.952932 1.04764
1.0528 1.00116 0.966867 0.95938 0.952431 1.01783
0.954803 1.44676 1.26834 0.959458 0.984409 1.05968
0.960359 0.785038 0.856731 0.950829 0.981548 1.06796
0.927493 1.3761 0.908173 0.96963 0.9756 1.07297
0.964736 1.46583 1.21012 0.965343 0.969118 1.04768
0.970718 1.06611 0.752639 0.963788 0.966198 1.04498
0.964499 0.706503 0.967341 0.970693 0.970311 1.06931
0.980323 0.908958 0.905504 0.96212 0.957348 1.01872
0.952518 0.568317 1.3725 0.955846 0.960138 1.01884
end
gesture a03 hands 2
0.96682 0.644627 1.27324 0.961322 0.962615 1.03095
1.06891 1.26405 0.871573 0.968749 0.956559 1.00339
0.938087 1.48228 1.17148 0.972011 1.00094 1.01944
1.00991 1.10217 0.659685 0.964113 0.957476 1.06278
0.963765 0.959771 0.713943 0.962509 0.987429 1.0897
0.950969 1.46516 0.794392 0.973687 0.975077 1.04892
0.957745 1.52072 1.07982 0.962951 0.975319 1.07099
0.971246 1.46165 0.877636 0.973456 0.971766 1.0302
0.969205 0.903985 0.718956 0.952216 0.975561 1.09306
0.979472 0.630266 1.29092 0.973379 0.970662 1.02396
end
gesture a03 hands 2
0.965576 0.559812 1.33135 0.957692 0.963612 1.02207
1.06145 0.780625 0.973952 0.971604 0.995363 1.05237
0.980644 1.47586 1.21789 0.974442 0.968275 1.1241
0.940495 0.918205 0.715792 0.976893 0.962971 1.0668
0.866034 0.636431 0.948599 0.966727 0.964837 1.10161
1.02758 1.34146 1.12124 0.965322 0.957814 1.03307
0.949266 1.39047 1.19606 0.956562 0.966702 1.13642
0.977941 1.0463 0.712508 0.961465 0.956095 1.02182
0.966351 0.59785 1.29059 0.970797 0.962764 1.02312
0.965667 0.585723 1.31733 0.930805 0.967523 1.10388
end
gesture a03 hands 2
1.06419 0.565483 1.39535 0.957945 0.975996 1.03181
1.05033 0.890287 1.01664 0.977762 0.973903 1.00018
1.00941 1.3709 1.14518 0.969102 0.987801 1.01338
0.938863 0.832848 0.907219 0.96373 0.954586 1.0714
0.937972 0.877828 0.88897 0.96266 0.956066 1.08122
0.957752 1.42344 1.23352 0.957876 1.00382 1.01576
0.948954 1.2347 1.04938 0.98105 0.964241 1.00681
0.968301 1.42117 1.22573 0.978162 0.939355 1.04276
0.940155 1.04597 0.865236 0.965576 0.953617 1.08978
1.01878 0.57382 1.29112 0.968934 0.949711 1.04994
end
gesture a03 hands 2
1.0283 0.556952 1.306 0.95666 0.950323 1.06962
1.01705 1.08649 0.90556 0.954467 0.959714 1.01205
0.961444 1.44593 1.23337 0.969028 0.965346 1.02707
0.954601 1.43207 1.03076 0.959104 0.991544 1.04807
0.920828 0.914127 0.77818 0.96735 0.953779 1.05889
0.904802 1.44481 1.04362 0.956815 1.01093 1.03168
0.945615 1.47247 1.21352 0.972282 0.964085 1.03153
0.904627 1.4083 0.932141 0.964621 0.997386 1.03024
0.931081 0.901643 0.782136 0.965544 0.944544 1.05938
1.05997 0.548387 1.37271 0.952098 0.963257 1.08663
end
gesture a03 hands 2
1.01093 0.624074 1.32146 0.947801 0.959728 1.06806
0.995918 0.897989 0.910623 0.973919 0.971015 1.00547
0.947592 1.484 1.05271 0.960675 0.95175 1.04585
0.907957 1.40338 0.876425 0.95813 1.00716 1.03925
0.929777 0.933149 0.74813 0.980969 0.950421 1.04047
0.900397 1.31582 0.752107 0.966722 0.954477 1.0523
0.922447 1.54308 1.17656 0.957085 1.02487 1.03735
0.92766 1.12823 0.64531 0.969239 0.958463 1.02422
1.01805 0.616545 1.0939 0.971545 0.943805 1.09753
1.02566 0.602186 1.34211 0.950964 0.94654 1.09235
end
gesture a05 hands 2
1.00111 0.738733 1.23425 0.944198 0.915344 1.08156
1.06126 1.3157 1.02276 1.02846 1.01511 0.926273
0.992983 1.4236 0.833293 1.046 1.09261 0.938965
1.00745 1.45537 1.01886 1.01015 1.14185 0.978458
0.924707 1.5315 0.643826 0.936381 1.04809 0.961226
0.824008 1.41555 0.485701 0.950552 0.961525 1.04086
0.879872 1.30377 0.572011 0.955552 0.940764 1.09244
0.957599 0.970368 0.811085 0.975464 0.946017 1.02245
1.00007 0.760281 1.22625 0.994157 0.942672 1.03707
0.997199 0.733682 1.21567 0.955396 0.925529 1.0877
end
gesture a05 hands 2
1.00705 0.7064 1.23717 0.95808 0.942936 1.05596
1.00792 1.37196 1.11617 1.09004 1.09621 0.885352
0.918215 1.47537 0.509745 0.980579 1.13733 0.978048
0.844942 1.33999 0.528673 0.968068 1.05691 1.03293
0.990632 0.817168 0.968508 0.970533 1.02319 0.969672
1.02963 0.75 1.15173 0.955556 0.976488 1.08781
1.00622 1.52022 0.884434 1.01399 0.973111 0.98097
0.894624 1.36021 0.565749 0.960001 0.960428 1.09625
1.0299 0.749056 1.18462 1.00576 0.97058 1.02638
0.983094 0.713372 1.24261 0.989505 0.954347 1.04196
end
gesture a05 hands 2
0.970763 0.656113 1.31541 0.962098 0.950605 1.04938
0.964463 0.661223 1.3063 0.989967 0.946874 1.02573
0.980487 0.837321 1.14594 0.961213 0.961748 1.0455
1.05153 1.23006 1.08119 0.953843 0.962065 1.02593
1.00539 1.38467 1.0798 0.947605 0.962872 0.97859
0.951101 1.41232 0.588182 0.949023 0.961733 1.04391
0.906011 1.21598 0.633131 0.94392 0.96303 0.968804
0.973818 0.795837 0.975016 0.972948 0.965486 0.95947
1.01856 0.689161 1.35738 0.943218 0.951358 1.02113
0.957146 0.648968 1.2552 0.94838 0.946104 1.00509
end
gesture a05 hands 2
0.956241 0.773678 1.24866 0.933792 0.902381 1.19499
1.02571 0.815955 1.25359 1.02855 1.03173 0.987855
1.04009 0.982702 1.08623 0.992032 0.924645 0.973741
1.15602 0.972581 1.13157 1.06219 1.13855 0.81892
1.04148 1.40312 0.947846 1.12495 1.18673 0.758323
0.821237 1.42144 0.484141 1.12065 1.10708 0.840149
0.829436 1.37834 0.437064 0.921282 1.01678 0.844721
1.01634 0.903558 0.8928 0.908311 0.97803 0.96843
0.982553 0.787445 1.1967 0.946232 0.935477 1.14622
1.03398 0.845086 1.23245 1.00971 0.950664 1.14329
end
gesture a05 hands 2
1.0287 0.773734 1.29445 1.01659 0.91943 1.16201
1.05319 1.09912 1.22433 0.974331 0.9082 1.18404
1.02522 0.772369 1.22656 1.03 0.947818 1.14199
1.02004 1.05058 1.07512 1.0754 1.04823 0.901946
1.09591 1.34048 1.21893 1.10506 1.08761 0.851331
0.836908 1.29881 0.672977 1.08284 1.02874 0.903479
0.857769 1.30303 0.468656 0.879794 0.931393 0.973899
1.04936 0.827691 0.892774 0.884136 0.983388 0.96452
0.963504 0.731988 1.22769 0.916913 1.01834 1.09521
0.985563 0.715829 1.2846 0.951755 0.914793 1.19031
end
gesture a05 hands 2
0.979415 0.736058 1.15438 0.967762 0.803807 1.16479
1.11895 0.835843 1.11825 1.07322 0.967409 0.77657
1.11285 1.3349 1.06142 0.997213 0.903394 0.904891
0.880031 1.27183 0.776754 0.931035 1.13235 0.872072
0.957646 1.33858 1.04801 0.975783 1.62208 0.912574
0.920378 1.37476 0.911255 1.03631 1.55869 0.986433
0.993422 0.918236 0.720673 0.934919 0.984292 1.04035
1.02342 0.817157 0.987736 0.876776 1.10345 1.20776
0.896398 0.898934 0.971679 0.966085 0.760782 1.1705
0.894055 0.785037 1.09583 0.89682 0.876596 1.1575
end
gesture a05 hands 2
1.08091 0.544624 1.40858 0.928692 0.971301 1.01232
1.08289 0.537996 1.40787 0.861489 1.08318 0.977797
1.16048 0.651281 1.22246 0.848251 0.971724 1.00086
1.19827 1.03678 1.16458 1.11622 0.859764 1.18867
1.07482 1.21793 1.22901 1.15694 0.876807 1.2244
0.792558 1.35756 0.591367 0.957052 0.905952 1.21789
0.745404 1.35013 0.610908 1.17839 0.868214 1.28123
1.10209 1.02619 1.04436 0.757164 0.935097 1.21137
1.14413 0.601199 1.30685 0.865878 1.03894 0.970106
1.06718 0.533417 1.44299 0.932489 0.982424 0.946608
end
gesture a05 hands 2
1.06329 0.599931 1.39769 0.970455 0.98532 0.986656
1.18361 0.684611 1.22876 0.912054 1.00125 0.945989
1.23495 1.15796 1.15877 0.897732 1.03756 1.01985
1.18751 1.23035 1.122 1.06223 0.867012 1.15493
0.942902 1.35661 0.780416 1.11238 0.893079 1.2044
1.14006 1.30273 1.08523 0.938282 0.977905 1.24258
0.845553 1.42282 0.654298 0.884535 0.949359 1.01555
0.738501 1.38523 0.630472 0.955868 0.969345 0.94172
1.13724 0.728725 1.16929 0.992814 0.980651 0.960399
1.08606 0.645563 1.37348 0.985405 0.962287 1.022
end
gesture a05 hands 2
1.07249 0.578375 1.46449 0.986888 0.955167 0.910781
1.20586 0.948542 1.16286 0.917687 0.932741 0.89424
1.3706 1.00127 1.15612 0.89844 0.940767 0.924466
1.17603 1.26637 0.976105 0.907789 1.001 1.0702
0.614354 1.31462 0.644549 1.02307 0.927006 1.35407
0.620537 1.31341 0.644258 1.02108 0.985621 1.3581
1.02593 1.11872 0.86693 0.880352 0.956953 0.998059
1.04228 0.830011 1.16092 0.88369 0.943731 0.913335
1.18109 0.68542 1.16308 0.970478 0.966799 0.892361
1.06496 0.531481 1.46686 0.963637 0.971352 0.916214
end
gesture a05 hands 2
1.06856 0.550797 1.35215 0.939006 0.938108 0.962985
1.06499 0.554574 1.34142 0.943873 0.956313 0.956754
1.05678 0.636805 1.27412 0.921279 0.968604 1.02129
0.958387 0.93 1.14864 0.943519 0.962661 1.03347
0.946863 1.16511 0.971735 0.953695 0.950959 1.13548
0.892534 1.25445 0.810388 0.942265 0.947731 1.15952
0.875724 1.23696 0.804496 0.953521 0.950856 1.07182
0.92877 1.01771 0.971516 0.958893 0.941725 1.05653
1.06412 0.596366 1.25868 0.964677 0.938097 1.0831
1.09186 0.544193 1.36879 0.948489 0.936858 1.06498
end
gesture a05 hands 2
1.05334 0.69149 1.26269 0.944277 0.942505 1.01836
1.04423 0.710045 1.23051 0.951494 0.964872 0.993636
0.971712 0.884242 1.11499 0.964808 0.947405 1.01722
0.96557 1.10954 1.01233 0.957446 0.976539 0.981998
0.906439 1.32054 0.780632 0.983169 0.970761 1.06113
0.86736 1.33509 0.712162 0.952408 0.958855 1.11031
0.842005 1.30281 0.708194 0.956555 0.958796 1.14609
0.86957 1.25442 0.804043 0.942154 0.954886 1.1267
0.983964 0.902937 1.00915 0.964109 0.96818 1.08148
1.07205 0.736074 1.22695 0.966149 0.955416 1.10727
end
gesture a05 hands 2
1.06865 0.723725 1.30539 0.925371 0.945686 1.02795
1.03225 0.800322 1.15202 0.971859 0.951015 0.983879
0.954214 0.96191 1.05769 0.972351 0.943291 1.01118
0.921624 1.11319 0.998801 0.966782 0.95921 1.07532
0.897082 1.28788 0.856089 0.961231 0.993273 0.960431
0.874367 1.29627 0.782824 0.952561 0.987036 1.02565
0.848547 1.36015 0.676537 0.969978 0.951957 1.15843
0.927624 1.05669 0.915898 0.935469 0.948535 1.10192
0.851652 1.30467 0.709558 0.943837 0.942314 1.02465
1.0067 0.753228 1.15526 0.962737 0.942843 1.02361
end
gesture a05 hands 2
1.0935 0.487248 1.37113 1.00624 0.958925 0.986334
0.980561 1.19772 1.21162 0.993228 0.961258 1.09673
0.944188 1.24375 0.644283 0.961004 0.984462 1.0175
0.943882 1.23836 0.664508 0.98351 0.985565 1.08662
0.958435 1.13681 1.1907 0.971181 1.00418 1.05303
0.963045 1.21483 0.703764 0.983319 0.974837 1.12493
0.941012 1.15696 1.28118 0.948981 0.985691 1.02657
0.920213 1.13361 0.715165 0.991542 0.972701 1.08382
1.1577 0.533693 1.28322 0.962601 0.991643 0.998129
1.02439 0.519335 1.24725 0.963057 0.956718 0.971674
end
gesture a05 hands 2
1.06931 0.493405 1.34462 0.971717 0.944509 1.02194
0.978242 1.21426 0.676199 1.0028 0.975175 1.08071
0.97037 1.20727 1.17774 0.98066 0.965262 0.995725
0.976382 1.18425 0.662782 0.986318 0.970244 1.03356
1.0033 1.18686 1.20275 0.978942 0.96277 0.974438
0.984958 1.16769 0.653444 0.985459 0.968998 1.02292
0.959282 1.1938 1.21599 0.978512 0.962147 0.969117
0.893703 1.14315 0.641019 0.991977 0.975226 1.0714
1.14093 0.558425 1.25322 0.978369 0.961939 0.967343
1.03338 0.521213 1.26645 0.928035 0.963878 0.996978
end
gesture a05 hands 2
1.03213 0.614507 1.31877 0.971547 0.933417 1.03343
1.0184 0.637704 1.30374 0.964909 0.937916 1.04772
1.01886 0.825052 1.15556 0.970741 0.943974 1.02809
0.947543 1.10473 1.04979 0.962274 0.967696 1.05519
0.909085 1.27088 0.798983 0.979912 0.947309 1.04761
0.85641 1.34564 0.596718 0.965685 0.960291 1.0662
0.941818 1.19987 0.865342 0.948139 1.00106 1.05766
0.97536 1.08226 1.02904 0.954183 0.978588 1.05287
1.03341 0.75827 1.22927 0.953889 0.989649 1.03715
1.03335 0.640464 1.31833 0.960226 0.956115 1.04807
end
gesture a05 hands 2
1.01631 0.635274 1.30578 0.963811 0.966243 1.04086
1.02102 0.694102 1.30088 0.954368 0.960156 1.06565
1.02668 0.940121 1.09574 0.962491 0.961936 1.05822
0.914355 1.32214 0.851097 0.960827 0.963879 1.05923
0.894014 1.38913 0.622596 0.962798 0.951051 1.04422
0.887845 1.37192 0.606271 0.959716 0.968682 1.06393
0.875901 1.33982 0.700664 0.954511 0.961859 1.05491
0.976707 1.04878 1.03272 0.963657 0.943026 1.03392
1.02763 0.688562 1.26906 0.952776 0.959585 1.05191
1.02292 0.628541 1.2958 0.955209 0.95102 1.05801
end
gesture a05 hands 2
1.01734 0.682538 1.22808 0.959749 0.954046 1.05561
1.02151 0.669609 1.25078 0.974794 0.96152 1.025
1.04205 0.839226 1.09471 0.97007 0.962696 1.04072
0.985746 1.08624 1.07936 0.970904 0.972722 1.0239
0.967774 1.13848 1.05485 0.981809 0.953245 1.00404
0.904894 1.43234 0.566698 0.964027 0.971318 1.0445
0.903528 1.2974 0.848782 0.960556 0.998884 1.03255
0.929376 1.17821 0.936711 0.96769 0.970314 1.02858
1.0388 0.669459 1.26974 0.97731 0.980922 1.01952
1.02833 0.684676 1.26062 0.974128 0.955332 1.0449
end
gesture a05 hands 2
0.994463 0.671419 1.2718 0.985989 0.959784 1.01106
0.94917 0.889015 1.06442 0.904401 0.910108 1.02633
0.999321 1.22828 1.08976 0.975603 0.970194 1.02813
0.922116 1.41971 0.925381 0.954272 1.00205 1.09509
0.963494 1.49083 0.52411 0.945313 0.927303 1.06132
0.852593 1.3164 0.684569 0.975747 0.94434 1.04246
0.948459 1.0672 0.963153 0.927205 0.932591 1.03017
0.998217 0.948043 1.01207 1.00618 0.961377 1.0236
1.03019 0.673328 1.30475 0.980412 0.986549 0.993437
0.999796 0.679836 1.29431 0.991386 0.968478 1.05091
end
gesture a05 hands 2
1.0367 0.60237 1.35862 0.979647 0.963267 1.0592
0.999524 0.637549 1.25659 0.937073 0.998124 1.00446
0.99053 1.16507 1.03088 0.947922 0.997795 1.01128
0.921381 1.41175 1.08782 0.937315 0.989053 1.10556
0.971636 1.47401 0.766217 0.933288 0.939119 1.06971
0.944032 1.429 0.611557 0.894925 0.911413 1.08949
0.854504 1.18742 0.638567 0.937947 0.914659 1.06721
1.00698 0.634285 1.03492 0.929261 0.889185 1.03386
1.00822 0.583443 1.35023 0.966993 0.971509 1.03436
1.00843 0.616823 1.36487 0.956223 0.965477 1.01959
end
gesture a05 hands 2
0.994688 0.654739 1.34335 0.989364 0.967606 1.05275
0.996258 1.04102 1.15831 0.958856 0.954873 1.09882
1.01317 0.979453 1.15594 0.965064 0.986539 0.965195
0.975633 1.19407 1.14297 0.935669 1.05464 1.08812
1.03009 0.917885 1.15357 0.950665 0.976495 1.12048
0.955007 1.34711 1.12763 0.937975 1.00405 1.07909
0.889972 1.4919 0.542238 0.930987 0.931478 1.03721
0.885923 0.995839 0.612403 1.00013 0.95808 1.02986
1.02919 0.579594 1.08929 0.931025 0.899044 1.03448
0.978968 0.603282 1.34666 0.987965 0.953031 1.03635
end
gesture a05 hands 2
0.999846 0.556552 1.33658 0.932583 0.95103 1.05668
1.00248 0.745886 1.18524 0.939789 0.953979 1.04706
0.983437 1.01546 1.19116 0.95039 0.9663 0.989912
0.968823 1.12935 1.2077 0.953206 0.940661 1.08515
0.94452 1.16974 1.16974 0.971029 0.941731 1.1556
0.910815 1.28415 0.753791 0.961751 0.94001 1.14218
0.89315 1.28438 0.696734 0.950164 0.907785 1.14511
0.944207 1.2407 0.70242 0.941215 0.952358 1.08401
0.934222 1.16992 0.809575 0.952474 0.93829 1.12876
0.983997 0.76186 1.06621 0.938232 0.967216 1.06364
end
gesture a05 hands 2
0.959025 0.641535 1.23462 0.943072 0.965377 1.04582
0.983456 0.620468 1.44486 0.949369 0.953239 1.00548
1.02803 0.734859 1.18059 0.940316 0.962593 1.01827
0.987218 1.18302 1.16066 0.948629 0.954603 1.05729
0.928917 1.26514 1.14486 0.953187 0.934587 1.07814
0.938344 1.33491 0.885489 0.95136 0.958982 1.0603
0.93727 1.27423 0.650106 0.960478 0.918949 1.102
0.95683 1.06102 0.740331 0.943161 0.947376 1.09532
1.01675 0.651707 1.15248 0.956824 0.967738 1.06633
0.942069 0.608886 1.33306 0.925844 0.975803 1.08865
end
gesture a05 hands 2
0.980564 0.69923 1.27743 0.947692 0.983664 1.05516
1.00539 0.742727 1.19257 0.951583 0.996093 1.01777
1.02313 1.08345 1.0419 0.960857 0.973378 1.01577
1.0268 1.32142 1.09428 0.971622 0.949046 1.0734
0.947194 1.37892 1.0065 0.971718 0.937427 1.08065
0.936554 1.49529 0.617744 0.997109 0.913755 1.04175
0.952324 1.13777 0.654904 0.957958 0.96507 1.08656
1.03077 0.770867 1.0229 0.966667 0.98973 1.03392
0.985664 0.70495 1.24992 0.949337 0.980693 1.06319
0.962943 0.68166 1.24124 0.956793 0.964331 1.03562
end
gesture a05 hands 2
1.03071 0.675741 1.27085 0.949715 0.951526 1.04141
1.03701 0.760215 1.15145 0.946552 0.95333 1.03758
0.946218 1.09987 1.00421 0.94486 0.947167 1.03911
0.881819 1.40947 0.802261 0.944868 0.959 1.07926
0.865763 1.46948 0.64059 0.948978 0.949862 1.03922
0.823937 1.44421 0.686382 0.944876 0.970834 1.11942
0.865572 1.32346 0.842003 0.945664 0.961741 1.11118
0.939858 1.06277 0.93858 0.952057 0.936295 1.06604
1.01748 0.71464 1.14182 0.955879 0.941313 1.08689
1.03333 0.66591 1.2749 0.958115 0.939974 1.04212
end
gesture a05 hands 2
1.01714 0.603024 1.35165 0.936296 0.931975 1.06083
1.02381 0.609614 1.3599 0.935175 0.971355 1.07362
1.00971 0.725116 1.17392 0.941922 0.95506 1.09775
0.875998 1.35157 0.867481 0.937882 0.966606 1.10207
0.871979 1.37543 0.666136 0.934588 0.944039 1.11471
0.850375 1.35634 0.7299 0.941615 0.941278 1.08761
0.876006 1.20828 0.93298 0.943482 0.928614 1.08038
0.978957 0.753673 1.1058 0.931294 0.921472 1.12735
1.07169 0.616646 1.34395 0.945349 0.91595 1.07315
1.01949 0.604835 1.35965 0.939364 0.937842 1.05171
end
gesture a05 hands 2
1.05271 0.660138 1.3507 0.949306 0.949372 1.0467
1.01722 0.671864 1.29968 0.940069 0.947012 1.05325
0.987215 0.902619 1.06064 0.93799 0.951441 1.08232
0.914214 1.2396 1.0151 0.941932 0.986094 1.07663
0.866902 1.39502 0.776633 0.935911 0.95587 1.11139
0.876849 1.38238 0.631203 0.946918 0.951023 1.10329
0.839377 1.36802 0.715962 0.939672 0.939653 1.08994
1.01821 0.646804 1.21479 0.935358 0.928857 1.12678
1.01497 0.640155 1.3779 0.937015 0.940563 1.04435
1.01339 0.636038 1.3794 0.933667 0.952215 1.01257
end
gesture a06 hands 2
0.938574 0.482655 1.19935 0.925706 0.948372 1.06781
1.09115 0.587912 1.02258 0.933141 0.952259 1.09125
1.24788 0.949028 0.988469 0.972351 0.960191 1.01187
1.13385 1.31482 1.37619 1.03854 1.00471 0.973666
0.973709 1.38385 1.19662 1.04962 1.01395 0.93111
0.909392 1.57805 0.734559 0.964094 1.00581 0.908307
0.886695 1.1714 0.557135 0.925586 0.96752 0.960708
0.9839 0.6865 0.829611 0.931977 0.893951 1.17208
0.9848 0.518242 1.18043 0.936347 0.957794 1.16307
0.951819 0.549754 1.24479 0.972937 0.98359 1.08163
end
gesture a06 hands 2
0.928005 0.438638 1.2921 0.944393 0.981762 1.0923
0.931854 0.48901 1.1233 0.993172 0.974802 1.09735
1.18539 0.782681 1.01244 1.01026 0.987346 1.04614
1.14455 1.19493 1.31025 0.98733 1.01876 0.945502
0.924883 1.14694 1.39767 0.954469 0.960919 0.892363
0.959503 1.27548 1.28019 0.929264 0.903906 0.951144
0.959845 1.53792 0.87434 0.938357 0.926963 1.08499
0.938193 1.14242 0.570501 0.959628 0.910609 1.03431
0.977528 0.788806 0.690649 0.953457 0.972955 1.13782
0.913757 0.453041 1.15929 0.927279 0.964471 1.18594
end
gesture a06 hands 2
0.900299 0.601686 1.19998 0.952952 0.963518 1.11312
1.10649 0.843727 0.914767 0.924095 0.960692 1.12343
1.1604 1.32255 1.25797 0.983077 0.960509 1.04116
0.92954 1.36259 1.31301 1.01693 1.00766 0.991784
0.938423 1.68091 0.743175 0.958608 0.992517 0.897649
0.999417 1.27945 0.54983 0.944863 0.948182 0.928124
1.02056 0.732662 0.826144 0.942813 0.964628 1.15118
0.9271 0.616458 1.2635 0.957025 0.969686 1.13961
0.93742 0.63187 1.02912 0.93465 0.973862 0.995072
0.864143 0.587639 1.10772 0.983244 0.958858 0.983878
end
gesture a06 hands 2
0.898899 0.702814 1.11441 0.880229 0.871591 1.15114
0.965359 0.681741 1.08071 0.998199 0.82802 1.12036
1.07632 0.952841 1.17422 1.11891 1.01454 0.94457
1.18729 1.22394 1.26772 0.950328 0.946744 0.885845
0.907684 1.41477 0.93589 1.07027 1.15683 0.872876
0.858008 1.43059 0.842825 0.964863 1.18055 0.854785
1.04504 1.24347 0.697076 0.827403 1.38227 0.967365
0.996718 0.95324 0.896678 0.883122 1.37602 0.986096
1.04221 0.793891 0.834945 0.898703 0.873621 0.898194
0.94976 0.666836 1.16946 0.902964 0.796289 1.18704
end
gesture a06 hands 2
0.93438 0.688278 1.1938 0.879858 0.74611 1.17151
1.06633 0.704173 1.0662 0.923469 0.700514 1.14878
1.07467 1.04246 1.03666 1.13186 0.865422 0.943389
1.18561 1.44776 1.27562 1.16229 0.975321 0.92818
1.08301 1.38074 1.00713 1.15379 1.11245 1.06914
0.920987 1.48029 0.922683 1.05393 1.34769 1.09181
0.987622 1.1727 0.649354 1.05553 1.24427 0.979605
0.999803 0.746928 0.919817 0.840473 1.32585 0.898322
0.9068 0.708578 1.11246 0.929097 0.801083 0.951794
0.979188 0.696587 1.17101 0.95657 0.767995 1.14011
end
gesture a06 hands 2
0.984913 0.548524 1.10159 0.966586 0.812679 1.12243
1.01158 0.593316 1.07498 1.00834 0.82572 1.11971
1.26793 1.00003 1.07459 1.09991 0.893132 0.870182
1.16611 1.09103 1.17793 1.13696 1.0598 0.863952
1.14013 1.17782 1.07947 0.903307 0.96505 0.779479
0.88154 1.25273 0.826023 0.853987 1.38965 0.952183
1.05323 1.03215 0.913893 0.986514 1.28843 0.998545
1.35427 1.03555 1.1582 0.86141 1.01237 1.05117
0.972645 1.22864 1.03411 0.894146 0.849182 1.12995
0.84714 1.15832 1.09887 0.977747 0.82261 1.14476
end
gesture a06 hands 2
0.955261 0.493412 1.20319 1.02798 0.868767 1.02753
1.35467 0.732957 1.18419 0.795283 1.05318 0.645813
1.21966 1.20649 1.42066 0.751243 1.16348 0.58329
1.21878 1.48372 0.976341 0.73158 1.11112 0.953849
1.22702 1.19156 1.33907 0.822881 1.12584 1.18903
1.21849 1.57613 0.828234 1.06006 1.04119 1.32727
0.538353 1.64129 0.572034 1.1684 0.980646 1.32187
1.15162 1.30495 0.797189 0.927031 1.02067 1.41227
1.26957 0.756558 1.00875 1.01223 0.92497 0.922615
0.96274 0.500962 1.23593 1.02125 0.90458 0.990362
end
gesture a06 hands 2
1.01896 0.3993 1.35238 1.00058 0.90558 1.00935
1.24768 0.526759 1.24542 0.995286 0.920704 0.991124
1.32375 0.989024 1.3815 0.86164 0.994122 0.792046
1.2522 1.0895 1.38789 0.785197 1.02796 0.781552
1.17417 1.33999 1.00941 0.834677 1.02252 1.00128
0.843705 1.60663 0.646298 1.19075 1.00182 1.25522
0.652242 1.60191 0.638958 1.12425 0.949745 1.24391
1.1454 0.787799 0.891044 0.866939 1.01783 1.25128
1.07355 0.390735 1.2886 0.84286 0.962935 0.898322
1.01487 0.35828 1.39013 0.941655 0.959523 0.836878
end
gesture a06 hands 2
1.0266 0.481231 1.34075 1.01593 0.936819 1.03544
1.06618 0.480763 1.2934 0.891444 0.986034 0.908945
1.35321 0.763051 1.18951 0.891072 1.03314 1.06341
1.23137 1.21943 1.24371 1.11164 0.98189 1.18513
0.735289 1.65228 0.577103 0.909545 0.982528 1.16523
0.9992 0.943856 0.9417 0.768976 1.05029 1.17216
1.03948 0.713105 1.07558 0.876403 0.925579 0.993766
1.14529 0.812343 0.890505 0.870287 0.961055 0.878861
1.07975 0.482353 1.20947 0.947612 1.00053 0.844994
1.01449 0.471514 1.30444 1.00947 0.920295 1.07307
end
gesture a06 hands 2
1.01321 0.636498 1.1382 0.976539 0.947871 1.03295
1.0001 0.64896 1.1143 0.867131 1.02199 0.908794
1.15547 1.08087 1.01474 0.902324 0.990983 1.02248
1.08893 1.2994 1.30195 0.969267 0.891584 1.25501
0.968441 1.39517 1.30428 0.962892 0.908353 1.27149
0.914239 1.71924 1.02503 0.961838 0.99341 1.00541
0.839221 1.57832 0.685517 0.973825 1.00024 0.971187
0.81979 1.06067 0.729937 0.970735 0.970249 1.02004
0.976817 0.707194 1.03028 0.985812 1.00708 0.936963
1.04206 0.612733 1.2422 0.979632 0.947088 1.03467
end
gesture a06 hands 2
1.00849 0.603299 1.2385 0.952563 0.926765 1.06045
1.00043 0.629003 1.13339 0.959615 0.941073 1.12652
1.23636 0.931493 1.10453 0.991892 0.945765 1.07341
1.12584 1.19715 1.32308 0.924583 0.968797 0.922185
1.02474 1.28643 1.28284 0.943096 0.996347 0.902668
0.993564 1.51777 1.06654 0.958162 0.961015 1.05428
0.815549 1.47122 0.658551 0.940738 0.99228 0.936132
0.788669 1.21587 0.621488 0.973228 0.925682 1.20589
0.820214 0.896806 0.830732 0.955881 0.925404 1.24413
1.00846 0.600065 1.2398 0.92387 0.959731 0.993284
end
gesture a06 hands 2
1.0248 0.658038 1.22124 0.958196 0.955352 0.983806
1.05115 0.696411 1.12739 0.973264 0.95562 1.10623
1.25383 1.06001 1.19853 0.960509 0.951688 1.00674
1.06925 1.27235 1.37203 0.929637 1.04904 0.90796
1.01852 1.32979 1.17536 0.961462 0.99486 1.0258
0.939176 1.62573 1.04604 0.940034 1.02693 0.94536
0.802429 1.54665 0.639811 0.993286 0.94068 1.14365
0.814755 1.06446 0.733728 0.99764 0.930848 1.2287
0.95964 0.705169 1.0418 0.976531 0.973384 1.03918
1.02636 0.665356 1.22683 0.969159 0.941296 1.03956
end
gesture a06 hands 2
1.00558 0.367983 1.20558 0.960651 0.953341 1.03838
1.25193 1.26198 1.1447 0.969111 0.989575 0.981391
0.926625 1.36185 1.27852 0.965457 1.00615 1.02279
0.889194 1.47246 0.694958 0.984984 0.964386 1.05476
0.863795 1.34597 0.690099 0.982302 1.01701 1.05023
0.951861 1.4166 1.17727 0.957048 0.992794 1.01308
0.943923 1.43815 1.16381 1.00217 0.971632 1.06081
0.923497 1.38986 0.650636 0.967574 0.952173 1.03488
1.08149 0.413031 1.1952 0.973279 0.951441 1.09126
0.902569 0.484958 1.04923 0.948419 0.952266 1.04497
end
gesture a06 hands 2
1.01106 0.386817 1.20474 0.962045 0.964156 1.00152
1.03875 1.30007 1.23392 0.980988 0.993746 0.936289
0.936695 1.4418 0.719729 1.00628 0.961932 0.964801
0.964231 1.35106 1.1955 0.994902 0.932725 1.03223
0.994541 1.35802 0.6445 0.961764 0.999669 1.04118
0.927403 1.31271 1.2496 0.989826 0.997577 0.986982
0.866699 1.14539 0.523352 0.994713 0.993291 1.04595
0.999859 0.467869 0.882217 0.994403 1.00052 1.07212
1.13206 0.458914 1.52782 0.946527 0.945585 1.06336
0.976467 0.370308 1.21029 0.987342 0.969306 0.93982
end
gesture a06 hands 2
0.934385 0.386387 1.13392 0.969499 0.93759 1.07482
0.940806 0.400137 1.14181 0.961151 1.006 1.00974
1.07271 0.594425 0.922034 0.969249 0.962238 1.04071
1.10524 0.978309 0.981993 1.00278 0.927639 1.01716
1.05105 1.14366 1.08387 0.979476 0.962667 1.02925
0.877259 1.40568 1.07506 0.980567 0.919866 1.04691
0.925807 1.49646 0.717819 0.956172 0.997694 1.04133
0.900544 1.36489 1.07902 0.956128 0.968076 1.05859
1.16552 0.702826 1.01691 0.951888 1.01302 1.02315
0.939178 0.406136 1.12209 0.959003 0.965744 1.049
end
gesture a06 hands 2
0.93412 0.504427 1.1806 0.953143 0.944267 1.07119
1.08542 0.654041 1.04097 0.969103 0.933618 1.05828
1.10044 1.12592 1.08981 0.956672 0.991433 1.03175
0.927949 1.31069 1.17122 0.973741 0.965816 1.03378
0.888596 1.58549 0.947259 0.968482 0.948228 1.04668
0.924222 1.60947 0.748626 0.950549 0.999514 1.04611
0.925916 1.52224 0.802848 0.955351 0.974709 1.03907
0.986299 1.15961 0.857564 0.950446 0.975754 1.05876
0.994603 0.581823 1.10698 0.960153 0.949904 1.03203
0.927174 0.495217 1.19704 0.964794 0.932018 1.04465
end
gesture a06 hands 2
0.885489 0.465806 1.15264 0.966375 0.93501 1.06306
1.07139 0.93411 0.944876 0.971228 0.970687 1.00976
0.968881 1.19944 1.14214 0.961205 1.00363 1.03138
0.87915 1.28649 1.1549 0.955095 0.948799 1.07583
0.979189 1.5775 0.775796 0.959513 0.956481 1.05499
0.930979 1.52077 0.887688 0.960926 0.928764 1.09295
1.0803 1.17463 1.1163 0.962429 0.946464 1.06355
1.16623 0.670449 1.1531 0.962627 0.922921 1.09795
0.887667 0.465923 1.14627 0.963932 0.964163 1.03415
0.875979 0.449297 1.14613 0.96287 0.922086 1.09866
end
gesture a06 hands 2
0.95893 0.399252 1.19628 0.972753 0.94443 1.07364
1.00468 0.645683 0.992412 0.954407 1.00927 1.00739
1.09156 1.15166 1.12267 0.958312 0.988681 1.05028
0.901678 1.26252 1.32345 0.945413 1.02269 0.989798
0.888383 1.34895 1.29354 0.973992 0.968527 0.999234
0.918874 1.56392 1.11439 0.93013 0.903696 1.01608
0.954937 1.43938 0.602106 0.952707 0.989747 1.04946
1.00619 0.723992 1.00148 1.01228 0.939608 1.07597
1.00079 0.696529 0.900365 0.984121 0.98101 1.12189
0.979901 0.429664 1.22636 0.997856 0.98962 1.05351
end
gesture a06 hands 2
0.976591 0.494545 1.26651 0.974458 0.993958 1.05833
0.998754 0.616489 1.02898 0.922118 0.965379 1.03015
1.03225 1.23014 1.07903 0.952351 0.989041 1.03797
0.981548 1.34951 1.28768 0.95372 0.885593 1.00581
0.920502 1.52791 1.23355 0.947247 0.884148 0.985643
0.922938 1.68382 0.82939 0.981334 0.991095 1.04805
0.958181 1.31313 0.521878 1.01643 0.981982 1.07675
0.942989 0.878968 0.73523 0.969682 0.98181 1.1562
0.981035 0.477787 1.2691 0.940827 0.985696 1.06228
0.961737 0.500473 1.27471 0.979947 0.962497 1.03985
end
gesture a06 hands 2
0.953679 0.520025 1.24903 0.989489 0.97035 0.995739
1.02808 0.913347 1.17011 0.957138 0.985422 1.02531
1.04253 0.796919 1.12777 0.962115 0.901973 0.972953
1.04281 1.09315 1.18067 0.9895 1.00246 1.06036
1.05698 0.680491 1.08544 0.987598 0.959283 1.12605
1.05755 1.27296 1.19122 0.965587 1.00049 1.1117
0.913374 1.7066 1.0164 0.947247 0.960505 1.1446
0.887676 1.44013 0.510686 0.993102 0.978993 1.10013
1.00032 0.684199 0.928799 0.926141 0.963911 1.06518
0.970982 0.528446 1.31111 0.980926 1.00503 1.02581
end
gesture a06 hands 2
0.960498 0.395035 1.22449 0.956529 0.969592 1.05935
1.10274 0.538647 0.986902 0.953269 0.97711 0.990014
1.19515 1.0636 0.967191 0.952616 0.973464 0.981624
1.0758 1.35575 1.14302 0.97696 0.95676 1.02322
0.77653 1.23095 1.33232 0.951963 0.969819 0.973233
0.784783 1.20903 1.34462 1.00065 0.936409 1.05643
0.891216 1.50713 1.17404 0.95612 0.971349 1.08126
0.948127 1.49838 0.810202 0.960388 0.966284 1.05153
1.10163 0.768242 0.798962 0.946863 0.975186 1.10128
0.955704 0.396184 1.26723 0.945624 0.971294 1.09789
end
gesture a06 hands 2
0.966558 0.329468 1.31543 0.946438 0.966494 1.08175
1.09846 0.816765 0.970757 0.942517 0.980944 1.01622
1.07593 1.11845 1.11841 0.947645 0.975762 1.00268
0.938703 1.16527 1.3286 0.969573 0.945234 1.04094
0.882897 1.14253 1.32421 0.96241 0.951714 1.04532
0.957413 1.41893 1.14731 0.952773 0.970581 0.989146
0.935886 1.23605 0.749769 0.956485 0.952 1.08
0.91924 1.05921 0.730711 0.996629 0.909525 1.06565
0.983877 0.454455 0.980684 0.957722 0.945807 1.11028
0.962219 0.35257 1.25469 0.94206 0.98475 1.07999
end
gesture a06 hands 2
0.959965 0.454241 1.31966 0.948412 0.969923 1.06503
0.960438 0.446541 1.347 0.94985 0.955582 1.0301
1.05211 0.55293 0.99828 0.953871 0.954168 1.01555
1.01509 1.15679 0.956612 0.952515 0.938357 1.03355
0.889221 1.24404 1.3214 0.958185 0.953686 1.04026
0.830446 1.32418 1.33516 0.957892 0.952754 1.00101
0.931208 1.58955 0.990099 0.963855 0.969015 1.04697
0.952063 1.35541 0.703678 0.982876 1.00621 1.08483
1.15406 0.917295 0.723234 0.976693 0.961601 1.06955
1.03985 0.48357 1.10736 0.988163 0.976477 1.04916
end
gesture a06 hands 2
0.981677 0.451286 1.3109 0.945155 0.942921 1.07674
1.01071 0.468593 1.21249 0.946055 0.948425 1.08155
1.15689 0.806429 1.02951 0.9555 0.948735 1.00659
1.0603 1.25126 1.19905 0.974292 0.954339 1.0115
0.970084 1.34671 1.27188 0.960618 0.947298 1.06099
0.890699 1.56554 1.09793 0.943667 0.949604 1.10512
0.900288 1.45569 0.75487 0.949137 0.950283 1.08998
0.952281 0.631057 0.942677 0.935191 0.950757 1.12718
0.964334 0.442268 1.29966 0.954607 0.950962 1.07484
0.96825 0.439572 1.34477 0.926715 0.95191 1.14925
end
gesture a06 hands 2
0.959482 0.42726 1.29373 0.929689 0.952635 1.12019
1.06088 0.606725 1.04836 0.941074 0.974729 1.03416
1.11909 1.11137 1.06325 0.948713 0.953413 1.05401
1.025 1.32265 1.20338 0.956175 0.965864 1.02853
0.9294 1.3973 1.30523 0.963714 0.950132 1.0256
0.892836 1.59956 1.06605 0.956523 0.951911 1.06424
0.897398 1.54888 0.807506 0.976953 0.941537 1.02459
1.00078 1.17594 0.730918 0.962571 0.945094 1.10188
0.983989 0.596705 0.89369 0.952683 0.953457 1.08229
0.97045 0.47279 1.05805 0.951806 0.949438 1.08747
end
gesture a06 hands 2
0.961049 0.416514 1.26442 0.917127 0.940491 1.12664
0.980574 0.433916 1.21817 0.959383 0.972356 1.01605
1.06361 0.601103 1.04692 0.943748 0.957297 1.06616
1.08142 1.19641 1.10266 0.951 0.957395 1.05605
0.956687 1.35642 1.27653 0.93593 0.949767 1.09121
0.886033 1.51785 1.16064 0.947091 0.953631 1.06857
0.865893 1.51724 0.852904 0.930066 0.94412 1.11001
0.921346 1.33336 0.788925 0.958253 0.957494 1.04593
0.971424 0.973498 0.746552 0.928112 0.942238 1.11627
0.957618 0.418392 1.17636 0.926169 0.924008 1.1492
end
gesture a10 hands 2
0.861782 0.813698 1.09657 1.04103 0.832419 1.08272
1.24629 0.996928 1.31748 0.717751 0.962793 1.29561
1.27564 1.04065 1.31003 0.639378 1.05669 1.30248
1.35967 1.09412 1.11296 0.732394 1.10396 0.839682
1.18094 1.12407 0.752151 1.06598 1.18684 0.636781
0.742364 1.20307 0.632368 1.25973 1.20403 0.663447
0.617716 1.27808 0.642272 1.00604 1.06055 0.748834
1.11367 0.917675 0.989056 0.878324 0.918352 0.971953
0.973265 0.840383 1.28955 1.01528 0.853843 1.27167
0.916541 0.825755 1.1153 1.08789 0.844352 1.122
end
gesture a10 hands 2
0.860493 0.791995 1.16799 1.11638 0.807901 1.12583
1.23103 0.942026 1.40036 1.0225 0.828044 1.2969
1.36246 1.06992 1.24994 0.65555 1.04734 1.29307
1.00475 1.19216 0.675707 0.600132 1.12581 1.04156
0.600132 1.18719 0.659985 0.78632 1.17206 0.734379
0.583713 1.17421 0.680389 1.10575 1.20299 0.660657
1.04949 0.930525 0.90832 1.18183 1.1765 0.631331
1.06226 0.841529 1.16331 0.806419 0.936175 0.932719
0.851603 0.783295 1.29375 0.871034 0.83209 1.21136
0.878755 0.795878 1.28074 1.0437 0.818099 1.24585
end
gesture a10 hands 2
0.937268 0.830473 1.2719 1.00254 0.844579 1.25725
0.954902 0.84558 1.12424 1.07479 0.850171 1.04973
1.16032 0.895685 1.3238 1.05094 0.844405 1.12288
0.929641 0.843664 1.11788 0.818867 0.900141 1.37151
1.22037 0.911748 1.3882 0.664385 0.995437 1.36178
1.39883 1.1535 1.00136 0.553819 1.11294 1.10212
1.09921 1.21107 0.700039 0.749743 1.17057 0.773381
0.745665 1.22668 0.667767 1.0825 1.22778 0.713284
1.03708 0.886177 0.992679 0.91562 0.919485 0.977314
0.950466 0.84702 1.27865 1.01116 0.876707 1.3764
end
gesture a10 hands 2
0.936076 0.746938 1.2997 1.04476 0.734516 1.27014
1.14052 0.791376 1.36005 0.824596 0.756284 1.23814
1.31187 0.925238 1.11951 0.685583 0.954434 1.0461
1.1275 1.12211 0.772849 1.08004 1.28466 0.644831
0.802002 1.2497 0.771606 1.10306 1.2873 0.801199
0.691602 1.32819 0.649828 0.943418 1.21998 0.812684
0.730495 1.30644 0.563276 0.777399 0.950392 0.995285
1.20441 0.942569 1.02711 0.897064 0.863661 1.12364
0.984274 0.768756 1.35086 0.821058 0.841879 1.24315
0.897 0.762197 1.30423 1.02306 0.774889 1.25908
end
gesture a10 hands 2
0.969917 0.703114 1.27703 1.04486 0.667321 1.29613
1.2608 0.761707 1.2993 0.77383 0.723385 1.27634
1.44124 0.89825 1.19129 0.617797 0.868793 1.10348
1.30749 1.02566 0.843888 0.765448 1.02254 0.855733
0.955993 1.23058 0.763451 1.08054 1.18915 0.728714
0.722009 1.33449 0.578712 1.11467 1.24311 0.833799
0.693512 1.07089 0.805832 0.960431 1.35206 0.83318
0.525009 1.0263 1.22368 0.957061 1.29757 0.895646
0.932689 0.798627 1.22683 1.03826 0.700106 1.26448
0.99883 0.727897 1.29283 1.04325 0.722024 1.26245
end
gesture a10 hands 2
0.909507 0.864079 1.16177 1.03723 0.876598 1.12652
0.904235 0.861072 1.16919 1.03416 0.845759 1.13814
1.21628 0.915759 1.30071 0.78921 0.921166 1.29712
1.42769 1.0962 1.23844 0.561076 1.05463 1.25662
1.39954 1.17007 0.889813 0.576226 1.13537 0.909557
0.714295 1.33041 0.572458 0.970414 1.24504 0.609506
0.720007 1.36283 0.537559 1.11107 1.41931 0.707191
1.0358 1.19748 0.65644 0.904983 0.985332 0.884062
1.06396 0.868482 1.13655 1.04798 0.845198 1.12418
0.891443 0.836436 1.16563 1.05425 0.841532 1.1538
end
gesture a10 hands 2
0.96585 0.638138 1.33245 1.02653 0.667203 1.30684
1.14883 0.702146 1.1036 0.870606 0.717827 1.14372
1.24781 1.24731 0.785464 0.744622 1.27852 0.784691
0.691998 1.39329 0.811061 0.951062 1.4501 0.708591
0.667708 1.35855 0.804936 1.11435 1.12612 0.903269
0.940529 1.14427 0.855897 0.981136 1.38513 0.729259
1.14514 0.98356 0.894118 0.729354 0.974217 1.00055
1.05682 1.21572 0.78525 0.858747 0.714963 1.19124
1.1696 0.664978 1.20895 1.00608 0.641863 1.34398
0.971166 0.637378 1.3609 1.01303 0.647552 1.35379
end
gesture a10 hands 2
0.971144 0.601498 1.41896 1.05816 0.594877 1.38489
1.2357 0.666007 1.24262 0.965976 0.593117 1.3697
1.30971 0.950435 0.987612 0.66357 0.75919 1.2034
1.36543 0.746395 1.1259 0.594416 1.11569 0.954801
1.37763 1.07204 0.863699 0.744292 1.32164 0.808176
0.868853 1.3452 0.742811 1.17843 1.32013 0.734171
0.743919 1.32993 0.781024 1.06664 1.3369 0.723978
1.18736 0.864424 0.923695 0.726992 0.868737 1.03355
1.15462 0.600412 1.19463 1.06835 0.555576 1.39241
0.96237 0.582864 1.4172 1.03172 0.5837 1.38518
end
gesture a10 hands 2
0.967145 0.655721 1.37294 0.997239 0.64346 1.37182
1.33175 0.747984 1.14084 0.987526 0.656615 1.34472
1.28476 1.00237 0.919591 0.690032 0.758666 1.20296
1.40075 1.03923 0.855177 0.678301 1.24537 0.787778
1.23777 1.25676 0.698341 0.951113 1.37645 0.63853
0.866189 1.34361 0.713829 1.16678 1.37426 0.732034
0.654474 1.39866 0.727554 1.16556 1.36218 0.676408
1.03542 0.956991 0.87871 0.980651 1.24398 0.77581
1.06365 0.658756 1.22339 0.971433 0.659735 1.22273
0.976498 0.669819 1.37688 1.02654 0.677635 1.35472
end
gesture a10 hands 2
0.868234 0.852146 1.18174 1.04259 0.86411 1.17658
0.94914 0.868033 1.16137 0.617922 1.00085 1.13077
1.2154 0.92505 1.13806 0.675731 1.05221 0.917082
1.35717 1.02972 1.13405 0.995961 1.10606 0.724346
1.28696 1.074 0.928809 1.16867 1.18646 0.696406
0.692027 1.19657 0.744071 1.17686 1.20553 0.684908
0.735276 1.19217 0.715162 0.953861 1.0865 0.76024
1.10783 0.989707 0.912268 0.803811 0.955831 0.987651
1.04892 0.855975 1.19482 0.88511 0.866083 1.22631
0.922501 0.837674 1.23817 1.0182 0.853008 1.22555
end
gesture a10 hands 2
0.928768 0.841048 1.25544 1.00846 0.867369 1.21099
1.15475 0.945116 1.08659 0.900069 0.855638 1.22715
1.25856 0.937122 1.14939 0.707813 0.920628 1.14681
1.26281 1.04208 0.955558 0.678604 1.00811 0.954098
1.04161 1.06676 0.794536 0.873222 1.06323 0.772684
0.702575 1.1613 0.744756 1.13589 1.17409 0.703998
0.728468 1.17129 0.741266 1.03429 1.09989 0.751674
1.04728 0.977878 0.93065 0.858557 0.944698 0.99796
1.02241 0.852717 1.18112 1.02398 0.854985 1.29269
0.89544 0.846947 1.25815 1.02504 0.869567 1.26559
end
gesture a10 hands 2
0.945471 0.836502 1.3118 0.972552 0.862126 1.26798
1.14059 0.850306 1.2319 0.81768 0.849635 1.24399
1.26537 0.95357 1.10101 0.724261 0.924906 1.05432
1.14914 1.06235 0.853797 0.834756 1.03955 0.841261
0.777781 1.15108 0.821874 1.09612 1.13626 0.76656
0.71612 1.16428 0.81218 1.11215 1.106 0.76976
1.04126 0.973939 0.916621 0.825252 0.95357 0.96256
1.07505 0.866525 1.11984 0.824021 0.8592 1.21428
0.934934 0.803496 1.24638 0.989648 0.832286 1.30797
0.93014 0.831117 1.25378 0.975533 0.863703 1.24657
end
gesture a10 hands 2
1.03254 0.867196 1.09698 0.901158 0.88454 1.12735
1.01737 0.920456 1.00842 0.899983 0.94057 1.01611
0.974243 1.02731 0.908301 0.994946 1.03714 0.904133
0.861364 1.11728 0.861088 1.12788 1.17851 0.857682
0.749079 1.12746 0.911426 1.06484 1.12592 0.873683
0.781906 1.16906 0.878338 1.13464 1.15724 0.856418
0.914718 1.0941 0.899474 1.00181 1.07332 0.889685
1.04448 0.918009 1.08904 0.911049 0.883145 1.13101
1.01649 0.854972 1.21594 0.931497 0.888276 1.12838
1.01253 0.852193 1.16632 0.890465 0.900449 1.11021
end
gesture a10 hands 2
1.01981 0.839065 1.16807 0.879329 0.861428 1.13115
0.985629 0.973367 1.00346 0.869907 0.869073 1.13322
1.03605 0.897189 1.04709 0.875114 0.889539 1.07461
0.951448 1.10767 0.838854 0.98367 1.01524 0.866443
0.842788 1.10862 0.853881 1.13231 1.14428 0.811831
0.735851 1.1666 0.846319 1.12563 1.17999 0.815025
0.734128 1.10958 0.868908 0.972581 0.963438 0.985558
0.980797 0.907276 1.11458 0.843887 0.851426 1.22722
1.06797 0.821422 1.2869 0.838972 0.84358 1.30672
1.05128 0.825019 1.28161 0.841976 0.853949 1.28535
end
gesture a10 hands 2
1.03515 0.818524 1.18762 0.841019 0.856912 1.25429
1.06255 0.819746 1.19016 0.835521 0.851313 1.12652
1.04986 0.865355 1.06113 0.893032 0.933571 0.962219
1.00374 1.01111 0.902334 1.04305 1.08768 0.853203
0.819926 1.13076 0.878289 1.10137 1.15166 0.845588
0.735033 1.08204 0.945135 1.10968 1.10813 0.912772
0.909162 0.937447 0.988505 0.965827 0.921415 1.01518
1.06288 0.830177 1.17599 0.862233 0.845853 1.1733
1.08281 0.814418 1.30435 0.837869 0.841558 1.29237
1.04914 0.801511 1.24793 0.865968 0.816926 1.22035
end
gesture a10 hands 2
0.845416 0.776143 1.21542 1.15427 0.730187 1.25854
1.22259 0.938813 1.14293 0.7428 0.891762 1.18819
0.677409 1.23896 0.7363 0.992055 1.01787 0.980395
0.656392 1.20421 0.688202 0.725337 0.996677 1.03621
1.13255 1.06891 0.924678 1.24131 1.14398 0.772601
1.28766 1.05019 1.27106 0.616653 1.12323 1.10833
1.19203 1.02292 0.957347 0.817301 1.11939 0.84948
0.699935 1.20731 0.692262 1.29939 1.15097 0.775021
1.21503 1.05829 1.03946 0.900398 1.13592 0.829567
0.832233 0.791104 1.1945 1.10448 0.743271 1.24142
end
gesture a10 hands 2
0.922836 0.759243 1.24127 1.03083 0.765308 1.18618
1.27236 0.947881 1.05966 0.655435 0.98961 1.05252
1.09631 1.17798 0.718127 1.10079 1.21759 0.675313
0.646817 1.25733 0.638011 1.21118 1.27069 0.699474
1.14703 1.16986 0.812395 0.779691 1.18497 0.868254
1.23449 1.15061 0.894506 0.715249 1.20511 0.917536
0.765715 1.22755 0.69977 1.18192 1.16904 0.803715
1.17349 1.08403 0.911901 0.852473 1.14556 0.870032
1.13967 0.839595 1.32654 0.836203 0.819937 1.28289
0.93201 0.756719 1.27231 1.09247 0.742816 1.26331
end
gesture a10 hands 2
0.858417 0.65997 1.36234 1.15337 0.636074 1.34104
1.0857 1.04307 0.879417 0.677685 0.947786 1.15574
0.632052 1.14929 0.751535 1.08555 1.06673 0.822525
1.11756 1.07936 0.92687 0.86068 1.10896 0.915907
0.687779 1.12779 0.791967 1.30323 1.05609 0.841354
1.27075 0.991711 1.16744 0.681554 1.06287 1.13689
1.19304 1.00954 1.02088 0.787535 1.05655 0.993047
0.77735 1.09261 0.79587 1.24148 1.05451 0.861062
1.25692 0.954279 1.21689 0.707108 0.993616 1.16183
0.980968 0.686131 1.41993 1.03044 0.632549 1.43283
end
gesture a10 hands 2
0.810277 0.611215 1.29357 1.16238 0.622503 1.25278
0.979149 0.651378 1.34495 0.654072 0.898403 1.24061
1.34469 0.947555 1.38575 0.588001 1.10003 1.07141
1.3651 1.10604 1.08218 0.741113 1.23093 0.831922
1.13392 1.24492 0.775335 1.11579 1.25807 0.680097
0.651588 1.24614 0.688984 1.23288 1.25248 0.747942
0.674325 1.29132 0.672536 1.16722 1.31501 0.738176
1.14649 1.03188 0.89734 0.73655 1.08306 0.954021
1.15173 0.848982 1.09236 0.751078 0.84905 1.17108
0.972715 0.659609 1.2967 0.974105 0.659539 1.34464
end
gesture a10 hands 2
0.874811 0.668704 1.32251 1.0739 0.654695 1.29871
1.06782 0.721304 1.2838 1.13736 0.673769 1.20953
1.38703 1.16243 1.16707 0.647247 0.947208 1.24249
1.26677 1.31299 0.84997 0.674156 1.36525 0.859763
0.808815 1.37221 0.66954 1.03562 1.38678 0.658033
0.574455 1.34635 0.652325 1.34874 1.30154 0.738078
0.637824 1.31354 0.624364 0.837621 1.30916 0.755941
1.05855 1.30203 0.745818 0.651712 1.16835 0.94655
1.19817 0.909012 1.06095 0.896017 0.734052 1.23299
0.877423 0.675681 1.26006 1.04097 0.661073 1.2532
end
gesture a10 hands 2
0.855587 0.686125 1.27585 1.1202 0.691199 1.20785
1.36001 1.03816 1.18891 1.11165 0.686821 1.1651
1.34337 1.30951 0.929381 0.86106 0.788436 1.25919
0.652442 1.39353 0.676518 0.6329 1.01779 1.19664
0.572919 1.37584 0.652199 0.585627 1.29899 0.964032
1.00413 1.31105 0.691298 1.19566 1.39803 0.615137
1.26132 1.09012 0.907556 1.09296 1.36639 0.613342
1.14349 0.8359 1.07196 0.671354 1.22443 0.891733
0.853064 0.712567 1.24427 0.828473 0.825237 1.15462
0.869849 0.692897 1.25807 1.11687 0.711126 1.20641
end
gesture a10 hands 2
0.884437 0.709597 1.26866 1.06563 0.718812 1.20293
1.07615 0.759897 1.17155 0.819636 0.817021 1.10259
1.51838 1.17986 1.18832 0.480558 1.23976 1.18869
1.39293 1.41849 0.692805 0.456328 1.36519 1.07811
0.676363 1.46839 0.575816 0.834621 1.44317 0.640357
0.668977 1.32272 0.650678 1.18351 1.40446 0.627966
0.771957 0.943472 0.790104 1.25882 1.31836 0.65712
0.881778 0.699072 1.18456 1.09914 0.701465 1.13361
0.897257 0.72061 1.3071 1.06298 0.690032 1.31159
0.887153 0.734739 1.18711 1.08312 0.740634 1.14429
end
gesture a10 hands 2
0.877798 0.676934 1.25614 1.08503 0.69657 1.15142
1.41937 0.963156 1.16171 0.79444 0.712362 1.19271
1.45266 1.15918 1.00923 0.579451 0.981536 1.24386
1.51417 1.09607 1.16649 0.519081 1.36786 0.944104
1.48595 1.3552 0.856751 0.781878 1.51838 0.703419
1.11572 1.51569 0.623196 1.22031 1.39287 0.70975
0.61596 1.4826 0.637873 1.21858 1.34672 0.666906
0.849773 0.67762 1.14896 1.12225 0.714228 1.03324
0.895682 0.669894 1.34709 1.08255 0.632766 1.29048
0.862569 0.686973 1.24429 1.06326 0.663582 1.27491
end
gesture a10 hands 2
0.855381 0.628389 1.26092 1.03624 0.61988 1.22749
1.37427 0.855472 1.2963 0.602641 0.860557 1.26793
1.56527 1.16945 1.0923 0.463358 1.13971 1.14697
1.45842 1.4067 0.871852 0.512096 1.37821 0.95458
1.08949 1.53115 0.703406 0.774879 1.49889 0.748241
0.740813 1.45532 0.645623 1.12127 1.48598 0.696358
0.644751 1.27105 0.692536 1.21329 1.30351 0.691077
0.749493 0.889887 0.81239 1.08709 0.655724 1.07582
0.869662 0.621426 1.22997 1.05091 0.586248 1.32927
0.885855 0.643831 1.36506 1.07826 0.604082 1.33952
end
gesture a10 hands 2
0.855494 0.761552 1.25588 1.09971 0.753075 1.2169
1.03736 0.81768 1.29116 0.779425 0.888184 1.26939
1.30373 1.06599 1.10399 0.636809 1.07687 1.09294
1.13335 1.15808 0.777485 0.846034 1.14994 0.873653
0.598978 1.18913 0.654308 0.779481 1.19154 0.790848
0.692544 1.19245 0.676616 1.28452 1.25204 0.655973
0.950206 1.12768 0.691022 1.16603 1.14675 0.657099
1.19037 1.05817 0.94954 0.733008 1.0658 0.993766
1.14442 0.8856 1.28375 0.767328 0.908285 1.27059
0.843548 0.788384 1.25819 1.09715 0.784002 1.25282
end
gesture a10 hands 2
0.820924 0.727715 1.29117 1.11481 0.736402 1.24866
1.18044 0.884942 1.30391 0.803315 0.852049 1.29974
1.16886 1.0173 1.06693 0.657579 1.02078 1.16843
1.27366 1.00615 1.16984 0.777118 1.1793 0.808416
1.15728 1.14965 0.829951 1.12112 1.2981 0.61843
0.574442 1.27493 0.646077 1.04624 1.22932 0.661861
0.842592 1.18924 0.644738 0.809952 1.1653 0.812016
1.2065 1.0227 1.0099 0.702198 1.00677 1.08811
0.898067 0.717723 1.28501 0.86335 0.805804 1.26908
0.83519 0.743244 1.27916 1.12399 0.742455 1.24976
end
gesture a10 hands 2
0.833133 0.754146 1.28061 1.08714 0.755906 1.25756
1.27095 0.965803 1.2155 0.851714 0.796762 1.30538
1.26653 1.13029 0.938576 0.650748 0.977139 1.22317
0.913959 1.29734 0.661057 0.666954 1.15823 0.930339
0.627238 1.31149 0.705245 1.0249 1.32787 0.661532
1.02561 1.19435 0.747083 1.29742 1.31536 0.632645
1.2059 1.06709 0.951932 0.860203 1.16703 0.773859
1.18041 0.932624 1.08742 0.729622 0.911372 1.16505
0.849642 0.729884 1.2323 1.06776 0.719854 1.27566
0.825775 0.722847 1.23421 1.06261 0.727303 1.26058
end
gesture a10 hands 2
0.929228 0.823731 1.22043 0.993907 0.821212 1.21116
1.2621 0.944607 1.06406 0.672713 0.948058 1.03706
1.10318 1.16296 0.780248 0.896206 1.08862 0.908465
0.71025 1.25575 0.776734 0.807948 1.16728 0.787273
0.692517 1.28169 0.750831 1.1197 1.22919 0.779869
0.900639 1.17964 0.775736 1.13886 1.21587 0.75067
1.11484 0.977695 0.935496 0.960415 1.22326 0.785984
1.06409 0.825658 1.14322 0.812688 0.997596 0.949114
0.932917 0.800506 1.28206 0.968768 0.806044 1.29155
0.940067 0.800753 1.2468 0.995109 0.810718 1.27207
end
gesture a10 hands 2
0.907388 0.73149 1.3022 0.99897 0.733745 1.30121
0.956147 0.722391 1.31718 0.956959 0.739441 1.33468
1.22335 0.825162 1.2484 0.712979 0.815209 1.27991
1.12414 1.06032 0.913891 0.754173 1.07729 0.887139
0.749527 1.16348 0.84233 0.989049 1.17249 0.803251
0.666179 1.22271 0.824847 1.15341 1.19444 0.836112
0.844186 1.14688 0.875719 0.933954 1.11829 0.855702
1.06414 0.906813 1.01405 0.795182 0.905546 1.0637
0.983652 0.744747 1.26563 0.943468 0.735678 1.30274
0.900774 0.728734 1.362 1.01009 0.740689 1.39528
end
gesture a10 hands 2
0.925948 0.787584 1.26313 0.987867 0.800115 1.28558
0.944708 0.788204 1.27417 0.885478 0.77448 1.29522
1.06653 0.776757 1.27308 0.644184 0.900034 1.16927
1.24226 0.900521 1.10262 0.746104 1.1143 0.857324
1.05731 1.09254 0.81339 1.08989 1.18173 0.777561
0.651961 1.25175 0.832146 1.10957 1.18892 0.779899
0.73253 1.22536 0.788457 1.00323 0.990506 0.978275
0.922452 1.05193 0.838822 0.919836 1.09982 0.829334
1.04432 0.804302 1.16506 0.896881 0.792092 1.17665
0.974688 0.791591 1.34633 0.980796 0.785103 1.30899
end
gesture a13 hands 2
1.01051 1.17601 1.05921 0.987381 1.08734 1.0694
0.93736 0.989249 1.03449 0.979226 1.06009 1.13343
0.991376 0.584379 1.00275 0.946972 0.716723 1.00984
0.996566 0.329098 0.7391 0.949203 0.735603 1.00306
0.731131 0.474096 1.21357 0.947196 0.585359 1.00606
0.757576 0.45799 1.22455 0.942851 0.844021 0.904247
0.80875 0.646759 1.154 0.956501 0.909427 0.952654
0.784022 0.441885 1.23553 0.946173 1.09672 0.902498
0.972719 1.12268 0.954577 0.952597 1.077 1.08524
0.987354 1.17781 1.0731 0.968267 1.07106 1.10371
end
gesture a13 hands 2
1.15228 1.13693 1.07902 0.828912 1.07429 1.03379
1.04574 0.95923 0.994551 0.840604 0.501205 1.03562
1.1376 0.628455 0.993499 0.875558 0.762711 1.09491
1.1588 0.715945 0.833443 0.946701 0.60987 1.12894
0.931519 0.524449 1.22864 1.04962 0.940805 1.04228
0.771412 0.736826 1.06466 0.733288 1.19856 0.952259
0.969125 0.950836 1.19844 0.855867 1.0469 1.05913
0.834894 0.522594 1.23701 1.23231 1.16314 0.988027
0.701311 1.12264 1.00022 0.978446 0.895244 1.16601
0.728641 1.14425 1.02703 1.23974 1.05668 1.09255
end
gesture a13 hands 2
0.686222 1.07514 1.04885 1.17375 1.00186 1.07777
0.751407 0.652159 1.01591 1.15389 0.632976 1.08091
0.737182 0.542893 1.05431 1.12841 0.639949 1.07163
0.948185 0.636972 1.24713 1.15422 1.17973 0.960602
1.01862 0.597536 1.15643 1.04741 1.26213 0.760188
1.04157 0.886548 1.0449 1.00585 1.35112 0.914742
1.05408 0.598147 1.00302 0.767726 0.900367 1.02788
1.06453 1.17556 0.933362 0.812284 1.04002 1.13445
1.24687 1.10431 1.03515 0.741852 1.04839 1.00933
1.07486 1.09166 1.09592 0.726292 1.02876 1.08242
end
gesture a13 hands 2
0.980105 1.07031 1.08914 0.996403 1.09134 1.08434
1.09054 1.09624 1.00516 0.858065 1.02721 0.976732
1.07805 1.09209 1.00898 0.941621 0.749898 0.855717
1.00307 0.903463 0.900109 0.991511 0.508411 0.908706
0.901899 0.544776 0.916316 0.999276 0.571211 1.04293
0.942549 0.493518 0.931879 0.990644 0.526351 1.01975
0.928367 0.644682 1.01697 0.92023 0.909737 1.10477
0.892087 0.577803 1.04979 0.973716 1.04761 1.15091
0.968101 1.12075 1.13591 0.939324 1.16081 1.09421
0.975473 1.10899 1.08343 0.99005 1.12044 1.09853
end
gesture a13 hands 2
1.04443 1.75753 1.02645 0.999936 1.07532 0.987365
1.01501 1.77819 0.996716 0.920985 1.06233 0.914831
1.02819 1.37808 0.957437 0.928617 0.970858 1.03146
1.00551 1.78064 0.972853 1.04489 0.673154 1.14542
1.03187 0.980414 0.894294 1.01215 0.750388 1.15699
0.989673 0.624792 1.07951 1.00732 0.712319 1.15
0.972553 0.565066 1.13333 0.941026 1.02041 1.05858
0.897004 0.618699 1.13635 1.06947 1.3421 0.592045
0.89818 0.372096 1.10418 0.960411 1.05093 1.08328
0.995983 0.963973 0.974426 0.9636 1.0549 1.06735
end
gesture a13 hands 2
1.01657 1.16142 0.957312 0.999139 1.04801 0.998494
1.01964 0.791342 1.15497 0.982 1.03338 1.03686
1.00523 0.737929 1.19921 0.963 0.796752 1.08265
0.70078 0.753702 1.0751 1.04576 0.780213 1.07774
0.89358 0.571092 1.07822 0.989538 0.760983 1.10225
0.970198 0.835491 1.04548 0.99884 1.06363 0.958519
0.999075 1.00078 1.04846 0.96898 1.08201 1.03917
0.915389 0.736049 1.06766 0.975264 0.923763 1.07335
1.04084 1.14774 0.966256 0.948231 1.06549 0.984752
0.99733 1.14587 0.990465 0.963669 1.04312 1.00211
end
gesture a13 hands 2
0.965397 1.14023 0.997522 0.959623 1.0658 1.05791
1.03667 1.06443 1.03226 0.946345 1.04653 0.974688
0.997786 0.795908 1.09824 0.91441 0.84185 1.04487
1.01427 0.723644 1.20671 0.981531 0.770416 1.21413
0.856246 0.638354 1.0656 1.06577 0.739905 1.06331
0.893273 0.793365 1.06516 1.06851 0.744219 1.0813
0.840801 0.60692 1.03397 1.00181 1.02985 1.0742
1.02172 0.91746 1.12657 0.888353 0.885036 1.18918
1.03226 1.16339 0.889803 0.977417 1.0596 0.917207
0.966287 1.1217 0.995518 0.956785 1.08452 1.03253
end
gesture a13 hands 2
1.02446 1.08518 1.0987 0.904854 1.09541 1.09157
0.979798 1.10256 1.05205 0.928819 1.10159 1.03009
0.969559 1.023 1.01887 0.947772 1.02342 1.00159
0.955378 0.824288 1.00917 1.0061 0.873415 0.948418
0.943282 0.876181 0.971119 1.06649 0.617053 0.952981
0.941197 0.625577 0.999479 1.0746 0.542904 1.01444
0.890895 0.795815 0.959592 1.05816 0.675978 0.977401
0.900484 0.900204 0.967641 1.00445 0.908013 1.03531
0.970067 1.08313 1.04477 0.976481 1.02519 1.12152
1.02038 1.10167 1.07577 0.950939 1.12434 1.06196
end
gesture a13 hands 2
1.01445 1.11635 1.07624 0.945355 1.13228 1.07203
0.968039 1.04477 0.959838 0.964169 1.04647 0.943591
0.959346 0.939313 0.94412 1.0433 0.766539 0.928003
0.94504 0.794508 1.02891 1.04409 0.571755 1.02749
0.926158 0.772949 0.964155 1.0306 0.561063 1.09949
0.930735 0.649702 1.1137 1.02596 0.640042 1.02258
0.951192 0.658206 1.03132 0.997715 0.879404 1.03989
0.940325 0.643781 1.01793 0.923292 1.05193 1.0809
0.959564 0.952329 0.972904 0.923984 1.13681 1.04159
0.995026 1.12412 1.04147 0.918742 1.14058 1.03547
end
gesture a13 hands 2
0.997027 1.12563 1.08605 0.915994 1.13594 1.08052
0.991095 1.0531 0.952902 0.915787 1.1259 1.0891
0.936575 0.77897 0.949946 0.926119 1.05759 0.960303
0.93322 0.692954 0.998609 0.982795 0.96293 0.900663
0.960672 0.705417 1.02993 1.02665 0.80416 0.924556
0.947165 0.661053 1.02944 1.03503 0.579439 1.05513
0.939988 0.778875 1.00424 1.02271 0.658587 1.03292
0.94387 1.01599 1.07392 0.990945 0.938568 1.073
0.984351 1.08035 1.11753 0.915605 1.12541 1.08248
0.985952 1.12742 1.05852 0.909557 1.13418 1.06994
end
gesture a13 hands 2
0.989681 0.974019 1.07829 0.909243 0.972523 1.07658
0.945983 0.9787 1.02644 0.928216 0.970935 1.08737
0.93422 0.961041 1.03774 0.928178 0.974288 1.034
0.958412 0.901878 1.09681 0.947188 0.969347 1.09816
0.922379 0.880807 1.06645 0.972389 0.898562 1.08354
0.933098 0.892438 1.06148 0.962644 0.870113 1.09441
0.95186 0.976735 0.994605 0.959777 0.888251 1.0604
0.993151 0.971621 1.06467 0.92828 0.966297 0.978223
0.986893 0.969909 1.04931 0.909587 0.968236 1.05847
0.973015 0.96663 1.06268 0.926542 0.970761 1.06455
end
gesture a13 hands 2
1.06288 1.05592 1.18984 0.866417 1.04938 1.14648
0.99061 1.03056 1.05829 0.890502 1.03253 1.12336
0.934139 0.979824 1.03757 0.87324 1.03209 1.17398
0.935071 0.874798 1.03492 0.914588 1.01568 1.10025
0.885552 0.79653 1.01075 1.01291 0.927073 1.03035
0.859125 0.812377 0.995091 0.987286 0.837746 1.02853
0.889799 0.844309 0.971722 0.987935 0.812498 0.989846
1.00088 1.04985 1.01937 1.00491 0.852488 0.970109
1.08228 1.07928 1.07288 0.989638 0.969317 0.999166
1.07818 1.07562 1.10153 0.832351 1.05035 1.11199
end
gesture a13 hands 2
1.05521 1.08333 1.14324 0.894692 1.0801 1.10655
1.04561 1.07912 1.14137 0.964027 0.982956 1.01848
1.00307 1.04895 1.07051 0.996218 0.895055 0.937725
0.891847 0.87957 0.939169 1.05249 0.713742 0.944431
0.85312 0.712376 0.942203 1.05109 0.736431 0.922547
0.87253 0.815386 0.898865 1.06499 0.813127 0.906416
1.0178 1.0071 1.06684 0.990727 0.919892 1.01817
1.04409 1.08385 1.13257 0.872755 1.088 1.17452
1.04815 1.07889 1.13594 0.88766 1.07294 1.11183
1.06747 1.09562 1.0738 0.935818 1.08724 1.12669
end
gesture a13 hands 2
0.988362 1.0877 0.97888 0.930782 0.972094 1.0448
0.974088 0.945717 1.08692 0.922622 0.9721 1.036
0.904218 0.794372 1.14447 1.0765 0.876414 1.19502
0.98989 0.667674 1.22167 0.950798 0.960593 1.12419
0.969901 0.642069 1.18562 0.927681 1.00576 1.05537
0.95945 0.732281 1.22373 0.927056 1.14954 0.942389
0.976536 1.04702 1.0014 0.974979 0.891009 1.10647
0.955897 1.10551 0.902172 0.97405 0.974826 0.97779
0.996567 1.05134 0.948564 0.942848 0.953743 0.965817
0.985971 1.06219 0.988911 0.92723 0.937864 1.02143
end
gesture a13 hands 2
0.976442 1.06533 1.01716 0.90279 0.932407 1.05369
0.97878 0.941792 1.02825 0.948695 0.92545 1.11433
0.985001 0.756233 1.15125 1.00766 0.661762 1.17112
0.997863 0.738324 1.03263 0.950464 0.949724 1.04709
0.897159 0.808963 1.14697 0.941082 1.00986 1.02235
1.05276 0.78948 0.95912 0.910989 1.20908 0.931932
0.796455 0.879602 1.2613 1.11716 1.45644 0.72301
0.995961 1.06532 1.07823 0.989673 0.905335 1.09903
0.965843 1.09937 0.986518 0.950518 0.964956 1.06147
0.978068 1.07985 1.00824 0.876411 0.929071 1.07394
end
gesture a13 hands 2
0.956972 1.02162 1.02554 0.922928 0.994827 1.08547
0.964488 0.988783 1.07813 0.936352 0.98494 0.981334
0.951031 0.749187 1.05399 0.992669 0.949041 1.03896
0.955913 0.734737 1.12261 1.01138 0.735216 1.1433
0.97555 0.902624 1.07316 1.0042 0.724099 1.14523
1.08498 0.886961 0.932849 0.950628 1.07771 0.96697
1.0349 0.896501 1.02559 0.990276 1.17912 1.00717
0.995187 1.07051 1.02371 0.984509 0.858799 1.093
0.998474 1.02551 1.06263 0.954267 0.975169 1.08931
0.955658 1.01026 1.00543 0.940411 0.987332 0.989689
end
gesture a13 hands 2
1.05924 1.18232 0.982027 0.82106 1.03899 1.09108
1.06638 0.549349 1.00551 0.94835 0.589187 1.13665
0.927522 0.365703 1.07783 0.825541 0.856266 0.901444
0.773174 0.887917 1.11493 1.19762 1.12744 0.856838
1.0701 1.05045 1.2324 0.817363 1.10001 0.898054
0.942383 1.18102 1.11088 0.923612 1.26374 0.883458
1.24745 1.09921 1.16981 1.15229 0.944037 1.18023
0.814666 1.31158 0.989365 1.28975 0.933893 1.06047
0.617862 1.0568 0.945276 0.859297 1.04372 1.0275
1.1066 1.16521 0.95802 0.869401 1.03669 1.02678
end
gesture a13 hands 2
0.922073 1.16524 1.02588 0.957154 1.1637 1.0559
0.959101 0.744322 0.918423 0.96918 1.17179 1.06009
0.920812 0.618889 0.936517 0.981892 0.906035 0.93884
1.0867 0.788152 0.803617 1.02309 0.501636 0.937124
1.20054 0.874847 0.873192 1.01109 0.632567 0.929997
1.11131 0.850111 0.818259 0.973287 0.888169 1.07967
1.05301 0.924051 1.00568 0.919098 0.967435 1.25969
1.02208 0.825376 0.763327 0.913375 1.12541 1.22946
0.971942 0.958063 1.3002 0.975335 1.19253 1.06675
0.975727 1.17126 1.11287 0.961317 1.2126 1.04664
end
gesture a13 hands 2
0.987452 1.07602 1.08262 0.917094 1.0238 1.08592
1.01553 1.04585 1.0638 0.910096 1.01736 1.11729
0.977277 0.776309 0.929642 0.92676 1.02485 1.07176
0.952855 0.749211 0.910083 0.930781 0.981457 1.06682
0.936307 0.671279 0.93641 0.966243 0.872273 1.06489
0.716463 0.497434 1.01528 0.980095 0.828502 0.97572
0.844468 0.772292 1.05796 0.974726 0.716675 0.949581
0.970346 0.913676 1.0391 1.17926 1.22028 1.04145
0.972473 1.04715 1.10063 1.00197 0.853584 1.0292
0.974453 1.09185 1.10561 0.917259 1.03294 1.03376
end
gesture a13 hands 2
0.99234 1.14374 1.06892 0.927454 1.05121 1.10382
0.989184 1.113 1.063 0.969093 1.02406 1.0333
0.95796 0.810396 0.926958 1.00382 0.717122 0.925167
0.958051 0.597264 0.93522 0.954372 0.87649 0.981556
0.963624 0.635746 0.935169 0.958762 0.899934 0.984114
0.890469 0.857292 1.08842 0.948238 0.989513 0.975902
0.969197 0.674228 0.935119 0.788399 1.14331 1.01665
0.822887 1.11732 1.24162 1.03064 0.842209 1.06524
0.978821 0.887358 1.09336 1.01246 0.918091 1.13141
1.00753 1.12709 1.06865 0.944178 1.03967 1.12054
end
gesture a20 hands 2
0.978462 0.837615 1.1963 1.02367 1.05158 1.01688
0.819942 0.251961 1.08763 0.955695 1.02341 1.05791
0.8208 0.276622 1.18495 1.12894 0.554686 1.15183
0.885867 0.396446 0.965238 0.906968 0.870047 1.35944
1.2742 1.138 0.962398 1.09846 0.625674 1.43102
1.04442 1.61691 1.30482 0.737407 1.00974 1.33471
0.924801 1.82162 0.486293 0.879994 1.02365 1.10992
0.822784 1.74531 0.414189 1.01772 1.3316 0.92697
1.05805 1.02218 0.707673 1.02258 1.03757 0.885139
1.02748 0.836225 1.35888 0.972789 1.03979 1.1293
end
gesture a20 hands 2
1.03019 0.745768 1.36717 0.937715 1.08063 1.14568
0.865504 0.696627 1.0992 1.04579 0.633372 1.21323
0.852148 0.391509 1.18351 1.05436 0.73012 1.1518
0.859044 0.343834 1.17827 0.985246 0.609471 1.15571
1.26358 1.16638 1.04427 1.01897 0.880268 1.10297
1.05977 1.52372 1.34552 1.00777 0.764321 1.18956
0.938485 1.74579 0.530293 1.02307 0.987083 1.06409
0.985805 1.37663 0.50153 0.987799 1.15571 0.798425
1.02611 0.891332 0.793275 0.907297 1.08661 0.798552
1.01027 0.765635 1.24659 0.960316 1.09571 1.08646
end
gesture a20 hands 2
1.024 0.843099 1.25447 0.972247 1.06611 1.08589
0.872164 0.527793 1.09604 1.03557 0.67325 1.18288
0.809725 0.218845 1.10939 1.03715 0.63123 1.15992
1.28361 1.2606 1.01966 1.02573 0.864873 1.14378
1.0388 1.54893 1.30444 1.01351 1.03848 1.10371
0.94315 1.80973 0.502002 0.942734 1.06618 0.642768
0.87097 1.71079 0.440496 0.90145 1.00385 0.823834
1.19563 1.24587 0.639389 0.837859 1.00996 0.696664
1.04576 0.819371 1.35445 0.933907 1.02798 1.16672
1.05952 0.834374 1.41148 0.978399 1.07377 1.09089
end
gesture a20 hands 2
0.949611 0.836859 1.05946 1.08527 0.888567 0.981181
1.26772 0.397287 1.32982 1.45362 1.21415 0.793941
1.45137 1.00283 1.46367 1.37084 1.32166 0.690198
1.35369 1.21848 1.49672 0.928176 1.2436 0.424369
1.45961 1.44943 1.15014 0.618266 0.992848 1.05705
0.876682 1.67282 0.416186 0.822574 0.969214 1.55443
0.258608 1.44252 0.559452 0.952735 0.928361 1.58818
0.428755 1.36817 0.703142 0.808976 0.755061 1.2182
1.00591 0.751053 1.0917 0.728325 0.928737 0.823995
1.09723 0.723183 1.1799 0.964116 0.791104 1.05478
end
gesture a20 hands 2
1.00969 0.72011 1.17838 0.890546 0.855661 1.14325
1.31644 0.697625 1.46508 1.19646 1.07009 0.81484
1.12687 0.194383 1.38432 1.27698 1.04268 0.800635
1.22136 0.400293 1.47079 1.1889 1.11923 0.638476
1.35238 1.39888 1.30514 0.736643 1.20038 0.589256
1.29556 1.59776 0.908881 0.6361 0.942564 1.32792
0.603144 1.61952 0.394803 0.904342 0.965528 1.44569
0.306176 1.48109 0.411891 1.06155 0.903507 1.21599
0.417746 1.46196 0.500488 0.726601 0.84746 1.2906
0.938707 1.03522 0.794895 0.665984 0.865895 1.09869
end
gesture a20 hands 2
0.977362 0.958588 0.893301 0.765032 0.891617 1.05139
1.11478 0.728782 1.35065 1.01825 0.817989 0.906387
1.10531 0.574233 1.39228 0.893879 1.20988 0.777006
1.14425 0.303729 1.30566 0.904789 0.901645 1.31918
1.36235 1.16029 1.36132 1.07418 0.994669 1.50808
1.28732 1.69303 0.765737 0.984583 1.13247 0.749003
0.621333 1.72263 0.330356 0.719809 0.822533 1.36624
0.478521 1.16871 0.569611 0.715872 0.974409 1.20532
0.908788 0.863976 0.991957 1.29709 0.886013 1.30027
1.09499 0.809577 1.18209 1.29603 0.905069 1.28796
end
gesture a20 hands 2
1.01059 0.992291 1.14579 0.976271 1.04811 1.01635
0.953039 0.37924 0.983649 1.06757 0.768324 1.01431
0.938236 0.284327 1.02007 1.06151 0.759815 1.0321
1.0322 1.09116 1.15729 1.02645 0.977822 0.980154
0.906108 1.48933 0.831152 0.898997 1.08723 0.892309
0.997742 1.09449 1.19034 0.893546 1.0364 0.968645
0.780017 1.88749 0.505015 0.912024 1.02446 1.24379
0.93938 1.47864 0.588674 0.908101 1.02615 0.997363
1.03555 0.953061 1.19917 0.968404 0.969763 1.07181
1.03853 0.972124 1.21761 0.945848 1.01082 1.06179
end
gesture a20 hands 2
1.04137 0.776676 1.24106 0.912832 1.02208 1.09121
0.936324 0.0811776 1.03068 0.969625 0.746701 0.909059
0.970844 0.155535 0.968064 0.843209 0.799156 1.14305
0.934795 0.93368 0.930209 1.00005 0.566078 1.05893
1.24727 1.00447 1.09735 0.862035 0.691528 1.17339
1.19932 1.63936 1.65867 1.03335 0.774723 0.974206
1.04069 1.967 1.23566 0.72402 0.816978 1.28785
0.845002 1.38729 0.537107 1.19135 1.1714 0.817128
1.03156 0.771578 1.22494 0.919171 0.991762 1.16353
1.04315 0.781351 1.26594 0.912976 1.01558 1.082
end
gesture a20 hands 2
1.05413 0.755272 1.26417 0.951947 1.03531 1.06937
0.93059 0.142722 1.01613 0.994564 0.929249 1.03466
0.87258 0.121921 1.07876 0.970251 1.02186 1.06934
1.48327 0.887376 1.14614 1.0084 0.53013 0.9396
1.45657 1.46363 1.36727 1.06463 0.659177 1.00848
0.980853 1.71122 1.44739 1.05209 1.06918 0.870184
0.999486 1.99735 1.07643 0.896465 1.07598 1.01835
0.542231 1.37905 0.476334 0.921639 1.06222 1.27085
1.029 0.740167 1.18212 0.921352 1.04878 1.27007
1.03372 0.73206 1.25712 0.935802 1.03173 1.03364
end
gesture a20 hands 2
1.18034 0.777126 1.18645 1.0073 0.990984 1.02671
0.878416 0.458611 0.981103 0.90117 0.739195 1.22569
0.823869 0.294657 1.05649 0.872267 0.678357 1.18742
0.780978 0.360511 1.01775 0.823959 0.646487 1.32832
0.882003 0.832927 0.852396 0.843365 0.61752 1.14915
1.07912 1.43313 1.08592 1.09004 1.13355 0.746131
0.980885 1.57656 1.25566 1.04173 1.21647 0.700963
0.860589 1.6988 0.768956 0.904502 1.06319 0.998796
0.989025 0.823629 0.966964 0.931226 0.964825 1.27633
1.0782 0.739218 1.2371 0.903786 0.957986 1.15123
end
gesture a20 hands 2
1.11965 0.763646 1.31183 0.946527 1.003 1.04596
0.981943 0.706038 1.04747 0.972511 1.0084 1.02975
0.831606 0.324075 1.06589 0.931198 0.773759 1.16873
0.821172 0.358067 1.05276 0.916318 0.754029 1.25256
1.1016 1.41387 1.07074 0.865925 0.614979 1.18406
1.01947 1.66554 1.19806 0.965398 0.991567 0.86809
0.84866 1.63647 0.783743 0.958392 1.15216 0.756373
0.864731 1.20065 0.763919 1.00307 1.12275 0.828829
0.97367 0.838395 1.03387 0.953406 1.01366 1.16227
1.04808 0.780799 1.14505 0.952092 1.01034 1.09129
end
gesture a20 hands 2
1.06907 0.7821 1.12645 0.938198 1.02209 1.08177
0.991812 0.746109 1.04223 0.961783 0.974998 1.11375
0.879223 0.373869 1.08095 0.893164 0.70629 1.28679
0.835281 0.434103 1.01288 0.848441 0.62472 1.19228
1.08151 1.44924 1.14397 0.899476 0.681015 0.980893
0.992746 1.69186 1.26111 1.13606 1.13354 0.674316
0.890314 1.70363 0.774577 1.15184 1.17312 0.669166
0.854617 1.4064 0.624163 0.919404 1.02335 0.955575
0.996735 0.834028 0.999935 0.975493 1.01406 1.38678
1.18979 0.779648 1.36948 0.916494 1.00703 1.0352
end
gesture a20 hands 2
0.954625 0.86623 1.19138 0.904088 1.04533 1.1143
1.00347 0.661785 0.93998 0.915827 0.787098 1.07955
0.987275 0.144961 0.905451 0.975568 0.796493 0.92794
0.922783 0.259547 0.958223 1.0404 0.805166 0.733451
1.38528 1.4534 1.28754 1.01857 0.739021 1.01519
1.25719 1.65279 1.37888 0.96734 0.81779 1.04899
0.93733 1.76115 1.24036 1.03338 1.13337 0.91456
0.815863 1.85305 0.829398 1.01328 1.15455 0.911797
0.602424 1.66063 0.619081 0.992014 1.03684 1.16789
0.62904 1.25386 0.673403 0.922086 1.06457 1.27001
end
gesture a20 hands 2
0.837531 1.07026 0.867617 0.812049 1.11388 0.993376
0.988626 0.89784 1.24728 1.00898 1.04376 1.03113
0.8151 0.223579 0.955012 1.00608 0.627877 0.938837
1.00437 0.535315 0.812917 1.0054 0.579104 0.918669
1.28828 1.35027 0.996378 0.948863 1.15325 0.892069
1.01176 1.67715 1.33364 0.909207 1.17802 0.890732
1.10069 1.86954 0.915378 1.06237 1.0818 1.22329
0.844457 1.38447 0.537547 0.979987 1.04689 1.23026
0.968676 0.917019 1.14161 0.799987 1.11059 0.865686
0.959879 0.890159 1.27817 0.989777 1.05393 0.919696
end
gesture a20 hands 2
0.989617 0.695548 1.6988 0.830598 0.735393 1.7366
1.0209 0.424925 1.71601 0.974809 0.163338 1.53661
0.948007 1.01679 -0.721243 1.21087 1.07888 -0.695103
0.948007 1.01679 -0.721243 1.21087 1.07888 -0.695103
0.979984 0.919944 0.435068 0.936659 0.933635 1.50932
0.948007 1.01679 -0.721243 1.22606 1.61754 1.45113
1.01196 0.823097 1.59138 1.14527 1.7853 1.58218
1.00918 1.50369 1.94468 0.683558 1.60864 1.337
0.850848 1.7165 1.23323 0.697419 0.77672 1.85155
1.00317 0.709773 1.71246 0.831694 0.769732 1.62314
end
gesture a20 hands 2
0.934898 0.742595 1.17839 0.941399 1.05453 0.984999
0.877393 0.150062 0.964669 1.0018 0.889845 1.06523
0.863698 0.323162 0.985057 1.11889 0.504066 0.920329
0.560255 0.651641 1.08431 1.04558 0.401919 1.1534
0.82355 0.574341 1.16496 1.015 0.68399 1.14169
1.22325 1.22128 1.17033 1.01319 0.379374 1.13804
0.954452 1.54555 1.39069 0.952036 0.943515 1.11462
1.04608 1.87672 1.01631 0.932804 1.07663 1.08489
1.10475 1.4901 0.660174 0.984685 1.13662 0.943801
1.05285 0.855288 1.00071 0.945891 1.09833 1.04643
end
gesture a20 hands 2
1.05417 0.717043 1.35171 0.908715 0.929545 1.34669
0.895785 0.199373 1.26799 1.01671 1.26159 1.26485
0.878387 0.434303 1.30363 1.26023 1.20085 -1.12834
0.892438 0.955152 -0.939462 1.18129 1.13859 -0.54214
0.892438 0.955152 -0.939462 1.0234 1.01406 0.63026
1.12172 1.36832 1.54037 1.14181 1.10746 -0.24904
0.950656 1.43243 1.68849 0.983928 0.982934 0.92336
0.945535 1.74541 1.13238 1.26023 1.20085 -1.12834
1.15323 0.974668 1.06792 0.944456 0.951803 1.21646
0.95682 0.65721 1.458 0.928711 0.908526 1.3543
end
gesture a20 hands 2
0.982259 0.947216 1.16135 0.908914 1.0295 1.06499
0.890098 0.195216 0.952127 1.08309 0.670882 1.02082
0.933838 0.841872 0.729329 1.12334 0.701454 1.0578
1.15693 1.47467 1.01393 0.850256 0.842703 1.08728
1.22915 1.37327 0.886128 0.767797 1.19358 0.788797
1.23129 1.6856 1.1088 0.932802 1.05704 1.04597
0.994693 1.95294 1.12978 1.04363 1.18991 1.04676
0.871977 1.73625 0.6411 1.07853 0.880116 0.881763
0.974501 1.97574 0.643824 0.970805 1.07257 0.855244
0.93023 1.15083 0.789984 0.91346 1.0246 1.1548
end
gesture a20 hands 2
1.08703 0.788541 1.13846 0.877991 0.985908 0.867462
0.945956 0.300249 0.975511 0.91862 0.89225 1.09487
0.92305 0.48221 0.958855 1.01373 0.669493 1.21141
0.965675 1.06262 0.839078 0.935941 0.726772 1.26701
1.04352 0.849003 0.817166 1.04872 0.672245 1.22354
1.21019 1.44326 1.25898 0.88386 0.755992 1.30087
0.885577 1.61735 1.42417 1.06028 1.05708 0.84521
0.893929 1.87454 0.79146 1.12 1.44947 0.612782
0.84787 1.47741 0.561288 0.870701 1.03026 1.00092
0.880054 0.956761 0.760749 0.748915 0.911923 1.35261
end
gesture a20 hands 2
0.93462 0.836778 0.909669 0.742348 0.910343 1.33168
1.01016 0.819895 1.28546 0.961725 0.876854 1.10208
1.00005 0.617374 0.939598 0.986023 0.866004 1.12288
0.91041 0.198373 0.981098 0.941227 0.588013 1.24039
1.1461 1.43409 1.04814 0.908098 0.600421 1.23095
1.11315 1.56593 1.51294 1.20844 1.42867 0.705749
0.858181 1.59645 1.45238 1.16966 1.47134 0.576584
0.947791 1.73433 0.589243 1.13168 1.43229 0.556311
0.964674 1.15196 0.555853 0.894285 1.00752 0.910871
0.950897 0.893137 0.799004 0.856877 0.91604 1.23193
end
gesture a20 hands 2
0.947193 0.825233 0.925711 0.892784 0.975977 1.18668
0.961109 0.195061 0.904233 0.950097 0.920808 1.0524
0.803031 0.708282 1.00086 1.03431 0.710886 1.17424
1.19258 1.51331 1.25193 0.939523 0.792154 1.24246
0.931501 2.04872 0.988051 1.20866 1.00549 1.18399
0.872739 1.8263 0.535089 1.00097 0.9938 1.00303
0.976874 1.02592 0.587841 1.04009 1.20987 0.60978
1.0676 0.86508 1.28545 0.891053 1.00987 1.28223
1.1032 1.03476 1.58025 0.92091 1.03208 1.27142
1.16247 0.802485 1.31194 0.907235 1.00259 0.894769
end
gesture a20 hands 2
1.00405 0.692827 1.26856 0.990891 1.02754 0.906685
1.04682 0.163765 1.01554 0.853759 0.680914 1.35621
0.982553 -0.0549012 1.08152 1.01341 0.833861 1.0671
1.04008 0.953625 0.921378 1.01803 0.673294 1.02123
1.06122 1.37913 0.919402 1.03992 0.813703 1.04937
0.901658 1.68396 1.19013 1.3213 1.1605 1.25925
0.896104 1.91793 0.945409 1.13941 1.13246 1.06084
0.932195 1.69067 0.763239 0.957244 0.927327 1.05215
1.00015 1.28228 0.734196 0.957524 1.10442 0.862421
0.932207 0.721414 1.17775 0.927316 1.03187 1.04302
end
gesture a20 hands 2
1.06313 0.640359 1.2326 0.94056 1.15901 1.06949
1.07852 0.1506 1.02277 0.935159 0.93273 1.11804
1.06471 0.140129 1.06248 0.859415 0.792438 1.0522
0.699228 0.772464 1.05651 1.06615 0.451489 1.11849
0.936287 0.971279 1.10758 1.05171 0.524053 1.10474
0.651354 0.651192 1.09982 0.914957 0.808597 0.990246
0.957409 1.67311 1.18286 1.10131 0.579237 1.1815
0.975724 1.8342 0.774284 0.954015 1.19565 0.780222
1.02059 1.58476 0.656098 0.941197 1.17203 1.05121
1.04936 0.96667 0.731503 0.924089 1.16566 1.02947
end
gesture a20 hands 2
1.13204 1.12851 0.853706 0.76668 0.758292 0.973982
1.15393 1.04379 1.13442 0.583453 0.526786 1.22125
1.1864 0.710715 0.946176 0.638372 0.760763 1.29109
1.16321 0.598774 0.955992 0.640505 0.611233 1.17022
1.1179 0.903481 1.1029 1.30947 0.978573 1.01848
0.75973 1.03503 1.07765 1.38872 1.32969 0.966331
0.740122 1.08112 0.983522 1.30858 1.35516 0.851663
0.931858 1.07278 1.05083 1.18416 1.37566 1.07564
0.758814 1.06661 1.16682 1.32961 1.30178 1.07804
1.13862 1.0834 0.981011 0.78749 0.75803 1.05511
end
